seed <- 1034
log.wt <- -15.400858956819507
penalty <- 2.8115950178536287e-8
intervals.send <- c()
intervals.recv <- c(56, 112, 225, 450, 900, 1800, 3600, 7200, 14400, 28800, 57600, 115200, 230400, 460800, 921600, 1843200, 3686400, 7372800, 14745600, 29491200, 58982400)
dev.null <- 358759.0022669336
df.null <- 35567
dev.resid <- 226432.13139848365
df.resid <- 35402
df <- 165
coefs <- c(6.272629274208326, 6.142778345139695, 5.621658323940378, 5.384946374877719, 5.074840685539186, 4.828990027333501, 4.74623597561847, 4.66772782373006, 4.3132026023451875, 4.232924954903457, 4.325547954787286, 4.139053470144072, 3.932222126582331, 3.9623079511959927, 3.751429148370875, 3.5071719312377927, 3.254569581403046, 2.9177834740930937, 2.5092274245693114, 2.0462702752963833, 1.6360655513579558, 0.9253447797231271, 1.064389763711867, 0.33714062554440344, 0.6180167398288886, -1.3936518533321076, -0.4483605320578455, 1.0582164026256737, 1.0851513256261311, -1.4264490844937905, -2.1031442690549884, -1.751222031727326, -0.519038969166555, 0.7437655685277392, 1.4071663745562373, -0.5241923866786853, -0.3478994635446807, -0.7605125200337274, 9.659218238206935e-2, -0.801979514258264, 0.8961203168257303, 0.7830572968387769, -0.875250513967335, -1.9429781482071173, -1.0514629421923134, -0.7873342676079181, -0.21475229484644082, 0.18306206875297573, 0.4436268901315867, -1.227065615047134, 6.741305325384979e-2, 1.06628552458422, -2.5069757996247675, 1.755899904503106, 0.6448464424736726, 1.0791844808351363, -1.8189751704491566, -0.1658140306387518, -0.5611691728338546, 1.4409501793539852, 0.7187620992305814, 0.6413423156886023, -1.7741993475885298, -1.2808972703634303, -0.6322538365323972, 0.17710783250482193, 0.6382389032124685, -0.6450132826218524, -1.7205082603550748, -0.7179006369938923, -2.882111355674117, -0.36726648521085076, 0.4576440640713196, 1.0083098163650648, 0.747242663631995, -0.7301833975528482, -1.2526433783240294, -1.364648443201491, 7.23990025748449e-3, 0.6710552493332961, 1.154705352220738, 0.15909690493942935, -8.204556399048793e-2, -1.4648868174929155, -0.9173698048530645, 0.5220917105725525, 1.2126330026121508, 0.3853515916030197, 0.7962506517753004, -2.0007905909787476, 0.5384161944762358, 0.3844682371673408, 0.8513087326008284, 0.4563827652689162, 0.2919392997954073, 0.9495627840218764, 0.5944588743154722, 0.5568996627191165, 0.16677121290902427, -8.439162647974109e-2, 0.4633614216404966, -0.5749559482666766, 0.8772398581069399, 0.20219283609675784, 0.6419818814572269, 0.871535258196108, 1.2475467519644756, -0.27900491027076824, -0.4585181413346258, -0.4690281780793248, 0.5035350657065493, 0.6483666913243593, 1.5438696865253327, -0.5529994188410543, -0.27298914890981496, -0.9143248811522557, 0.8147950671705896, -0.34651725796162197, 0.5346115099150274, 0.48858143637066775, -0.9839383523449677, -0.9235223985520054, -1.4450430236663627, -0.47139159534255304, 0.3584488323095151, 0.9080297588263524, -5.2042181837442504e-2, 0.8383434917495937, -0.40150808496497714, -0.29934687054686876, 0.5600747082561188, 0.684044598153484, 0.7688010205194692, 0.5954042840978141, -0.10526927972196205, 1.010132076908407, -0.3506616339579288, 1.1389830668248002, 0.7654880413305176, 0.921164530145613, 0.7547653729962829, -0.7567197582426118, -1.2078198106255529, 0.5200459366044359, 0.42257443539059136, 0.566350903643414, -0.1805535975124729, -0.48780956127731334, -1.9100248297020814, 1.3028223056618546, 4.246655811047798e-2, 1.1517447870421254, -1.0587192289288224e-2, -8.249245466368552e-2, -0.1578302102286434, -1.9680370291486233, -1.3161583614105872, 0.8833818719577095, 1.1592386000514114, -0.3116993217715226, 1.5093572434388058, -0.14605667937798472, -0.2105097841983194, 5.384731338713728e-3, 1.3045242129716499)
