seed <- 785
log.wt <- -14.496237308585346
penalty <- 2.8115950178536287e-8
intervals.send <- c()
intervals.recv <- c(56, 112, 225, 450, 900, 1800, 3600, 7200, 14400, 28800, 57600, 115200, 230400, 460800, 921600, 1843200, 3686400, 7372800, 14745600, 29491200, 58982400)
dev.null <- 358759.0022669336
df.null <- 35567
dev.resid <- 226922.3746240083
df.resid <- 35402
df <- 165
coefs <- c(6.378988045456046, 5.858101520514186, 5.692815345775714, 5.42509623393392, 5.055801661116646, 4.857251557408177, 4.78305764999565, 4.56676527405178, 4.305527584227096, 4.198453498262759, 4.3456478297600105, 4.156667191000375, 3.9950466785569176, 3.9242955279920984, 3.728755086535383, 3.511932163537753, 3.221426027190641, 2.9265572841273033, 2.492865905852259, 2.0152741228635755, 1.5836160752902857, 0.8477549441850354, 0.9791672173203384, 0.2260396758564745, -0.17189797984591382, -1.4425262006717072, -0.1873519983244253, 0.9815868832729754, 1.0520834385144906, -1.4760786459366957, -2.0908410021818664, -1.817464245044033, -0.41751663296510033, 0.7168634104916718, 1.1724417203936, -1.2462918432509544, 0.30706818676582837, -0.8536343332122217, -3.6606982779184866e-2, -1.0827434888950305, 0.9086522750013158, 1.0243510637239006, -0.9834915225433408, -2.750695934927194, -0.9520397176110583, -0.6635906582806318, -0.7112733755435365, 0.29129824192223147, 0.18511943425479072, -1.1511182815543612, -5.679415052915109e-2, 1.051192799602088, -2.18600855078393, 1.9177174530046113, 0.6824669214522135, 1.149662208077908, -2.2213427448472487, 0.12414498972635903, -0.5671174120207293, 1.2152247388591613, 1.1248709390833227, 0.912677487960242, -1.4750420007244478, -1.3707382136777564, -0.9220258531159665, -1.1480601364378513e-2, 0.6689620749233565, -0.33819181714482105, -1.5903753253585167, -0.6643565031098753, -1.6158097335562798, 0.16012951899868869, 0.45617400174143663, 0.96844903605607, 0.6326115768478587, -0.9813386272839921, -1.0748546770983165, -0.7523022970661737, 6.9263465951427865e-3, 0.7386712721450249, 1.1523212683450867, 7.241349043932516e-2, 0.47770147862440177, -1.9488996197927722, -2.1273639464266702e-2, 0.5514171023793918, 1.1587816057186333, 0.8147164802431929, 0.8201857771876756, -2.649352900280217, 0.5526845716615097, 0.7456208560912823, 0.9128025248825834, 0.3244335605988479, 8.002439276076471e-2, 1.259387383226226, 8.558177775879686e-2, 0.5502198715113359, -0.2572377131437744, -0.3132097952333664, 0.4644365540339535, -0.4913015330962065, 0.7569873311601916, 6.647098162461929e-3, 0.9496727388247078, 0.8107246346341531, 1.137358166665908, -0.48730301880295823, -7.788231325286997e-2, -1.4883056484881696, 0.45421968602990886, 0.6740108191798402, 1.5613723764254968, -0.8159275654338067, -0.22641112591509557, -1.01629843680924, 0.8389565099747243, -0.21593124251074483, 0.25726468227438015, 0.7151342105068845, -0.6958235335578459, -0.16450396767643466, -1.1886647724013204, -0.3362195532879489, 0.26386709870640646, 0.9627098525976536, -0.11140527384808728, 0.9265641011301021, -0.5202290161495072, -0.43902419084602023, 0.3892058710540588, 0.8586869671571205, 0.7072789307686408, 0.5325449114145878, 2.8200434640429182e-2, 1.1369869291578047, -0.37774181073053975, 1.200394631935962, 0.7369766357532006, 0.9846869481072034, 0.8170569550504012, -0.8060438160486699, -1.2951673218599753, 0.7360617625897449, 0.13221508651753555, 0.602548902493625, -0.2012466615561802, -0.3377934888130942, -2.025590873676104, 1.4114446373867706, 0.15956310343977634, 1.2331535081091787, -0.24689221496409752, -0.10738861927964917, -0.3037956861129422, -1.7794680172698343, -2.0314308907694487, 0.9822311197876571, 1.1291309762216548, -0.23645074426471607, 1.5156242455359348, -0.32017409547158315, -0.1524180604969599, 0.13764444210205332, 1.277585654817946)
