seed <- 117
log.wt <- 0.0
penalty <- 2.8115950178536287e-8
intervals.send <- c()
intervals.recv <- c(56, 112, 225, 450, 900, 1800, 3600, 7200, 14400, 28800, 57600, 115200, 230400, 460800, 921600, 1843200, 3686400, 7372800, 14745600, 29491200, 58982400)
dev.null <- 358759.0022669336
df.null <- 35567
dev.resid <- 225804.86506859187
df.resid <- 35402
df <- 165
coefs <- c(6.479293317904364, 5.893165655470194, 5.6262211072428014, 5.122738638783195, 5.125868939875548, 4.898952003925686, 4.788578266092177, 4.644933709998008, 4.332650452777413, 4.274530745013611, 4.2328547628011135, 4.159375279272478, 3.996796161809029, 3.9389944051465595, 3.7502550256777902, 3.5587707070833257, 3.2170198312255507, 2.9679509055095967, 2.4484938263462723, 2.0165279429715235, 1.5475533390773752, 0.9412644135625724, 0.9244596029121068, 0.47097096363015184, 0.14883666877057614, -1.0120901048609354, -0.4324423462279764, 1.0194899045994663, 1.1668820572246845, -1.7383737939741641, -2.603517580631761, -2.242209328631641, -1.2339621302559936e-3, 0.7887012063223192, 1.208825316868005, -1.213576309920674, -1.0520575136339771, -1.2911869393290654, -0.29660685836522155, -0.40782656993266764, 0.9744505111841416, 0.7497750515961944, -0.869604404927964, -1.7994620310836773, -1.4972490087324668, -0.7647182348942172, -0.7455850632335157, 0.3277739234371256, 0.6513896945074471, -0.7930082512241051, 0.2791610922964482, 0.7413971517626136, -2.7978005535218853, 1.6582832337397448, 0.8256724367474242, 1.1075223846724194, -2.43748153822039, -0.18653348918626694, -0.3858264812278855, 1.259653858562245, 0.7741964260786801, 0.8655481390405841, -1.517802516152706, -0.9267020407518131, -0.6977628077977277, 0.4703179308550339, 0.698993401214941, -0.42314410314052725, -1.7867363517898953, -0.5769469743214872, -1.5381716398607423, -0.12380875214843158, 0.7036978294353994, 0.9855055459648734, 0.6444130633608046, -0.9130983220217339, -1.16988833186555, -1.014806011054343, 5.01632547516399e-2, 0.7130014581030493, 1.3396088887254436, 0.17394308571136544, 0.1441360568784135, -2.23712230051387, -0.6970748781544099, 0.4308738586372893, 1.2083820807705656, 0.42241602256710137, 0.9617108803652901, -2.302400981618164, 0.5088927367452623, 0.5979462056334558, 0.908083347680214, 0.41783235881866526, 0.1258976590719712, 1.253040383580635, -0.9420290045264575, 0.20297757431106966, 6.6891558608974866e-3, -0.26983916356106574, 0.4190834426721826, -0.7476899901603044, 0.7844746941907135, 0.13107510042147796, 0.9906670430124243, 0.8146107307919972, 1.0977992436115764, 0.13220502978242632, -0.12358364812018781, -0.9276109172222005, 0.39642632748725803, 0.5708687497513765, 1.6701433096812495, -0.249311704959271, -0.19228263933664894, -1.1278771491053579, 0.8547429510065572, -0.1893568482899084, 0.42158223863089667, 0.6465627432441323, -0.12058217265749789, -0.3647138024765879, -1.0219118160725804, -0.5207797071754797, 0.31140840656082447, 1.006469065300604, -6.456236751764591e-6, 0.9752198474638638, -0.6058986071988155, -0.40474949780815694, 0.35485922923975943, 0.9131960764439694, 0.8780071441276114, 0.606699374511534, -2.9427283832042924e-3, 1.0362881649501716, -0.3078158739733971, 1.083606681894282, 0.7839645724211964, 0.9356548447268328, 0.8494149994583863, -0.9228663332257727, -1.5207810884984791, 0.613569960238817, 0.5729073677489741, 0.48041089733029635, -0.4011340797384421, -0.76407757775651, -2.116411554586193, 1.3011699471921387, 0.20664554951650946, 1.1523141672579738, 6.537733283778775e-2, -9.118041748155939e-2, -8.719507439211543e-2, -2.0424655763365567, -0.7937079135761653, 0.8165946253172892, 1.1377686251640482, 1.1863387568551681e-2, 1.5860005140565834, -0.2170394288117462, -0.1933955644545741, -2.0041396317970563e-2, 1.3207049053510376)
