seed <- 592
log.wt <- -14.680122603864907
penalty <- 2.8115950178536287e-8
intervals.send <- c()
intervals.recv <- c(56, 112, 225, 450, 900, 1800, 3600, 7200, 14400, 28800, 57600, 115200, 230400, 460800, 921600, 1843200, 3686400, 7372800, 14745600, 29491200, 58982400)
dev.null <- 358759.0022669336
df.null <- 35567
dev.resid <- 226060.57569436159
df.resid <- 35402
df <- 165
coefs <- c(6.392415342349835, 5.87716049836307, 5.9183391702019685, 5.255962379954263, 5.124344614386214, 4.887444360930886, 4.764025519788336, 4.6071114614321935, 4.371722642574839, 4.283659328610914, 4.260199889908941, 4.159595032115886, 4.025860708047501, 3.957778609616811, 3.7612740261883264, 3.5435019788579973, 3.2506419537897497, 2.9412805420307473, 2.4822657047685093, 2.189055897036293, 1.6544724374915114, 0.8614610185840768, 0.9315963215007272, 0.4999041909192593, 0.17468776519626897, -0.8125879406576206, -0.37953314889785067, 0.9107954977699179, 1.0839964107813616, -1.5647395720534685, -2.5446054464081, -1.4860114808001283, -0.23229722678441236, 0.7365758552876404, 1.314093357743202, -1.5314975142348182, 0.21180535891046337, -1.8628402511866533, 9.755618955833911e-2, -1.313606285474566, 0.9666648265834494, 0.9762908729857389, -0.7106637790527808, -2.0387534698639085, -1.0268699091457676, -0.7017747766693495, -0.23792708514225758, 0.4000811700804393, 0.12710400611170145, -0.3844552562897624, 0.11258526945349331, 1.0453535690873437, -3.061686960347095, 1.748387580794165, 0.8391302233279372, 0.9828382367203163, -2.206379979742708, 2.6222480294233373e-2, -0.4851346263488736, 1.2375604837852252, 1.164540071732979, 0.8826837543504906, -1.6202582362985347, -0.4973406902292612, -0.581221925274405, 0.30765174569392423, 0.6208153317952693, -0.6723220374010288, -1.1536384788994531, -0.7004306506787517, -1.6965239670931993, -0.12362746436811511, 0.4999234327717417, 1.0834246673348809, 0.7527096375655533, -0.48167906592470344, -0.900690367576921, -1.193819814207097, 4.698346206197964e-2, 0.5779960569275141, 1.1144411433571983, 0.17406616907897515, 0.12556289157483466, -1.517374080516017, -0.7348682051220878, 0.3874887631441164, 1.2787032190646057, 0.6191012225827092, 0.9263280029344951, -2.0853427319473465, 0.320086290479543, 0.6674909919757577, 0.7388736874567177, 0.4485780793847735, 2.9283927950028044e-2, 1.1322283127217525, -0.6584233125717845, -0.23391275930363664, -0.2628942814568851, -0.36189715149391377, 0.5328156155640088, -0.8824376871179219, 0.9041061765380137, 9.523829256642992e-2, 0.8833354973779202, 0.8197106091505677, 1.0560399186250815, -0.2086582105696416, -5.878282355480215e-2, -0.9345774778123228, 0.18297070110495872, 0.6978768646487695, 1.6000956565689621, -0.41798672581036456, -0.17060148752780332, -1.0914449681374618, 0.7737965790181817, -0.3824180664156319, 0.1586508714712858, 0.6460646738809794, -0.2572083794237649, -0.14605383401227864, -1.3244522232252829, -0.1763497802793797, 0.26694874390824996, 0.7939714606817969, 1.968241706239637e-2, 0.8863849468917215, -0.5784186765507798, -0.41174404537242215, 0.2234064149126029, 0.7537585176947325, 0.8035014978143327, 0.5216556062845996, 0.16679007787768044, 1.1348902319190237, -0.45005071657762874, 1.0990782963429986, 0.7128259169967519, 0.9449964974170438, 0.7484447343891113, -0.7911156279949432, -1.1512846897749713, 0.5124066294407583, 0.44257302578164315, 0.5639167015801405, -0.19551901409375502, -1.10267841700173, -1.9416906229128237, 1.3572009325292738, 0.11472663971773586, 1.1270393294172147, -0.25026456693031734, -7.913104464924355e-2, -0.2677633354184144, -1.8008467088345919, -1.7148524376467134, 0.9352580265680489, 1.1913418093475965, -0.47446599560419755, 1.5584913363480708, -0.1382543578917694, -0.1524857449909907, 6.547604286559857e-3, 1.1889771964541833)
