seed <- 455
log.wt <- -13.070505741007723
penalty <- 2.8115950178536287e-8
intervals.send <- c()
intervals.recv <- c(56, 112, 225, 450, 900, 1800, 3600, 7200, 14400, 28800, 57600, 115200, 230400, 460800, 921600, 1843200, 3686400, 7372800, 14745600, 29491200, 58982400)
dev.null <- 358759.0022669336
df.null <- 35567
dev.resid <- 225957.21914268887
df.resid <- 35402
df <- 165
coefs <- c(6.37609273688708, 5.970700057201482, 5.619890626196509, 5.270607883217019, 5.075347010311982, 4.954154874322911, 4.764994138999485, 4.61170755524701, 4.3912223966649755, 4.214539554518352, 4.25365890269087, 4.158246135312165, 4.017553722436942, 3.935661582819324, 3.7643906478448907, 3.570959172047246, 3.2186315539410963, 2.9421133878222205, 2.4992858124308057, 2.060408518795542, 1.6596042003583324, 0.8961075929549941, 1.1319745580296883, 0.5285134166059893, -0.26745750752156494, -0.8049360079369188, -0.17128166156875754, 1.0813391942236725, 1.1039964849285064, -1.3159856697255474, -2.008602948073868, -2.019550645946664, -0.3844074740742844, 0.7771551126001998, 1.3875183417376857, -1.394494847502154, -6.430302591369764e-3, -1.1516643178424446, -5.54705052905104e-2, -1.5021063736379514, 0.9635660119343941, 0.7449667497392451, -0.8821095489550403, -1.9658065168177281, -1.1776977150133696, -0.6968541471386328, -0.461380530867454, 0.2012779829582454, 0.7740979167911497, -0.8613153658119975, 0.2530847831589405, 0.94751140823354, -2.7542721445802747, 1.6866957889398642, 0.7097291469130993, 1.0624638866118432, -1.9578580740597253, -0.3307377659590451, -0.6653682174967036, 1.3300811485416713, 1.3826473302255309, 0.6697490424448359, -2.033803595813312, -0.24020043156762394, -0.7116819778281566, 0.2800845536334175, 0.6180992086209949, -0.6684483968046702, -1.646767684178311, -0.4293783773818475, -2.366616365413996, 6.39886384918793e-2, 0.566732631292802, 0.9876033086972329, 0.7331590955637229, -1.193456807865557, -1.2915805521105377, -1.2311473059100153, -2.8822585466331506e-2, 0.694664743530863, 1.1655947095445183, 6.894098991729153e-2, 0.26065839460125867, -2.1050082927699187, -0.7858933075855733, 0.20049854404420894, 1.2386210639335715, 0.47866290602656686, 0.9423642883238622, -1.6654999725089281, 0.5381472646726625, 0.6637857336812987, 0.7868587629568329, 0.3515735542668659, -0.28870005012545785, 1.5223305832665386, -0.15645613783121318, 0.5046772480548791, 4.6186980885439474e-2, -0.24773134310286243, 0.35626147620065046, -0.24361624866842127, 0.6913504224205856, 7.530031156820337e-2, 1.0826732971197761, 0.8577877951313577, 1.1917843041945404, -1.0419940774731034, -0.3694728819775333, -0.9295245806965408, 0.46683298039526894, 0.8778014499400734, 1.6299667278158445, -0.7682622974781833, -0.3759906473758762, -1.0349146832302027, 0.7650213084788464, -0.2846161339011227, 0.5868636072359207, 0.8105595043392321, -3.488545112393751e-2, -0.3044222567153051, -1.4047143662783073, -0.2499010624455004, 0.4391402661346502, 0.7673142846358042, -8.980015714727867e-2, 0.9344019254898215, -0.2911080771328476, -0.46242954952613596, 0.24451884827684614, 1.024641530614237, 0.8170521844493704, 0.43430873850021223, -6.890690903422961e-2, 1.2256909997056424, -0.2942235794096871, 0.9896344417822978, 0.7288460089930685, 0.9216133074736584, 0.7456828679311993, -0.7520326439947221, -1.030904604099711, 0.7242958140743029, 4.061757410261753e-2, 0.486815625850369, -0.2490219200035635, -0.7667385437837267, -1.986800782130262, 1.2374904733736043, 0.14423261290640224, 1.200717126692712, -0.2853733317944153, 4.483573031092575e-3, 9.651713927472485e-3, -1.6641914011469228, -1.960552048230275, 0.7682100214114299, 1.2453140540517105, -0.41087139572633324, 1.6032637807209529, -0.4816747978131692, -4.5078777508457235e-2, 0.13577320775081334, 1.197381410221751)
