seed <- 281
log.wt <- 0.0
penalty <- 2.8115950178536287e-8
intervals.send <- c()
intervals.recv <- c(56, 112, 225, 450, 900, 1800, 3600, 7200, 14400, 28800, 57600, 115200, 230400, 460800, 921600, 1843200, 3686400, 7372800, 14745600, 29491200, 58982400)
dev.null <- 358759.0022669336
df.null <- 35567
dev.resid <- 226121.53143574143
df.resid <- 35402
df <- 165
coefs <- c(6.582330377729084, 5.718636752415303, 5.769513026650584, 5.253345482484804, 5.132052749204615, 4.882854847739598, 4.686055457172912, 4.603724187087168, 4.392370612263881, 4.27779872768723, 4.24480275341046, 4.16424923560301, 3.9808216142614734, 3.9549872063452645, 3.737887207262581, 3.53105120433915, 3.249264352487246, 2.9288748840675223, 2.501592155494886, 2.0639873641315023, 1.5864997392774298, 0.906323890766532, 1.0377426586538103, 0.5578062563963222, 0.5954398447712476, -1.4538526914733, -0.4915465519264649, 0.9031374269418704, 1.1459082706812254, -1.446847463085643, -2.1874253535201946, -2.352829382220972, -0.4916038937184747, 0.757354963773934, 1.2291440856486875, -1.1932553385381786, -0.31933133915767997, -1.8936178733145497, 1.3747621570668339e-2, -1.2943324042353244, 1.0374895199642369, 0.9509918187445772, -1.3476948045323889, -1.9231720660563045, -0.7869258615280947, -0.9897283224464881, -0.10000612923655329, -0.12556048945227233, -0.22442237318473765, -0.3105667859580349, 0.3177222949641087, 0.756755628443367, -2.9391208983077166, 1.7167967196786622, 0.8893380455022797, 1.1539487805638755, -1.9706485093348034, 9.298766206059647e-2, -6.623826499544655e-2, 1.5446020921964618, 1.2433420517121385, 0.7568432066583493, -1.2979296827782036, -0.9022110193361533, -0.7059921335765088, 9.599419107375717e-2, 0.6706978928709225, -0.4533367123775074, -1.1983168121355399, -0.4212311166674188, -2.073210145153833, -0.29491209357372833, 0.604618882360944, 1.020027223570831, 0.5361151240967059, -0.6482174823472803, -1.1728067179024577, -1.5826454522272144, -1.3779215777756959e-2, 0.7228423994479852, 1.1036677278388567, 4.5970508664797384e-2, -0.11837278121757883, -1.51092859897262, -0.46691509883660315, 0.2312747269259927, 1.2385014931690372, 0.49616346041612924, 0.939823056389902, -1.8779850458368963, 0.5585765375427152, 0.6265050789811691, 0.7367054741877251, 0.3583442859251878, -0.2021704035302666, 1.3540662678184903, -7.499899723572837e-2, 0.7611224766536205, -0.13853295763489087, 0.283335247573628, 0.46817227179586457, -0.46327931756019025, 0.8706852738733358, -0.19648864137532815, 0.8510021437320958, 0.8097292398441394, 1.118707590080199, -6.832073388757859e-2, -0.4382115461245105, -0.6853318529117199, 0.3133464373478113, 0.7953700676113202, 1.64141928445327, -0.4203923457998277, -0.16974802587986476, -0.7286101249103817, 0.749443101026438, -0.30922244175586344, 0.3145732168776196, 0.5328659467906262, -1.054639589570882, -0.21855017821013903, -1.258593873187297, -0.7663482140940916, 0.32585442622542343, 0.7881105563499166, -0.12369164416063035, 0.9522144930745168, -0.43638734250725614, -0.4688705064431373, 0.24435927945062852, 0.7326155962767926, 0.7990278637019453, 0.45033071687613485, 8.669587334038364e-3, 1.1029296840181537, -0.3398982143928541, 1.1153597577795986, 0.7361782383589698, 1.0157144199415908, 0.714499193679382, -0.699286031999847, -1.1943546077951066, 0.4723038541441006, 0.4659056984827954, 0.5367892495391852, -0.3722890249948899, -0.2725178376848726, -2.016318195377764, 1.3014510926564933, 0.22098188643272793, 1.2369292336467643, -0.36546699649842873, -8.237213172254378e-2, -0.1901744987821357, -2.001282759198387, -1.1298153969189535, 0.8055317816436647, 1.1307895320393226, -0.45406455730671497, 1.6154693300477005, -0.17755451177329906, -0.10411883071010307, -5.371747871548356e-2, 1.0940317752581386)
