seed <- 501
log.wt <- 0.0
penalty <- 2.8115950178536287e-8
intervals.send <- c()
intervals.recv <- c(56, 112, 225, 450, 900, 1800, 3600, 7200, 14400, 28800, 57600, 115200, 230400, 460800, 921600, 1843200, 3686400, 7372800, 14745600, 29491200, 58982400)
dev.null <- 358759.0022669336
df.null <- 35567
dev.resid <- 224943.5926634921
df.resid <- 35402
df <- 165
coefs <- c(6.641813773693982, 6.117590161498562, 5.753586689722836, 5.365280110937711, 5.1051802509897195, 4.91079021603337, 4.75551379124853, 4.615622725999906, 4.399476044513325, 4.272694400242842, 4.297827112416251, 4.176635799661282, 4.033630122852859, 3.9569596126773723, 3.7807761708033985, 3.5488292171020666, 3.2682734631495918, 2.959018063963446, 2.513681800784075, 2.0419997204813574, 1.4994542898835996, 0.9121166575726419, 1.1860243961870496, 0.5230361048287991, 0.3560829215826402, -1.1680962806490776, -0.18478526273207677, 0.7883909094254686, 1.0442104220864703, -1.441814282652496, -2.462570201706846, -1.6861302006285415, -0.24163652653043194, 0.7715493813114848, 1.6253539301650781, -1.3007453050476578, -0.7620897517305323, -0.688502888319896, -0.19561963868200533, -0.6248621686334317, 0.9321417185038331, 0.9990514181393852, -0.7185530669631227, -1.8665375001361242, -0.8318912823793738, -0.9122258039532806, -0.4974313780060072, 0.6111668154567595, 0.6563915739521214, -1.0582871801472231, 0.15494754401303729, 0.8184573537195883, -2.2445925940402778, 1.8033619105973784, 0.7367726625557773, 0.9437544392966558, -1.6436345541882398, -0.21254320573469393, -1.1678142565121343, 1.0019099318583073, 1.3081476328679853, 0.7249202589502376, -1.9316395696021258, -0.918785353592618, -0.7588175364870187, 3.1557030013470835e-2, 0.5690093619381, -0.2832766890197796, -1.9451650998789562, -0.6763891964676831, -2.0136603449260635, -0.2742150544418757, 0.5973308850970175, 0.9000093913265682, 0.6029938571111898, -0.5354016496293024, -1.221114925645449, -1.2228494881457919, 1.4980064053817237e-2, 0.6953386596186439, 1.134494016527601, 8.188620169535268e-2, 0.3186247531580939, -1.5475518742660002, 0.37878944208263854, 0.14321756746973058, 1.2411259492854672, 0.10800351020857962, 0.8766246067105379, -1.5460748284852952, 0.6222635073952569, 0.6035070566848664, 0.7425059565527841, 0.413207441019035, -0.6628885802569168, 1.5358612821746729, -0.5982574244655858, 0.5911039258279963, -3.548989268344123e-2, -5.9350367256118086e-2, 0.3244520354146773, -0.6990476483310641, 0.8508533292349676, -1.9181462154626214e-2, 0.8573074640074138, 0.8813730024918254, 1.3062375175342447, -1.020881653551884, -0.8301249235460093, -0.7593351448261535, 0.5215612223329366, 0.5918995441880964, 1.5797792958595456, -0.8153615909560994, -0.3215624935087787, -1.3996571126415085, 0.7984881655993277, -0.2150795386097019, 0.597296067642133, 0.8166965966232876, -0.6927599367717406, -0.502320456641348, -1.1944612897190974, -0.6152729785378097, 0.24096943537512772, 0.7263184399753524, -9.677342812667938e-2, 0.8928234610028858, -0.5458013030185194, -0.3702846883358547, 0.5292413274706219, 0.8807665124052377, 0.8369354556778645, 0.45828556305233814, 8.413237266197242e-2, 1.0579085144539866, -0.3655596151025937, 1.0397947073229907, 0.6852563171945014, 0.9582202368583832, 0.7347709033515543, -0.6161930315360967, -1.1289782734982068, 0.5997839929185689, 0.3694646151770494, 0.5011204480169592, -0.19270269845044238, -0.31189594797398384, -1.935104627282412, 1.3526537590978587, 0.15522116861815805, 1.2093493174682362, -0.2650126948871341, -5.741721945281654e-2, -9.200515895791353e-2, -1.825827348958215, -1.6199104899234489, 0.8578847959398064, 1.1299374064645933, -0.2990913663724567, 1.5270117846074887, -0.22758942657585235, -3.4897220685160546e-2, -4.821020634916526e-2, 1.2055749548438977)
