seed <- 480
log.wt <- -13.669715413645442
penalty <- 2.8115950178536287e-8
intervals.send <- c()
intervals.recv <- c(56, 112, 225, 450, 900, 1800, 3600, 7200, 14400, 28800, 57600, 115200, 230400, 460800, 921600, 1843200, 3686400, 7372800, 14745600, 29491200, 58982400)
dev.null <- 358759.0022669336
df.null <- 35567
dev.resid <- 225213.64311058883
df.resid <- 35402
df <- 165
coefs <- c(6.930788506853722, 5.407336618317986, 5.602401613815149, 5.388489083537677, 4.948498270673535, 4.947768892105636, 4.813094513730554, 4.678067476356525, 4.374763403455646, 4.279848343133315, 4.333964499802665, 4.178701482410649, 4.022110453349476, 3.978390748521134, 3.7787083674680346, 3.5502372726483764, 3.2796516390827724, 2.9937227139646825, 2.555880637574549, 2.0384777224731687, 1.612842889583487, 0.8811544381355383, 1.028299280411079, 0.3340763922039148, 0.38818215050956684, -1.2390688706060142, -0.11699164602938124, 0.9333649470892705, 1.0163180601847652, -1.4691541902282692, -2.8074028364579102, -1.8082155800445527, -0.5518994707409232, 0.7354999726124872, 1.1796819754659444, -1.649133845054652, -0.6404747650692542, -1.3536817180857048, -0.24189651453516048, -0.44122629979353156, 0.8429556707424561, 0.954348060401238, -0.8218850108957674, -2.9447169686618144, -1.2820160000787937, -0.7144453358706266, -0.2924257841432545, 0.11469375503929977, 8.459593826855749e-2, -0.7213845166782892, 0.1282766274943567, 0.6276603727094402, -2.4673149827743073, 1.8005923562777948, 0.7546839536744533, 1.0706859336384986, -2.2641836884718156, -3.1529869119412635e-2, -0.22985410892981406, 1.192160958106901, 0.8278722525811057, 0.8539153943789602, -2.454071443939895, -0.5666465957654965, -0.5114285744597759, 0.4120702474392337, 0.6519508306925111, -0.1762634492508928, -1.512479035644172, -0.6371025077988656, -2.289182032198981, -1.6288944513835793e-2, 0.5019170454299281, 1.1702510996642117, 0.7272140240291921, -0.9618995079321035, -1.2457093141895186, -1.598317053282769, 9.210449856778101e-2, 0.8093141528705755, 1.329737080268744, 0.18664156914236357, 0.12463831425100258, -1.1718600618079917, -0.2889358944651039, 0.5754990973216486, 1.232859587735276, 0.3220068099983989, 0.8297003455881439, -2.2444022033558673, 0.5934396747473233, 0.6715042820154711, 0.8635247545948974, 0.3355874978958931, 0.17594818316561683, 1.4239331542383382, 0.4658608847500744, 0.3912852934958661, 4.277070893046866e-2, -0.14203279549901063, 0.35916559999580855, -0.3713464704481097, 0.8769232718714335, 0.1962350051950785, 0.8364275098741889, 0.8014093473281404, 1.0820370729107316, -0.3821695660940609, -0.3299091731167799, -1.4374223687099694, 0.4968519732014933, 0.6020640019571537, 1.5697289830581789, -0.7253857530861134, -0.3852981280721585, -0.8056449931911149, 0.894613400192396, -0.25086378031937195, 0.4380626285682662, 0.8500722654733677, -0.43124439317322244, -0.49789280373478756, -1.1357557908662363, -0.5919396829365869, 0.2919944048681821, 1.0209780029021644, 0.13395763013721765, 0.9735961317245111, -0.4879800101076578, -0.4785394081918461, 0.19050235451638456, 0.9265132431546674, 0.7736356668740788, 0.634905924033679, 0.12443353871303676, 1.000939568228951, -0.2865857443036022, 1.1593635515554856, 0.7472006665822606, 1.0060221541725265, 0.9150508204189912, -0.6906336508930968, -1.0959943506221403, 0.8025414363332033, 0.4149278742981098, 0.8046727352989281, -6.611826227352269e-2, -0.6987052467201217, -1.871318257454929, 1.3491203279728738, 0.23098751216103133, 1.2147187758083777, -6.99895868089347e-2, -0.1371782729210207, -0.311713533394908, -2.4245387870791797, -1.7664275868870694, 0.8189207336214955, 1.2624271975402748, -8.358557133634711e-2, 1.4724938087443566, -0.2878668761478294, -6.666206300836164e-2, -0.2072354442768004, 1.329194226502965)
