seed <- 676
log.wt <- 0.0
penalty <- 2.8115950178536287e-8
intervals.send <- c()
intervals.recv <- c(56, 112, 225, 450, 900, 1800, 3600, 7200, 14400, 28800, 57600, 115200, 230400, 460800, 921600, 1843200, 3686400, 7372800, 14745600, 29491200, 58982400)
dev.null <- 358759.0022669336
df.null <- 35567
dev.resid <- 226716.08968764925
df.resid <- 35402
df <- 165
coefs <- c(6.548167653498725, 5.822938221482769, 5.751283151772246, 5.343405499614638, 5.051402348765602, 4.782958733550248, 4.780603481098694, 4.61587588690377, 4.343967806752376, 4.268788315140076, 4.231265897185752, 4.174771095147432, 3.9705631241108037, 3.925536562434723, 3.7411848460152988, 3.5672726409103275, 3.2463540718151633, 2.9216869332784534, 2.4995848319467164, 2.1108280537568986, 1.5743429659538775, 0.9032644342639417, 1.0140790623304687, 0.363427979596692, 0.7948546327927358, -1.027784900247143, -0.1377047428480697, 0.9795029345753454, 1.13645833954674, -1.2520028601015827, -2.5358650041542923, -1.8409209788641974, -0.3015030037000672, 0.8518614473549553, 1.3170498952248835, -0.6876628879524841, -0.2000993284183894, -0.8342123352346524, 0.17596127131763492, -0.9331367466885401, 0.8710057325675296, 1.203732448022374, -0.9148156342206769, -1.698568895924878, -0.7849537491400636, -0.6871465340100575, -0.8502883790046633, -0.27202292313537485, -7.767368252907123e-2, -0.6007669007587314, -3.2649231865415594e-2, 0.9004566653433147, -2.2066649411637274, 1.7015479224703594, 0.8675910351909403, 0.9363030576166107, -2.051156992176029, -0.3969668369272395, -0.606273676180986, 1.2568544435794449, 0.8292194782427214, 0.6210498548423454, -1.7280285819894377, -1.195739661271589, -0.6130168760074821, 0.10688217528225955, 0.7050259522575076, -0.7923979480871451, -1.2944677867502483, -0.6423392949920427, -1.4026464167948984, -0.5714891957145638, 0.44940757430185135, 0.929949795950488, 0.6842814993956121, -0.7025722335594244, -1.2668044935810503, -1.7169810713238904, -7.116891189365912e-3, 0.6210704223708483, 1.0992875814405236, 0.23140695186462312, 0.4435379937075064, -1.4315547984224113, -0.3214320059180893, 0.40982905345061477, 1.1380612925944904, 0.47309461437260397, 0.8690991282039705, -1.8627801916498574, 0.4901667932314157, 0.6748345944720143, 0.7658086116256805, 0.27824966918322963, -0.2941071242290692, 0.9835158769188387, -0.11664488083495267, 3.867919562652485e-2, -8.313903287313391e-3, -0.5575037359942528, 0.5104261289425794, -0.6040010045281077, 0.9078321520376377, 0.1536829452000229, 0.8517804804006149, 0.8819405784761493, 1.01465238989165, -2.7636524717863553e-3, -0.4115216149504129, -0.6610912488670616, 0.4242602265713392, 0.6834890041311923, 1.5858552594334376, -0.5287022231268135, -0.28982284186562507, -1.0252260324606695, 0.6675498316556709, -0.33941133654883826, 0.47981707085919817, 0.5941781313585258, -0.5050774113169345, -0.4853215345017582, -1.5367138874379722, -0.28964185781041096, 0.1960529728813063, 0.8401380022110271, 5.580592132353792e-2, 0.9372168333615419, -0.6413208855971165, -0.37094034072642756, 0.3150639568423404, 0.7498188248874629, 0.7266595067256467, 0.4293381430477136, -1.3886890038224383e-2, 1.2113964966172672, -0.3776454771205717, 1.1096736281225188, 0.6969963055183683, 0.8464002900263444, 0.7143269153514921, -0.6009371528570847, -1.31243474372355, 0.3165237620624705, 0.17103193015833928, 0.47166723780078085, -0.1176692095085479, -0.5144022397576006, -2.2570488967203133, 1.209329545599911, 0.10300409535064434, 1.183883448427194, -0.18142453492716082, -0.10898158508113907, -0.11845002892281797, -1.2988255607068175, -1.338724198253456, 0.7086636388908478, 1.1524021570958387, -5.4943239957916314e-2, 1.552283123017463, -0.20683637097833218, -7.880188348015425e-2, 3.72226386223927e-3, 1.1560735318166322)
