seed <- 1013
log.wt <- -14.374392231782332
penalty <- 2.8115950178536287e-8
intervals.send <- c()
intervals.recv <- c(56, 112, 225, 450, 900, 1800, 3600, 7200, 14400, 28800, 57600, 115200, 230400, 460800, 921600, 1843200, 3686400, 7372800, 14745600, 29491200, 58982400)
dev.null <- 358759.0022669336
df.null <- 35567
dev.resid <- 225547.86779184526
df.resid <- 35402
df <- 165
coefs <- c(6.7777047941666835, 5.6333089046489535, 5.806082774069454, 5.252672996929501, 4.988699358393694, 4.88419543356864, 4.8089335646464, 4.697324717719531, 4.382631902198387, 4.253263675985474, 4.327710703628985, 4.123353407269705, 3.9925881494099187, 3.981799931297893, 3.7565029582465796, 3.500008627866068, 3.2389014983925675, 2.972022480141412, 2.495829191359775, 2.0535576905857233, 1.541843211972705, 0.9349593614767178, 0.9888128991684194, 0.1602311362676155, 0.37948432064205867, -1.2411458405079963, -0.45256490248014974, 1.031821032010308, 1.0013767342763338, -1.1769308201674094, -2.514528113573274, -3.213075823531324, -0.5143860209254074, 0.7723634758289545, 1.290469107826309, -1.1212093291833094, -0.5086653812289743, -0.8088924877524749, 1.8924722160974728e-2, -0.5674557180587606, 0.964177792570585, 1.0956278804192148, -1.0249006604577389, -2.3473456832419344, -1.1870769247800042, -0.7786707898859805, -0.38062336627265797, 0.22036797188520263, 0.6442977894704564, -0.4975490815478678, -0.5015221976764721, 0.8230352843471405, -2.5290682003948124, 1.5876815667870359, 0.9258348379069377, 1.2360385298474688, -1.9332636726666932, 6.209303122177975e-4, -1.0484045138154505, 1.1654950277731704, 1.3143414888775173, 0.74072900423793, -1.7704009314430293, -1.547883113102537, -0.538896454790155, -0.38085972011730235, 0.6774223643119518, -0.7075729054085633, -0.8746540304146475, -0.7100396942579308, -2.0357800732908737, -0.3747210864442006, 0.6517152004890077, 0.9385600719648692, 0.7591183045178532, -1.331908033639798, -1.699512552650097, -0.9494874105553022, -1.237899443186392e-2, 0.8603952642789038, 1.0631602130475497, 7.64441495041638e-2, 0.19454251777728016, -1.5922709867801852, -0.41796004538130954, 0.3523695861409404, 1.320727696361332, 0.5242508204649652, 0.9613087386932605, -2.4743049788529947, 0.6265811818556438, 0.9616756407460121, 0.7456679726977725, 0.36816042951185685, 8.095979800957624e-2, 1.3475026600721813, -0.3099747581224446, 0.20570368052725674, -0.1864334822901678, 0.13082100167572558, 0.5237154575674665, 2.6890212483543344e-2, 0.7188018926599982, 0.5901111209061983, 0.83701788467578, 0.8969804792793354, 1.151478784688649, -0.43975369228962696, -1.3059784595454342, -1.1174406918757038, 0.47329407963732967, 0.7677937797523401, 1.6236082360353032, -0.8073432032255626, -0.31501980820858977, -1.186775719031204, 0.670294155158706, -0.3632813303198337, 0.45708403828377925, 0.5827488739099217, -0.21424898384159188, -0.33213205277274127, -0.8291395576068035, -0.5493510970817964, 0.26327442608571333, 0.9084561099078728, 2.482359559645775e-2, 1.0889955974776495, -0.6002937076973487, -0.40112249064248273, 0.44340666942679063, 1.043676615449237, 0.9664601657245518, 0.39458079272286783, 0.12506590467643078, 1.1039278599183135, -0.3323691766308019, 1.086519903361903, 0.708359800991428, 1.0974031070279262, 0.7369559968236034, -0.7465894295699765, -1.0665949590177533, 0.677453656817782, 0.605127071577036, 0.5256512593066284, -0.2107859146676214, -0.41970690380345643, -1.8133894146054186, 1.2787793267487915, 0.25190965295317014, 1.3050599263824625, -0.17502866733663178, -4.9825091237395175e-2, -7.535090278406395e-2, -1.6695208474777987, -1.8045984086608855, 0.8395657595563467, 1.2537162788103178, 3.4655087517553994e-2, 1.5757744138427023, -0.19502886678992823, -6.690574960408954e-2, 0.3150909445463213, 1.2316068014173527)
