seed <- 974
log.wt <- -15.713990107227591
penalty <- 2.8115950178536287e-8
intervals.send <- c()
intervals.recv <- c(56, 112, 225, 450, 900, 1800, 3600, 7200, 14400, 28800, 57600, 115200, 230400, 460800, 921600, 1843200, 3686400, 7372800, 14745600, 29491200, 58982400)
dev.null <- 358759.0022669336
df.null <- 35567
dev.resid <- 226153.2338213223
df.resid <- 35402
df <- 165
coefs <- c(6.561070543380711, 5.89611030932767, 5.723655578276527, 5.430807534046014, 5.051262851477851, 4.79075501938506, 4.786653864258784, 4.657892313819773, 4.364293610249131, 4.283030534846715, 4.312444426287075, 4.15764121728831, 4.017990974447743, 3.968788549796715, 3.7569580895776173, 3.5401368903765094, 3.316259223021315, 2.9424863256634834, 2.5390226301246024, 2.0968792519755883, 1.5591042263949821, 0.8095776182250051, 0.8956712699551388, 0.23409379298452856, 0.19287997427419906, -0.7177366637820557, 5.2729652645915136e-2, 0.9197273003110141, 1.1437419937469242, -1.0268322039552098, -2.1919090498018496, -2.439188053650241, -0.2002546025688194, 0.7523556116270442, 1.179837095663236, -1.1348699290510735, -0.1264829283001079, -1.592436348071252, 9.54850206513404e-2, -0.4107675792908669, 1.0048568279309646, 0.822158653725445, -0.8617734237431979, -1.4770060183795788, -1.2195017138562407, -0.638038683836304, -0.5155432484767845, 0.4426303009806252, 0.1600578965205861, -1.2103899551141086, 0.2269305574864888, 0.9043532023607717, -2.43983242518014, 1.7390755085917835, 0.6443571059740621, 1.0371282996489184, -2.0627415592771863, 7.601586922248468e-2, -0.40525285564188795, 1.1500879100131134, 1.0226778525972995, 0.8928891875991138, -1.9857677584508395, -1.32443479249452, -0.4441158280669256, 0.2274969284292925, 0.7724348048417187, -0.2696086612515357, -1.937729116679225, -0.6581648470828, -1.724022250906015, -0.252150482802483, 0.3456952563588061, 1.0196559906606713, 0.6910091079053888, -0.6498902908496688, -1.8309352683357831, -1.27604060054963, -0.13184914141330942, 0.5844303146206415, 1.2850374470671768, 3.291407756036122e-2, 0.244982968028435, -1.8308880673785757, -0.8905819425823648, 0.3557495187917982, 1.221702905027674, 0.543770647348323, 0.8851044219068027, -2.592565955660931, 0.602667461476206, 0.7400184168002478, 0.9078389441783631, 0.38726451962380654, 0.4464201545845122, 1.2806216409774682, -6.713651265616623e-2, 0.15976749103539875, -0.24765250414605516, -0.831620548274268, 0.23217774401966648, -0.5626089917621687, 0.8217224445110499, 0.12445987497125642, 0.9252493966700434, 0.7943696689507739, 0.980662676004891, -0.16688757475167643, -0.20379274566423988, -0.543797290830272, 0.3701940324797159, 0.6379018939114746, 1.6274889519597853, -0.4067952647394722, -0.24308093636970118, -1.0646732017717306, 0.7934662070550828, -0.34166207330767195, 0.46329977521243526, 0.3948498608392499, -0.8024657274838914, -0.3699415282863222, -1.2612103498530989, -0.43699744511642885, 0.4726464357306118, 0.9959409166140524, -1.9876897090297888e-2, 0.8728088882163785, -0.4692583134238798, -0.4694122826289793, 0.11583129491473625, 0.9084748834915909, 0.8935042239300174, 0.47878516870970167, -0.12459470672308745, 1.0247836029678112, -0.44404249135148194, 1.1534045633425045, 0.6744472239617223, 0.7681776229014368, 0.7550638400977114, -0.6433602376340753, -1.403257034701252, 0.6520662071101563, 0.4566843385713527, 0.6481223446672839, -0.23811982012843416, -0.21056630141389568, -1.7810447937648874, 1.3017251066085556, 9.11200283126001e-2, 1.0628633795320073, -4.120989739503027e-2, -0.10185924071966565, -0.27862984463746654, -1.6780285424129129, -0.981039685565493, 0.8793320846200454, 1.1992938631049785, -0.16625968945976555, 1.573954431404407, -0.37495866064428823, -0.15825962065902593, 6.058913836210679e-2, 1.2640393681320639)
