seed <- 990
log.wt <- 0.0
penalty <- 2.8115950178536287e-8
intervals.send <- c()
intervals.recv <- c(56, 112, 225, 450, 900, 1800, 3600, 7200, 14400, 28800, 57600, 115200, 230400, 460800, 921600, 1843200, 3686400, 7372800, 14745600, 29491200, 58982400)
dev.null <- 358759.0022669336
df.null <- 35567
dev.resid <- 226249.40772623062
df.resid <- 35402
df <- 165
coefs <- c(6.5057635417954085, 5.85568505979783, 5.620558292310004, 5.42980263383097, 5.077403854572068, 4.7681683395769845, 4.7374076876445885, 4.660061006879404, 4.322792186024841, 4.293062176496524, 4.319472537765946, 4.13945862255396, 3.959949765758145, 3.962748882760827, 3.7480253633996945, 3.5223899750179384, 3.2115541384802166, 2.948087970445467, 2.4775325958655396, 2.078036655476171, 1.503497991656488, 0.9133127190713942, 1.1331717452392427, 0.6096424099770739, 0.4173433132347462, -1.102218011097187, -0.34008784160085465, 1.0601163622411598, 0.9975499777064305, -1.4849751811975993, -2.716917319905758, -2.1831003329677627, -0.27708893960393427, 0.740974305632682, 1.333335661686138, -1.0675342986607974, 0.2401757608603574, -1.0991825491132006, 3.931314364626584e-2, -1.250737993117971, 0.8323191845871866, 1.0347619492786553, -0.7509953385500893, -1.948437732716824, -1.0310778893820713, -0.819156324850765, -0.7607232712328712, 0.4472958966287038, 0.2305943232013732, -0.7381727504751202, -0.5408462476026503, 1.2259149072877553, -2.2313700505270706, 1.799362188300928, 0.8070610894255101, 1.070674454489528, -2.1660527795804723, 5.2379396517512826e-2, -0.839121431943217, 1.5947863428026425, 0.8629928044671151, 0.6259497308320996, -1.7929464032629057, -1.5082035622412626, -0.557422810374498, 0.2617049638283935, 0.7203661146065667, -0.6373577386676886, -1.0133869742204058, -0.7198375022739959, -2.5202076221490137, -0.8322157477859699, 0.3057680430146084, 0.9673352906523225, 0.7402152092565083, -1.3010595865047707, -1.1731094156048845, -1.421974413837012, 0.10683201518700491, 0.6169799119081301, 1.1498857162437892, 0.124157957577042, 0.12147395281981598, -2.0078657482645768, -1.0543225751934449, 0.5679262109390385, 1.2606190290967916, 0.677752223050866, 0.7242333019860985, -2.4823697064823906, 0.373856142005388, 0.6831303124230222, 0.8537395597250812, 0.4209378841790714, 4.177885428022819e-2, 1.5095764803971434, -0.17595101923834594, 0.3194429979943566, 0.14125195488092357, 4.08780568113203e-2, 0.3958252833782668, 4.5455556024358745e-2, 0.9209821636994162, 0.15377797330396087, 0.7728186220829205, 0.8563871963095916, 1.253483992644638, -1.2257660379790978, -0.19936796802545792, -0.9876993054516967, 0.5338404575252723, 0.7218168467297995, 1.481451174390688, -0.5598122201411033, -0.2971406976496432, -1.032951401590063, 0.7161052699566198, -0.33707668234600097, 0.6527583806397069, 0.7404561530219546, -0.23325980291030649, -0.44934262439607925, -1.0429177224772497, -4.6205446980181766e-2, 0.22772103476849162, 0.8314337480875078, -6.084071757651745e-2, 0.9798558113770099, -0.7354264203798796, -0.5168988991643251, 0.4540175593254068, 1.0952263183632684, 0.6377599958629581, 0.5219367300921487, 8.328111107084425e-2, 1.2093131960129129, -0.4681677660003057, 1.074815727496867, 0.8134278566752532, 0.936331358483167, 0.74081185571179, -0.6686571200071825, -0.8853998984345443, 0.9826930547379775, 0.13985500950405372, 0.47370528149114693, -0.2841660034321192, -0.5576833338139118, -1.6794400219934928, 1.2400839985469587, 0.18330810252379856, 1.2320984913345991, -0.1914988113252247, -4.65229306450426e-2, 1.543207712451986e-2, -1.846294823238355, -1.1715878847776569, 0.9003189985321194, 1.2024433128991896, -0.2719016694757021, 1.4504101076831306, -0.3384866099056139, -9.993941044086238e-2, 0.12899889262304998, 1.1811707907717424)
