seed <- 814
log.wt <- 0.0
penalty <- 2.8115950178536287e-8
intervals.send <- c()
intervals.recv <- c(56, 112, 225, 450, 900, 1800, 3600, 7200, 14400, 28800, 57600, 115200, 230400, 460800, 921600, 1843200, 3686400, 7372800, 14745600, 29491200, 58982400)
dev.null <- 358759.0022669336
df.null <- 35567
dev.resid <- 226338.45673553698
df.resid <- 35402
df <- 165
coefs <- c(6.372561301642421, 5.679606110794552, 5.737740574046774, 5.479044193832354, 5.051380587321407, 4.861323597953216, 4.750034445324177, 4.69826443568113, 4.348713266752926, 4.2401821823749, 4.340126242448914, 4.159821778435319, 4.010049144940058, 3.941720607822033, 3.7523201872143193, 3.535436091967451, 3.23784380077258, 2.9634536758489447, 2.513866671487773, 2.0872987901396463, 1.7052359935701706, 0.9223877992661553, 1.0124519643326073, 0.6319524169891518, 0.5974158563934386, -1.1451291991612718, -0.2715133366437745, 1.0201979958476086, 1.0151154609428958, -1.7365888208544964, -2.522597625576176, -1.9841292150812238, -0.5411893068727553, 0.7509258537585841, 1.2614266858225989, -1.3892175016039805, -9.834344261344194e-2, -0.8719348647659063, 0.17972889796821664, -0.4933148351404917, 0.9220170243237488, 1.0931639574560892, -0.679506484386557, -1.924417627998838, -0.7874703672663931, -0.7082291495885934, -0.41913227392825764, 0.2663970039379429, 0.9303826231411924, -1.3218989271818347, -1.7660129415896994e-2, 1.4291828880098525, -2.5299228160710165, 1.794418527942116, 0.7003132824539704, 1.052154888750731, -2.3382081234622665, -0.18094178535973496, -0.30169052252347667, 1.2725927406792332, 1.2438127932359577, 0.8623605281601037, -1.8045296334838448, -1.2168883458650646, -0.5848960131124128, 0.3834250708356109, 0.5545766154042032, -0.6402359223962661, -1.767045409094871, -0.7293291072505893, -2.222875720379073, -0.5602715208272128, 0.5070853366159586, 1.0840812967841706, 0.6682806956279576, -0.8294910826815939, -1.3569515060694513, -1.7026401198444074, 8.861850510009426e-3, 0.7777803567217898, 1.287450398808355, 0.10334545138230103, -1.2672049568446789e-2, -1.6278525352484825, -1.129298026981635, 0.4998520562113631, 1.21544995590653, 0.23763959229607456, 0.8714624946569268, -1.9442523815990773, 0.4738997457166965, 0.8779009601625551, 0.8064309380494176, 0.37771089020400944, 0.12690399404268926, 1.3341642329121666, -0.5919411598853639, 3.786197048692811e-2, -0.14406881584388692, -0.6647548618260926, 0.4392689786175624, -0.619352778237513, 0.8453078445026596, -0.42640721023783584, 1.0555818401235653, 0.8590909485218586, 1.1121466071717077, -0.13356773973977384, -0.5973664546017197, -0.7705641005792726, 0.44849178742803486, 0.6832602406674627, 1.5582324172138762, -0.7860819325409484, -0.18643225272703245, -0.8951930455279038, 0.8090168730897642, -0.40816997850882547, 0.4788510994058453, 0.3422130121877586, -0.7319813867251539, -0.2720209123482278, -1.148928280084203, -0.6151800745133408, 0.4457538955793412, 1.067599544564384, 1.0950372671480671e-2, 0.9666520413270177, -0.5228041381021087, -0.3788549358225167, 0.2301520824319912, 0.890265251162486, 1.0353580545200873, 0.5887368510854166, -2.8819314830799407e-2, 1.271696358912717, -0.31384832451935446, 1.1605161358901621, 0.7683021879321068, 0.9207503541322924, 0.7768136999002585, -0.5347994314975506, -1.2456769401450993, 0.6558714912790594, 0.429120926965801, 0.47208543917056445, -0.24742912160034783, -0.4112854773052977, -1.982332782515103, 1.3869974111699548, 0.1508635149456527, 1.1558340174520818, -2.9255477892500853e-2, -7.313655510504502e-2, -1.988492666300979e-2, -1.6825468517283402, -1.5942451200651178, 0.8365698621379367, 1.1509972949718954, -0.41106239840184966, 1.5161011709529433, -9.720461478192648e-2, -0.1245390514471241, 0.11931040269544926, 1.2506790727195551)
