seed <- 694
log.wt <- 0.0
penalty <- 2.8115950178536287e-8
intervals.send <- c()
intervals.recv <- c(56, 112, 225, 450, 900, 1800, 3600, 7200, 14400, 28800, 57600, 115200, 230400, 460800, 921600, 1843200, 3686400, 7372800, 14745600, 29491200, 58982400)
dev.null <- 358759.0022669336
df.null <- 35567
dev.resid <- 226588.81373950353
df.resid <- 35402
df <- 165
coefs <- c(6.505954342462368, 5.798955418118975, 5.786907278065323, 5.333008656854565, 5.0626216282134555, 4.849868371623299, 4.728652567012453, 4.693014178203664, 4.339818567527172, 4.227759882221215, 4.310049447957413, 4.130049439496444, 4.017786177780652, 3.9432971783895487, 3.7164257512754677, 3.534264931833146, 3.22543851526952, 2.971850524846636, 2.5089596110973162, 2.086628879054109, 1.6546976259351485, 0.9045039141171678, 1.0388398293463512, 0.5595123215361629, 0.3129188653789495, -1.4863325044546416, -6.743520892746896e-2, 0.9401963717295273, 1.1180567337691225, -1.2250544662818226, -2.2555305187519292, -2.1351036633222478, -0.19683422243236073, 0.7485898397114271, 1.3716281910901715, -1.087101278013448, -0.8295934958611495, -0.7259332841675467, -0.1511257375372492, -0.9884053703309982, 0.9286152817782536, 0.9330205479269931, -0.7659465067395457, -1.692141566347293, -1.1651898862547814, -0.6959499950612694, -0.8017632609770732, 0.25975799733839267, 0.3242466897372546, -0.5349668339665734, -0.17498339156543433, 1.1165580213536557, -2.4807917119452427, 1.8357927125386513, 0.7985787529699331, 1.1700540200655267, -2.1000992047541236, -0.11880611932556048, -0.16556714965598604, 1.2619965012967982, 1.2666584491400121, 0.5874720451566748, -1.9748713445468413, -0.4795930874223166, -0.8774790073852395, -2.9524560544318672e-2, 0.7036932391990562, -0.30814932083851404, -1.7824237035740589, -0.7593355332360234, -2.3338951052335437, -0.40581590915888216, 0.5911594202955004, 0.8409404804620407, 0.8350684017680018, -1.073880147805372, -1.3702119993305593, -0.9889947774880378, 2.318608953819463e-2, 0.7422361267133575, 1.3046530274614145, 0.1427593951656251, 0.14773295619044952, -1.8106515886194727, -0.5214822255623074, 0.2481001302014232, 1.2799770936655963, 7.726837217431476e-2, 0.8788210311085587, -2.210000016830986, 0.4977740035197811, 0.7233336124314779, 0.8870831953601306, 0.37383451410870716, -0.14783533899663814, 1.4417414677672797, -0.12269311716441582, 0.5330304137071137, -2.470476451831506e-2, -4.867677398827057e-2, 0.356112295435537, -0.5896438023982586, 0.7770173062269825, -0.29050812026410733, 0.9011111073952608, 0.8332252854874742, 1.2066958759801876, -0.4442760577838808, -0.38462091515797303, -0.8296044362992642, 0.40838044704328247, 0.7589085183477267, 1.5692258364197356, -0.6931372187902127, -0.28764039583935547, -1.3624881421052875, 0.7940942753489866, -0.40409601989637134, 0.4584862362164418, 0.47602486191470317, 4.840017806010292e-2, -0.40999273396122893, -0.9096060397681017, -0.6472700819262301, 0.34193299388893106, 0.9586857246489522, -6.585473173594954e-2, 0.9314187275553805, -0.3817762210880017, -0.43772214211121, 0.3445448275585602, 0.9685277565484738, 0.7046803760929182, 0.467572684527725, -0.1512631460922222, 1.1335583638680555, -0.4586733538974778, 1.0635460652831323, 0.6899350859864753, 0.9714804285426822, 0.7517787760760207, -0.6615525428881391, -1.2115855148592307, 0.6520875869513567, 0.31192769054289826, 0.47194066061232526, -0.2832736730410446, -0.5236835870541514, -1.5803244897566613, 1.2694246152026358, 6.941421497635887e-2, 1.229370620730566, -0.18077935178778037, 7.454940392824226e-2, 9.271845334021393e-2, -1.8718036597775076, -1.7016019155017919, 0.837773378181963, 1.2138373635197135, -0.264980598945988, 1.5747163899149472, -0.3241148232668802, -0.18462653935004394, 2.049727683856643e-2, 1.168382208249313)
