seed <- 945
log.wt <- 0.0
penalty <- 2.8115950178536287e-8
intervals.send <- c()
intervals.recv <- c(56, 112, 225, 450, 900, 1800, 3600, 7200, 14400, 28800, 57600, 115200, 230400, 460800, 921600, 1843200, 3686400, 7372800, 14745600, 29491200, 58982400)
dev.null <- 358759.0022669336
df.null <- 35567
dev.resid <- 226447.31727897402
df.resid <- 35402
df <- 165
coefs <- c(6.284798994247321, 5.830972629201213, 5.701058065805915, 5.435638685668624, 5.005586850220258, 4.8701740769136155, 4.743351675780695, 4.629672217464878, 4.366061412665174, 4.226238727301361, 4.272413639620342, 4.1558292007580215, 4.010193102568402, 3.9355859026076385, 3.755342348568638, 3.5557700334706257, 3.226026756027344, 2.931559791899669, 2.519912752678438, 2.0487644003442935, 1.6517262986262347, 0.8836348551450153, 1.0112240586424752, 0.27846535545400514, 0.567672629289146, -1.0151077493440388, -0.2519582435160951, 0.8942399867611507, 1.0847482088854339, -1.7298957427521493, -2.368033879915694, -2.2882581633848025, -0.2890110800416166, 0.7133850157580162, 1.3389275507293705, -1.1023881466450693, -0.4448609663420377, -1.2424688535131532, -0.4332836265249199, -0.7962499972294202, 0.9005681212401316, 0.8750896635534615, -0.8308453615892291, -2.28837954283397, -0.8247973470772347, -0.6343859892208145, -0.4017722195767593, 0.12018018902717219, 0.24008750363552514, -0.9070449957466403, -0.5067224477014634, 0.8834775786913824, -2.467508322653735, 1.6773874386452843, 0.813920366995366, 1.1663656680233645, -2.116246718637279, -0.10047798441335204, -0.4164534360708158, 0.7805693464682959, 1.0999531617440492, 0.6771514077065187, -1.0409402491562827, -0.6935363488784019, -0.9745823819873587, 0.17140081552734568, 0.563934311903415, -0.49149950686956906, -1.6168105447494703, -0.6337380802409087, -1.8807461854036085, -0.33218143172896686, 0.3435538879522621, 1.0329704557903898, 0.6399437586296242, -0.9238176584554544, -1.088284644201819, -0.815576471144357, 0.10267306069631651, 0.7660118716348574, 1.1589134928759997, -3.7833016403061616e-2, 2.3884714269849236e-3, -2.0407445205205508, 0.2621303499290751, 0.3124803339722028, 1.282022874096152, 0.4933815773129719, 0.8469532965895831, -2.2354851198647183, 0.5269647625306819, 0.7406061579825409, 0.7218223696862898, 0.4839795353332597, -0.10514045641724945, 1.3692416432777101, -0.15884549179754673, 0.27243602108628545, -1.6812727830591987e-2, -0.16592828229190526, 0.4084461117692333, -0.49434174394106467, 0.7560771948735546, 5.8566507834327854e-2, 0.9900020991834273, 0.7873112642644914, 1.1168271343919127, -0.14015210639854234, -0.46250349407160934, -0.6898471629353564, 0.39198744085934256, 0.6997792901047662, 1.614485626059291, -0.5008149165028895, -0.16689544597993328, -1.1290697898897915, 0.8286440279519113, -0.294995592219593, 0.5771025642661886, 0.6422083072253547, -1.0692934552396778, -0.3885269398129757, -1.1577823055693268, -0.5241357005776142, 0.3990591360259367, 0.8192606333569263, -7.173221033422175e-2, 1.0351755983074113, -0.5799599514157632, -0.3731546841931756, 0.2938770814620026, 0.8799901697877875, 0.5951824017131978, 0.5244646053597971, -2.9823403171608035e-2, 1.1058532719429575, -0.43979235847236736, 1.0705386274302637, 0.7134811987517039, 1.049948914743113, 0.7459553561236284, -0.7051338054443251, -1.2651639429168338, 0.5913208599900435, 0.29961556397631356, 0.45441679304146504, -0.11451654295691381, -0.426243974021054, -1.8793713289825067, 1.324752883651724, 8.959000855118651e-2, 1.261877869979194, -0.1972042618642832, -8.859151836550938e-2, -0.2710706205336799, -1.04650966593723, -1.2726920907886967, 0.9690760843955167, 1.2378854728419837, -0.5468197433593867, 1.5952785357280206, -0.16231606795994885, -0.129134006483082, 0.1186544144732936, 1.1786925579642955)
