seed <- 397
log.wt <- 0.0
penalty <- 2.8115950178536287e-8
intervals.send <- c()
intervals.recv <- c(56, 112, 225, 450, 900, 1800, 3600, 7200, 14400, 28800, 57600, 115200, 230400, 460800, 921600, 1843200, 3686400, 7372800, 14745600, 29491200, 58982400)
dev.null <- 358759.0022669336
df.null <- 35567
dev.resid <- 227245.63270984637
df.resid <- 35402
df <- 165
coefs <- c(6.444336349548078, 5.824567146511039, 5.803513790988382, 5.314201619215538, 5.061633593398464, 4.853998842085856, 4.775442076669331, 4.583315987397678, 4.423860409040082, 4.250271634829821, 4.284422992310431, 4.151001555774112, 4.003845652401868, 3.947315393993364, 3.735569448569321, 3.5130070207319504, 3.2229234419318074, 2.8983232295097667, 2.4825273021448377, 2.0484036119880766, 1.7253145602356068, 0.8411070355237129, 0.9723252362928624, 0.3532531291440476, 0.35803113307600065, -1.0094060876709683, -0.21933074471671193, 0.9890608677696083, 1.0898062640342991, -0.8051673143038799, -2.246677885079711, -2.3766405353504965, -0.32124089795774885, 0.7438320688316562, 1.2632312691551575, -1.2108824633630106, -0.7920754292283183, -1.3036494762022905, 5.206364247538547e-3, -1.0312891659414203, 0.9630568903797031, 0.6104294447849692, -0.752199130899532, -1.5699003298512926, -1.150379942570067, -0.6572522008925705, -0.8413259184033124, 0.11389849592574951, 0.39164765817500996, -0.7808743390016669, -0.5308197817389918, 1.0558436175710442, -2.687154835876731, 1.745897944234027, 0.7861546027880485, 1.0114676292194618, -1.9217333362521112, -9.616052256944911e-2, -0.4642073320685553, 1.2629793435957946, 1.331279956492974, 0.749765188554184, -2.1628803158864778, -0.8848109635153818, -1.0381763820667687, 0.2641710703783327, 0.5718732258024681, -0.44811626778805463, -0.9203299295235975, -0.6257872128063111, -1.2696180172144165, -0.22394151719086675, 0.5373162314217548, 0.9175989278486819, 0.7833552509930366, -0.5326024207682978, -0.9948736179774603, -1.1860176273727483, 4.426825095739435e-2, 0.6722378848660171, 1.0656094806221657, 0.10480068898654128, 0.1831350311692013, -1.1277161180189574, -0.48127298776307736, 0.26940813332041486, 1.2986686033019483, 0.4804399070393665, 0.8642859871826081, -2.3612811024109823, 0.519387272716373, 0.6778518137082397, 0.7923434405628064, 0.40646322214222075, -0.6261215116705078, 1.0415682836811901, -0.34966908393393004, 0.5788376775250884, 3.512211525939216e-2, -0.17780820247154716, 0.5443426899695539, -0.6928934729508829, 0.812760594992037, -0.25407898209498525, 0.809989738454787, 0.8284438973458096, 1.122960763537584, -2.113957829795116e-2, -0.8485534065481183, -0.7157740559791299, 0.54915626435442, 0.6927744289197564, 1.607239859862601, -0.8641970112747843, -0.39817964910402964, -0.7330862218660752, 0.6928009125486913, -0.29344127987203755, 0.5649580830549189, 0.5085844170331238, -0.10768029554825759, -0.4178434002455263, -0.756255077379022, -0.5358267528279752, 0.3533473371530089, 0.9316651661450123, -3.2761052089284495e-2, 0.9597673701832988, -0.6780880809416034, -0.4218601970458458, 0.3654891581318446, 0.7143390745406587, 0.8080055770172532, 0.4142206948272347, -5.2006204153349195e-2, 1.0215769909034187, -0.3541634117197755, 1.1905565033634116, 0.6690257241672464, 0.9407724441626352, 0.721240594748458, -0.7598907667516547, -1.2969855507609334, 0.37109679116660726, 0.4530573786301969, 0.5174126205068089, -0.18335707361478118, -0.6942730595084542, -1.94325827167052, 1.3387835598887805, 0.17608124301097677, 1.1464447054762357, -0.21270053614581363, -7.025473289197974e-2, 2.6158788776180126e-2, -1.7820398582164136, -1.3000867317914988, 0.7803041165171357, 1.2331405993329503, -0.38308524717011133, 1.5955474907293923, -0.17194716048135641, -0.1497331972619605, -2.6719510665065407e-2, 1.1224885564540639)
