seed <- 351
log.wt <- 0.0
penalty <- 2.8115950178536287e-8
intervals.send <- c()
intervals.recv <- c(56, 112, 225, 450, 900, 1800, 3600, 7200, 14400, 28800, 57600, 115200, 230400, 460800, 921600, 1843200, 3686400, 7372800, 14745600, 29491200, 58982400)
dev.null <- 358759.0022669336
df.null <- 35567
dev.resid <- 225914.31100964398
df.resid <- 35402
df <- 165
coefs <- c(6.337411947144734, 5.7712834190935745, 5.794001214714979, 5.283092042327509, 5.012402773959211, 4.832846892043676, 4.84730804983206, 4.602860873138769, 4.400324857188936, 4.271840743327611, 4.358873115899625, 4.172567556400363, 4.006013299568773, 3.9767614824294917, 3.758754371283803, 3.5444263914668195, 3.2611333592357403, 2.9352146975487274, 2.4811961780154697, 2.089940810183567, 1.603562468493915, 0.8825149725922452, 1.1091204920944187, 0.3844491138606101, 0.23801081440464175, -0.8444280575261163, -0.17219996053626735, 0.9978653579283846, 1.0553876442031278, -0.8829187796894268, -1.9096698561834937, -3.1889949158780766, -0.5329524051048673, 0.6662332835574989, 1.3479741513554735, -1.2534255942038917, -0.366032948374824, -0.5942870336944934, 8.903004256652686e-2, -0.40684812888872773, 0.9671115037543765, 1.0278263722434424, -0.9437686745895282, -1.6530724936750367, -0.77546335863488, -0.6295164359335753, -0.98372625916685, -0.11136236321200747, 7.834894122805162e-2, -0.4265068775679561, 0.4166793727181638, 0.9344126876508735, -2.3254620384281544, 1.6940122797293922, 0.7128240493427243, 1.2244639301839777, -1.9452320969036656, -0.23132795345026547, -0.4228512416113473, 1.1827764667178942, 0.9931148726647722, 0.6404470343329043, -2.2531822569841555, -0.35616267954151204, -0.661388390830223, -7.406093404167724e-2, 0.6467936237675808, -0.7238451014886019, -1.3021996564498972, -0.6744713732142275, -2.0174713258968695, 0.23329945321032927, 0.5989590361890519, 0.9205448058360347, 0.5743107446784327, -0.6768852873178485, -1.1672749856429931, -1.0315774751574, -0.11792143503353462, 0.7890001969989523, 1.1398600348372379, 0.13585815898602702, 0.1441533764967948, -1.9927165489851186, -0.31095975678479987, 0.2960107076649776, 1.2911674744306938, -9.998416047142867e-3, 0.8521530358164219, -2.1583346203828917, 0.3711711013271779, 0.8380754174229817, 0.797550002340396, 0.36262421320293853, -2.3396526065841444e-2, 1.0893877836404253, -0.9553067544139238, 0.10060869928057521, -0.47141381013761385, -0.6424694145016597, 0.2754048713880308, -0.3408773059781464, 0.944610140182076, 0.2147115656619857, 0.975642583362434, 0.8106816447018417, 1.168654314111225, 0.1389030253348821, -0.4971178743590365, -1.257930037671286, 0.3334860182272616, 0.5975046414456506, 1.5993495795202357, -0.9171717228780024, -0.1890722153991363, -1.163582789466563, 0.8329738464252323, -0.11178284105976993, 0.6541670639913464, 0.4977919689431487, -0.11423888755770961, -0.3939230937145291, -1.1039189665065499, -0.3887643836792258, 0.2949605638647082, 0.7780857669128384, -4.139775187483112e-2, 1.0997404684931114, -0.9348094006230621, -0.46791357665967276, 0.21250328665918938, 0.7115252546396931, 0.686047582766682, 0.29821540064087715, 0.1804717495883195, 1.0688624738489931, -0.3570869483240206, 0.9954843809652353, 0.6271286978489701, 1.0073910379941329, 0.7139799560682973, -0.7132026542361463, -1.1410897839338705, 0.501684007865578, 0.4279842526290399, 0.5550474642599772, -8.533824946817337e-2, -0.5771307222020264, -2.1152653286231673, 1.2139418043890322, 7.688007661279671e-2, 1.353652246953022, -0.12703264953304094, -2.9697438487028834e-2, -4.8037548033809274e-2, -1.3823125678115578, -0.7788092783919528, 0.7062009881590581, 1.2009078414233196, -0.5403861286957258, 1.5821104933016839, -0.30440976611248627, -0.17757775600078046, 0.20246043680001122, 1.157683144215811)
