seed <- 857
log.wt <- 0.0
penalty <- 2.8115950178536287e-8
intervals.send <- c()
intervals.recv <- c(56, 112, 225, 450, 900, 1800, 3600, 7200, 14400, 28800, 57600, 115200, 230400, 460800, 921600, 1843200, 3686400, 7372800, 14745600, 29491200, 58982400)
dev.null <- 358759.0022669336
df.null <- 35567
dev.resid <- 226198.822160806
df.resid <- 35402
df <- 165
coefs <- c(6.632314049500273, 5.676765357776949, 5.685477161461252, 5.3225725506323665, 5.123278921279657, 4.822685227291805, 4.790457709098455, 4.701498709509789, 4.391739810531665, 4.282036048480515, 4.287204248915152, 4.126072817036092, 4.013183179656379, 3.961454303918893, 3.7391558461007754, 3.51910050176619, 3.2334481332862515, 2.948379614594462, 2.482742481461055, 2.042245698159298, 1.5303236872795414, 0.9068489412288617, 0.9026821207769203, 0.10828897717512934, 0.41102396284379406, -1.0369092693636897, -0.28362428363128905, 0.9174290341599572, 1.0087574245502091, -0.8871610228514801, -2.3791372182717656, -1.7460204515007927, -0.25349652912718473, 0.8026997848764849, 1.1646579840970213, -1.3191294962997255, -0.11733420665376625, -0.8978107270730015, -0.11008345794701618, -0.6093813299148886, 0.833999338269175, 0.7761094746285487, -0.8407192470864587, -1.5683766734661027, -1.3342921461843236, -0.7869010883209504, -0.25155346095058284, 0.11522206872440154, 0.2070992968072165, -0.6551634966773837, 0.11380390664013862, 0.7185407404830815, -2.134016211263234, 1.6365585610847615, 0.8422236463310884, 0.9501222288219757, -2.0423927152305397, -0.28110400239843014, -0.2042386320796262, 1.6843436079934369, 0.8192664938886605, 0.8279745645726528, -1.4075603454606875, 7.033179212765401e-3, -0.5098925144643013, -0.12316700474073111, 0.7588536186913111, -0.7868177061239348, -1.395497974613848, -0.5260606621654244, -1.7901903398797585, -0.28514907665790645, 0.5604042403054513, 1.021329755836736, 0.6854386077728937, -0.8192071373571398, -1.4172672546539762, -1.3945303140726055, -2.7334641871651442e-2, 0.5666610073066839, 1.1915112287239267, 0.13446669940240666, 0.13617699476474765, -1.5344524410111748, -0.6728324174991428, 0.47935617668710717, 1.2032953248178824, 0.471391882776829, 0.8010511080969485, -1.9157476814621575, 0.4519469536059883, 0.7424675456064088, 0.81812685720991, 0.407914289198887, -9.540328720790342e-2, 1.2974446080444104, -8.343146410509157e-2, 0.17870686964325802, -2.0378809922341323e-2, -0.9709613282711249, 0.45537164655070017, -0.546072951078666, 0.7191816052041538, -0.18537344967812647, 0.9952972664545374, 0.852884493696094, 1.0528365716361963, -0.6433726025440396, -0.23641951895916427, -1.0893833833628057, 0.48786942186065746, 0.603710006606825, 1.5081945727258659, -0.4653789598053168, -8.665170513979972e-2, -0.710602730081872, 0.7497295579916792, -0.3667072481026067, 0.5674934890903778, 0.7892868901405947, -0.6211351881918945, -0.6122736072032597, -1.457562343954606, -0.6613948854838028, 0.21784121877215745, 0.8621379665171399, -0.12652181717002914, 0.8970977489716275, -0.4848886981968113, -0.4338288974284764, 0.22728420431558555, 1.0033569044337551, 0.8087742594403283, 0.39524357866313903, -0.15027472751441948, 0.9733188607647705, -0.4526412509723102, 0.9553038850045634, 0.7069947148021548, 0.7898795502935003, 0.8032898748045895, -0.5814607508003642, -1.55144572403475, 0.6150364086162122, 0.36483683624370356, 0.5594637401842132, -0.18584335022620782, -0.5249888493916559, -1.741860773359613, 1.2243595150444535, 0.11251232636920179, 1.154023308957299, -0.2672957923848819, -0.12875155918649406, -0.15829992052823683, -1.8308758486151029, -1.4402522941201175, 0.8294657980930892, 1.1249200575649523, -0.10549017358562697, 1.430462695748266, -0.1224114682685791, -0.13134823546421984, -0.103060379106596, 1.2199090705528737)
