seed <- 535
log.wt <- 0.0
penalty <- 2.8115950178536287e-8
intervals.send <- c()
intervals.recv <- c(56, 112, 225, 450, 900, 1800, 3600, 7200, 14400, 28800, 57600, 115200, 230400, 460800, 921600, 1843200, 3686400, 7372800, 14745600, 29491200, 58982400)
dev.null <- 358759.0022669336
df.null <- 35567
dev.resid <- 226001.69659159973
df.resid <- 35402
df <- 165
coefs <- c(6.707977573921389, 5.915365895798494, 5.933471014868775, 5.376203066573214, 5.037120481470253, 4.789404370748294, 4.75194837760296, 4.616499358548656, 4.323399849795919, 4.308882753050637, 4.2257925251139365, 4.154684182917966, 4.013452575341784, 3.9819514995620344, 3.7491058980794216, 3.5104053928671037, 3.2710190555619714, 2.940431970872777, 2.4719955073026747, 2.027931555134588, 1.6655515293155017, 0.869356124171103, 1.1159226065837193, 0.5767761817778383, 9.59570782987431e-2, -1.0782892348241502, -0.4544742558778002, 1.023462283894459, 1.0684575225765003, -1.4589778066178873, -2.2423111844051435, -1.4684655497370023, -7.889022840609197e-2, 0.7854502829444105, 1.366714520137853, -1.4402208881148315, 0.32881035387109914, -1.1289079690536985, -0.20017459415850175, -0.8353494744277726, 0.9260388287587552, 1.0092751710893602, -0.97953486683659, -2.2021586942212537, -1.149340655760465, -0.6770275923702104, -0.3424282684898611, 0.6275954716211013, 0.7128747214947475, -0.8419783185570417, 0.17214731253924423, 0.836980270693338, -2.58226181441575, 1.6644423220903604, 0.8920296357518258, 0.9241087482581257, -2.1035894384433944, -0.22323360460474845, 8.514584004166392e-2, 1.1387332972168698, 1.163248049000888, 0.8770219296050902, -2.0977781501665267, -1.5945399697287579, -0.5020752716811764, 1.5510720091148138e-3, 0.6791149220751621, -0.9105427934290448, -2.168188490697146, -0.5855858891940857, -2.800912453235908, -0.820971497231877, 0.3312498916987155, 0.9572140715623713, 0.6619759698036692, -0.8293034394500176, -1.1921156912299145, -1.4874089262891625, -4.42486660449517e-2, 0.6493419271992068, 1.2818268224422122, 3.378546673934657e-2, 0.3860593801992176, -1.8893001403154346, -0.7741664949684695, 0.15677590101320552, 1.1813261584370627, 0.405873892378407, 0.808334120856882, -2.2614459658122184, 0.4922474535914688, 0.8611962922889898, 1.0095233462698372, 0.3231225013421535, -0.69451516551814, 1.3535827511556708, -0.4047994670629955, 0.30059872341655874, 0.2272682843180623, 0.3662028619986458, 0.30636847453886984, -8.78873019653243e-2, 0.8366623168643177, 0.23300555422242145, 0.6130706154195888, 0.8658607268412027, 1.2414366885130492, 2.365388446166938e-2, -0.9119872634597841, -0.7167358130056467, 0.34377825813450535, 0.4733410622814162, 1.5928473285049114, -0.5116189950227538, -0.23243259293838256, -1.0130770575256642, 0.929916453006323, -0.16389491654828875, 0.4591314131182661, 0.615836855876895, -0.11625237284002567, -0.2490055631143075, -0.8831666892118742, -0.5804088147181018, 0.28714037378908286, 0.9666976323323936, -3.3534996089104686e-2, 0.8843130586705746, -0.43710248217739855, -0.46458699622302424, 0.10426833076899399, 0.846120294270159, 0.8697537343097875, 0.3796966241118449, 6.819776741553435e-2, 1.143402593147601, -0.46897726069634044, 1.0868985641565128, 0.6920758009120418, 0.9872385992263942, 0.9366388805681429, -0.7187049098996924, -1.0331390299775072, 0.6961931268885833, 0.10588293756748778, 0.5357592787879318, -0.15082779997312873, -5.699403442905069e-2, -1.7807054106841798, 1.285183949692598, 0.1359138825189501, 1.14980337193229, -0.1195138913830045, -4.454119319836332e-2, 0.1123161378586564, -1.7279993376066547, -1.4005711679101982, 0.8078503700577793, 1.1317277387397662, -0.3526672316401539, 1.5369487996824076, -0.20670971566322732, -0.19598170539946957, -9.47634568851556e-2, 1.28564906916141)
