seed <- 415
log.wt <- -12.933638731175428
penalty <- 2.8115950178536287e-8
intervals.send <- c()
intervals.recv <- c(56, 112, 225, 450, 900, 1800, 3600, 7200, 14400, 28800, 57600, 115200, 230400, 460800, 921600, 1843200, 3686400, 7372800, 14745600, 29491200, 58982400)
dev.null <- 358759.0022669336
df.null <- 35567
dev.resid <- 225493.13330609354
df.resid <- 35402
df <- 165
coefs <- c(6.662257771908431, 5.620865305560646, 5.844241360548243, 5.457791237904089, 5.149975897775091, 4.981614727924733, 4.74880371480715, 4.640050982267694, 4.4046120423794575, 4.27045792792305, 4.2972583565957025, 4.187881770426928, 3.997381274275253, 3.9996896560361286, 3.7527606667429505, 3.551509707408336, 3.259004780452172, 2.9390184806993527, 2.5046483362296708, 2.054579502248508, 1.611412363114124, 0.8808200402618372, 1.072766239358657, 0.6739138616929312, 0.20846536301495905, -0.9343346849331011, -0.2193264965860349, 0.9537220818336478, 1.022759567623359, -1.101442252700109, -2.355014884911616, -2.3815316850186234, -0.4962143196364296, 0.7515965678028573, 1.3355448997438129, -1.0897586004746174, -0.4034262830343134, -0.983420045148716, 1.0326915973698508e-2, -0.8407104021386034, 0.8776646431458079, 0.8830217743112521, -0.7482437891330599, -2.182993540180229, -0.9739437727167924, -0.8316545133491366, -0.8022881142059606, -4.281732124146188e-2, 0.15995182277449826, -0.5097430756846467, 0.10523787609333786, 0.8918718127154319, -2.377039137462237, 1.6736159395999293, 0.8072137653829057, 1.1098206326918028, -2.4735359168268567, 3.4482788497895184e-2, -0.24395267392667147, 1.3561815956000578, 0.8069679599652985, 0.6399252845527342, -1.4941027949824093, -0.5284341870310683, -0.44472451165654, 0.10650128183169058, 0.6384760141551277, -0.41956808045067784, -0.8970311732553721, -0.7605884991691149, -3.0418609588257945, -0.2814881419276978, 0.32166121688442223, 0.9842842393547199, 0.5323357408940488, -0.8378848397214019, -1.4349613543152362, -1.2029138225973235, 2.8105676498721727e-2, 0.6893417621023411, 1.1667806119469333, 0.11536944577023656, 6.66655474004326e-2, -2.101019153026987, 0.3457504628426389, 0.3143704241475366, 1.1305824619052665, 0.7020948244821559, 0.8820833394362906, -2.323091742299865, 0.48647600312471007, 0.7442377172883274, 0.7981147381214536, 0.4778195320273752, 0.35731008906109607, 1.5107894318136994, -0.6784517114356157, 0.3021160521607361, -0.15539592433934027, -0.8103699324861153, 0.3712739192723393, -0.3980678206714795, 0.8234044405859334, 3.3106652595783194e-2, 0.928408722804735, 0.7883746933285337, 1.2413011270307834, -0.7707668183167644, -0.2937001714727839, -0.8609861380460422, 0.3149493572535796, 0.6264812102628069, 1.5782663986087047, -0.41102195525859403, -0.43041268904342644, -0.9944018402613225, 0.7073958419772776, -0.2957464752506687, 0.45770988418290764, 0.8936538473603166, -0.49217679077086535, -0.7160025294893428, -1.182165580441611, -0.35959830066404874, 0.2578211611714181, 0.9462494395348953, -5.284109283572758e-2, 0.9990191866124912, -0.5021657944751667, -0.35890803617225825, 0.4792711969082906, 1.0933932673280415, 0.7737112414767269, 0.408366405449221, -3.468256519372624e-2, 1.045923453701997, -0.44260038256553413, 1.0696238109629006, 0.7739585006679292, 0.975418119840326, 0.769568003496316, -0.6572517706349784, -1.069626816159635, 0.647047885364982, 0.33206679747422946, 0.5124436786617984, -0.15773090728969844, -0.2759953423767661, -1.809394845514694, 1.2155591406452029, 0.1862205566538224, 1.2406901646156507, -0.1745976802475371, -0.14431377311256563, 0.14715957943214295, -1.889129854172526, -1.0808199077191876, 0.8429803889750552, 1.1499719167129168, -0.5671003785780275, 1.518851202256011, -0.4580337933585407, -0.15734250114539622, 0.18686091016413567, 1.1472207388113913)
