seed <- 1020
log.wt <- 0.0
penalty <- 2.8115950178536287e-8
intervals.send <- c()
intervals.recv <- c(56, 112, 225, 450, 900, 1800, 3600, 7200, 14400, 28800, 57600, 115200, 230400, 460800, 921600, 1843200, 3686400, 7372800, 14745600, 29491200, 58982400)
dev.null <- 358759.0022669336
df.null <- 35567
dev.resid <- 226369.0694026743
df.resid <- 35402
df <- 165
coefs <- c(6.839419249411084, 5.771521679339713, 5.74432333588995, 5.420978279438316, 5.114449567250041, 4.786894748030718, 4.7589901875858, 4.5989573878549015, 4.374580994754962, 4.287863662864866, 4.306749979338798, 4.168516748162399, 3.996005659299465, 3.94701636103754, 3.7261437829373, 3.5462822242708842, 3.2261189509689006, 2.9219519920659125, 2.5204720501981184, 2.0560748065827434, 1.6175023079797979, 0.873810871382695, 1.149837384847469, 0.11447225306683925, 0.6725911268415983, -0.7420088066351871, -1.1682908894469558e-2, 0.9735460797486788, 1.053145348728203, -1.5445853468142312, -2.9601422817281993, -2.7937262570715435, -7.448426578546839e-2, 0.7471018140655444, 1.4122200243739806, -1.194691356672421, -1.0722351665629164, -1.9101875579429712, -0.265676900024652, -0.17972284148306353, 0.938162522025564, 1.0984253181265404, -0.9268517901160059, -1.7527127210633267, -0.8526347390869725, -0.6088870933159282, -1.3305974591119114, 0.3631159888004888, 0.22756569195580337, -0.5795289533121957, -0.585941271829393, 0.8875616288747097, -2.5698788904772676, 1.700307534324899, 0.8908048454228416, 1.1164920910755969, -2.356143755469514, -0.27146386119411847, -0.6696848584110663, 1.2022654865097737, 1.3276011224286584, 0.8112641558806832, -2.418045043305301, -0.8787088186282452, -0.6485832094230619, 0.20905648243918723, 0.6788007680049418, -0.719006258145118, -1.7468571862823898, -0.8089281811125291, -2.3037988209477915, -0.25415614341688547, 0.6299771071030451, 0.9283848463589923, 0.8514656841852224, -1.664021195155204, -1.0230007281590974, -1.491242139762845, 0.11415937978251539, 0.6315112106708382, 1.2875905023251255, 0.11379130496158471, 0.49324956694552885, -1.4436220458372742, -0.2664280694945489, 0.4612689717748599, 1.3732872669759435, 0.23318684199641365, 0.8963561897648744, -1.6813939434776954, 0.49508806261911625, 0.6695064863667284, 0.9526837353999624, 0.4280043810726471, -0.46009585910360334, 1.406649695325239, 0.17589104462406685, 0.721482474422744, 0.14162037442891737, 0.1235006670230458, 0.42020838762687357, -0.26258047258803324, 0.7920968448885394, 0.28420990118736394, 0.7288047377480849, 0.8506250300215409, 1.2967375490504327, -0.5160352158109244, -1.5964487741092974, -1.1612811877296487, 0.5454377348423041, 0.7798120380708554, 1.5668513067478813, -0.5584328274612526, -0.18562155966524366, -0.7356272792904966, 0.8888226801250391, -0.24275349027879803, 0.49907980396980967, 0.5754112132287208, -0.37393530148127113, -0.5268821807994818, -1.2008968200714447, -0.3468464174027668, 0.3497897456572053, 0.7466438331297194, 8.439051723058634e-2, 1.0577993845629308, -0.8241151933335746, -0.4465726272961984, 0.5407986567018791, 0.8448036486359739, 0.8470940482191923, 0.5793425774118647, 0.21018353090420205, 1.1196694179813174, -0.37582014269324343, 0.9781248135340705, 0.791610391906425, 1.024928081733349, 0.821896038286451, -0.6247612537623659, -0.6406075155749092, 0.6485489876648857, 0.42057898413538575, 0.5414353480648045, 6.325932183198557e-2, -0.6023967421962148, -2.1811748013998447, 1.1751757614438543, 0.17576714984225741, 1.2554343581928193, -0.14710401179614171, -9.966894543971178e-3, 1.2861527260159069e-2, -1.7467625114944336, -0.9922518136597345, 0.876710312505507, 1.2969890309566208, -0.4455806588295248, 1.5739442716022054, -0.3694990128943183, 4.9897671812237976e-2, -3.8808998219035946e-2, 1.3215414578693414)
