seed <- 943
log.wt <- -11.91643784749131
penalty <- 2.8115950178536287e-8
intervals.send <- c()
intervals.recv <- c(56, 112, 225, 450, 900, 1800, 3600, 7200, 14400, 28800, 57600, 115200, 230400, 460800, 921600, 1843200, 3686400, 7372800, 14745600, 29491200, 58982400)
dev.null <- 358759.0022669336
df.null <- 35567
dev.resid <- 225701.27961970994
df.resid <- 35402
df <- 165
coefs <- c(6.721375087827854, 5.70249604697317, 5.674224945740446, 5.238364932509813, 5.110250466407396, 4.86746004572332, 4.803424554871641, 4.693721494543593, 4.386778835800162, 4.246324219453537, 4.252063052839244, 4.162725596087814, 3.998954428645982, 3.9532240741741025, 3.76695772848593, 3.5505755666652474, 3.2417802267955547, 2.95214514156174, 2.519500347405993, 2.1003864870185827, 1.5627688042097763, 0.9360648654874744, 1.0563700089015968, 0.28066040280024984, 0.2332324987778612, -1.390509043148457, -0.5065428793042607, 0.9552406331116327, 1.1015250074645166, -0.6383646378714857, -2.3073655458394646, -1.4613566110976328, -0.5139166999021505, 0.8032283732775543, 1.32441535256356, -0.8255242861678425, -0.6475288039455119, -1.405749480746926, 1.6991048280712025e-2, -0.22237147696738782, 1.001059667718763, 0.9933570070967875, -0.6742760325120811, -2.366917730037596, -0.7107763340794381, -0.9389114710614779, -0.6497777422460566, 0.24477404986761067, 0.5830638568487304, -0.3260168799039555, 3.273367884734701e-2, 1.0431484659426005, -2.239874720035225, 1.8253183254675502, 0.8308693342484696, 0.9809335540998121, -1.8918172859686475, -0.3444695153085022, -0.7127213082036419, 0.45471382418638323, 0.4385349726351202, 0.8635084438134064, -1.6291089772823921, -1.0833653293594427, -0.4965227710930317, 0.20829288114199906, 0.6615571211075311, -0.4956248128831515, -1.2988494136335924, -0.7621495335089193, -2.0069276496860673, 0.14502465048101645, 0.4404343554712494, 1.0664832160461506, 0.6060437463902468, -1.229350687416931, -1.7592757746474745, -2.011068458757367, -9.591136718093062e-2, 0.6101424123669408, 1.0875191337055383, 0.23662408269940013, 0.18456027481437112, -1.9925583486776564, 0.39300046736045585, 0.5223835196440243, 1.1774653450027703, 7.524590797540956e-2, 0.9049830028683556, -2.138130964395928, 0.4612696365506362, 0.7765732386718156, 0.8590451312590339, 0.48035902032312805, -5.327858922515788e-2, 1.3882435740487715, -0.669993818573235, 0.4330409890613337, -2.279153082973203e-2, 0.1287658143907292, 0.25591971616834674, -1.1142035312140244, 0.6572916236155473, 0.24134895137230727, 0.699118927956696, 0.8764714235113666, 1.1208586461302552, -1.012786474106472, -0.4357153442766173, -1.325979515898606, 0.38896198662510173, 0.5513424670437087, 1.5999588896576697, -0.48478372276625264, -0.20027333119678523, -1.3293112243747633, 0.7385390309311933, -0.2146210410915687, 0.6112264914243177, 0.59718493484514, -0.2696884728440284, -0.31595544449602414, -0.9668277368853475, -0.31795732585236974, 0.40160520083716317, 0.9480229078165123, -0.13740200611031766, 0.8858113102470068, -0.6618130093437384, -0.31635716289130694, 0.2911655120887095, 0.9853742065253159, 0.6794180523672214, 0.46385826955450543, -0.16354420768544325, 1.0558964063683833, -0.4201136783843801, 1.1728730602896895, 0.7187028241189531, 0.9052640518640684, 0.6655022586943007, -0.6141267480918933, -1.113727700069439, 0.7275374070154618, 0.11824707437040376, 0.5054805305322929, -7.554972816718362e-2, -0.6798342585201661, -1.9563483579066192, 1.4410148091084882, 0.14371104814642038, 1.1858288896895475, -0.13523852548837167, -0.14211229334549647, -5.216329649239757e-2, -0.9926439408180053, -0.8630048381916491, 0.9094553955422828, 1.1421692550081364, -0.276760616716131, 1.607083817351615, -0.20232767591609613, -5.817330494796342e-2, 6.730797008153522e-2, 1.1626867858690093)
