seed <- 642
log.wt <- 0.0
penalty <- 2.8115950178536287e-8
intervals.send <- c()
intervals.recv <- c(56, 112, 225, 450, 900, 1800, 3600, 7200, 14400, 28800, 57600, 115200, 230400, 460800, 921600, 1843200, 3686400, 7372800, 14745600, 29491200, 58982400)
dev.null <- 358759.0022669336
df.null <- 35567
dev.resid <- 225592.43151876223
df.resid <- 35402
df <- 165
coefs <- c(6.697125691965938, 5.949983076747742, 5.806625790238223, 5.420488655140213, 4.989250718569191, 4.893718187570773, 4.716074087639528, 4.571692413618591, 4.415218345337467, 4.320953516468167, 4.334416907837387, 4.166005371985763, 4.043379926247736, 3.97178161617904, 3.768963297641755, 3.535368017711114, 3.2415352939646382, 2.9921876720927467, 2.530706285237385, 2.0467704138956178, 1.6240703760435342, 0.8427626269846896, 1.1213155230804408, 0.2848212452277378, 0.33318477947323627, -1.002947761796292, -0.37602711064251065, 1.0150708989718513, 1.0742488212940289, -0.8192045850398996, -2.2897097077286452, -1.7997833288789638, -0.12276088454627346, 0.7113748306617117, 1.3911230484929487, -1.4672893800058944, -0.518314068429536, -0.9934609340942387, 8.60471496524521e-2, -1.5431445188474777, 0.9887462395763589, 0.8274593219831046, -0.9077354477088245, -2.1143617946521798, -0.5759096023404657, -0.5406849976948211, -0.6073639234813935, 0.3402528261144356, 0.5990253280121152, -0.9790508832113839, -7.57074128803896e-2, 1.1124177025474447, -2.486980940388784, 1.6683214187759177, 0.7731267694097592, 1.0668669452415485, -2.389185585772915, -0.22160152205916295, -0.8912106125377355, 1.0003417359666933, 1.0958421534922311, 0.8982090760132903, -1.3365512005160378, -0.6857527974858848, -0.6397632689339794, 0.21368064230697695, 0.675264331125025, -0.44800239271255526, -1.6252054101322975, -0.5870490574806354, -1.989236158982249, -0.43363553073557815, 0.76219527984574, 0.8948295923388015, 0.6160696669265312, -0.696183420629346, -1.4396010018305572, -1.2483222883669411, -3.2177514523650974e-2, 0.7487431336461099, 1.2237018321966504, 0.13414810388524334, 0.23184435631886263, -1.5186203223305867, -1.159423443352505, 0.4041791572594083, 1.1626522321694002, 0.4464996839718721, 0.8679575735369474, -2.335583646214366, 0.5455125915079749, 0.6881044202973435, 0.7975601660295192, 0.4352092596312881, -0.2856632509370684, 1.3787528725287503, -0.3355949849911936, 0.3008269129593569, -5.901235529121023e-4, -6.939095506507634e-2, 0.5415038651159156, -0.4534150725545265, 0.8208304145740071, 0.3329896080209619, 0.6796495167360632, 0.8013579911744474, 1.1614580263210645, 0.35537760076213654, -0.38385758080872656, -0.7608444504986434, 0.27937974341891875, 0.7351866506633427, 1.6328464600679629, -0.448567092383943, -0.2403590373356485, -1.7317852209045743, 0.8100273906998435, -0.33166624164873637, 0.6363242272537442, 0.38943828981488154, -6.379783780592302e-2, -0.4031605976256344, -1.0465611436135827, -0.6895875480767597, 0.4254166250014841, 0.8311261100765395, -1.2123776167867332e-2, 1.0337455600487815, -0.5893689692806287, -0.3744090588177839, 0.253650027192468, 0.7537199639590585, 0.9136678143536477, 0.36761383347132737, -8.599185402853857e-2, 1.0637375679480265, -0.3325377403493757, 0.9689979760175893, 0.7542739436838775, 1.0407103358868712, 0.7864299058031085, -0.7541108119837889, -0.9805391757626978, 0.47704181655660455, 0.38432470347661374, 0.4324678631316463, -0.3094701950960272, -0.35687580117824197, -2.207207612398214, 1.2283985212105646, 0.12256954050005409, 1.2636071125651076, -0.20155200407352614, -0.11533112265250506, -4.170208695841863e-2, -1.5602011178582496, -1.6272521432657239, 0.8413381920523484, 1.0867502481626714, -0.33197746281972085, 1.5753709793082225, -0.4328913058111101, -0.20947210733603408, -8.083437855846658e-2, 1.2066136446809064)
