seed <- 111
log.wt <- 0.0
penalty <- 2.8115950178536287e-8
intervals.send <- c()
intervals.recv <- c(56, 112, 225, 450, 900, 1800, 3600, 7200, 14400, 28800, 57600, 115200, 230400, 460800, 921600, 1843200, 3686400, 7372800, 14745600, 29491200, 58982400)
dev.null <- 358759.0022669336
df.null <- 35567
dev.resid <- 226217.29218529805
df.resid <- 35402
df <- 165
coefs <- c(6.280919635825027, 5.757028408525512, 5.725386008710291, 5.2910854012186945, 5.123933402715061, 4.88058114979898, 4.757343165333844, 4.621856596668974, 4.344754384770004, 4.275284730953944, 4.243310803378411, 4.145579695718831, 4.006942153181036, 3.9412356583466357, 3.7600974721526903, 3.543383933448211, 3.2443438840742664, 2.9653055596435425, 2.5182576414358206, 2.0735772243104464, 1.6625239807156906, 0.9262758500156241, 0.9785807974051737, 0.1630501994103061, 0.9714834100521074, -1.3252811210395223, -0.15566874788457719, 0.8944435420065524, 1.1133751738028268, -1.0795305361464407, -2.1480226568212184, -1.616426217766856, -0.30415757332135773, 0.7258578881390559, 1.2401092330164034, -1.1868766608235797, -0.6531426413695793, -1.2634022573621342, 0.18857193024847088, -1.2539064691184805, 0.9898613967783221, 0.6694746539788617, -0.7099988772094854, -2.0546137963562696, -0.9863629630750874, -0.8072589051882415, -0.1894968621302298, 0.15465621079123215, -2.3944361903502197e-2, -0.12306418256527049, 3.982967572517993e-2, 0.9486253844103076, -2.2362392521380645, 1.8165485004956694, 0.6984391846042585, 1.0670376422880605, -1.8940329248192955, 9.657640017879119e-3, -0.2947632015785159, 1.5579297179677636, 1.0704204162823707, 0.6357580893046479, -1.8199486164544554, -0.682380982320868, -0.7935208629457484, -7.481608869049749e-3, 0.542112127692282, -0.7096407418117543, -1.14800278993716, -0.6672184390162443, -2.5775831994596476, 9.443362038040143e-3, 0.7248029718695591, 0.9585437898959953, 0.7244562758047688, -1.0685233422064127, -1.544729328478353, -1.0693796372402176, -2.5946923783819235e-2, 0.7044342518828517, 1.2409300378696213, 1.856959649368767e-2, -0.17258886974612636, -1.8956706273966268, -0.7791135891981826, 0.3818969396248506, 1.1724838809455216, 0.3699411834226093, 0.9148360623927311, -1.8845224250656092, 0.5187854140474298, 0.6515936625944925, 0.8018508876680287, 0.3714453660591357, 0.2855936402805848, 1.2146371024393943, -0.2318572226013855, 0.28565815273132905, 6.966171821153732e-3, 0.34717593594934093, 0.2926633596318742, -0.6100336671247438, 0.7350930100765651, -4.21912512425169e-2, 0.8209632165612588, 0.8137048109903324, 1.1485359151469394, -9.341990358574367e-2, -0.6500898875669833, -1.0260749340949915, 0.4596493480062236, 0.5454152629598431, 1.6402698401869082, -0.7785511191685923, -0.20027837948366767, -1.331053001216504, 0.7231964527945908, -0.2128634831040061, 0.6370645084367613, 0.42585637227696965, -0.7388979634559383, -0.37560852460222993, -1.462688098498868, -0.5446641101882603, 0.31224433580718164, 0.793757886236199, -0.10509177800111469, 1.0255142487405202, -0.8607127652401368, -0.4413266398016762, 0.2249167817890873, 0.8244678673219975, 1.106316856714524, 0.46949797098781537, -9.452991914810759e-2, 1.1968627447762226, -0.3995381493847105, 1.091091887376343, 0.63169057308579, 0.9841871379475162, 0.6841506192055263, -0.6217184393439404, -1.0830550839769484, 0.5607415813382342, 0.6690811973218604, 0.5516822460410381, -0.13635604898255005, -0.4673124085833884, -1.859940826176092, 1.2488567627188134, 0.16391085100944014, 1.2920327681346724, -0.22545644931535955, -0.11512524526174808, -0.19731365918350446, -1.7348152217779889, -1.4650591861448474, 0.8303938310784562, 1.077234148417161, -0.285676741107499, 1.5707182505231243, -0.19023069719128008, -0.10069254521646238, 2.912529680573942e-2, 1.1476342516093614)
