seed <- 946
log.wt <- -13.665458215253595
penalty <- 2.8115950178536287e-8
intervals.send <- c()
intervals.recv <- c(56, 112, 225, 450, 900, 1800, 3600, 7200, 14400, 28800, 57600, 115200, 230400, 460800, 921600, 1843200, 3686400, 7372800, 14745600, 29491200, 58982400)
dev.null <- 358759.0022669336
df.null <- 35567
dev.resid <- 225342.00414805164
df.resid <- 35402
df <- 165
coefs <- c(6.9256163721103094, 5.583078114873262, 5.802847410372858, 5.320775222522895, 5.017738265231941, 4.911858329637322, 4.789512433640716, 4.630637844954268, 4.404369552845523, 4.246129508484417, 4.303622737313366, 4.188757135466664, 3.9471623240159457, 3.97452883046149, 3.7454037890042784, 3.5287676962572636, 3.276534795994998, 2.974383521586694, 2.512072996578422, 2.0684959459094663, 1.6318646991999184, 0.980042002184843, 1.1100971713985701, 0.47343583255418176, -0.1060459773035412, -1.5049839335096251, -0.3506586012387648, 0.9200697220589388, 1.0773452864365316, -1.5657034597895552, -2.350882059216574, -2.597994218327857, -0.341861640442131, 0.7931950527896939, 1.3622723486228978, -1.138135974167653, 0.1641616046878212, -1.051057736543709, 3.2952624392489686e-2, -1.0574005352304725, 0.95888404435181, 0.9065102316012658, -0.8990337780847193, -2.1831472276897554, -1.0460759866822906, -0.8132596780392881, -0.9387334368361125, 0.27556978367548884, -3.198808385992357e-2, -0.5422752395037718, 3.7696073491403797e-3, 1.2386975640401519, -2.775025648098127, 1.6384347668794845, 0.7692179904416653, 1.020222391647132, -2.1239607463359422, -8.566128921616041e-2, -0.185914941376885, 1.2433311099667481, 0.737736671340474, 1.053522661899742, -1.506267494653225, -1.112915253186491, -0.49457900276458305, 0.17678346159683658, 0.6775221676228713, -0.3438133176234707, -1.7845248242328116, -0.7362514123549005, -2.136946381424059, 0.14170576589575576, 0.7252937187447666, 0.9802741996239257, 0.4468646699827351, -0.37033170675331195, -1.2151707182356326, -1.344112291804309, -4.596025090626267e-2, 0.6643502535218141, 1.2637579383013327, 0.1199010179399689, 0.402210689198772, -2.098059792501597, -0.21175020316261992, 0.3407245481156079, 1.1422666386507394, 0.41842269657213466, 0.8874013065978464, -1.561310841219073, 0.39006695946047026, 0.6246015320678595, 0.8651805536412401, 0.3759063868928506, -0.2759418755233473, 1.3077827395072399, -0.31234513633955047, 0.4009320785898571, 0.14793835369464148, -8.951652757161947e-2, 0.44794671331556607, -0.369242450701114, 0.8936503811279314, 0.48267655400226794, 0.6792212426890748, 0.8886874393791376, 1.1801933010634416, -0.6490489745962801, -0.5108395671665729, -1.029302557332346, 0.3139928606521657, 0.591071961899187, 1.577890825320647, -0.4476214384417876, -0.2569363247443463, -0.9650119855483912, 0.8443881489411755, -0.24862606530741796, 0.660269221379194, 0.7357194326260988, -0.3722396235899433, -0.8233342834103403, -1.0945668286289723, -0.5655545221188859, 0.2314899150452442, 0.6924108057120483, -4.5168584677681076e-2, 1.0052214305708154, -0.3029171654529885, -0.47729856932734016, 0.48982392467133534, 0.9681249373117765, 0.8709678908594379, 0.5606756189465505, 2.465102358594287e-2, 1.1125298832425503, -0.3689645648425838, 0.9860502260412886, 0.761702317012232, 0.9709126431526474, 0.8050607951892987, -0.684088922137072, -1.6017290413038412, 0.6597092593999124, 0.45311002738797435, 0.557694136624294, -0.25586149212340026, -0.5565196964343844, -1.8628984249166378, 1.1706139840591774, 0.1623436732830528, 1.2376246345733957, -7.419874534247076e-2, -0.11254596280432423, -6.560097986996018e-2, -1.9201341196716917, -1.4060613215983175, 1.0571305064997365, 1.094918638336437, -0.5285535865177774, 1.5356802677894972, -0.2828129939342374, -5.652249131857892e-2, 8.435730965354381e-2, 1.215930429726502)
