seed <- 693
log.wt <- -12.427730942693643
penalty <- 2.8115950178536287e-8
intervals.send <- c()
intervals.recv <- c(56, 112, 225, 450, 900, 1800, 3600, 7200, 14400, 28800, 57600, 115200, 230400, 460800, 921600, 1843200, 3686400, 7372800, 14745600, 29491200, 58982400)
dev.null <- 358759.0022669336
df.null <- 35567
dev.resid <- 225696.9308150546
df.resid <- 35402
df <- 165
coefs <- c(6.318069153761518, 5.868990433997499, 5.793199041473543, 5.25755296212147, 5.042377426799311, 4.880786381484181, 4.770880208075296, 4.638661054169177, 4.373667427690006, 4.2940440172224115, 4.31257703955426, 4.218401683585599, 4.0205841317986195, 3.9793288095227064, 3.7515162075904613, 3.526229565533255, 3.2614402215691594, 2.968331862305902, 2.4974877458736384, 2.111159802839887, 1.548665634210105, 0.8861961058003399, 0.9611621560545824, 0.4629112203380151, 0.5836351854150215, -0.8505945506527558, -8.100039219895583e-2, 1.0766246512375515, 1.1074637061297758, -1.1815985225817347, -2.1278448084663704, -2.393815629156622, -0.541378552926693, 0.750781246242546, 1.3056268213256905, -1.3118245290136212, -1.1061224692775398, -0.8482455417874727, 0.19183210655649263, -1.1716608755052325, 1.0326830333531152, 0.8474054738423198, -0.45804383130743787, -2.6077552219481657, -0.7926900312703522, -0.7771812959561931, 0.17255949257604952, 0.23371423304724973, 0.4920765553374464, -0.5547493820721429, 0.3159134877301646, 0.8530344100286116, -3.3215277448720784, 1.7360747836196786, 0.7366559811558033, 1.0974330216534898, -1.8156162085236571, -0.16234915359313812, -0.37445117910682424, 1.2007799343600292, 0.9218695895759766, 0.6002420690125967, -2.7999183736821305, -1.176755923389261, -0.7954985892983205, 0.28602560925160164, 0.4792261567339297, -0.15223215160952205, -1.651530120582581, -0.4493719679958863, -2.303856292918791, -0.42623938565715785, 0.7751856604538004, 0.9421608295758741, 0.7488514313555122, -0.8437878823234501, -1.2519516069019918, -0.9818811891654426, -0.12895275411177656, 0.7093807154908431, 1.0801112022751969, 0.12210131579281676, -8.71890863429324e-2, -2.4201310549170603, -1.2261142590529688, 0.44652337212439513, 1.3159694234813037, 0.5886029115221479, 0.9986466795261932, -1.9400928582317853, 0.4742932818238277, 0.797464483183994, 0.8159847977395734, 0.398470594750271, -4.728263405672992e-2, 1.3425598407224921, -0.26662131239911646, 8.999328106758342e-2, -0.22820606353054135, -0.44230401155203186, 0.6921916664254075, -0.7483469729705304, 0.7126074951300325, 0.1905336611414861, 1.0043098477155301, 0.8175396128159039, 1.1100561597931025, 0.11540930719239316, -0.42284310914099943, -0.7160507587665522, 0.5132950564140569, 0.7208173646214453, 1.6330750868224124, -0.8859127475720757, -0.15966570391205875, -1.034511306166505, 0.8017923599626946, -0.3648550478019948, 0.5333167993829544, 0.6630514664037994, -7.163830991728944e-2, -0.6532406878012043, -1.2573595899536405, -0.1586312520209289, 0.32704143943911534, 0.8551254921020122, -0.10011181675620087, 0.9997990948736761, -0.6760792400853164, -0.32235295283460424, 0.1945697265206529, 1.032125520740969, 1.2401953593809478, 0.34845691821098135, 0.12232067802209991, 1.0344109711333542, -0.30285364913740004, 0.9912905303026147, 0.6257184029791262, 1.055897193721064, 0.7800372988474699, -0.6655487853089296, -1.1777084279429204, 0.6380047242166892, 0.6125002809468705, 0.49952844186124246, -8.403180537615319e-2, -0.3855805097941944, -1.698843762997651, 1.2764848352048244, 0.11092650240250486, 1.3130424586484881, -0.20131579312980738, -0.2334296719113296, -0.28680353528479996, -1.5303612774338315, -1.5321231713221506, 0.6959760092274069, 1.2423340411816854, -9.476985395804766e-2, 1.5795737415114295, -0.2545744338015381, -0.1648089056713549, 2.4763680167726926e-2, 1.1963744399779501)
