seed <- 708
log.wt <- 0.0
penalty <- 2.8115950178536287e-8
intervals.send <- c()
intervals.recv <- c(56, 112, 225, 450, 900, 1800, 3600, 7200, 14400, 28800, 57600, 115200, 230400, 460800, 921600, 1843200, 3686400, 7372800, 14745600, 29491200, 58982400)
dev.null <- 358759.0022669336
df.null <- 35567
dev.resid <- 225161.21838961507
df.resid <- 35402
df <- 165
coefs <- c(6.544997532460136, 5.693288362178998, 5.615887279231857, 5.415343650011292, 5.003425858388114, 4.9436785339729745, 4.662683417598819, 4.692074975736833, 4.355200036390725, 4.218210007602939, 4.29337813221733, 4.184976106149761, 4.0383173167106765, 3.96549662956777, 3.7294867640748404, 3.5099759314525807, 3.2298475088732093, 3.0034088197693722, 2.497560501542657, 2.0338582722430067, 1.5069434754476863, 0.9320581311365426, 1.0708880079280252, 0.4133123484910257, 0.2632890924035251, -0.9631516401239442, -0.35411971638323303, 1.0754988564808303, 1.1535728305577821, -1.4087480006571484, -2.5998674248528473, -2.346889279978932, -0.2980026830840128, 0.7639265577362726, 1.427554912697033, -0.8698255641512912, 0.15432851217142718, -1.173716725831914, -3.4931766990950186e-2, -1.2675095496704232, 0.997267962151312, 1.0135129307280382, -0.7891347927082395, -2.364368699053803, -1.19393491337034, -0.7629877968227606, -0.3343277031420012, 1.0454427395136455e-2, 0.7330718322551426, -0.6076083774389124, -0.2542827955437657, 0.9986767412645926, -2.907971240569605, 1.6606410772187228, 0.7315925402065478, 1.2634685833176391, -1.9272895971145445, -0.1155955598142583, -0.4128464954567402, 1.1105150618084527, 1.0371167284173517, 0.8165995958280325, -1.5643598907977385, -0.8730793379584185, -0.6219202523923136, 0.16972167364532342, 0.658185661788276, -0.4204721149728483, -0.897953124966984, -0.786581920401405, -2.3364463783597955, -0.7093962489835096, 0.33284659499612645, 0.8617435766602171, 0.5493676718349522, -0.42656328631668045, -1.7172846156800619, -1.347299084408776, -5.549604417276587e-2, 0.730249522633291, 1.100127116183538, 0.19019212249052803, 0.12184729547447638, -1.2498669419824315, -1.243691355302843, 0.2900670094150338, 1.2809004737309921, 0.38537242419017476, 0.9996341045966312, -2.1875638273809166, 0.548072062526769, 0.7774401667564034, 0.8043730543801961, 0.4205020430803133, -0.28347270360748994, 1.47322474168523, 0.10561747458743961, 0.5569171763167975, -2.1852074882675942e-2, -0.13798056354558683, 0.4212618984432789, -0.421618588189106, 0.8586992846588274, 0.2514647177552659, 0.8099171413287866, 0.8624217190476768, 1.19444617723588, -0.3306356030917092, -0.2884011203774955, -0.6614222679755899, 0.49361197145664953, 0.657759311869715, 1.6630174980173418, -0.7280792020474527, -0.22096896765985372, -1.2610950768096065, 0.7778857530109365, -0.30752383370850483, 0.5323539795127351, 0.2665076421269114, -0.9084401580800378, -0.8120314726854477, -1.2233477802469308, -0.48558750006566265, 0.27583887183605144, 0.9208936300538342, 2.1000384529133043e-2, 0.9876539760812143, -0.7568553372186632, -0.3837679416237345, 0.37630732285176366, 0.8861326676606216, 0.7193216311131893, 0.3794448371371504, 4.550262615414774e-2, 1.1156712629059067, -0.2827256691242656, 1.0981439673837254, 0.8029827233193488, 1.0104813218156101, 0.6774834461491959, -0.7298136410316126, -1.2347462278264567, 0.49312931534961457, 0.33162241224743877, 0.49767777552079395, -0.169116840671217, -0.5004761192298459, -1.6093309732255257, 1.3745973406387484, 0.17245812111567513, 1.2020940469513655, -0.2368901682607158, -8.282988008908017e-2, -0.12155818730743413, -1.4935518463080726, -1.2366816444312914, 0.8154805131777274, 1.2526281223397033, -0.541782239924582, 1.628639585389278, -0.14420191698512316, -0.12752354875085498, 0.16997283550443906, 1.1411393129625527)
