seed <- 798
log.wt <- -12.320628291060565
penalty <- 2.8115950178536287e-8
intervals.send <- c()
intervals.recv <- c(56, 112, 225, 450, 900, 1800, 3600, 7200, 14400, 28800, 57600, 115200, 230400, 460800, 921600, 1843200, 3686400, 7372800, 14745600, 29491200, 58982400)
dev.null <- 358759.0022669336
df.null <- 35567
dev.resid <- 226036.91543140804
df.resid <- 35402
df <- 165
coefs <- c(6.769878107836602, 5.876349472329348, 5.782385606875768, 5.336874461921812, 5.135204295301159, 4.787162304909907, 4.763503855675535, 4.642533242645621, 4.3660577995935155, 4.221384996131522, 4.37212380686425, 4.157078305844697, 4.00514000449003, 3.939095526264778, 3.720358512198585, 3.503872946545789, 3.2644220781674758, 2.9642029095828706, 2.5216510276441286, 2.0293492099893062, 1.6208277868978056, 0.9086586494923853, 1.0180323994153773, 0.29701256773273804, 0.1629826411928066, -1.2013340647017559, -0.19884653271619915, 1.0199349956558468, 1.0022924136866964, -1.0915989664411754, -2.075651004360061, -2.740890221337808, -0.40999329516540545, 0.7633770718815337, 1.3345363637176575, -1.0863172523739848, -0.11115779540657886, -0.7165394039806541, 5.4369620951796524e-2, -0.7523001437158124, 0.9510653749188095, 1.0796255590510482, -0.8180900256883146, -1.7288552746109769, -1.683166048307673, -0.7405303041719193, -0.6881414589738112, 0.17504381231211275, 0.5209736237569741, -0.3580189795922864, -0.5469383421804672, 1.0376688630977364, -2.1037244217741398, 1.7833522466304859, 0.8283927903547462, 0.9629906495033723, -2.0383017323361043, -6.441697745797574e-2, -0.6536924728296553, 0.9073103920476092, 1.0442491599251447, 0.8144594877252006, -1.946950447859883, -0.47526739917418126, -0.5966593430094034, 0.190730024385542, 0.7172306752321251, -0.3748953939705573, -0.957709721584751, -0.7133626826774132, -1.883949152010676, -2.3353259205510287e-2, 0.16182446367129139, 0.9314927025606183, 0.7692262955727803, -0.9470705911512572, -1.3757443925333384, -1.0272254598143182, 8.455123785034975e-3, 0.7368149854057645, 1.2091315487595125, 0.14023212521319445, 0.3485088156482568, -1.8050802638593917, -0.416704683701079, 0.43909971873594944, 1.2567143166062462, 0.284694583504606, 0.9119499011530303, -2.4110813478141644, 0.23934422252145898, 0.8112139601394063, 0.783409600893139, 0.36739819649148403, -0.10341832176186941, 1.4768862879640017, 0.46175159516789166, 0.27021317969630604, 0.2193115898580542, -0.13595043442696478, 0.3227808092975686, -0.7634748682292481, 0.7573421030528926, 0.11772176839786201, 1.0085257272605912, 0.8370027085784438, 1.0896523129590547, -0.33231792341374605, -0.3971486262068921, -1.0118743134053727, 0.4447184212266068, 0.686523047601224, 1.5543985887190854, -0.5674278145280712, -0.3850019154275194, -0.7670662993950582, 0.7937971702236685, -0.31295607961731975, 0.33748625034401974, 0.39429156557585926, -0.8813182998113025, -0.6793785062242652, -1.059654642996777, -0.32548522400193935, 0.3584200408472012, 0.8857119896786595, -4.10769663544093e-2, 0.9243776747374247, -0.6350845978595504, -0.46267877867368135, 0.30227636918625306, 0.8803309171031147, 0.5981786936615011, 0.17040137838777966, 1.1499273258151253e-2, 1.1123806980181081, -0.5457695740815648, 1.0575392133403896, 0.7183682216456968, 0.8860569446481255, 0.7879662683984364, -0.6350498898951924, -0.9355540426342579, 0.5658925805232512, 0.17215843036481898, 0.4899625156611325, -0.17716507860832115, -0.7445718396828382, -1.969070736297509, 1.2378528372021278, 0.1632737035201213, 1.1956646028634084, -9.738653800649218e-2, -8.767403916347825e-2, -0.16573706306025995, -1.4496994244060883, -1.3157892026145837, 0.8515162851373356, 1.1737155268879809, -0.760556555724505, 1.490061339073507, -0.37400341346134885, -0.11258692828173456, -2.3133396380998976e-2, 1.2388116177245978)
