seed <- 206
log.wt <- 0.0
penalty <- 2.8115950178536287e-8
intervals.send <- c()
intervals.recv <- c(56, 112, 225, 450, 900, 1800, 3600, 7200, 14400, 28800, 57600, 115200, 230400, 460800, 921600, 1843200, 3686400, 7372800, 14745600, 29491200, 58982400)
dev.null <- 358759.0022669336
df.null <- 35567
dev.resid <- 226549.15473378063
df.resid <- 35402
df <- 165
coefs <- c(6.4697171076391635, 6.041476735314048, 5.752729595756113, 5.26280786481454, 5.142608966292894, 4.863780708692809, 4.745539324831904, 4.573406743002163, 4.397632066964051, 4.210250507804085, 4.2931883994269775, 4.177060086305116, 4.019869407063562, 3.9513362774932044, 3.7443306491062005, 3.5387540812264215, 3.2553728379585154, 2.9169685309588576, 2.499524756328619, 2.0582199749607106, 1.6108774217644608, 0.8438066023951306, 1.1136365151712662, 0.8085655613844392, 0.7864186010116669, -1.0380486842651206, 0.10679687597409737, 0.9842784529700984, 1.1151709389964681, -1.104032540240073, -3.0122167670439235, -3.0437351263768626, -0.5615704246945408, 0.6862000958848554, 1.378927563806988, -1.5009681871534732, -1.1697884711726059, -0.6240887518197745, -0.2050172717588245, -1.3736159963973933, 0.9675806141543932, 0.9485056242780552, -0.6264407265127804, -2.164179402834034, -0.9479559803212615, -0.6001825250396076, -0.4830520904159427, 0.308315955185744, 0.1583913076762328, -1.0013181735648415, -0.39096560049528917, 1.0167046820902579, -2.8781943568054777, 1.8104393704161525, 0.8970114221948526, 0.9780250059530928, -1.3452427916429404, -8.28755909900513e-2, -0.9118353759771007, 1.305262932945989, 0.9286566240719042, 0.8391930099730192, -2.1024318825800736, -1.1606085288843069, -0.7248528885081293, 0.2051643529100364, 0.5506751279848793, -0.3167439870273519, -1.672385097232145, -0.6660631906923593, -2.246236761335913, -5.946389574541087e-2, 0.7791755276768935, 0.8821718980351931, 0.7456065505788674, -0.6517398342138666, -1.3460698626601453, -1.1367632015721356, 4.57324171004106e-2, 0.8853895954757313, 1.2492081350610225, 8.240629095323257e-2, 0.11284784114928417, -1.9801900474915617, -1.0614762166888645, 0.2750216258911884, 1.2579049742069912, 0.696101601011501, 0.9567905711785641, -1.9959639190696974, 0.5205657415372736, 1.0642287613968733, 0.7415443648301345, 0.4109570788113657, 7.418115953987535e-2, 1.306160689172501, -0.7193351414724634, 0.5749374076834136, -0.13208182504569652, -3.936816031218497e-2, 0.5962428214551985, -0.5307482908371749, 0.8063212706636609, 7.105009427003531e-2, 0.6552474875845012, 0.7947144688604736, 1.184558366117317, -0.2630111989916409, -0.19014816634610363, -1.0209867090344837, 0.4434147764832506, 0.5689213457948016, 1.59791854044086, -0.864157457418636, -0.16343324257306518, -1.1375601243233864, 0.7967450702937011, -0.2742011852029944, 0.5745346653582175, 0.8193848425946479, -0.16257409734271694, -0.3910603893523014, -0.9212678807594802, -0.5564506507679056, 0.3514317571240898, 0.7413025585927607, 6.357030752377806e-2, 1.117706992212122, -0.7656962905140424, -0.4276628442088352, 0.32766064382859494, 0.8948441148723336, 0.6355448088732333, 0.31923686241796456, 9.891210746639585e-2, 1.1592840661462092, -0.3656282768439621, 1.01158328093444, 0.7846026438501387, 1.099923094842994, 0.775185920553405, -0.6469021303003661, -0.9540770313901638, 0.6645780932052838, 0.31526209328593535, 0.46698424980381176, -9.089428650889214e-2, -0.42177039715077796, -1.8501044749185798, 1.2441694685223283, 0.18810584160266583, 1.3656057895273128, -0.1293327662668801, -0.120197070470861, -0.171145495852554, -2.303478859978859, -0.3001268695731099, 0.7179576542319457, 1.1900234624385608, -0.22173658028637983, 1.5797146163865516, -0.3294992465161313, -5.4494036327905906e-2, 8.028930688349668e-2, 1.204252372349001)
