seed <- 747
log.wt <- 0.0
penalty <- 2.8115950178536287e-8
intervals.send <- c()
intervals.recv <- c(56, 112, 225, 450, 900, 1800, 3600, 7200, 14400, 28800, 57600, 115200, 230400, 460800, 921600, 1843200, 3686400, 7372800, 14745600, 29491200, 58982400)
dev.null <- 358759.0022669336
df.null <- 35567
dev.resid <- 226116.36131701147
df.resid <- 35402
df <- 165
coefs <- c(6.53736882448964, 5.743622189359944, 5.742256376051268, 5.3012048658165725, 5.128598865976156, 4.880703097835542, 4.794248040567089, 4.695206183108092, 4.330096777814451, 4.232247701292391, 4.234293909760814, 4.124502154339808, 4.027152039118673, 3.957364573355914, 3.759976113561607, 3.5093847986695765, 3.237704182543618, 2.921254206334606, 2.5314709214171702, 2.0393390137780347, 1.6530897879050017, 0.9290021735090247, 1.09801509802108, 0.5436553827302709, -0.13044508716851644, -1.1413118252448322, 7.60901608470457e-2, 1.2923435252188944, 1.0671908417811806, -1.139545682516666, -2.7080719015415986, -1.9934598194974515, -0.31235261088636396, 0.7522965248886487, 1.3265150095492741, -1.4302647088715277, -0.30574438943721866, -1.1218587820384545, 5.803568204229568e-3, -1.228012254642753, 0.9248425341833825, 0.916321180569922, -1.0516810308897522, -1.9346746165623168, -1.6456873738679079, -0.6131629962883239, -0.6330872806133235, 0.3575534316656483, 0.36532050772760155, -0.43184438079852083, -0.2126576760434286, 1.2175293022050069, -2.3625873219706732, 1.731342910615251, 1.0011077994343855, 1.0912716235532938, -2.110208084085869, -0.20605244140149778, -9.221774026455616e-2, 1.2296133747875384, 1.279758611805168, 0.7751246013610675, -1.851774705834778, -1.0086494539332507, -0.8154299919090928, -0.2870765999256198, 0.737138779336795, -0.5488010992270388, -1.2103839157515077, -0.7824274207755263, -2.779125913039687, -0.1897439863582281, 0.6203170526315456, 0.9791984150338612, 0.7058019152596943, -0.6874774706064735, -1.402554152722195, -1.0745387151097017, 6.255092698349785e-2, 0.80190173910984, 1.1766522541520514, 9.804583172253699e-2, 8.587243223085156e-2, -1.8795022772683072, -0.6877382764757227, 0.360953239802265, 1.1813132545898306, 0.1802267088427592, 0.8209094526268649, -2.5353388843948754, 0.5730332113396841, 0.5928028914539116, 0.9603384980611133, 0.3934810100266608, -0.1155430602875662, 1.308614212417012, -0.9187695986494988, 0.27058906262298504, -8.529702594220354e-2, -0.5116561403211913, 0.5514352775688132, 3.582798685104053e-2, 0.8188134932224912, -0.18511249252130357, 1.0471845419841752, 0.8654515817503852, 1.2262349446207974, -0.27899043159110665, -0.815069361396852, -1.0344307136569237, 0.37433199776164355, 0.6206795113786858, 1.5516261621483705, -0.49601206067457565, -0.26812838849494397, -1.0131967078524478, 0.8553295410257772, -0.21205436917459244, 0.5757689944009107, 0.7057714724600453, -8.271781589943104e-3, -0.4655530786649094, -1.2184468000163067, -0.39759357874121803, 0.3445673559199027, 0.9258790405277664, -2.9646048515471222e-2, 0.9757434344523854, -0.8067512951704053, -0.4342089569829542, 0.400351715179131, 0.9524639603228747, 0.8378299401901267, 0.4924556091727935, 6.835021185566307e-3, 1.190283389570875, -0.4129244209397085, 0.9773842291645157, 0.756271513831447, 0.9578167175371605, 0.8215151156730429, -0.7015717774929842, -1.1230855144157634, 0.6307487812206455, 0.5787810049560803, 0.4820381258656399, -0.1022227888359001, -0.5015067292873839, -1.8032089053343545, 1.1875041211680446, 0.21662169743795998, 1.2207871020284509, -5.486675280728671e-2, -8.879915978118107e-2, 3.03013146189085e-2, -1.9499192115148745, -0.8159686225927794, 0.8346397265450275, 1.1202230788244902, -0.16616680968398587, 1.5361331686475066, -0.24174752627522422, -0.10801005214434856, 3.492122752549777e-2, 1.2792300816731705)
