seed <- 1067
log.wt <- -16.539658304776317
penalty <- 2.8115950178536287e-8
intervals.send <- c()
intervals.recv <- c(56, 112, 225, 450, 900, 1800, 3600, 7200, 14400, 28800, 57600, 115200, 230400, 460800, 921600, 1843200, 3686400, 7372800, 14745600, 29491200, 58982400)
dev.null <- 358759.0022669336
df.null <- 35567
dev.resid <- 224689.1458553496
df.resid <- 35402
df <- 165
coefs <- c(6.81358418464712, 5.877777966520186, 5.615143112761758, 5.307736958067563, 5.106415089993697, 4.871502750201627, 4.83439209061854, 4.633041851214797, 4.430185812104084, 4.281314498709823, 4.357413317258857, 4.208147932922153, 4.02358381290004, 3.9992426542640915, 3.782834537248532, 3.5363112907477023, 3.2884083932070416, 2.947523410471688, 2.5508751211499407, 2.065301512862383, 1.5808486345304353, 0.9265339639646096, 0.9740818844390957, 0.43016411280297623, 0.707684319959823, -1.2110805541013787, -0.1396086309650477, 0.9408629620178167, 1.0079748676639437, -1.3319245236832722, -2.3222163128181865, -2.9280061415273484, -0.8018178725480214, 0.8238606907040514, 1.2664041608237642, -0.8441453796030564, -1.0309006720111926, -0.40782734877837273, -0.149636168678146, -0.8215772879047473, 0.879293026311421, 1.150424525408274, -0.6331679161392944, -1.4736008811107226, -0.9647980610400276, -0.7655642519224847, -0.1893384429068223, 9.695427984627333e-2, 0.7771347045300907, -0.7658774709828173, 0.18062714358269466, 0.7972038069993459, -2.147948757341673, 1.7123211063462738, 0.7629620503618689, 1.0823280537739357, -2.1666284925900317, -0.3967728383500487, -0.376307490406913, 1.4614831834129076, 0.6048104641814285, 0.5306648924830779, -1.7777387322223275, -0.707181298784593, -0.5759983587969879, -8.153352212699846e-2, 0.5551316373539827, -0.4481385408574436, -0.7117332799653424, -0.7378597435548092, -2.07222873199429, -0.7489859346755023, 0.5117483438000902, 0.9395890052501662, 0.7328675912959048, -1.191894141659943, -1.221046183335798, -1.4739868692399918, -4.9034304107428255e-2, 0.7966341072441242, 1.104143293631762, 0.12712108552458595, 0.21105737338945377, -2.0339143334152725, -0.8958518809354556, 0.31913553729722255, 1.2156146243753354, 0.43408326007148657, 0.7937002278679035, -2.0367476840533425, 0.41911792539498316, 0.6039393847210817, 0.7273603040519515, 0.4238938498387008, -0.20143696479579204, 1.3299002547200263, -5.467453670810537e-2, 0.5442507599850737, 1.375719839098708e-2, 0.12529886772040771, 0.4152850885469609, -0.15372130948787419, 0.9434515632142491, 0.46347258144737796, 0.9516833306877002, 0.8437899010973948, 1.086999096604262, -0.40869006549546616, -0.6374813817656331, -1.0208515450475661, 0.4403396996981528, 0.5633505377725102, 1.5335041491152455, -0.642759292679118, -0.21563685596558832, -1.5611544300038807, 0.6931393726604108, -0.2881840607882276, 0.3459295983266552, 0.5453686242199891, -0.14509752045036384, -0.39237891572018996, -1.4033869740376659, -0.6174508832166667, 0.21523551367746002, 0.8177443471721856, -0.11201200316505117, 1.0177369445810498, -0.4303096131715299, -0.31341815965872893, 0.14915890326570508, 0.9917544568364296, 0.8636798974980071, 0.2467042998825183, -3.055885098620143e-2, 1.05647114411808, -0.4820480974588442, 1.0756265368952038, 0.6944281954869497, 1.100960755842116, 0.7313373653433358, -0.6396730507301692, -1.1399808938755758, 0.8028607567523613, 0.5612847226657888, 0.39791741468952785, -0.28858148714486853, -0.35753645966903047, -1.9051242542379625, 1.3394925361352148, 0.15332548956367792, 1.3132230630609718, -0.21966636871085432, -3.727386125036807e-3, -5.433849286948819e-2, -1.6227499554016869, -1.2623364607644976, 0.8197539250427336, 1.2063045866910962, -0.2216305074646725, 1.4871727779883126, -0.37493585068662577, -0.19634946918013524, 3.260510282862217e-2, 1.0872900216505605)
