seed <- 236
log.wt <- -15.630297570353468
penalty <- 2.8115950178536287e-8
intervals.send <- c()
intervals.recv <- c(56, 112, 225, 450, 900, 1800, 3600, 7200, 14400, 28800, 57600, 115200, 230400, 460800, 921600, 1843200, 3686400, 7372800, 14745600, 29491200, 58982400)
dev.null <- 358759.0022669336
df.null <- 35567
dev.resid <- 226527.89288373248
df.resid <- 35402
df <- 165
coefs <- c(6.511202361992772, 5.855224892368617, 5.643026041459787, 5.237468070606707, 5.102797660252292, 4.835480147903374, 4.740197443317985, 4.557268747051814, 4.332468359407464, 4.2623828541334134, 4.344802514530398, 4.1084907602091745, 4.0364919715539695, 3.913580148238581, 3.754910133648635, 3.4970372498824065, 3.2622543738909693, 2.935882516544505, 2.4908473158690962, 1.9987200724485963, 1.4923158687287161, 0.9302928742330149, 1.175588188398277, 0.4212688965333849, -9.898238029347103e-2, -0.7376251870611836, -0.16544613740161784, 0.9341256994873881, 1.11580110339951, -0.9131999463785944, -2.1856942374234754, -1.7328279079791422, -0.6528058004861819, 0.7855080101722977, 1.4746105044825073, -0.8982686554602883, -0.6177571303940156, -1.0903303512503788, 0.37767417184314267, -0.8605817611318394, 0.9135881037882264, 1.0278700758734023, -0.7955960267903385, -1.7832878010133328, -1.1564558705296226, -0.9885969196766891, -1.2296780442397113, 0.1552287540202252, 9.739593861152689e-2, -1.124335182110828, -8.638884229423804e-2, 0.8185561837797126, -2.8134185847635007, 1.7016493609900338, 0.6905334914109859, 0.9775450288845982, -1.506223656452758, -0.10843630716078158, -0.611424965917231, 1.4079164725860958, 1.237298431360422, 0.6437885355074968, -2.5423674611230442, -1.3890051200845968, -0.5249622337514063, 0.10433954975894541, 0.6841174956301378, -0.261378625695092, -1.1286797636617605, -0.5573577139467043, -2.851326481757476, -0.6687202058786593, 0.354172919089651, 1.0543701483733907, 0.6485937111486113, -0.5396356713636432, -1.4223318829275022, -0.9892103470080197, 6.051000687394443e-2, 0.7001718972098776, 1.1107780183808023, 0.2859401601171087, 0.22695362226723004, -1.9136285559339914, -0.3241184187295265, 0.538139324741948, 1.2171877658251216, 0.6143550929335028, 0.9971835150071146, -2.7014777469948084, 0.4100266268196247, 0.6956679677594598, 0.7729809666106087, 0.4161507328182684, 0.6635707651484687, 1.325012068353542, -0.38971955347773013, 0.36757703876709497, -0.14071859400514083, 0.14989041157922361, 0.40594945504767416, -0.9004200858938552, 0.9300513050610031, -0.47430928507673636, 0.8652469139186667, 0.8377976487423632, 1.126118285075818, 1.1537554613507504e-2, -7.219495762830277e-2, -0.9930137469819234, 0.4992501732243636, 0.4209332135470442, 1.5887115788328392, -0.450596419212385, -0.3452033151525388, -0.9863386093206747, 0.8522662607967539, -0.40310356941423875, 0.4063211089354815, 0.5217848059482612, -0.3612303574999809, -0.5092219431149761, -0.9513669339773962, -0.7136009754978948, 0.4083146816598739, 0.8954490472096438, -6.288705904602472e-2, 0.8654124126457754, -0.9253518141437025, -0.45920193562873374, 0.37966808300329774, 0.9745093128085454, 0.8507207691950972, 0.46746414547415843, -4.154281086426627e-2, 1.145904584647486, -0.5148147638687703, 1.1053046778061273, 0.6907162748614626, 0.9059343368414645, 0.8094720362445764, -0.6854798259874365, -0.9576914004983783, 0.6455395879793208, 0.25594227210667186, 0.554707440372673, -2.67680028250386e-2, -0.43741052509845396, -1.6901534240808702, 1.3279500853632697, 5.6485235057013264e-2, 1.176361075810457, -0.2313919835835246, -5.351315426845716e-2, 0.19729033510172, -1.9821800355699668, -0.9315275323403556, 0.8284797772825211, 1.2118929604494204, -0.14353113279789212, 1.536132451656403, -0.20765825151399211, -0.1330597973018812, -8.295049006685612e-2, 1.19016469290601)
