seed <- 878
log.wt <- 0.0
penalty <- 2.8115950178536287e-8
intervals.send <- c()
intervals.recv <- c(56, 112, 225, 450, 900, 1800, 3600, 7200, 14400, 28800, 57600, 115200, 230400, 460800, 921600, 1843200, 3686400, 7372800, 14745600, 29491200, 58982400)
dev.null <- 358759.0022669336
df.null <- 35567
dev.resid <- 226568.29729666974
df.resid <- 35402
df <- 165
coefs <- c(6.96312987169323, 5.8936367326980506, 5.7391719375402985, 5.333160852317936, 5.135057492406978, 4.842001399983719, 4.756505424915386, 4.644935003507257, 4.3655556610307995, 4.34700762501399, 4.235737999260763, 4.14199596506944, 3.972183275438067, 3.966968364670236, 3.73190739358062, 3.5157686673294517, 3.2325672221087425, 2.94947228152827, 2.4897137772856976, 2.029850677913323, 1.5811119361320867, 0.8533901204245619, 0.9977096824838169, 0.3675801637639081, 0.6110230293691349, -0.718714953345496, -0.2162521474611934, 0.964296100655426, 1.0066143053030614, -1.64719844959665, -2.4560063249222748, -1.9211235395050241, -0.3981611146684136, 0.7457451042805613, 1.3573196384237127, -1.3630152015924044, -0.2905615680499048, -1.0038247980288177, -0.12717328705967373, -0.8462741339417225, 0.912900859282438, 1.0402894894345465, -0.6227530518086198, -1.8174141956589087, -0.9824309025361692, -0.9007378036956534, -0.5737704786822473, 0.36615814946395725, 0.3202921119344296, -0.8056496850151632, 0.3675329799230495, 0.7868483290758278, -2.0336283336324796, 1.8846144802185567, 0.8832306597318907, 0.9718006090444123, -1.9228401030185878, -8.342333718895123e-2, -0.1429581998552673, 0.8009437751639797, 1.0625428904300351, 0.5334516371340544, -2.025230511406386, -0.7302021742239949, -0.6724308914127178, 0.17751506742396356, 0.5229368545309131, -0.4299024276721407, -1.8040274029305565, -0.46424373086253046, -2.656927768524956, -9.360724280642253e-2, 0.5084441147215135, 0.9602125886821857, 0.8028254982770373, -0.5378457491282003, -1.0591486341615064, -1.3182285941935583, -0.10286379823437554, 0.5904034757733151, 1.2055652001455086, 0.1626024035673299, -2.398822146498188e-2, -1.797439414003851, -1.4260679153428149, 0.3847608496694942, 1.3147604702597124, 0.5047412122180321, 0.8308647245569784, -2.19208627893827, 0.48748023919749295, 0.6910257836932991, 0.8949848463901722, 0.2749110259909855, 0.3926771837456446, 1.4748752498180744, -0.598622457577256, 0.18099649054249983, -0.127646700139062, -0.2924787501605335, 0.3851491318337908, -0.3919857439266796, 0.6457242074112992, 0.1445853500880786, 0.8832374532866198, 0.8343241965748536, 1.0854581021911456, -0.199251146566584, -0.9518446499436346, -0.7231904043882207, 0.43485194821978485, 0.5946283849462517, 1.4981608807811355, -0.7456493921865357, -0.16724406421612603, -0.9740122465251091, 0.7907144405894587, -0.26442855194778064, 0.6050777944176462, 0.7131194814608073, -0.10256434495894916, -0.4267925404223846, -1.4945110964315143, -0.3821745405620419, 0.26169370485585464, 0.832182097328702, 4.497127232471918e-2, 0.9317818460440714, -0.463433370350646, -0.3603568908827365, 0.4172429418896196, 1.0970099674549478, 0.9798058047307149, 0.3236212364885376, 6.842952563451991e-2, 1.0567486552720098, -0.494642570995372, 1.209005042216085, 0.7393514506724802, 0.8495173738394187, 0.7552875971395133, -0.7342880838112918, -1.4091340672956596, 0.7727117103553601, 0.5558836952951173, 0.4886260217321712, -0.1957090628865362, -0.7848345007474811, -2.106534056605462, 1.3443257219596205, 0.1607616267547373, 1.1600359507402886, -0.21474855475616497, -6.349445244929623e-2, -4.870660732843313e-2, -2.1390854925117755, -0.668330710608403, 0.806503556951227, 1.1981223830702572, -0.33345283340361115, 1.4710008801944288, -0.19278343973976061, -0.1355890714420866, -0.19669797986172924, 1.2558519107091555)
