seed <- 754
log.wt <- -14.50361460670825
penalty <- 2.8115950178536287e-8
intervals.send <- c()
intervals.recv <- c(56, 112, 225, 450, 900, 1800, 3600, 7200, 14400, 28800, 57600, 115200, 230400, 460800, 921600, 1843200, 3686400, 7372800, 14745600, 29491200, 58982400)
dev.null <- 358759.0022669336
df.null <- 35567
dev.resid <- 226284.66661387082
df.resid <- 35402
df <- 165
coefs <- c(6.261890113446062, 6.066719891884879, 5.758968513718683, 5.40127630610595, 5.021470657142379, 4.760524150503882, 4.700849245772201, 4.681777422331921, 4.343956324283572, 4.338992960940153, 4.293724810748719, 4.156506856432603, 3.9838256782309105, 3.9666147263397886, 3.75524984523085, 3.5226509963826866, 3.2335316336777686, 2.957822282443766, 2.4431127023279604, 2.0265664155462804, 1.540051494510601, 0.8889522233169908, 1.069298163590123, 0.5036175718608638, 0.425228304600627, -0.8287328182059084, -0.30940039530864594, 0.8392394812528313, 1.0228201435673037, -1.0571944193247993, -2.5451942274792736, -2.9443631179638996, -0.5141904723544699, 0.7254265648899676, 1.3591087823761614, -1.3382466745039068, -0.11927178680019136, -0.7728858997796568, -9.970217082989566e-2, -1.0403513623051157, 0.9035332832956139, 0.7815865986762258, -0.74442486520059, -1.222991085999595, -1.2888804298934304, -0.7211578002306058, -0.6655732719178798, 7.976785067012976e-2, 0.4584191181775356, -0.43850992903457275, -0.2242045035970831, 0.8104095146284058, -2.076843605271895, 1.7120858552747424, 0.7492434650438211, 1.1166532255108201, -2.0013717335795254, 2.7921135021342885e-2, -0.1038528506178199, 1.1990941576487286, 0.9296871095826432, 0.4983203130318484, -1.092263505468732, -1.1015028170386616, -0.9589685950356522, 0.2398948868580909, 0.7084823175331878, -0.47110589928464885, -1.3525467005795924, -0.6529671912017143, -2.5205987786122974, -0.1423667326501788, 0.48045508792297303, 0.8945478747995884, 0.6512112070533616, -0.5023842825097311, -1.3187131967066326, -1.160055303931287, -0.12638470486284606, 0.6928953029791903, 1.211498697996843, 6.779218846813397e-2, 0.16783560552697283, -1.0577660770989776, -0.8917083515118316, 0.3681592669422013, 1.126283313765019, 0.4196914953627003, 0.8514737986962091, -2.0703956338629563, 0.418919008544551, 0.7608433390814143, 0.8962895526738224, 0.3093163340990146, 2.0515792853428944e-2, 1.1267191906288148, 0.7989114894642556, 0.2291118254945951, -3.3239778655946434e-2, -1.7992992617575573e-2, 0.5471572429910224, -0.6540783575791193, 0.859309288824587, 0.30384425830499695, 0.8158242242949748, 0.7930556419622107, 1.1614584766308347, -0.7060040699138899, -1.5029166528205637, -0.8380520997518137, 0.43209601069100884, 0.6078723934440544, 1.5730900377736756, -0.4204118227165338, 6.454397684433184e-3, -1.1482620261014957, 0.8854522487397052, -0.3030357543901628, 0.4579182191839834, 0.3302115070465672, -0.5198611644733703, -0.5329423481025276, -1.3760063120357349, -0.14667232620706722, 0.33713532091866477, 0.7900272295900937, 5.766321166961639e-2, 0.8271185715495872, -0.7045429090645993, -0.47454476761264375, 0.25019090818495426, 0.881424687037508, 0.8709531983618777, 0.36649988333812406, 0.10194059799468538, 1.0815021540626657, -0.305746434267054, 1.0008141894163054, 0.7227416447238157, 0.940295576419318, 0.812627671202644, -0.5673014356687278, -1.0188855080172627, 0.41525066513123027, 0.3538077153954737, 0.36764238800618, -0.32536059650629295, -0.5038603384926565, -2.084640435772445, 1.2553928393459717, 4.8151156404956125e-2, 1.171331022340955, -2.7879708634811415e-2, -9.345713865402241e-2, -0.17741553918124378, -1.2917020758569049, -1.2837040678994396, 0.6868415432619169, 1.1486461328982398, -0.4459509195798254, 1.5097024398110492, -0.41766606174670057, -0.15496069288625303, -2.625916683667987e-2, 1.267719559198344)
