seed <- 447
log.wt <- 0.0
penalty <- 2.8115950178536287e-8
intervals.send <- c()
intervals.recv <- c(56, 112, 225, 450, 900, 1800, 3600, 7200, 14400, 28800, 57600, 115200, 230400, 460800, 921600, 1843200, 3686400, 7372800, 14745600, 29491200, 58982400)
dev.null <- 358759.0022669336
df.null <- 35567
dev.resid <- 226310.70034575692
df.resid <- 35402
df <- 165
coefs <- c(6.6362021981587365, 5.704465697287075, 5.823427303900544, 5.407214031200199, 5.136779472448813, 4.875282554949495, 4.835170837815993, 4.615246158974428, 4.380027912972115, 4.289474314244492, 4.309612116062396, 4.176320413776446, 4.037360623330266, 3.990659260840039, 3.7517915257561913, 3.523939940687802, 3.253405445021099, 2.97215627074904, 2.538320342226797, 2.1104749962151548, 1.565619429729186, 0.8523791094529295, 1.0230218420849142, 0.2539073175852603, 0.30501813925555615, -1.0579569346493063, -0.16741351711615593, 0.8397142233645241, 1.052374425766571, -1.3091145995047495, -2.99166600611848, -1.4842224459533875, -0.40506335613052324, 0.6918862670054856, 1.2377724955057279, -1.3786518305527486, -0.3969453164313815, -0.6522593508892384, 0.21985128621237987, -0.8270037315705391, 0.8997887946404218, 0.9130671903084169, -0.5946606373757964, -1.5949635884693467, -1.1537071936742218, -0.5253852297531243, -0.569460604606339, 0.5192406515759035, 0.712138951041944, -0.8691467184498585, -0.9727615895837052, 0.664340319482434, -2.3131538459469225, 1.7742042858854559, 0.7379877204011056, 1.0495365524807811, -1.844908727002231, -0.21649555758172315, -0.6972023903216444, 1.2335690213769186, 0.8964380030907867, 0.5977080442937523, -1.5376352895687329, -0.2533433324307332, -0.4652458934504055, 6.102062036004475e-2, 0.7312152011931037, -0.32564025223500376, -1.3985083378831342, -0.5660873093694831, -1.9220148593687105, 6.779922718577797e-2, 0.36336114915072687, 0.8363991423553025, 0.7073834573015839, -0.6222562391108836, -1.2853634051569458, -1.3559921983212047, 0.12912801500918403, 0.6579883690200171, 1.2314876483435537, 6.319055375264408e-2, 0.2140715000733931, -1.7731555551300497, -0.12280664104941275, 0.4514153795443138, 1.2937200951786718, 0.33039141693940444, 0.8247888169171262, -2.8076214012894223, 0.5829451884130513, 0.5912911051256647, 0.8491671096700277, 0.3690375228461669, 0.28933449269037576, 1.139971928330089, 0.12830357866342243, 0.33464693951807106, -2.2991719500252854e-2, -0.2320904798092354, 0.41474951566216933, -0.3211373122589031, 0.8021404591856113, -0.9446335490931124, 0.8521143549201261, 0.8102059988232128, 1.0048071096069033, -0.6430804795748017, -0.8730902619049143, -0.6719044444061123, 0.2737311221128512, 0.5135716842624136, 1.5350737154937704, -6.457370424313082e-2, -0.1791513688512513, -0.9036384903859799, 0.7745116696184159, -0.45213737391053616, 0.465255300281084, 0.7345984905404362, -0.3866100020085535, -0.4352786467759032, -1.1943363367878947, -0.4919609466058128, 0.2802598767767153, 0.9893518536651773, 4.522496610254568e-2, 0.8363411362307065, -0.7385283702700519, -0.40871374031526314, 0.36553508071239094, 0.9491257864974821, 0.8456178217146066, 0.2982920118478096, 0.11173700898374966, 1.0909068985157306, -0.3567892955292816, 1.0321935353968432, 0.7675837110326181, 0.8686829347761912, 0.7183049986428796, -0.5807166004984081, -1.2700227136088122, 0.7621783587479823, 0.21803669182487326, 0.36570948613593407, 4.538754089819779e-2, -0.5694004320715583, -2.089120327184808, 1.3708207863273492, 0.11834958216005328, 1.1083269306941779, -0.11036096096713785, -3.7163640451951245e-2, -0.14109725304924897, -1.8655029165822639, -1.6894621133476613, 0.8023750914752522, 1.2433279418692362, -0.442869380965721, 1.5026376220116884, -0.28221905632605554, -0.1490968311517308, 0.14093129780917527, 1.2254911647322657)
