seed <- 384
log.wt <- -15.039223480576238
penalty <- 2.8115950178536287e-8
intervals.send <- c()
intervals.recv <- c(56, 112, 225, 450, 900, 1800, 3600, 7200, 14400, 28800, 57600, 115200, 230400, 460800, 921600, 1843200, 3686400, 7372800, 14745600, 29491200, 58982400)
dev.null <- 358759.0022669336
df.null <- 35567
dev.resid <- 226181.2231691552
df.resid <- 35402
df <- 165
coefs <- c(6.531962530692824, 5.605285744818611, 5.804513016705693, 5.359224967230093, 4.990570868482304, 4.862109143457739, 4.685090625013809, 4.595928702598577, 4.401468232774607, 4.254994582241726, 4.302649191515898, 4.179432016640936, 3.979110715417846, 3.9591521534233687, 3.755219044180532, 3.519238762983716, 3.279545078387867, 2.9508519018364554, 2.521707295746529, 2.0678577109687644, 1.4731787061635282, 0.9170752466612119, 1.1227478876467432, 0.12520688389404305, 0.5848066605569483, -0.820029203968698, -0.15889876294263922, 1.0327189453315968, 1.054631974468523, -1.715111452362802, -2.4411494833094802, -1.7988904217078392, -0.32244401060494243, 0.802407523679985, 1.4236663744290767, -1.1783512492113641, -0.4247988604856707, -1.105403948831816, 0.14505493172150843, -0.78058344838175, 0.8408006255618038, 0.9189598291409942, -0.6828812767725125, -2.3263056391808123, -1.0761646244594587, -0.6950167852835035, -0.9328544459456145, -3.706832269483711e-2, 0.4096959947796073, -0.6155180095224634, -0.1933707412983396, 1.0082954908884922, -2.3330985907512485, 1.7721583280374051, 0.7721535240724047, 1.0460772457833234, -2.107739346596869, 1.714765974023993e-2, -0.45852578163723595, 1.2204491209485562, 1.3965541070080816, 0.8157692420311226, -2.2260078974790267, -1.059038655438562, -0.4392235456865791, 0.28617268782597327, 0.7327931113343721, -0.5096832141766579, -1.1137593787026165, -0.7604507496303028, -1.952210652183693, -7.791867133341089e-2, 0.22346328645736116, 0.9107112789762893, 0.681835691353461, -0.9937658736791579, -1.4642372674962194, -0.9047125854824345, 7.723583599468685e-2, 0.7575967919244869, 1.1563343653281113, 0.10363079093892574, 0.3349931477453296, -1.4595983086240212, -0.9622142491923107, 0.5540642797082798, 1.1946679220803154, 0.1945958483639402, 0.8559590950021284, -2.4358759866186195, 0.4461703714935636, 0.7762031133312245, 0.7292638834289422, 0.37066872373804793, -0.47927425440322025, 1.1922880623314915, -0.12486757968095513, 0.1262956667881619, 0.2052334810172598, 0.12425824546432288, 0.2869445734849147, -0.46306520576900895, 0.6557739671518901, 3.1165402281556048e-2, 0.5593947324538072, 0.8501045725889365, 1.2071788342948384, -0.23934996353014784, -0.8916882544851058, -1.2553888892165197, 0.33224523240292775, 0.6678151938517886, 1.5322762681057511, -0.5891257760667613, -0.2337491074166039, -1.251791821734486, 0.7832694633660171, -0.396500854937874, 0.4185070977735479, 0.43580697047825606, -0.4347491250084222, -0.46210282251632695, -1.0120211840024684, -0.5262813054711211, 0.33453431197929195, 0.911345171175119, -6.583963922596556e-2, 1.0277223706980634, -0.5512242215325326, -0.5060391605053214, 0.4197826730433119, 0.8017845823441999, 0.871649730074702, 0.5157178292965996, 3.897170326269187e-2, 1.1382527004398773, -0.3755285902000947, 1.0946823458582484, 0.7720837349302211, 0.951541550938411, 0.804976208175636, -0.7106910555500127, -1.0843753785450807, 0.5381408504395712, 0.1569613223954134, 0.4376742613948542, -0.22918253127692892, -0.1922947214997019, -1.780469469980839, 1.2509352903912248, 0.18423014771987498, 1.2380795501699877, -6.0224163919653406e-2, 7.664088559586644e-3, -1.963550221805745e-2, -1.3213899550423585, -0.8048130324196336, 0.8982103158604976, 1.2214721551610956, -0.6139724198697214, 1.4874106155127642, -0.1263626461294854, -0.2168211859724712, 5.828507167271741e-2, 1.1983170930635294)
