seed <- 442
log.wt <- -14.617948296335825
penalty <- 2.8115950178536287e-8
intervals.send <- c()
intervals.recv <- c(56, 112, 225, 450, 900, 1800, 3600, 7200, 14400, 28800, 57600, 115200, 230400, 460800, 921600, 1843200, 3686400, 7372800, 14745600, 29491200, 58982400)
dev.null <- 358759.0022669336
df.null <- 35567
dev.resid <- 226279.89715718667
df.resid <- 35402
df <- 165
coefs <- c(6.7193168838828665, 5.6867945760197385, 5.5571784950165215, 5.383619416472997, 4.996167586497064, 4.898989346406742, 4.791938395148437, 4.58929074122117, 4.347980846271109, 4.272933664571451, 4.339770362794139, 4.156514227986686, 3.994306726045856, 3.9681988166393545, 3.7452491743524106, 3.5320399397144837, 3.258523303865733, 2.9478471737036824, 2.489888459236055, 2.1185960826764227, 1.5880223694885933, 0.9018515417226314, 1.2298587821418239, 0.44732854947582845, 0.11880587933142084, -0.8416237050315377, -0.1033646236967893, 1.1512231816249254, 1.1123511500126977, -1.322177255826726, -2.577190793451875, -1.9887515007939776, -0.18021197014013923, 0.7174993607815805, 1.47925640203726, -1.4411323494904358, 0.6245532894678987, -1.3717485087342123, -0.17212101021653506, -1.0192887831348103, 0.9249971967737868, 0.9387249367748126, -0.4929780482220685, -1.9547283047537514, -0.5428265164480661, -0.817769533274844, -1.3059135077651047, 0.339376546313299, -3.399210029253691e-2, -0.6077823173392951, 0.2528280738911782, 1.0038989712439819, -2.5499909950532484, 1.7802994014219, 0.7624140072674733, 1.2245993440345542, -2.1723561550665966, -0.3563886277096991, -0.5518075933441206, 1.0809391223534053, 0.9577007675062785, 0.772451106523641, -2.0322660232922947, -1.2977345527065365, -0.5754388448962586, 0.4085071576165701, 0.5835653847622496, -0.46697289878058584, -2.021936127332488, -0.39653732940189573, -2.2850244358312506, -0.20260210764152822, 0.2589743114822912, 0.9862249269137346, 0.7382734075769647, -0.49539483002597023, -1.5626612198318113, -1.2043921710027308, 1.751935085299149e-2, 0.6835051853447289, 1.1436686681571229, 8.14254602734335e-2, 0.31907626228629365, -1.9050454056379158, -0.322776162202277, 0.3835567637201394, 1.2947088022070685, 0.3857521005938989, 0.898704196132061, -2.693375404710798, 0.4597157854194089, 0.7776850492723334, 0.7673543273789856, 0.3448972766509945, -0.4268045648174049, 1.402992700905365, -0.6604287342270801, 0.4644009272250476, -0.10163714918827589, -0.30401555469889247, 0.4725517608008039, -0.45146342962595504, 0.8370189844054623, -0.2844262763617424, 0.5639798134512041, 0.8453947050127684, 1.2879658248265158, 2.8907669022534808e-2, -0.7722224554342954, -0.9591229097019852, 0.5058172844960502, 0.572429051078126, 1.621648293246651, -0.5575636669876711, -0.1739320913705556, -1.162965611582007, 0.7925467398265309, -0.24907165744006218, 0.6190559772908931, 0.6852874341689208, -0.8894721860433598, -0.20959995357912886, -1.2383468146925263, -0.5246048436537608, 0.32369194290657394, 0.8871975934511146, -3.797348571186937e-4, 0.9829448357175988, -0.43963737840727923, -0.4688309527574341, 0.6281278939806331, 0.9575472449379507, 0.7789708604674153, 0.25508521047704774, 4.097867509864074e-2, 1.1986561932235682, -0.3408781220032594, 1.1438066126114383, 0.6609211275587575, 1.0022904703402042, 0.8712267801361442, -0.6366848884574613, -1.0151891016746364, 0.5729252574754164, 0.4401870942059664, 0.429678538192061, -0.38449718564231916, -0.2800626801259272, -1.8759807745086763, 1.2876392759870903, 0.12712875986013591, 1.2043731797749346, -6.089082356504889e-2, 3.4214644600137095e-2, 2.1398060869079354e-2, -1.9665246618828538, -0.5003005642617265, 0.6984799213345254, 1.1996265634588212, -0.39085825341858926, 1.5510054164208544, -0.21720304970906218, -0.2038027322248525, -1.7553472212378535e-2, 1.2790826420096033)
