seed <- 163
log.wt <- -14.61409960731795
penalty <- 2.8115950178536287e-8
intervals.send <- c()
intervals.recv <- c(56, 112, 225, 450, 900, 1800, 3600, 7200, 14400, 28800, 57600, 115200, 230400, 460800, 921600, 1843200, 3686400, 7372800, 14745600, 29491200, 58982400)
dev.null <- 358759.0022669336
df.null <- 35567
dev.resid <- 226691.8787834491
df.resid <- 35402
df <- 165
coefs <- c(6.65600112335138, 5.794086073450888, 5.677128599285298, 5.313749249190552, 5.040489974694875, 4.790517683601007, 4.734014346672582, 4.6255251435614095, 4.315696038801355, 4.251353445474868, 4.247407391473921, 4.124058926771379, 4.021236940049987, 3.9381283064440216, 3.7480368243243487, 3.4862790120608316, 3.234811847898341, 2.9250588974314344, 2.443756773533253, 2.011685575908532, 1.5710540673818818, 0.9087622092941764, 1.0051557609655466, 0.3413998559265328, 0.775728201506353, -1.070656458872712, -0.20250263810240646, 1.030649742906094, 1.1579910825032536, -1.0046659322851845, -2.5964936848811395, -2.37521036476931, -0.30985177013324977, 0.7284736099100508, 1.3081797046123809, -1.5623624501389812, -0.8632911083614121, -1.915422083464603, 0.27941750908031343, -1.1898679524790525, 0.9838508003920642, 0.8454855519902541, -0.7901489200942408, -2.5362453864270087, -1.0556532529493894, -0.6758595933624483, -0.2596506275488897, 8.937109268527031e-2, 0.10429362106438896, -0.522215957970582, 3.4026571152526386e-2, 0.890300598290414, -2.679977185510786, 1.6011820062448086, 0.6605721468606421, 1.1984875148738812, -2.4198771738730636, -4.491176956207593e-3, -0.9072867169372062, 1.4272785649632733, 1.0869250656268625, 1.1352842290399672, -2.237729793176186, -0.9614679530601805, -1.0213679965991855, 0.5127246628419743, 0.5703002359938892, -0.29331925915990253, -0.78571622756604, -0.7076517035901166, -1.715303756190496, -0.6506542614272276, 0.6114964288317938, 1.0589354353064317, 0.678343180423989, -1.0490657977304914, -1.3274163088949575, -1.202268551027609, -0.16642628598231796, 0.7075622900389038, 1.0811808116973438, 3.916016258273268e-2, -6.094545213621629e-4, -2.283335512303451, -1.0122059835215511, 0.4746007492238711, 1.27866277005052, 0.45489751017997954, 0.9374394542400557, -1.8464836501887705, 0.5921224429774976, 0.7291030831763493, 0.7908390986078825, 0.41613277426878137, -0.1518880771267346, 1.4928047670621232, -3.7378216447998526e-2, 0.17334599922394325, -9.872021582072635e-2, 0.22983497487788257, 0.6027509489782632, -0.29255842997744536, 0.9928489290380399, 0.38663830609050304, 0.9050010514890852, 0.8563227170143497, 1.1453594057218204, 0.42167697329087916, -0.3486222899625714, -1.2126710921101584, 0.2770684881776432, 0.5161295003173684, 1.6061606761823028, -1.115707709718558, -0.10982292834410391, -1.393162681294933, 0.6848570033398382, -0.36166146148155826, 0.4560444000845931, 0.7816887555491928, -0.6021659868225919, -0.45252939838512485, -0.9246126030641151, -0.38848508942929194, 0.2712986389819465, 0.7964990107043313, 2.969890944271891e-2, 1.0694708681215193, -0.5673696744206796, -0.44911797300495715, 0.4992537687443105, 1.1062787887931287, 0.9177407762590254, 0.5585563280559797, -6.331549371668846e-2, 1.0712600020607472, -0.22147525985270564, 0.9341359565811167, 0.785935802426849, 1.0738589063088717, 0.7431987171952521, -0.6266140561563929, -1.304412440640647, 0.8906873527258438, 0.4638910436718502, 0.7226717026442537, -0.18169869073353576, -0.5632349798882439, -1.8970636388008837, 1.1792309337663294, 0.10587038268623081, 1.3353600802951924, -0.2275411331400377, -0.1234555085183992, -7.484196716331028e-2, -2.0548339271266127, -1.0964115518441635, 1.0501005473087561, 1.1610609157285405, -4.095055604524787e-2, 1.5878087883806096, -0.40757384893129106, -7.445703012406563e-2, 9.745664274592995e-2, 1.160932549752977)
