seed <- 986
log.wt <- 0.0
penalty <- 2.8115950178536287e-8
intervals.send <- c()
intervals.recv <- c(56, 112, 225, 450, 900, 1800, 3600, 7200, 14400, 28800, 57600, 115200, 230400, 460800, 921600, 1843200, 3686400, 7372800, 14745600, 29491200, 58982400)
dev.null <- 358759.0022669336
df.null <- 35567
dev.resid <- 225562.56815973774
df.resid <- 35402
df <- 165
coefs <- c(6.828195671833597, 5.833770181105294, 5.74764624088292, 5.386057719976637, 5.050660198297541, 4.875735168836421, 4.843439630950252, 4.636100145270929, 4.3888055205735155, 4.289554177359573, 4.304219305841229, 4.166487265891054, 4.006623977674725, 3.9345939615097825, 3.7640940735634993, 3.49185864679986, 3.2875838459252256, 2.931804623310561, 2.4493189870771896, 2.0781709358066567, 1.5119079637476065, 0.9022294932371484, 0.8934092221223427, 0.3513217964491489, 0.515977420630961, -1.0777577047195772, -0.3488339112105328, 1.1453380339783605, 1.1034608966299526, -1.4294779338930954, -2.3445690952127034, -2.3415223807059546, -0.1591104638958525, 0.8078270051893094, 1.1780515853751212, -1.696865617954268, -0.5876224324530201, -1.0564518788784207, -0.1055700189127708, -0.29285765975991984, 1.017671821353254, 1.0641570069918442, -0.9244267755116525, -2.2516181816921823, -1.5430319562613768, -0.7225531322882178, -4.208789082655126e-2, 0.5045952827579095, 0.21666206931481458, -0.6313154944000078, -0.764330830020493, 1.1023708608038032, -3.3178056175800714, 1.6319485351439122, 0.7894282577483827, 1.1676940195853895, -2.6616821821995718, -5.845293925488233e-2, -0.2985635233666594, 1.2445571343108155, 0.7015006300202553, 0.9009816903592693, -1.8358911418798032, -2.0497160744654237, -0.5282289478972386, 0.4022799213691621, 0.6529599791925014, -0.6413404379967408, -0.9844771724526004, -0.47139824438424416, -2.370186508685134, 3.8152344471046e-2, 0.4609828251767186, 0.9929356592677703, 0.7709516467283286, -0.9433975472999375, -0.9666731550388622, -1.0921728832450244, 7.064425183706474e-2, 0.7707218416747856, 1.2612758963586688, 0.1190319844014451, 0.22420738841662077, -1.4782259733514873, -0.7154399980780822, 0.3833390537934117, 1.4110214878573735, 0.5963537992224519, 0.9357705357089829, -2.875943391025759, 0.5135471578055848, 0.8692425387976377, 0.8963170275888377, 0.4067930629139503, 5.7646588752959256e-2, 1.3783027730442567, -2.5163767571412518e-2, 4.940689010785293e-2, 0.2040186481858155, -0.10440876413268001, 0.40836056787598574, -0.450844522492708, 0.7989138906143823, 6.720582179817741e-2, 0.8745097643971734, 0.8214883227600787, 0.9604555672567548, -0.8813217218578625, -0.11954159457489995, -1.055049050632102, 0.454495760314252, 0.6300317578709865, 1.661332958088246, -0.45113165690815843, -0.30917880325458075, -1.2680577765241774, 0.8542311520553834, -0.32971441597577805, 0.36014943600519855, 0.778280418327153, -0.41211389130040615, -0.5207436721560262, -1.046938705657684, -0.40298456786573783, 0.4438410017318072, 0.8802919839606907, 7.075016156201673e-2, 1.0241032915653692, -0.570186696947485, -0.5563265698990195, 0.36651195530627045, 0.9442183378277474, 0.9911468840021452, 0.5112793542386237, 0.22497905774699475, 1.2388497503954272, -0.38638820168355503, 1.0692308833334687, 0.681232622197411, 1.0468545819369774, 0.9159203628395752, -0.7083156881887305, -1.2597712706305852, 0.6600576488493538, 0.4286033240303123, 0.5923786264507449, -0.23716112226518982, -0.5493070517994905, -1.9950941101320983, 1.2784040857978998, 0.14051015934117048, 1.3021639906966216, -0.18795997566926498, -0.21060887851144144, -6.982254972628624e-2, -1.8430724228738344, -1.454991469197401, 0.9109965265683604, 1.273259129113692, -0.3702725369478791, 1.623752250943545, -2.6742029032291302e-2, -0.1398118063195824, 0.25455269086408555, 1.304194244186432)
