seed <- 500
log.wt <- -14.82400566349627
penalty <- 2.8115950178536287e-8
intervals.send <- c()
intervals.recv <- c(56, 112, 225, 450, 900, 1800, 3600, 7200, 14400, 28800, 57600, 115200, 230400, 460800, 921600, 1843200, 3686400, 7372800, 14745600, 29491200, 58982400)
dev.null <- 358759.0022669336
df.null <- 35567
dev.resid <- 225429.78588423488
df.resid <- 35402
df <- 165
coefs <- c(6.484365263525262, 5.803407990078636, 5.715490069200092, 5.479314246121695, 5.001817228139626, 4.85094172987225, 4.759479775862483, 4.597308356010211, 4.394570876851872, 4.323826947058525, 4.30324873017841, 4.152560477418978, 3.9707767783973806, 3.9489472554620337, 3.7398159617303097, 3.5425944103026596, 3.229870038496844, 2.949552852942982, 2.4982000477576642, 2.0965616165299434, 1.5905734300699799, 0.9315593703907852, 1.0335336996380167, 0.45562527142779313, 0.3288734869135682, -1.4256406141639035, -0.2617172915206448, 1.0485571803923268, 0.9691782578934295, -1.3617792261674762, -2.7311836663287132, -2.13567197759069, -0.36730967049378355, 0.7855943698024992, 1.4860691095183491, -1.0755917652609952, -0.30560224421815646, -0.7751915456202946, -5.897550668207953e-2, -0.5481475759457695, 0.9718749645220021, 0.776653187546643, -0.7368527574467885, -1.8814477619042809, -1.0789978224518049, -0.7681391782857744, -1.157196625748519, 0.214038198888505, 0.7964469410384398, -0.9053008028970045, 1.7653983730459823e-2, 1.1415050438306278, -1.6243046759313917, 1.6186390507885027, 0.846200656075014, 1.1164305602717781, -2.0556859981795146, -0.11719811658836848, -0.30611510228012384, 1.5560803717656186, 1.2223613331588874, 0.8384245796726427, -1.3608233443607487, -1.4664160479402364, -1.0387718460090132, 0.235271698885299, 0.7321020862895916, -0.4013549869249153, -1.103421862140232, -0.567858684372185, -1.9950434746846508, -6.315607826766548e-2, 0.5539609027485106, 1.0278323624013348, 0.5533127272679161, -0.9005628752995005, -1.634708452913634, -1.0568110870701395, -7.163704600467796e-3, 0.6848801445463422, 1.2036832448525898, 0.15282540148017015, -0.2123800486121594, -1.7517854019621908, -0.8694643165884407, 0.29406538895428114, 1.2524125091795444, 0.14137622391179744, 0.8393883212101094, -2.0508207559635605, 0.524345804880636, 0.6746758553703115, 0.8667778557494555, 0.3738537673718785, 0.25935277693163544, 1.2074714193377047, -0.5792854138830384, 0.1737876780873029, -0.42789363216631887, -0.2126967696115898, 0.4794966185071813, -0.7440538479912603, 0.9599819158860518, -9.730487516900829e-2, 0.6117530358568675, 0.8751088183764978, 1.168197978020588, -1.2383538450310478, -0.9260355929106447, -0.6869391061025198, 0.5127616235352057, 0.7059286533745515, 1.5335541057040158, -0.3907924286483339, -0.30819628101174307, -0.9535811785875108, 0.7996338372458494, -0.3614721260388893, 0.5740291249997977, 0.7665116421576654, -0.26410940817230777, -0.3380708815220039, -1.2494029535833804, -0.31460710825803484, 0.2718550226196756, 0.9253505759263376, -5.622233243146756e-2, 1.0449020926122154, -0.6208195410325063, -0.5157827784233115, 0.3861616661539168, 1.0282343404491063, 0.9494431383915215, 0.5233511155582284, 8.890701981937117e-2, 1.1294683471265694, -0.4938234215505534, 1.0526281612475608, 0.76303285970035, 0.9315613240255037, 0.7954393738967163, -0.7819957740271354, -1.1599220155842638, 0.7323565634308422, 0.4922376059949988, 0.477415877452479, -0.26305772025962104, -0.27029871856937876, -1.7237381601696085, 1.2937810743829332, 0.14644343606244095, 1.2387254921794986, -0.24033595215765324, -6.4950696863430284e-3, -7.668708835246017e-2, -1.8314307169353543, -1.3988264324733495, 0.7962659481793747, 1.1968225850402894, -0.45410635301139757, 1.4499992661176284, -0.29806640293666437, -0.13248801707489466, -0.22181468882924923, 1.1892834988538583)
