seed <- 650
log.wt <- -13.487652142542755
penalty <- 2.8115950178536287e-8
intervals.send <- c()
intervals.recv <- c(56, 112, 225, 450, 900, 1800, 3600, 7200, 14400, 28800, 57600, 115200, 230400, 460800, 921600, 1843200, 3686400, 7372800, 14745600, 29491200, 58982400)
dev.null <- 358759.0022669336
df.null <- 35567
dev.resid <- 226374.10955608127
df.resid <- 35402
df <- 165
coefs <- c(6.599662495956932, 5.840127843670266, 5.762272705078837, 5.426201601682277, 5.222167986016379, 4.882730476789005, 4.760706004854606, 4.585280741978287, 4.321246085488252, 4.238929701685681, 4.3044289603238735, 4.139043006007313, 4.0132165838611344, 3.9370040577723775, 3.7556634636425787, 3.5385257478505765, 3.1943115674481386, 2.9872624344171106, 2.4959751091772784, 2.039128170347717, 1.499550957344442, 0.884659663222782, 0.9183041436359833, 0.3606395467331742, -0.25063587325446257, -0.9562962817409029, -0.30430912911012825, 0.9621451347180932, 1.1284802976908888, -1.73264614585425, -2.422707180094056, -2.350906857826763, -5.760787623871846e-2, 0.7076785252646915, 1.3118847195358458, -0.7305869163733257, -0.429476818932899, -1.9233165921082838, -3.341577308074024e-2, -0.21675979654096375, 0.9515911910286263, 1.0007270738994305, -0.9560646771990318, -1.7149847548291455, -0.7003172809557113, -0.6578400292475929, -0.31899318084786793, 0.24202483374092573, 0.5270266432867686, -0.93746549487378, -0.3988524915888431, 1.0284878615989934, -2.634159510084255, 1.8457303095696285, 0.659114956742213, 1.0808056755881101, -2.557878776672607, -0.2312173183231986, -0.458738905797028, 1.3866788039218747, 1.2409478554839084, 0.7006441757922216, -1.6506125576712716, -0.36051763041303003, -0.4845787067335485, 0.23873995950161675, 0.7164164321791808, -0.5149883223789578, -1.4175195363013915, -0.6767564962579937, -1.7623836569566271, -0.5583219208996917, 0.49586423156101, 1.1020474836953396, 0.6736189647675315, -1.0352694878590525, -1.534078301213439, -1.5638809762069261, -3.7898448665651424e-2, 0.7462621891881936, 1.2207017276052587, 0.1507950605895875, 0.23946954178108315, -1.0730347004547423, -0.5806618394546683, 0.5295681782927404, 1.2740523820276393, 0.4202888997158623, 0.7996323181484516, -2.651049519863631, 0.47432174866395627, 0.6767455673577166, 0.8763902260712717, 0.3603629511913711, -0.3875361245347981, 1.1678775469902036, -1.1055147718478953, 0.4020229097010303, 9.968687734483826e-2, -0.7994487373826162, 0.5223355518592517, -0.12026209615783826, 0.8911119562444774, 3.8409305452727555e-2, 0.592864071812721, 0.8165019319214397, 1.0776040934343956, -0.3395630675658729, -0.16176529824244276, -0.8139086225231148, 0.3676783770196899, 0.5477807412537474, 1.5951491057645903, -0.4963657259113928, -0.22978755913987803, -1.3179727422777594, 0.7917575957213885, -0.23792891661971272, 0.44926466712012403, 0.6389968790646775, -0.17505166501298317, -0.17300913678754573, -1.1903963744972959, -0.35703175727810094, 0.3462289102232662, 1.0594905594916726, 6.876892996900888e-2, 0.9256295029195843, -0.6364842351746997, -0.4555516137984199, 0.3247344504319811, 0.7999239629823626, 0.7610743091882927, 0.5481314099015692, 3.0287922672836275e-2, 1.0126527657183382, -0.3774398361691899, 1.244256871413147, 0.7786902490245813, 1.0514567116254863, 0.7696787622147727, -0.558299976894465, -1.252481635185517, 0.5151860152862804, 0.1506515799817101, 0.5405353933830084, -3.412814796476461e-2, -0.49953663655844566, -1.8488011219049927, 1.4463303399141032, 0.2120768658398479, 1.2677351762951803, -0.14993929718698856, -0.10240378104817903, -0.1411281126175012, -2.4098209834259454, -0.47245835275632975, 0.9810465772677434, 1.1663899500804198, -0.7027913569727705, 1.5356401013903156, -0.2710706497956795, -0.15404327356466832, 0.11180854888561616, 1.2683546191046686)
