seed <- 465
log.wt <- -14.120805624831867
penalty <- 2.8115950178536287e-8
intervals.send <- c()
intervals.recv <- c(56, 112, 225, 450, 900, 1800, 3600, 7200, 14400, 28800, 57600, 115200, 230400, 460800, 921600, 1843200, 3686400, 7372800, 14745600, 29491200, 58982400)
dev.null <- 358759.0022669336
df.null <- 35567
dev.resid <- 225732.10014109698
df.resid <- 35402
df <- 165
coefs <- c(6.584008044095052, 5.850284439682873, 5.588622566176633, 5.314083968148426, 4.963202930590283, 4.973129523762623, 4.821055987296447, 4.645054995032763, 4.357955280663722, 4.274032604919907, 4.291205313824445, 4.1726446579987195, 4.033453334280119, 3.9494863532812845, 3.729628721194495, 3.5383830379734516, 3.2800514808094574, 2.944108412810254, 2.479787944214663, 2.0771376120090395, 1.708288951473001, 0.916214653873391, 1.0945181598957237, 0.5825803217963164, 0.489599447170822, -1.0504064705753484, -0.28377207139195165, 0.8977675431453148, 1.0590150526264743, -0.8771689563214173, -2.36056106669105, -2.369447809050401, -0.5157044588879601, 0.7547916527609715, 1.356515279520416, -1.3800000944727822, 2.5960301455681977e-3, -0.6224759310437727, 0.19033922172581946, -0.4415859155503905, 0.8930904047252646, 0.7585425161817021, -0.5702637406534882, -2.140917987058142, -1.2509214906475021, -0.7184048766371144, -0.6191937707492651, 0.11188197264748181, 0.7737181846670804, -0.9207749787556072, -0.5467514162518893, 0.6283574922779219, -2.671236604159118, 1.8361325082432458, 0.7414448386770623, 1.0805016259890796, -2.076370935175266, -4.152229393522986e-2, -0.4983395705782726, 1.0373896069160735, 1.1026127751288897, 0.7322724849001918, -2.1858202115141667, -0.7499697824656536, -0.6448773841694686, 9.449271391958879e-2, 0.5615445396917174, -0.5579369869123081, -0.9701224487029637, -0.7805414689119432, -2.139482119661273, -0.6043845744180514, 0.6019832709982904, 0.9721498377286772, 0.8231231002092265, -0.6668083894772405, -1.3517103128888681, -1.7835243265633416, 8.623495197721646e-2, 0.706796746647536, 1.2028904879711726, 0.15643332470010757, 0.2500956995145916, -1.2349067375869671, -0.33543638212926996, 0.3845617970287111, 1.2597793790749885, 0.5651668432248073, 0.9757075757182833, -2.1898911115573365, 0.353261124188774, 0.6442076161239743, 0.8035528648227013, 0.3785787202787329, -5.012248568589556e-2, 1.3278142538824045, 0.10480706669578292, 0.3711406350761066, 5.172897057869988e-3, 2.510504605329183e-3, 0.5358391939509045, -0.8481180685659473, 0.8555383425425975, 0.38961510974100727, 0.8882634880227076, 0.8016706991548846, 1.1617878707045322, -0.3286541416953812, -1.2171221427380954, -0.7197264525589706, 0.4290165718594228, 0.4417384825260461, 1.62804203646752, -0.2644920755817638, -0.5207635624420457, -0.825312609924172, 0.8191020372994133, -0.4267076452265825, 0.4479517212790764, 0.49451324857019824, -1.1386812069474832, -0.5618933759209448, -0.7761878313545955, -1.063672484683385, 0.2532016719440512, 1.0513734019008827, 2.4622789501644506e-2, 0.9553663100945529, -0.736220498026332, -0.37135107279290314, 0.4328819437277665, 0.8293602481238666, 0.7866642479915348, 0.2818892005975061, 0.1468111638813259, 0.9944553236843021, -0.34562258284783465, 1.0847197176706307, 0.7704116801278504, 0.9544084218591953, 0.6981280341900741, -0.6419235097459066, -1.382063768668557, 0.4391967017677343, 3.2043949011186894e-2, 0.3985824867753617, -0.2191904898826417, -0.2540463040470703, -1.9338472137698424, 1.297956258235057, 0.17938091440725443, 1.1816329627371789, -7.271538162626325e-2, -2.7238183518437483e-2, -5.4548959298862026e-2, -1.2747908055308892, -1.2027852399943224, 0.7346807667480871, 1.1574796865865318, -0.3539133132399748, 1.6023981624027857, -0.1600225775613349, -0.12085081132751015, -1.891340024756021e-2, 1.2101183007601326)
