seed <- 769
log.wt <- -14.41417988084487
penalty <- 2.8115950178536287e-8
intervals.send <- c()
intervals.recv <- c(56, 112, 225, 450, 900, 1800, 3600, 7200, 14400, 28800, 57600, 115200, 230400, 460800, 921600, 1843200, 3686400, 7372800, 14745600, 29491200, 58982400)
dev.null <- 358759.0022669336
df.null <- 35567
dev.resid <- 226230.48978240284
df.resid <- 35402
df <- 165
coefs <- c(6.671831523235204, 5.660978697243827, 5.544900288235918, 5.353410244994557, 5.042106007706833, 4.848307784951031, 4.790452832472178, 4.586732068467336, 4.321402810464437, 4.254188446155135, 4.2861951361438715, 4.132147163265169, 3.9716371678865063, 3.962416140773257, 3.733675236733098, 3.49345177199443, 3.23575378605354, 2.898684713480731, 2.444097272285403, 1.9406816879622972, 1.5249367350280087, 0.909864175004851, 1.0688563419635198, 8.544932224017933e-2, 0.5093786954977371, -1.195977978583617, -0.3625598772478301, 0.8841982418570806, 1.098889288605351, -0.9365492485069954, -2.798037604248768, -2.352661662737555, -0.4582817429751519, 0.7132288168732562, 1.33439169148212, -0.922138650941816, -0.39870544182839424, -0.9114745811405682, 2.032522165514363e-3, -0.21041345700204425, 0.9516064012719374, 0.9265611099711133, -0.8994069685341773, -2.3677111751454696, -0.9634276211326473, -0.6450033619501973, -0.38619732779685567, 0.3748208813556513, 0.3208102601732458, -0.9901840603783172, -0.5718915638605536, 0.9981062121682398, -2.532864772056911, 1.6526001018306795, 0.9351896235792471, 1.0870560439764987, -2.357278412998815, -0.11031479470152349, -0.3115310720590715, 1.4570152181927751, 1.3434184766626622, 0.6958117446127312, -1.433730297073109, -1.119395856682497, -0.5886674711753942, 0.12084015058688308, 0.5750930664089363, -0.3925427609104182, -1.9516390945883875, -0.6335875753385117, -2.2142707092040266, -0.46821137964655984, 0.5022794455124379, 1.0316198206415146, 0.6747395464824367, -0.7391689869726481, -1.2520626496825755, -0.9136263547020941, 7.994166172690392e-2, 0.6840951091087466, 1.3274421014805935, 0.10794678107628657, 0.32155175615185416, -1.9063466218479768, -0.7796149563579621, 0.4708421986558751, 1.2502334403536783, 0.5751243872625942, 0.9944633349480878, -1.7045786119937512, 0.39141182589708934, 0.6740661705917075, 0.906074662770838, 0.3739728121880049, -0.2140748950132386, 1.3020712028172168, -0.9712936318225371, 0.20592635181821642, 5.0188131518137634e-2, -1.1135260829969666, 0.36616202553564736, -0.8587391841789574, 0.7120029912773249, 0.4766633590226821, 0.7226285140389315, 0.8759210146303571, 1.2018504960265262, -5.623975077711713e-2, -0.3874803907705874, -0.7409642554473413, 0.4254187896519863, 0.6870755333080516, 1.6190707110713518, -0.6727149003379822, -8.25355632989472e-2, -1.3577259155669963, 0.9460266016519554, -0.5660168035498173, 0.42932787194646455, 0.34012966677315853, -0.16672930700874222, -0.4137559781855176, -1.0806323465757857, -0.49848007832077823, 0.2689147560934921, 0.7047184264752212, 0.10472457485263768, 1.1155454111098926, -0.21774757875283018, -0.43469847501586195, 0.14952414800798966, 0.9453103925069501, 0.7405789627763778, 0.38499482404358365, 6.740523485892207e-3, 1.1208053609536388, -0.23879954971190712, 0.9512162412217201, 0.8547294142441654, 1.0751720066327035, 0.8532873060417538, -0.537731554054492, -1.118932656814045, 0.6153477830930003, 0.23503474765552124, 0.5818536219149624, -0.1421624666617092, -0.4333374898334183, -2.2406628766445724, 1.180002811213257, 0.2906912308259843, 1.2521785365933324, -0.13464463413965422, -5.358103516240157e-2, -0.26049564469127773, -1.7672080637654572, -0.9476768604897587, 0.8813082920484803, 1.1816235977613363, -0.15098778374124167, 1.5539508017453523, -0.4497305415790679, -0.16380425273033616, 0.10586487732478499, 1.3275598986033785)
