seed <- 724
log.wt <- 0.0
penalty <- 2.8115950178536287e-8
intervals.send <- c()
intervals.recv <- c(56, 112, 225, 450, 900, 1800, 3600, 7200, 14400, 28800, 57600, 115200, 230400, 460800, 921600, 1843200, 3686400, 7372800, 14745600, 29491200, 58982400)
dev.null <- 358759.0022669336
df.null <- 35567
dev.resid <- 226259.494578026
df.resid <- 35402
df <- 165
coefs <- c(6.576997266979706, 5.808625761871065, 5.660321827591671, 5.2174109037762095, 5.077175104732474, 4.7710283303760335, 4.741634308136036, 4.586724654273789, 4.356759377575693, 4.287825480555549, 4.28907788113742, 4.16138754430651, 4.006635947197532, 3.91572646740445, 3.7445593712511207, 3.5066146458605907, 3.2644416476913163, 2.9252642169802874, 2.4665755376581266, 2.02998433108287, 1.6024592760467824, 0.8968040886065185, 1.0075596095217791, 0.23641633631808903, 0.8704929990022876, -0.6763439906590979, 0.1425649309430553, 1.2283931097607872, 1.1363901007587613, -1.5528552822730066, -2.2274860628711823, -1.7896561038128247, -0.3726087834692005, 0.8002269342099728, 1.2834796436466673, -0.7621094239071797, -0.840360259983965, -1.481038848385522, 4.681933269537908e-2, -0.976376629636308, 0.9630866319666616, 0.8587455684332319, -0.8088186357382885, -2.3811830040152517, -0.5607965488320523, -0.6805152350974139, -0.7403069943934575, 0.460924121649344, 0.4970801649783538, -1.2523562735321794, -0.6571473222999017, 1.274073627823811, -3.0506253134707872, 1.8344906381650852, 0.7770825156617135, 1.1845068243196584, -2.267201826866101, -1.1949290648487834e-2, -0.26715674346676754, 1.3669403321042235, 1.0635217799784933, 0.750314852750093, -2.010811958407205, -1.4969911210287574, -0.5657992052748211, -3.3606143997614676e-2, 0.5131071300651118, -0.5020036034226022, -1.2176028934250367, -0.6399390311202264, -1.8065313413663195, -0.4182347102556453, 0.5771099569249782, 1.0881574076723601, 0.6767543218791541, -1.5362010943964228, -1.4462119370166397, -1.4467207223528673, 6.297835090548727e-4, 0.6617801381238417, 1.083601688300236, 6.867948887034905e-2, 0.1707420366091726, -1.7542496533767638, -1.2331556596057252, 0.43266677870463166, 1.2490245517406813, 0.5710631493635946, 0.9057832797026616, -2.682507015711958, 0.4539856735820456, 0.7748603487176666, 0.7794588155202398, 0.4329786425550552, 8.030590146768098e-2, 1.1677701249699282, -0.3639491034079151, 0.420265254143457, 1.58993709302916e-2, -8.57335357342874e-2, 0.5754742830947673, -0.12023501177726598, 0.7780723722490809, 6.834431844265197e-2, 0.6315202563424591, 0.8014627865074914, 1.087113005229427, -0.2592511271322487, -0.5585477548162793, -0.6920162761139247, 0.4964315513110984, 0.774015420250327, 1.640610013921168, -0.19743466521852782, -7.001349934690261e-2, -1.3278506626220272, 0.73049014381839, -0.40864056995743747, 0.36899121157409587, 0.4742510893163497, -0.3062510726618444, -0.5235217424772322, -1.1857181336684501, -0.2631472778160412, 0.3920839932194943, 0.9908657404289452, -0.14657709073814174, 1.0504541651268062, -0.4142258518924309, -0.4358522113776092, 0.273418471715889, 0.7198233334631076, 0.8951330822811561, 0.6148499024186714, 0.1498852271693572, 1.2564761131058177, -0.38156446555738766, 1.1494719762436216, 0.7279029779062967, 1.108146473090445, 0.6506957463392001, -0.6729293642692548, -1.303971747797494, 0.6062859610549733, 0.2787339133640428, 0.4587657053040677, -0.23091347799072998, -0.5609312892463376, -1.721335102370032, 1.2732620080914574, 0.1211391915963253, 1.2802792010311996, -0.1969271033344902, -0.15032623827900754, -0.15364305274067963, -1.838566384204185, -0.8798080460535875, 0.8602572301746947, 1.3072116056972214, -0.1846404724461922, 1.5521077210264211, -7.347709003106624e-2, -0.1190243558751148, -0.12767809497961854, 1.153596357498696)
