seed <- 564
log.wt <- 0.0
penalty <- 2.8115950178536287e-8
intervals.send <- c()
intervals.recv <- c(56, 112, 225, 450, 900, 1800, 3600, 7200, 14400, 28800, 57600, 115200, 230400, 460800, 921600, 1843200, 3686400, 7372800, 14745600, 29491200, 58982400)
dev.null <- 358759.0022669336
df.null <- 35567
dev.resid <- 226161.44204248796
df.resid <- 35402
df <- 165
coefs <- c(6.400153263943026, 5.752306103185591, 5.613915036104606, 5.369276863596465, 5.0822678900358, 4.764055655750885, 4.729913008087282, 4.636131593836977, 4.37728234595186, 4.207249480567726, 4.279933517315994, 4.156404935785991, 4.01700388426321, 3.9368885418063018, 3.739848240874464, 3.5459914062044087, 3.255861914735044, 2.9220230420148376, 2.5104736239819525, 2.033200656839168, 1.5329061492153635, 0.909607264125954, 0.9946766612549662, 0.36468358990193744, 0.2302538531685969, -0.779687069384314, -0.20198907838741015, 0.8722070122953912, 1.0682580672062707, -0.7739318605559893, -2.8583064547426016, -2.2871393023323803, -0.391629190631425, 0.7523258194752129, 1.3678972036358699, -1.3704630335643377, 0.24373094702339237, -1.444507292885263, 0.12811560212711406, -1.3005166309268599, 0.9490758049582971, 0.8260277050190967, -0.6957406731654177, -2.3075635390474227, -1.0201888926445548, -0.6809538105213092, -0.5368817578863094, -0.12309966987402197, 6.99559239922314e-2, -0.8898815155902623, -7.036564189966943e-2, 1.0364222742452793, -2.3282127568203923, 1.5250834713007355, 0.8292979793780177, 1.0957865035454435, -2.3564480626769257, -0.13450884097969462, -0.38802810290994505, 1.1762558960794032, 0.8796970005275345, 0.7229527240229485, -2.241173947157738, -1.1135966455612554, -0.7572815997989412, 0.12019141279796303, 0.6380737253889085, -0.6554688824203905, -1.3934290384108723, -0.47252779899584096, -2.411585745752081, -0.6221276971653755, 0.5803477763531358, 0.9652361068253229, 0.7435391241530834, -0.8047390099355759, -1.4328389778628612, -1.0286844554260597, 4.605780313078672e-2, 0.8085315621651944, 1.2937511475682848, 0.20321429760806486, 0.11200074936407417, -1.1737171699612745, -0.30848943167058257, 0.39664758680329015, 1.2938532871665562, 0.8049530297615541, 0.8899533241116175, -2.238491516095363, 0.44990003846805565, 0.7639086477379297, 0.7641571890860439, 0.2776562823767731, -7.202296241473657e-2, 1.6096832353164034, 0.1486290678434744, 0.4378866470532968, 4.139290342628816e-2, 0.10654386488282404, 0.3597928440005679, -0.18923611790857842, 0.9403500818684489, 0.44004581235473744, 0.9092609688522356, 0.8797554358931863, 1.1465300305657813, -0.4264805780429504, -0.893275038420821, -1.1286327937915892, 0.49207539552264123, 0.5465037455680618, 1.5845901598732306, -0.6242419822823402, -9.283832669194712e-2, -1.4067226529654124, 0.8681638594284995, -0.4088458709666895, 0.43777320722023955, 0.6413770094820288, -0.5623577322015292, -0.34447389599402517, -1.1711393183824808, -0.3725074179747251, 0.30418970208455015, 0.7425800948327276, -0.10008362355450323, 0.9849116326271997, -0.649648064940994, -0.4497524327046914, 0.22157573876883993, 0.9349423487036571, 0.701343279076621, 0.5579034076884013, 2.312333330493887e-2, 1.1939564047758309, -0.3123067449699741, 0.9611040569177696, 0.7531238207736701, 1.1063561204085721, 0.8689934144617292, -0.6941642632088443, -1.0180009671375474, 0.6520816535022677, 0.42254892128309385, 0.5179128197659955, -0.21690288658534126, -0.5195952077104002, -1.8470246213254091, 1.0898407081453898, 0.15969429838860458, 1.3525875478287106, -0.164363872233827, -0.1818060821021421, 0.14606594529083747, -1.6631355843777769, -1.5123845669751501, 0.9886432754861825, 1.1794712267119485, -0.44963141942011753, 1.5218047985428422, -0.4102415167454471, -6.9528669241863e-2, 0.10476655009793617, 1.2713805421418538)
