seed <- 208
log.wt <- 0.0
penalty <- 2.8115950178536287e-8
intervals.send <- c()
intervals.recv <- c(56, 112, 225, 450, 900, 1800, 3600, 7200, 14400, 28800, 57600, 115200, 230400, 460800, 921600, 1843200, 3686400, 7372800, 14745600, 29491200, 58982400)
dev.null <- 358759.0022669336
df.null <- 35567
dev.resid <- 226108.67465690884
df.resid <- 35402
df <- 165
coefs <- c(6.481041904131034, 5.883140437104604, 5.768265146632259, 5.43340035222489, 5.038466083374018, 4.92816385883875, 4.760525115659885, 4.6163951598236945, 4.436098658546802, 4.268179702148062, 4.290159753429025, 4.192065826609345, 4.034000281613745, 3.9798641832922903, 3.753760790529589, 3.5106372125516425, 3.2513364174752084, 2.948222045332547, 2.5012612498446987, 2.0891499550848502, 1.552171673306034, 0.8476604089566383, 0.9178467912247447, 0.31027419233968734, -0.20742278928229424, -1.4252163127887636, -0.171558877163012, 0.9689069053202439, 1.014102267056537, -1.5984027167222048, -2.302977039460833, -2.461230326336397, -0.2802809356631402, 0.7163652918011676, 1.171511398391095, -0.45590815079218694, -0.3628185562100569, -0.6631794989934133, 6.150071800784326e-2, -0.6118364763974679, 0.7491846497193939, 1.022530488569371, -0.735191792250983, -2.264082487172445, -0.7573219026955357, -0.5222890801079718, -0.6483897649689165, 0.5237478977239367, 0.5991100060145101, -0.834977883751919, -0.20447555118528032, 1.0823138643972963, -2.351838828285154, 1.6744993761755202, 0.7338483113281368, 1.344220144235069, -2.296779629118763, -0.16137684404007846, -0.29444946505799385, 0.9818106348622929, 0.679026639004071, 0.485081803455341, -1.707282177848719, -1.1013002887760575, -0.45405967416571125, -1.2655004037313084e-2, 0.5211911439550772, -0.3406285992786504, -1.7417863296588532, -0.662569989735004, -1.3913718156842882, -0.3842865682344773, 0.3904049336273498, 0.8945962530605773, 0.8203665921988835, -0.5631609960790249, -1.2696420016391914, -1.0701251821295787, -6.379094025670552e-2, 0.7903706712871534, 1.2228413509936646, 0.10746813140250407, 3.9376495226783485e-2, -1.6513747267845789, -0.100916922911937, 0.5727954444374214, 1.2872007581664273, 0.1635289291529269, 0.7940499012135396, -1.7422641058837538, 0.47542380579938814, 0.7743775471805472, 0.9380411514566483, 0.26636265125200814, -0.2865619062121795, 1.3210493323834673, -0.6253150198508907, 0.4011707559727652, -0.3545351338731197, -0.28943303784161944, 0.5014224461788654, -0.37809072607065414, 0.8396071167470025, 0.2739459575181043, 0.8240680287591624, 0.8281336690689814, 0.9349871344013274, -0.5255753148002631, -0.3312892291974145, -0.8645399692530986, 0.43110004478618724, 0.4502458351235531, 1.5325508954921754, -0.8582173654578785, -0.13735861638737967, -1.6696295157199978, 0.8877244887685118, -0.2563358484022569, 0.3804655647180474, 0.5399815909690295, -0.1650199769358499, -0.4045011057845995, -1.3375604099061928, -0.24225759267180455, 0.17477082315925124, 0.8123563743688431, -9.186842344781777e-2, 1.0804602006080328, -0.7249320819171444, -0.40376852298312693, 9.515102261679025e-2, 0.8455978927213049, 0.8851117507827292, 0.40847158686612306, -6.797021074623372e-2, 1.0765257608875092, -0.29474837452364766, 1.0531780259704389, 0.7037389363187085, 1.053619130546512, 0.866049559324888, -0.6637014091421334, -0.9346756609679773, 0.43479631599777446, 0.25772258263049946, 0.5793907252957026, -5.229360324705487e-2, -0.45196814485330444, -1.8593518423816353, 1.2656407656638082, 0.19992730096563618, 1.3589821563812534, -0.1702793452803902, -9.594845807092554e-2, 1.61102063125375e-2, -1.940113096386007, -1.0185934176707507, 0.850908201483816, 1.2955078508101665, -0.48156475826224815, 1.4635597381757073, -0.1684499304466172, -0.14254980331025507, 5.959512075081185e-2, 1.2326556450307775)
