seed <- 931
log.wt <- -14.73034669807081
penalty <- 2.8115950178536287e-8
intervals.send <- c()
intervals.recv <- c(56, 112, 225, 450, 900, 1800, 3600, 7200, 14400, 28800, 57600, 115200, 230400, 460800, 921600, 1843200, 3686400, 7372800, 14745600, 29491200, 58982400)
dev.null <- 358759.0022669336
df.null <- 35567
dev.resid <- 226224.66430790344
df.resid <- 35402
df <- 165
coefs <- c(6.6378730636963486, 5.703733548734087, 5.7860739455194095, 5.371228154246898, 5.076365778409888, 4.883818228762639, 4.875335222343186, 4.648308084668428, 4.376914459950481, 4.273134444802637, 4.272788286569834, 4.140287353451527, 3.992624456874145, 3.964100338960076, 3.7553344601641334, 3.535197463625024, 3.245385350152917, 2.9558659410718238, 2.5237909749351832, 2.0302926127270857, 1.6311250762504017, 0.8724168557882841, 1.1486498474056352, 0.27546546450876386, 0.45165148411032663, -1.3256416280082088, -0.24569353615246772, 0.9193595656973687, 1.1061128026966383, -1.0355356347779845, -2.1144342878223563, -2.3817402232622418, -0.1855860990082103, 0.6981324423049817, 1.4088132770859432, -0.8618367092218786, -0.5088161881203306, -1.2518168469193258, -0.15109933602023035, -0.5674595389712648, 0.8702718542438345, 0.9730858439979254, -0.8761315175405235, -1.4240097340439948, -0.9170566805529834, -0.5877209835840239, -1.4839097493157607, 0.43635857700949643, 0.3168739926450732, -0.47423012084383054, -0.18289889994345324, 1.0974055348646703, -2.495559934261301, 1.806125195987544, 0.7087138096132926, 0.9914373993032389, -2.0825947712860584, -0.19014253827979022, -0.716940558505122, 1.2300844338426569, 1.0317094965059204, 0.9263826323270901, -1.9365101273105434, -0.5007835570815443, -0.41521573426021235, -7.656220252609823e-2, 0.5673857180939099, -0.6450706215866139, -1.292633457833513, -0.6084257945907039, -2.078101157080429, 8.103553251590992e-2, 0.5952645061993659, 0.9269637033385499, 0.7293287492895185, -0.8959419056433646, -1.2619105578659284, -1.7462754583853186, 9.898387783277714e-2, 0.6143599801300087, 1.0594176428316036, 0.1425964056034173, 0.4343826510488873, -1.7704380047535362, -0.2463676393664043, 0.4119912387904742, 1.2701981426336182, 2.7506172527916817e-2, 0.7982407389021452, -1.8955827445398703, 0.3376512784098842, 0.7436393950615099, 0.8032103260222584, 0.403641684332931, 3.195960443880494e-2, 1.205003883847132, -7.042437239149996e-2, 0.6206457276336869, -1.198528164230627e-2, 2.1951436385557795e-3, 0.36502805117899684, 7.770758454878476e-2, 0.7423602342153669, -7.314272912101952e-3, 0.9178543586230639, 0.8403106327472868, 1.2543273937224462, -0.8534401034031677, -1.124590261329988, -1.186503857045393, 0.3940316048893075, 0.598808555583554, 1.526507019072096, -0.5362677240137566, -0.1625903716648245, -0.7399876533501546, 0.7566457938171015, -0.3939205385866155, 0.7141346947478495, 0.48511287972541006, -0.3981594320347639, -0.4742014437263091, -1.0145174053408639, -0.7404852853366474, 0.26882662070020147, 0.8297576280868836, -1.6187718584886553e-2, 0.9481438532238343, -0.6733646869731406, -0.2944660318032952, 0.41461546918520803, 0.9385334118797277, 0.9121159801737617, 0.4739954892974317, 0.12365587354302683, 1.1223046384937099, -0.3333088590091404, 1.0330718001176264, 0.7558495659805909, 0.8588266446440572, 0.7247225124788127, -0.6786366730839385, -1.0364367878262963, 0.6908607924314993, 0.2973442205696384, 0.5100211116636282, -0.110936803657019, -0.607481120187239, -1.8800774922906538, 1.2364584018574551, 0.11293525249913276, 1.1059410554609383, -0.2651013110150407, -0.20378546084859395, -9.149468490715303e-2, -1.8567401583820278, -1.2566017869611283, 0.8423939934921665, 1.1364270197114046, -0.45542820358571406, 1.451085490893262, -0.6659826903533752, -0.15453584103240497, -6.422582266858942e-2, 1.1544863728961579)
