seed <- 240
log.wt <- 0.0
penalty <- 2.8115950178536287e-8
intervals.send <- c()
intervals.recv <- c(56, 112, 225, 450, 900, 1800, 3600, 7200, 14400, 28800, 57600, 115200, 230400, 460800, 921600, 1843200, 3686400, 7372800, 14745600, 29491200, 58982400)
dev.null <- 358759.0022669336
df.null <- 35567
dev.resid <- 225526.52730928827
df.resid <- 35402
df <- 165
coefs <- c(6.473315089524938, 5.988303094714403, 5.811120321881118, 5.3111100678640675, 5.125761699522514, 4.8449691262215495, 4.8581529191029125, 4.615483686701209, 4.346139718771795, 4.227672202412434, 4.293337382382034, 4.146643061285666, 4.0050223064824495, 3.9592929374943897, 3.7533963922259375, 3.5325635495020715, 3.2482319875320886, 2.941037253736175, 2.4512607284187005, 2.0317861555131183, 1.5862977408271437, 0.9372344099866395, 1.0092542990528406, 0.42462306698807045, 1.0657642501141318, -0.7821298524917886, -0.37346710587618176, 1.0791215611836504, 1.08491501157501, -1.487720831259273, -2.2092910107981836, -2.583573911218595, -0.48372724836332065, 0.7250980813195911, 1.1924103581802077, -1.1556024534021543, -0.7868192069737291, -1.4918778541498912, 0.2560191777330329, -0.7901831795538885, 1.0459902003166506, 0.6911250219554685, -1.0429379841680149, -2.1610265569834355, -0.6608549699715555, -0.8815006470407866, -0.2006184603324222, 0.3732905618064147, 0.5541381760809262, -0.49247720724624716, 0.1795606987819931, 0.9492292460592874, -2.7599997054952135, 1.8003241571210176, 0.8295936342072373, 0.9950704856472659, -2.215113929793961, 5.246908872927636e-2, -0.5898946285266099, 1.149688644047267, 1.246756578395142, 0.548831470285222, -2.1898759720517216, -0.47773980349869277, -0.5039777791627439, 0.2800996222182144, 0.6259813159060315, -0.32474925276053906, -1.3473279886802743, -0.7032257769147985, -2.2716827631239127, -0.4214033257060253, 0.6162691388540404, 0.9689916066748168, 0.8213426415605107, -1.3730041682240985, -1.6979984378797783, -1.4128288751595834, -1.4413528629778934e-2, 0.7527035492027925, 1.0441986410129818, 0.20090282752547914, 5.3899379186280794e-2, -2.1274493344022956, -0.6725562227440927, 0.38875809714718795, 1.3337049686755886, 0.534004669372939, 0.8653370070280985, -2.0934060181703913, 0.6012182063671628, 0.8404805193686814, 0.7811892236219027, 0.35225742578322927, -3.9699013048106364e-2, 1.345050450565994, -0.6048335482763493, 0.2889139222676867, -0.19017963956610578, -0.20967796245784767, 0.5835569372172907, -0.2752409849960248, 0.8376126617969537, 0.42620392694376297, 0.8448364412047182, 0.8635659915095032, 1.0759564224160456, 0.1465707436787211, -0.9702975031836547, -0.6656148768006794, 0.5214834171687501, 0.3736598544365639, 1.6032879788432808, -0.41489817715310856, -0.12338692251213987, -1.1715215574928277, 0.7740555537471994, -0.36950275947149447, 0.41107632083174556, 0.6797773060566628, -0.5189966680380844, -0.6645397616723758, -1.6556410539438742, -0.35345018809669904, 0.2863748284047172, 0.8305845267197317, -0.1128261669482137, 1.0313607190629586, -0.37673373124229875, -0.48572674443239566, 0.24039152756442803, 0.9003130888302101, 0.959394513022377, 0.40415220571387883, 0.14602129921439186, 1.157967047135049, -0.3395345420975425, 1.082545956911031, 0.7558153063841321, 1.010767919613689, 0.6162908124935765, -0.6214911678281548, -0.8974671442072107, 0.6426581839108777, 0.38922543791717845, 0.5350372531937062, -0.12197947448261287, -0.6401322628270023, -1.7555078858692788, 1.2494844896539026, 0.10286191776434299, 1.2278245052852617, -0.14777341508778513, -7.00807291659783e-2, 1.6373702006677458e-2, -1.9575169323737232, -1.2780449451678777, 0.9619549970785055, 1.2730110427861503, -0.24979481352925223, 1.5875563871196237, -0.25006888784100484, -0.2502274293695562, -4.354034666920251e-2, 1.1709606110587472)
