seed <- 574
log.wt <- 0.0
penalty <- 2.8115950178536287e-8
intervals.send <- c()
intervals.recv <- c(56, 112, 225, 450, 900, 1800, 3600, 7200, 14400, 28800, 57600, 115200, 230400, 460800, 921600, 1843200, 3686400, 7372800, 14745600, 29491200, 58982400)
dev.null <- 358759.0022669336
df.null <- 35567
dev.resid <- 225207.50533097936
df.resid <- 35402
df <- 165
coefs <- c(6.6449185471805805, 5.806594885427827, 5.613470232802531, 5.3229616470686105, 5.076571681025516, 4.883322552440376, 4.844638522070156, 4.647193216890411, 4.409330897367435, 4.170167374192855, 4.288622233894078, 4.198496017816616, 4.012207402990979, 3.9767470395798834, 3.7706162049642473, 3.5642429446658843, 3.298515281693041, 2.974708009939509, 2.4450404952246427, 2.087584584076948, 1.6400629788763705, 0.8829422545875001, 1.1283464640339522, 9.357482438739431e-2, 0.6721252612502298, -0.9458018848950733, -0.20419906265363114, 1.0710930588935481, 1.0182513388631336, -0.9508968301678201, -1.9394691695174606, -2.1471085690364164, -0.2700894147950397, 0.7109222183673755, 1.3575283186598017, -1.1140716838384508, -0.5465246316599237, -0.1950697063472729, -0.2725876020311321, -0.4878790134521005, 0.9264552643050923, 0.7835151553202392, -1.1328076625846175, -1.8725330481441804, -0.7538361844132299, -0.6272524662981197, -0.20252830542292244, -0.14061113408871598, 0.29672076566010935, -0.8732128811076695, -0.10491812662749872, 0.8858832776018226, -2.417055092907613, 1.7384305197407344, 0.7069043824949368, 0.947178355696847, -1.8729393123110234, 2.411337339308923e-3, -1.275110467967391, 0.8747578181847221, 0.9681063577052866, 0.3417355710847803, -1.7510173511052127, -0.5863097737149164, -0.5937915286861091, 0.2769741781844298, 0.6690848978814998, -0.43811595251315333, -1.1722137082088866, -0.5684101233983737, -1.8021560276322317, 5.4105219456929435e-2, 0.4567838558936584, 0.929865488766164, 0.6994448210755644, -1.4476527425919197, -1.246961136428234, -1.3331135455240306, -1.4828822143000655e-2, 0.6768558167083855, 1.0538299616599605, 0.10114639840839378, 0.16259519916251158, -1.8147722413692817, -0.6705388532158949, 0.35765051086196364, 1.1558916675453381, 0.43006462580398014, 0.8656874732026395, -2.205707013459194, 0.49976643773172313, 0.6889587385026793, 0.7654350072016405, 0.2297056973136827, 0.18626394990673653, 1.2764219469993026, -0.32608938867427123, 0.12462048494113741, 0.145369538677751, -0.2613501702706827, 0.4735022127080957, 0.15738599204799406, 0.812483839017203, 0.19010874553134852, 0.5602477937140333, 0.8448617890784264, 1.1953398558601873, 0.4408012424563464, -0.33869463817576423, -0.935681834342958, 0.38086028072475014, 0.5823474203633183, 1.6173236774431161, -1.018510149227354, -0.25323710578944403, -1.0584491942442937, 0.6056386345707571, -0.3569036204580751, 0.5920794050881741, 0.7255470287651781, -0.9481387683122756, -0.5098149197826948, -0.8905408421644543, -0.4736847972798871, 0.30606461086024367, 0.8799506411859508, -4.672138394857454e-2, 0.9626863654774355, -0.6936995674729584, -0.39399707224322994, 0.25091936847858015, 0.7804152771272342, 0.82566455698153, 0.39640657085819025, -6.351958601584726e-2, 1.2648261757320847, -0.2997891178267949, 1.0347648867077546, 0.7060299340697405, 0.9787577030703889, 0.7572151575192251, -0.7184146806121282, -1.1547511808006585, 0.48915493661167897, 0.36189880786471235, 0.5424667230967583, -0.2852145602505139, -0.41727285482976156, -2.1928186866968122, 1.2925196184344514, 0.1609317346684041, 1.17627974197076, -9.879622685087722e-2, -0.10701173208460231, -0.4385265793667455, -1.6653232346923708, -0.7513133253174192, 0.766835876866661, 1.1904308228248133, -0.5600652062554922, 1.5431309851633468, -0.6553134532432195, -0.16813708188039306, -0.10461870301980364, 1.1192078593862944)
