seed <- 815
log.wt <- -9.251946724032493
penalty <- 2.8115950178536287e-8
intervals.send <- c()
intervals.recv <- c(56, 112, 225, 450, 900, 1800, 3600, 7200, 14400, 28800, 57600, 115200, 230400, 460800, 921600, 1843200, 3686400, 7372800, 14745600, 29491200, 58982400)
dev.null <- 358759.0022669336
df.null <- 35567
dev.resid <- 225860.11955214365
df.resid <- 35402
df <- 165
coefs <- c(6.389867472575331, 5.705808534777387, 5.712729363750623, 5.388708832324754, 5.067163349357396, 4.774481266178392, 4.794406416476205, 4.617333531502198, 4.405502958332513, 4.3087187717753155, 4.275872386007955, 4.194166920981736, 3.9871702932443926, 3.959400545634535, 3.7391896253113455, 3.546019080343003, 3.2611818605307143, 2.9514062483195684, 2.5358203710189793, 2.0743932868217967, 1.5443511498323217, 0.8929948533066645, 0.942008530555107, 0.48289633254628234, 0.3534565553416244, -1.1406260811660904, -0.14942990073984377, 0.8212654158529894, 1.0733967072827124, -1.3724084110177197, -2.421763265231197, -1.3912022463665583, -0.4007455866248931, 0.8081307626244918, 1.2595481647733637, -1.1518617340807336, -0.7363020228812277, -1.103551362994676, 4.532947337440744e-2, -0.6209163523481509, 0.9041385868638335, 1.0185553473042943, -0.8833485230729061, -2.3988871530567653, -1.3661804317825659, -0.8204070745080044, -0.5562389499809058, 0.14317641497340186, -3.7134573470595504e-2, -0.6820926032821167, 1.3748149989600257e-2, 0.9114734227898417, -2.454097074407605, 1.6771614136915929, 0.7932095923893471, 1.0163419821888844, -1.8002192418183842, 1.6267439848212092e-2, -0.8506463019099034, 1.5948379667994041, 1.4758500784281867, 0.6497082345774416, -1.9624226660249962, -0.24902156146570614, -0.7185999174893971, 7.514195769278277e-2, 0.5606580951493512, -0.6128206742141612, -2.099075816940349, -0.7370274560267374, -2.054824836195584, -0.16762186239778135, 0.6196190969808807, 0.9357867736396143, 0.7035107416717991, -0.7589607412903259, -1.3052196334082284, -0.9733090780035709, 0.2012261672506205, 0.5750314588344362, 1.3430887627034989, 0.1285080426738425, 0.40021389644335886, -1.6543686394749608, -0.41354377240953955, 0.3609445707711706, 1.2364087126994425, 0.3920483463615827, 0.8950546378986471, -2.4363243652995963, 0.5055812790533353, 0.472525279274884, 0.8507469568307742, 0.37965618490714675, 0.15625382688830586, 1.3066235532490422, -4.913524891271232e-2, 0.5326339926767982, -0.38075405028496934, -0.6972118534101585, 0.36498195764317, -0.192876539499643, 0.7921065688539146, 0.3429509532409573, 1.017064347737014, 0.8371500610666085, 1.0948312740595152, -0.7028281476642174, -1.1115156820279348, -0.8455200959869255, 0.48838499626302184, 0.513721238721294, 1.624159616575796, -0.523362971491934, -0.33144942421118984, -0.9872608096134416, 0.8776943530876922, -0.46475394254986724, 0.48496822971004083, 0.4484053073180779, -0.3134362127628104, -0.5358770500837676, -0.9550469156834897, -0.7138336486219976, 0.21638011151092718, 0.7809587418744403, -2.988632417580207e-2, 0.8828944632267466, -0.5020599858854083, -0.4091789876889017, 0.2656593493542097, 0.8182652952025986, 0.9057273806856717, 0.4789757057338904, 5.8783101387946866e-2, 1.0498045903925253, -0.351761250643359, 1.105977305185231, 0.760814575137558, 0.9292605102418987, 0.7875960839109171, -0.6427205700567387, -1.1352561065133813, 0.5866153767996107, 0.5293137593819965, 0.5512214509646661, -0.2740281650005687, -0.39866992496346854, -1.8381102589576375, 1.2742757675418521, 0.22521524845803728, 1.134809563562995, -3.9608409854692585e-2, 1.1380686403164487e-2, -6.517077184122887e-3, -1.704139863270741, -1.2228993583535528, 0.7983964651499658, 1.1755165223475932, -0.24969893201842175, 1.589676517131038, -0.43378916797788114, -0.1723639896010697, 3.635667268012123e-2, 1.331698968636303)
