seed <- 829
log.wt <- -14.286404453475468
penalty <- 2.8115950178536287e-8
intervals.send <- c()
intervals.recv <- c(56, 112, 225, 450, 900, 1800, 3600, 7200, 14400, 28800, 57600, 115200, 230400, 460800, 921600, 1843200, 3686400, 7372800, 14745600, 29491200, 58982400)
dev.null <- 358759.0022669336
df.null <- 35567
dev.resid <- 225817.90981177572
df.resid <- 35402
df <- 165
coefs <- c(6.592307528887088, 5.659001999486897, 5.48862812353374, 5.350321351160276, 5.127988361834656, 4.943728537080764, 4.757249680129639, 4.620456062463642, 4.3788639651352605, 4.274198937391545, 4.25386737881436, 4.182943069631845, 3.9986002333085837, 3.9501054633247095, 3.7663076622210983, 3.5281090175246885, 3.2543786373147396, 2.9240449033625713, 2.4610678492429856, 2.0054430549277793, 1.5103960757860135, 0.9074063248396781, 0.9635738411297169, 0.15303678377097882, 0.5375604918545934, -0.8574283291583297, -0.2500428149242482, 1.0181742386382164, 1.054613720490968, -0.9357293165749072, -2.441244027460779, -1.487816962048798, -0.31465697692318584, 0.7996040687936279, 1.4515488465696988, -1.1750286600301696, -2.388594178660537e-2, -0.9572877002092803, 0.1643166757523593, -1.2293494130567464, 0.8928482586965258, 0.9546750864198849, -0.902654889725292, -2.3561090582603073, -1.2431015191517065, -0.5593947546819622, -1.2074830825607825, 0.11115704230688316, 0.3079716549480836, -0.9524280392361312, -0.3002518467960871, 0.9988089556494754, -2.3121559360751602, 1.7866568854305758, 0.8900485780349334, 0.9643206124597048, -1.8713831806844565, -0.2909902114512295, -0.13377467688956216, 1.1658734232553136, 0.6849657091821942, 0.5643033289898755, -1.3856406968779744, -0.16712187102686502, -0.41981548017731135, 0.34000402899523585, 0.5275793659812564, -0.5133356384850921, -1.4202021997938983, -0.5634387038495204, -2.0425454527393305, 5.175551563448651e-2, 0.2637096073697444, 0.9153137948454096, 0.6931742029234227, -1.4854064614489555, -1.2271930341135961, -1.1801810596058928, 5.156398926614909e-2, 0.5919849166852952, 1.124081261882817, 8.666399147172804e-2, 0.24179825463682808, -1.3081741138644096, -0.34108054500768403, 0.5934377387923779, 1.1640938706516968, 0.44375629561346086, 0.8430086853089384, -2.044480237994091, 0.4559708437470882, 0.6212986338751801, 0.7556515365586053, 0.3145550392537132, -7.969029458100757e-2, 1.3349755562418184, -0.9139151732200114, 0.3521105881769683, -0.4445529428558702, 5.640441626664456e-2, 0.4482508365421011, -1.3823106835860128, 0.8577111513944526, 6.837942557319986e-2, 0.9096486085483841, 0.8325681549677167, 1.1064471303351382, -0.2916627121740757, -3.5522617597207706e-2, -0.6172858326194869, 0.4350193091442583, 0.5225858922699008, 1.5484124192036504, -0.6015964481025005, -9.661172924893559e-2, -0.8652827185297276, 0.773430848612023, -0.3342735461630883, 0.6036760704257621, 0.4031867815902597, -0.225489661028171, -0.7743041968854526, -0.973789983050017, -0.5215850968478499, 0.1758598415595055, 0.9034498170270561, -3.091517994434991e-2, 0.9595100645509657, -0.483617139806722, -0.5106727462546776, 0.19254094927653342, 0.729598675616958, 0.7825500329834986, 0.426686395916637, -7.37149462941467e-2, 1.1481478202372977, -0.4842857121354383, 1.057713432942146, 0.7151523673742699, 0.8796534669751948, 0.832360633755291, -0.6551978598600758, -0.9444946891868636, 0.3859407643408185, 0.1900986582092462, 0.5770666215014484, -0.2543989445796774, -0.5748651550369251, -2.0055048058593195, 1.2573228054644972, 0.17855271225183827, 1.1489473601653521, -0.24798629596100352, -2.6829757065964688e-2, -0.15159689641614132, -1.5606590566888727, -1.22696221590768, 0.7298156298858813, 1.2257881169062477, -0.20954962125764012, 1.4859612065591172, -0.15552431041604156, -0.20515318167059254, -1.1550102960969847e-2, 1.1857744229637943)
