seed <- 1026
log.wt <- 0.0
penalty <- 2.8115950178536287e-8
intervals.send <- c()
intervals.recv <- c(56, 112, 225, 450, 900, 1800, 3600, 7200, 14400, 28800, 57600, 115200, 230400, 460800, 921600, 1843200, 3686400, 7372800, 14745600, 29491200, 58982400)
dev.null <- 358759.0022669336
df.null <- 35567
dev.resid <- 226587.897962229
df.resid <- 35402
df <- 165
coefs <- c(6.513371081767299, 5.619326293712015, 5.717684219845802, 5.304685507022723, 5.019621339100053, 4.897337440657663, 4.753521070885275, 4.630479672304499, 4.375883264358429, 4.225880788071673, 4.237545254989014, 4.170596209985486, 4.005345917986417, 3.912338168424082, 3.7210901644339884, 3.504922814909227, 3.260008890588518, 2.942916401484781, 2.474616394621427, 1.9861913140112388, 1.5669699526419074, 0.9331421337537009, 1.026278349009426, 0.1245925408958208, -0.3745196979131678, -0.87602539626452, -0.37391046056706234, 0.9641579701565596, 1.0656098445734354, -1.48090563836766, -2.4760103078127744, -2.1784512200180437, -0.3643546325571484, 0.7744333504545591, 1.1570253295349344, -0.8888039071300505, -0.35500019712012437, -1.059068649677742, 3.9126044540809694e-2, -0.39447635175123513, 0.8915174685822351, 0.5337828104251162, -1.0950971375368121, -1.542943884743749, -0.8234564907569963, -0.8875889184745053, -0.7071569684851212, 8.234187074250593e-2, 0.7446856625061757, -1.0936164182102717, -0.33182752577229785, 0.7318579910848824, -2.6878098186780157, 1.5484674158187421, 0.892014866046816, 1.015416453204342, -2.0925672504895454, -0.13494082408972508, -0.43729773795094284, 1.433052002870314, 1.5448429987785397, 0.7455012819322238, -1.098242770777878, -1.2957126396665002, -0.7428316230061681, 0.33068630681751904, 0.6830867608618748, -0.7350273404949702, -1.2746572384898032, -0.8076325077633626, -1.897590690589515, -3.0828725121315823e-2, 0.5841246093501146, 0.9716108972042578, 0.6924740553696777, -0.919345319745028, -1.0124289982698838, -1.0235235838758696, -0.20854390447797558, 0.6507659136937696, 1.0945330187195417, 0.10525451067073571, 0.5179887312026603, -1.836089753428385, -0.5162883154771233, 0.3219473325133073, 1.172319760122858, 0.48703678823569657, 0.9107979767820604, -1.9827405287531972, 0.6679750710781024, 0.5627926930413379, 0.782586834185642, 0.41050340969801097, -0.10955337945218889, 1.2982989963870641, -0.38418731729825145, 0.3851783260881615, -0.1597521789354044, 7.61559325592816e-2, 0.36622766079114705, -1.2029506295181498e-2, 0.6657475061557725, -0.15470912725075442, 0.7422105734238615, 0.8870873261172589, 1.0656300714638383, -0.37049455090967065, -0.23058449463366595, -0.889886197507179, 0.4431380515311465, 0.7427991769821286, 1.6060293799506054, -0.4281706364238717, -8.381079062168839e-2, -0.6738693376940078, 0.7677690360901442, -0.2704611292806019, 0.4998150770154908, 0.37498226768615145, -0.7050428546145897, -0.45601488593300865, -1.1691185427767548, -0.6693692198273159, 0.12357634645051582, 0.85479490917538, 2.4626373421884402e-2, 0.9666147678673477, -0.6456111213596257, -0.413899784728709, 0.3345830411306252, 0.8750517898281569, 0.768468152362058, 0.604007419320594, -3.8620705140653966e-2, 1.0382411495960264, -0.3404570628774739, 0.8851441917939376, 0.7849769285564511, 0.9187293576419286, 0.7585244989114959, -0.6258319527416076, -1.2720563828014122, 0.6371451147023229, 0.24380113411782817, 0.5951016338660602, -0.3475666055938074, -0.49536268882336065, -1.7433086614397266, 1.1810670040387088, 0.19242406707913026, 1.1704700761903182, -0.15274819594392983, 2.9934386384106913e-2, -0.1776654400778818, -1.6992476465229323, -1.3202996800577973, 0.7512646566681299, 1.1719808779992733, -0.26598278880111165, 1.5630774871411972, -0.4065727443536145, -4.7389432750871346e-2, 2.116485624052722e-4, 1.207770968266251)
