seed <- 585
log.wt <- 0.0
penalty <- 2.8115950178536287e-8
intervals.send <- c()
intervals.recv <- c(56, 112, 225, 450, 900, 1800, 3600, 7200, 14400, 28800, 57600, 115200, 230400, 460800, 921600, 1843200, 3686400, 7372800, 14745600, 29491200, 58982400)
dev.null <- 358759.0022669336
df.null <- 35567
dev.resid <- 227337.33189416418
df.resid <- 35402
df <- 165
coefs <- c(6.488525152312259, 5.7385934459445425, 5.778195786337595, 5.386721457302939, 5.027537307887461, 4.79198351289299, 4.744277479410411, 4.612275869849866, 4.31389344517988, 4.246514216029551, 4.276498553964236, 4.1151704676224234, 3.9740267544694974, 3.894559382881688, 3.710819232012153, 3.4826706368095213, 3.197764895015072, 2.9019782561744685, 2.485575196217165, 2.005858340640084, 1.5045234496403297, 0.9328595085728484, 1.0384108467064606, 0.37579539816723484, 7.728282834789697e-2, -0.9496574946610908, -0.31096324172080325, 0.960027604762315, 1.0577428079197992, -1.548794787370651, -2.0074958415445647, -1.8465996819926773, -0.3173880801702852, 0.7902466747634749, 1.2358801393461651, -1.0842075387783436, -8.452558405441499e-2, -0.4753822684290402, 4.035162122529829e-2, -1.046034713389942, 0.941773267873092, 1.0506690045139728, -0.9646110092242203, -2.0992791911880606, -0.98683438911105, -0.6221242090463535, -0.679646671537604, 0.2958097086250622, 0.2753823400436747, -0.3261092956725583, -0.6468731796494983, 0.9655999011714276, -2.2954777975445166, 1.716811117405901, 0.8142886574998444, 1.0138249617297828, -1.9135160600521368, -0.19655647398477527, -0.3205720949002361, 0.635897201022563, 0.8113176245459632, 0.5450265602707814, -1.9009481242020139, -0.9092444697932368, -0.6228287793316495, 0.437984595265879, 0.6148866400823501, -0.5025476795219312, -1.3195778769538986, -0.621109332735583, -1.595783845017901, -0.3418478963276608, 0.3273536393706955, 0.9495306699536437, 0.8177819263468357, -0.7011432204582498, -1.5126544184977566, -1.372351644370549, -0.1939486117315004, 0.744930211934624, 1.1242183292812975, 0.1093129877059122, 2.1135845924300047e-2, -1.3644254074725364, -0.42777168735172316, 0.3842909386165465, 1.3188215201689557, 0.21712910048115686, 0.8587210497348383, -2.1694854588676593, 0.4623914618326527, 0.6021201797178266, 0.7482648552862645, 0.2451791483684617, -0.24314279165312414, 1.295543904171189, -0.18728325620988232, 0.1816072242069397, -3.2651170077126285e-2, 0.12822632371642487, 0.4195601578598083, -0.22360933680432638, 0.8079991695803181, -0.1316918027962489, 0.919587578335075, 0.8535890813867139, 1.2071506280338449, -0.16190009141960313, -0.40357730224132465, -1.426832656894549, 0.46373308995568124, 0.48893426812785673, 1.5573612570597029, -0.8092981269818221, -0.33472399619166876, -0.8665246244811875, 0.7362989157384492, -0.22314352302064283, 0.32316607135000963, 0.5580611876727829, -0.538818326990383, -0.5771001348705372, -1.0122631183454434, -0.6431520104022085, 0.3432830318531969, 0.9004916359275539, -3.085505276840302e-4, 0.9750243477273055, -0.6312117230533246, -0.49548718113664325, 0.2922413817693697, 0.9366386090675517, 0.5151195111594001, 0.3880333630164739, 7.310378283768804e-2, 1.0482290044107716, -0.43932050788709753, 1.0848090083303734, 0.7137810587958591, 0.924043887741706, 0.7039590962204958, -0.6909995593902379, -1.0768134989024003, 0.5175564189877226, 0.26374355907649966, 0.5112365182170184, -0.11501772831175262, -0.25195407190452684, -1.8759621615281619, 1.3506528831852955, 0.19348629954775778, 1.204670526021036, -0.22391646253643918, -8.176712148333211e-2, -0.20202601111892884, -1.6629214937159789, -0.6282233456964078, 0.7953565762463775, 1.3049246217720734, -0.25661771672178846, 1.5678020924886074, -0.41787889023399954, -0.10574527811899397, -1.797113489220582e-2, 1.1601158170154704)
