seed <- 628
log.wt <- 0.0
penalty <- 2.8115950178536287e-8
intervals.send <- c()
intervals.recv <- c(56, 112, 225, 450, 900, 1800, 3600, 7200, 14400, 28800, 57600, 115200, 230400, 460800, 921600, 1843200, 3686400, 7372800, 14745600, 29491200, 58982400)
dev.null <- 358759.0022669336
df.null <- 35567
dev.resid <- 227166.34971154694
df.resid <- 35402
df <- 165
coefs <- c(6.448359381440318, 5.8004163400910125, 5.630905311929513, 5.062318929525137, 5.092417132817188, 4.865058036041193, 4.7077555889903335, 4.686224508170431, 4.391414568245166, 4.2206533313094186, 4.323227500832996, 4.14306962021185, 4.016955661196279, 3.9541709458068173, 3.69586279602612, 3.5140530235062686, 3.2301588830058576, 2.9371780390502624, 2.493941726154534, 2.115665654203603, 1.680844186472761, 0.8705992303314801, 1.0590381732483276, 0.22685696463552615, 0.3337413210757271, -1.2932234366731168, -0.23265342377108253, 0.9475640432963158, 1.1103957574467995, -1.247696114037073, -2.3585761477982, -2.1393622220544213, -0.5617990122720518, 0.7242409335287822, 1.3240515598681928, -0.7116176594795286, -0.3514729119450265, -1.4255945359570057, 6.0840955100931966e-2, -0.8068571496035037, 1.0248742552396537, 1.1137910096199468, -0.7993810413143336, -2.323490585502178, -0.9966125845560713, -0.6176681816419244, -0.683630672449002, 0.4094809891940837, 0.36980208908811935, -0.44275855906906525, 0.23287294097494596, 1.2854923410589367, -2.694163827651628, 1.7901349949098357, 0.7638393184564379, 0.9904292739516019, -1.8518653829804275, -0.15166298120283028, -0.5569073348918625, 1.0654734859650274, 1.0215011867540824, 0.7880675158065309, -1.8069196681833806, -1.2890556099820567, -0.5531121651276912, 0.42215491004129907, 0.6840636922917533, -0.43295246286504097, -1.4035962956841876, -0.5982730488071427, -1.8854692411839165, -0.15912144855694682, 0.5750532925278804, 0.99001580787253, 0.6374029374893129, -0.717318700614673, -1.208886075917894, -1.4001092622434528, -2.9549726726749107e-2, 0.6957250248133056, 1.0817456567054913, 2.853144295244183e-2, 0.2701215152406141, -1.6537209701484872, -0.2846649080980364, 0.48279982071386335, 1.2355380361848785, 0.55415096544757, 0.8850030240801691, -2.768818410887998, 0.38576464961313195, 0.8142378444443629, 0.8875514879489992, 0.3304649123108483, -2.760002119733248e-2, 1.3278102429763277, -0.6171560489343731, 0.6499143545135978, -7.912646888031044e-2, -0.5169557755362038, 0.28718078321639134, -0.813100377440126, 0.7721095637899673, -0.4256150174264164, 0.8298670568371328, 0.7968848327064187, 1.0958569560384488, -0.9372024023082838, -1.1768264959824262, -1.2464193402134038, 0.3274357790504694, 0.489533080409303, 1.5875346239536805, -0.6753920013767705, -0.23583338821176253, -0.5785416100199073, 0.8174368812885644, -0.28764246666283044, 0.34563607997539797, 0.48918817660600544, -0.2057123065264227, -0.3827956530780503, -1.1774420407106485, -0.13470539139170323, 0.3531329545854247, 1.0095906074771006, -1.3623973646769339e-2, 1.0123725523501446, -0.6718067387913088, -0.4330424600769344, 0.34282405173080893, 0.7071079141474375, 0.8711699685019667, 0.4398069908888656, -2.6802413163151798e-2, 1.0511690236769824, -0.4685578118556484, 1.1815107334823696, 0.7326555925822333, 1.026523137397992, 0.8125968657778779, -0.6316264576790983, -1.0038968846439604, 0.5594688124890264, 0.22115119781167789, 0.5735547682440394, -0.3230085880087685, -0.4477698746348917, -1.8893558250818383, 1.3456866959750085, 0.15575448039945478, 1.2539873395971681, -0.14911901353278711, -3.080575575938785e-2, -0.2800241817357588, -1.3237241055201678, -0.7565863842731686, 0.8666322669511739, 1.1518619539167463, -0.4152469521261041, 1.5659543071125654, 4.224721447972805e-2, -5.722301943520523e-2, 0.10668672531332432, 1.2056010792587497)
