seed <- 311
log.wt <- 0.0
penalty <- 2.8115950178536287e-8
intervals.send <- c()
intervals.recv <- c(56, 112, 225, 450, 900, 1800, 3600, 7200, 14400, 28800, 57600, 115200, 230400, 460800, 921600, 1843200, 3686400, 7372800, 14745600, 29491200, 58982400)
dev.null <- 358759.0022669336
df.null <- 35567
dev.resid <- 226078.3782520592
df.resid <- 35402
df <- 165
coefs <- c(6.705429339237672, 5.9186895049304, 5.761801083010064, 5.2940892063332665, 5.075033558633982, 4.894542998884943, 4.783015114166975, 4.648406846533562, 4.461713792228824, 4.243887839349697, 4.330208351936102, 4.211085686434451, 4.060846554438566, 3.9632841818843887, 3.785612591029958, 3.5362891999326154, 3.279907076550453, 2.940615139157176, 2.5152285373260277, 2.077824563435988, 1.5893423129203768, 0.8737916519679833, 0.8508986464005345, 0.21343116420805308, 0.4480667047776674, -1.386140849449579, -0.19522126092146008, 0.9806139301196796, 1.082107753509967, -1.2806653934865304, -2.201140913546501, -2.5889136245652264, -0.43349697691867783, 0.764365434603787, 1.0765181639766324, -1.4019553018632005, -0.2146029603668026, -0.7382857549180131, -1.4809834104749654e-3, -0.3588541184277735, 1.008756332460621, 0.7642393245983203, -1.143066149428985, -1.9558146739695048, -0.5970978471806115, -0.792975242555645, -0.7951627020821557, 0.3712014769986263, 0.38732977080253594, -1.0828515723274859, 0.25930279047753046, 0.7737466375952632, -2.7501888188626356, 1.6862940666350836, 0.8762504845266732, 1.1295139266727763, -2.4610308677696247, -5.8150995930578736e-2, -0.38737118882096594, 0.9618688502483875, 1.2597133261533837, 0.7281861658309344, -2.0758708796550147, -1.3137179153230256, -0.6762825951730818, 0.23553081116373747, 0.650761730845598, -0.5184133062330507, -1.3483445457423235, -0.7393307113779177, -1.4859176341000009, 1.2425270877164224e-2, 0.36851367158799764, 0.9951745602143673, 0.6873201842461891, -0.8688719285838518, -1.3830379047088672, -0.8707030836986019, 7.784699356015636e-2, 0.7561417604835688, 1.153807561501521, 0.16449989605139156, 0.2765008584605971, -1.603183749924084, 0.1969151177351217, 0.3703964839906299, 1.1879676747221477, 0.5700111153292152, 0.9155149966812706, -2.72189750042923, 0.5686616570024795, 0.6989230403727404, 0.7652089027095834, 0.34531507475151174, -1.1133433269803054e-4, 1.327183773778706, -0.6812879662649949, 0.3526833622988795, 9.189211949993047e-3, -0.4715881740323894, 0.2897304900772327, -0.5157374163408163, 0.7284702110351704, 0.35387896170842387, 0.9865815200386955, 0.8142142623131682, 0.9807298793475734, -0.6278479610101367, -0.9366353247408609, -0.766596592927128, 0.40546752867386265, 0.6179231202471175, 1.5913611866316213, -0.4704248603849653, -0.2952363806763856, -1.0942528790456119, 0.7048544335046003, -0.3834705928511693, 0.45794589266241015, 0.7763697022572731, -0.3035521402560902, -0.5832624841567047, -1.1563134015838241, -0.3846339381971088, 0.38403650434718456, 0.8471443884522212, -4.513724552369158e-2, 0.9551013627179724, -0.474480760163773, -0.4265669348228475, 0.24729139712473244, 1.0258630520020156, 0.7732855939492156, 0.5464771956770245, -4.8903223966406936e-2, 1.169996203289679, -0.4061018279254377, 1.051173242224272, 0.7484131754071452, 0.9609507284455365, 0.7373752044154801, -0.5367721975734328, -1.0753459265155567, 0.6127597227719473, 0.2804321616747237, 0.615877552838614, -0.20635186957621623, -0.4954260462172086, -1.6485145640584147, 1.2935798168096444, 0.16678712977478513, 1.2207564958248982, -0.16568811642414502, -2.4919644576188827e-2, -0.14597605212116585, -1.6681160003447937, -1.5781779550519024, 0.9483419329284083, 1.134894229043591, -0.219198885799613, 1.5926184470205937, -1.853339554324283e-2, -0.13261069297640812, 8.212820758738448e-2, 1.1323114920292001)
