seed <- 718
log.wt <- -13.56374952129384
penalty <- 2.8115950178536287e-8
intervals.send <- c()
intervals.recv <- c(56, 112, 225, 450, 900, 1800, 3600, 7200, 14400, 28800, 57600, 115200, 230400, 460800, 921600, 1843200, 3686400, 7372800, 14745600, 29491200, 58982400)
dev.null <- 358759.0022669336
df.null <- 35567
dev.resid <- 226677.18588355219
df.resid <- 35402
df <- 165
coefs <- c(6.714950774805936, 5.88897834678747, 5.635318008107521, 5.355726888424978, 5.087675406361856, 4.845927526587687, 4.754618071723159, 4.596154743243594, 4.37278874298443, 4.2344541702630005, 4.331919392174093, 4.122981060299991, 3.994071895430697, 3.9462293093568808, 3.7542661591480724, 3.4913505731233583, 3.2691010713254416, 2.9475353934034745, 2.55724264816477, 2.0065202096960824, 1.5389015116063813, 0.8931343069777914, 1.0424522221789378, 0.6654367773482323, 0.6111128071815627, -1.28803886450102, -0.2660068724242893, 1.0395147200733814, 0.966739508917563, -0.9901226216352143, -2.250840072212189, -2.625090335987549, -0.10880815336572225, 0.7764644362071204, 1.3693642450831751, -1.1167382344696035, -0.19098566240996617, -0.9117085744330958, 0.162535424419068, -1.021509937685055, 0.9646198319080191, 0.8773633842465585, -0.5590549718339757, -1.7978932906176923, -1.3181314415321372, -0.8350071625893022, -0.6813687238762615, 0.34988402997168405, -0.290136137733121, -0.8118730210267494, -0.4199344398553078, 0.9662926548756243, -2.5702732491665743, 1.7711152225491835, 0.7564281187367178, 1.0180298369486145, -2.106281101946794, -0.1295322128178931, -0.9488907850943049, 1.317588917175371, 1.232284032232704, 0.7984049629513389, -2.021003719111015, -0.49467597385497913, -0.6987867632213701, 0.13235411077444442, 0.5603572110225357, -0.3080407896647205, -1.395893476574558, -0.7508606401677442, -1.891327289782845, -5.645094715065067e-2, 0.24136780172308195, 0.9769625410085313, 0.6981142407409826, -0.6222503269470359, -1.1812717998465823, -1.0595616381446566, -3.8581151327912434e-2, 0.7528403699254538, 1.1945993140077973, 6.083221818239237e-2, 0.31918445114028415, -1.8334454737374055, -0.7325167751519752, 0.5285231524532795, 1.256458724698818, 0.8451054443343122, 0.8122431610869917, -2.659096129267856, 0.5937751647208872, 0.7123519362404331, 0.8999124516753269, 0.4678315974608108, 0.25063572531143374, 1.2614048883089573, -0.37189446219305966, -0.16613163594544167, -0.10649390887536352, -0.2647152305628221, 0.4315263957473985, -0.17234175043122113, 0.7062361056503305, 0.33901629688176427, 0.5066961754576005, 0.8661654741685327, 1.1356377916030025, -0.8335361435211341, -0.37398377381352943, -0.5546226706554163, 0.3657858117614476, 0.4908196148973186, 1.5631937949869297, -0.9178689176535728, -0.32512133208782124, -0.8905318121436533, 0.7943709601733782, -0.3712876678673068, 0.3660249162125081, 0.6853647991363528, -9.517510692239686e-2, -0.46227403996466343, -0.7484620479477643, -0.8913381882492386, 0.375225625291111, 1.01194769609446, -5.723740344037916e-2, 0.9532406115360903, -0.4405038046710405, -0.40460424491373465, 0.24157246157650256, 0.9859764194982052, 0.7919773083615405, 0.3576144803723019, 0.10229332873099356, 1.1013687850360032, -0.2803675476182386, 1.0806045388577268, 0.7325515687772394, 0.8734572482147223, 0.8963093606106304, -0.5777999603201963, -1.1977086755978814, 0.7287112428742001, 0.39519217140819235, 0.5732611293610591, -0.23272104944452893, -0.8873623070558861, -1.9026988682602464, 1.2341392655837438, 7.652943023851737e-2, 1.159500248839252, -0.15128194270915113, 4.663855679329652e-3, -5.576338754639383e-3, -2.1541962754342268, -1.2172422026830292, 0.959882540379945, 1.2094345073068398, -0.2612492548616205, 1.5198499101750769, -0.3085331609736601, -0.19504266824394928, -0.18688032017276088, 1.2290116588746227)
