seed <- 801
log.wt <- -15.524263357956766
penalty <- 2.8115950178536287e-8
intervals.send <- c()
intervals.recv <- c(56, 112, 225, 450, 900, 1800, 3600, 7200, 14400, 28800, 57600, 115200, 230400, 460800, 921600, 1843200, 3686400, 7372800, 14745600, 29491200, 58982400)
dev.null <- 358759.0022669336
df.null <- 35567
dev.resid <- 226608.98388128134
df.resid <- 35402
df <- 165
coefs <- c(6.699667947223347, 5.733895684891324, 5.682273624332319, 5.256664144689222, 5.091138270190455, 4.859668481001692, 4.688750316628293, 4.645799046775898, 4.36154673469216, 4.248453453547068, 4.332459573557579, 4.13272504510556, 3.969240327702679, 3.9509802494630093, 3.7524424645865735, 3.5028327709166684, 3.258549679315167, 2.94429666488446, 2.5130318664579634, 2.026820806601769, 1.689644637486055, 0.9233589932521682, 1.0681507394580658, 0.14254195064874642, 0.519058793365251, -0.9787648908782209, -0.2508096590576527, 0.905806692202157, 1.0648740546793043, -1.1016497635980889, -2.3807924437828762, -1.884341136510255, -0.3157294120107476, 0.7332087748250661, 1.3617641103596756, -0.4663744541685761, -0.31372319259146153, -0.6512562879686068, -1.811355815023237e-3, -0.7914297588609958, 0.9372562587085855, 0.9660734509106089, -0.8401073025946361, -1.4063602147388905, -0.6569041162882523, -0.9937513349837659, -0.6173605970167162, 0.13537008453735933, 0.10742073617658156, -0.5492167517613777, -0.8101146773391614, 1.0960244906002257, -2.224417169920194, 1.5054659731455025, 0.8682950857062722, 0.8625016216401552, -2.2702529513017082, -6.936489532140809e-2, -0.40682500707442093, 1.132600571733862, 1.3232678070423238, 0.6148909068792848, -1.5163612706541394, -0.5151353153782915, -0.7080273672297853, 0.12838255323390826, 0.7610552290387087, -0.3664578629961117, -1.2707296676267943, -0.5060196915560223, -2.6492592253476692, -0.5543168833167014, 0.6539721105071312, 1.0519372662804083, 0.7019639670066525, -0.7016201254258904, -1.4792505205688347, -1.018058194546957, 0.10005184567142213, 0.6136932192620556, 1.1178690876190946, 0.1490142482804098, 0.3039463099396596, -1.4186237166672695, -0.6605025201833198, 0.3155542776859754, 1.2487761542378706, 9.379527048075882e-2, 0.920047853591735, -2.1064199125495056, 0.43767289847756424, 0.6282888502643165, 0.8255150826605375, 0.4268124223316183, 0.21414982558319742, 1.1456408702289973, -0.5863838560947005, 0.22002219719318516, 5.3514032807764546e-2, -0.7856649593468295, 0.4245643891450601, -0.48574451121163, 0.6079673095013312, -0.2878849164838686, 0.5051939205278764, 0.8510636521177701, 1.2528045972835176, 8.269707295399182e-3, -0.5515809983923398, -1.3863252660002685, 0.3990122769638169, 0.657840583347133, 1.6023616991532525, -0.6215663501369704, -0.18111044917834526, -1.0533632860733249, 0.7221455747580402, -0.3233988343577173, 0.4669496441854664, 0.26059182599618286, -4.209572039188741e-2, -0.3934376601472573, -1.1627467680505996, -0.3531785456382573, 0.23887264092945415, 0.8146809538633564, -6.799354688021951e-2, 0.8884603795519983, -0.40126214163771345, -0.39791980040191455, 0.26646909175007943, 0.856009662466756, 0.8613367248434444, 0.4781814566889701, 9.607524323182073e-2, 1.0455299778869578, -0.29612328705034197, 0.988878283158973, 0.716778500784788, 0.8263075940130634, 0.8122699612132205, -0.7270674366907014, -1.3302091787968253, 0.44850304926435036, 0.29482888136085833, 0.4439687656975756, 1.9596875289172238e-2, -0.323088196143588, -2.030200357514744, 1.1891876602729394, 0.11569174382356208, 1.11621262191196, -0.2551126196925686, -6.593609749539062e-2, 6.941968967593747e-2, -1.6902126680191083, -1.6055987656418822, 0.8344459863303689, 1.2229051813794365, -0.32888011372337383, 1.5500418060767238, -0.2592301425423378, -0.13750887056758088, 6.29431301590068e-2, 1.186997281778953)
