seed <- 144
log.wt <- -15.73261556321983
penalty <- 2.8115950178536287e-8
intervals.send <- c()
intervals.recv <- c(56, 112, 225, 450, 900, 1800, 3600, 7200, 14400, 28800, 57600, 115200, 230400, 460800, 921600, 1843200, 3686400, 7372800, 14745600, 29491200, 58982400)
dev.null <- 358759.0022669336
df.null <- 35567
dev.resid <- 225718.73434544652
df.resid <- 35402
df <- 165
coefs <- c(6.365165510374303, 5.727079833212472, 5.66653004337364, 5.274128711926869, 5.022324585436076, 4.803637851453994, 4.751206538337279, 4.6706451946431935, 4.409100110686588, 4.254929810852089, 4.285221289388446, 4.171037898424799, 4.005100594994804, 3.9852607475589568, 3.7275338469126815, 3.4941549391370157, 3.247897639111229, 2.9401752692039955, 2.492843087586189, 2.0791655969050216, 1.576384927553612, 0.9193897569989266, 0.9830151675244164, 0.5660154934878926, 0.6297782284468194, -1.370596772422729, -0.3911817033057241, 0.9191891900937558, 1.1318323747821257, -1.5594714761570345, -2.106219368812608, -1.4909938189329595, -0.4247370886746804, 0.792971214838394, 1.3943738744317615, -1.2243018974963742, 0.15995224139156666, -1.4531317317662091, -7.302438271139466e-2, -1.1855820357517184, 1.0548849951465, 1.1273567013600814, -0.9306335626986276, -2.31324815511592, -0.6721348754671754, -0.8463754478047432, -0.3639798844131272, 0.19400582576047629, 0.5292376291863695, -0.9431543688495716, 0.3240968131341691, 0.8919892338359422, -2.837059260594134, 1.8666119653890374, 0.8383786882942832, 1.120170601642898, -2.5039371646351527, -0.11067166401605592, -0.6757282703343276, 1.548730359754717, 1.1068538684901357, 0.7624398119920951, -2.07696096152061, -0.441902106245165, -0.5848729581885316, -4.7805083349453464e-2, 0.4645079215237806, -0.43406672205323243, -1.4670174618485645, -0.716761810034398, -2.654590522792288, -0.2713129180216153, 0.43327614387153457, 1.0536245561493547, 0.7681778443494092, -0.7854591564114023, -1.3814872237843951, -1.1266003503422013, 0.10375618497729534, 0.5409488656144177, 1.25007445964372, 0.21074908665246062, -0.11615526828577168, -2.2435615936924123, -1.0607976383429776, 0.47122443352486265, 1.2723659091512878, 0.6234713191825056, 0.9357761197277962, -2.734039310414414, 0.4185386711111844, 0.6668084027176222, 0.8526421790516898, 0.4235752316848895, 0.3223461179434856, 1.443838667105578, -0.7275662680857015, 0.4680398267319987, -0.17054114667801393, -9.6797612712662e-2, 0.41286015410281884, -0.21764365994752877, 0.8380729533152342, 0.15838978241927829, 0.8891864365715039, 0.8118879883442455, 1.2244979733834322, -0.4781177298311767, -0.9585643517688422, -0.641676530957396, 0.5889395687972069, 0.5444245128430224, 1.6563137121357587, -0.4246144081709335, -0.2925825430436562, -1.1692891573690127, 0.8515958786852093, -0.2293422477011357, 0.6691417717424318, 0.656387245336359, -0.24238227823356837, -0.4513507747431038, -1.3027723645341123, -0.44188088594654185, 0.3440872248189247, 0.9523975641370837, -0.1022333825088894, 0.9550459436604481, -0.5510580792532118, -0.42315648261398464, 0.3457627302480318, 0.8948327112092147, 0.7899505849691769, 0.5514313084213024, 9.544609226778729e-2, 0.9006980434859718, -0.3947096631248095, 1.1101712285059984, 0.7182467471402778, 0.9123828999223156, 0.7633204578167394, -0.6736473036422318, -1.0263723485527343, 0.6934732894252005, 0.17652235376452127, 0.6626468180260615, -0.25755579002200674, -0.6246476235638374, -1.8863537808495354, 1.2997760405661518, 0.19829481844147423, 1.1298067513009868, -0.22301269299773316, -0.15861832270631884, -0.1023113408952453, -1.7799894530378737, -0.836260513689045, 0.8905034238933577, 1.2230101210718896, -0.30350287880987603, 1.5487283058274295, -0.24613921157684368, -0.14812712773979966, -7.59553938069742e-2, 1.2350779511076282)
