seed <- 1048
log.wt <- 0.0
penalty <- 2.8115950178536287e-8
intervals.send <- c()
intervals.recv <- c(56, 112, 225, 450, 900, 1800, 3600, 7200, 14400, 28800, 57600, 115200, 230400, 460800, 921600, 1843200, 3686400, 7372800, 14745600, 29491200, 58982400)
dev.null <- 358759.0022669336
df.null <- 35567
dev.resid <- 226810.74293312617
df.resid <- 35402
df <- 165
coefs <- c(6.5521588985695915, 5.892409172073362, 5.646209284883446, 5.222887636957732, 4.96637906938154, 4.77247280257138, 4.722249060368052, 4.551173803936728, 4.3400861255296075, 4.242775360487104, 4.271523270881157, 4.179373956765272, 3.9596231237257546, 3.93703884262209, 3.7379561981272382, 3.5267755874502287, 3.224674653467298, 2.9216385097501365, 2.4688585766927185, 2.0218081173816103, 1.6374450669707525, 0.9712994697747338, 1.004541197034341, 0.522693897698283, 0.7451434689928987, -0.8960578145791153, -0.2646176702960808, 0.9564285523261115, 1.037834088405885, -1.5123112072220843, -2.009069509311976, -1.9162248814778258, -0.4099787596747722, 0.8552669725744118, 1.2609704370284558, -0.9076039957277545, -0.2895428617958838, -0.4997459669613204, -9.666724254410662e-2, -1.110270719111858, 0.9321849201911601, 1.0259493461733065, -1.0585234852264862, -2.5391503386609133, -0.7983031497031984, -0.8035242212973195, -8.081012336375391e-2, 0.6655167812408778, -0.34045147163647455, -1.3225978309286766, -0.4253408504159897, 1.039906287485934, -2.3629312592308156, 1.7224160708828946, 0.8156564834101094, 1.1055412849607946, -2.168832938869307, -0.37602183161935726, -0.4541426984696946, 1.167898729152983, 1.1399412977507286, 0.6993755165439155, -2.017277596883753, -0.5786581705467932, -0.9808786609700809, 0.42677663409801064, 0.5719144324334795, -0.632232981880855, -1.0274335892279205, -0.7018644776381924, -1.5885035357273007, -0.4486410819507819, 0.8328571758401493, 0.9135184529816504, 0.6393675338479639, -0.6438783159163999, -1.301322982851937, -1.0947189886240325, 0.10771656248107211, 0.8205419294276702, 1.129189121761437, 0.21246591945041352, 0.30235171648091913, -1.2153885882926558, -1.4292449060661696, 0.27996599213508766, 1.2425488127800406, 0.3920874797429106, 0.8817703629340632, -2.113576210903043, 0.4794279491582896, 0.8268363158338955, 0.8090533350175975, 0.3428496577425174, -0.18408697992750933, 1.294464664098621, -0.33856720073467184, 0.48174169622175134, 0.1977044414320776, -5.384237935742968e-2, 0.5301628793302428, -0.4158031915046793, 0.7289860201293663, 9.075581803925126e-2, 0.6969148505085423, 0.897133463709567, 1.0118608205994015, -1.3429828592209447, 7.708842290595522e-2, -0.6669478820768998, 0.4408186460076301, 0.48630663459546125, 1.5339183187154257, -0.5912146719416588, -0.2906369238190603, -1.3000063173888585, 0.7507452227604654, -0.22596329600439155, 0.21670576793667598, 0.5283854698936291, -0.4538715653387718, -0.691579468278566, -0.8272886112248962, -0.39032465686736545, 0.3531338946707554, 0.8235682681964627, -2.254097517030542e-2, 1.1761851893223303, -0.7723125226906007, -0.4582302788096185, 0.18677696789977177, 0.843432643044551, 0.8890291345691754, 0.5197764721193582, 3.5858648320427136e-2, 0.9789553384110273, -0.28853235321986315, 1.0069493303316586, 0.7650594783669653, 1.0065637442075153, 0.7606292951743466, -0.61167535488661, -1.3649831305632676, 0.6230306613151755, 0.2846550199058698, 0.4710632090015748, -0.1537983033545616, -0.5975687495186935, -1.828265786582963, 1.2533453593719983, 0.1089451158156817, 1.2998234833366742, -0.14066667319480786, -0.10173602299618208, -0.31068043892803326, -1.7308063212520102, -1.1170365143928327, 0.7114876238211989, 1.2286921923312155, -0.47914130124288307, 1.4929265786079173, -0.5313807388589165, -0.19693514826713085, 6.1366754280249014e-2, 1.1709958081382366)
