seed <- 256
log.wt <- 0.0
penalty <- 2.8115950178536287e-8
intervals.send <- c()
intervals.recv <- c(56, 112, 225, 450, 900, 1800, 3600, 7200, 14400, 28800, 57600, 115200, 230400, 460800, 921600, 1843200, 3686400, 7372800, 14745600, 29491200, 58982400)
dev.null <- 358759.0022669336
df.null <- 35567
dev.resid <- 225485.34382488808
df.resid <- 35402
df <- 165
coefs <- c(7.008925241484339, 5.6827630448802475, 5.508708387549576, 5.418368128243872, 5.138023949386405, 4.891290162766042, 4.7477554318354676, 4.6929692154328535, 4.357246629731538, 4.273785265620764, 4.279719197909771, 4.149970205023786, 4.037008705586623, 3.96516225500011, 3.7671550288593454, 3.508760621932201, 3.2747095451462624, 2.965873576010484, 2.5123517340409673, 2.0213624490594198, 1.6463740590030793, 0.9032358065216011, 1.0325700809433902, 0.45738816272042937, 0.4737306654914437, -1.0517093335844072, -0.26204670347356057, 0.9321921669572717, 1.1444325839859775, -0.9716758398973071, -2.931709850614768, -2.2082369850981567, -0.3934044385915109, 0.7422480202468249, 1.3044290305790573, -1.2674849264933388, -0.6703955908174013, -0.8227494043079884, -0.2064667922731917, -0.8869252631191948, 1.023556368679237, 1.0825233937024314, -0.8456394459191768, -2.343950456343287, -1.2856555092630542, -0.6117487224393799, -0.5085133666646764, 6.552987916677844e-2, 0.3173233915653159, -0.8597821200731524, -0.10732375741063567, 0.9330512082497557, -3.2847675853322267, 1.7388741896093909, 0.8627023737252543, 1.0488336148562374, -2.7205780784533324, -0.18383330405912005, -0.8035898806202063, 1.3338537391931309, 1.0081189877671237, 0.6109989758271179, -1.6335523279842155, -1.2047677003620423, -0.8045019456425759, 0.3536184559547372, 0.7112859296817124, -0.4380358791065486, -0.92864938930012, -0.5645211603365534, -1.8744428439529395, -0.23432802250188492, 0.3811591409534883, 0.9141966456823828, 0.8975098274875647, -0.7361601423858036, -1.3554308134472615, -1.0098425449282418, 0.1325887925896323, 0.7558865971331377, 1.1820444186989412, 6.51435785037166e-2, 5.704233609419031e-2, -1.7087207599276315, -0.7953818780145666, 0.4498373809196319, 1.2539888674432733, 0.6291965429592817, 0.9737780811419606, -3.1680600330583837, 0.5286176288765287, 0.7208877963816321, 0.7837525615173763, 0.3018806593543224, 0.2498503650567857, 1.4247770160047053, -0.42715159623398097, 0.38529708037552174, -0.11277895672792725, -0.32735642572157153, 0.4580087705634467, -0.448149362323435, 0.8714372250250211, 7.073064476386651e-2, 1.0395601321016832, 0.8066775483546963, 1.0935290524733716, -0.33780486968481804, 6.293243642866417e-2, -0.9764348673936862, 0.4297506626924665, 0.6707941545213585, 1.700386635389603, -0.5490499253929441, -0.18101135996257858, -0.9150057858908105, 0.8087407504609714, -0.21776722069858995, 0.4044485178084335, 0.7927531642596045, -0.46479757738923827, -0.4772523092629413, -1.426326273041585, -0.2878447366366549, 0.37866164610021186, 0.8859131662113426, -6.173660099104623e-2, 1.0056537209387284, -0.443084849712348, -0.41142493795546203, 0.427291769504061, 1.0399150438749998, 0.9377719528468347, 0.54013230621393, 1.1801304283651826e-2, 1.134377361063126, -0.344860829233152, 1.1938620269992966, 0.8434623710099267, 0.9232230721849661, 0.7330740112236772, -0.7023675113421773, -1.3795911511202716, 0.8577565866850249, 0.18013989088934418, 0.383721615851475, -0.12212908301135422, -0.48058264573502923, -1.5391640772619664, 1.289036045424559, 0.1685419727132045, 1.2148512345488678, -1.2158072639328573e-2, -0.12752275614987313, -3.0239101012126002e-3, -2.4236350132970035, -1.003449823487055, 0.9037440297520685, 1.277573232015426, -0.37597451979054464, 1.6499011650564404, -0.39704957230156757, -9.853903613387897e-2, 0.1651624256314981, 1.2363584639569094)
