seed <- 459
log.wt <- -14.967982747456466
penalty <- 2.8115950178536287e-8
intervals.send <- c()
intervals.recv <- c(56, 112, 225, 450, 900, 1800, 3600, 7200, 14400, 28800, 57600, 115200, 230400, 460800, 921600, 1843200, 3686400, 7372800, 14745600, 29491200, 58982400)
dev.null <- 358759.0022669336
df.null <- 35567
dev.resid <- 227202.77518496016
df.resid <- 35402
df <- 165
coefs <- c(6.55745944900996, 5.877949380941442, 5.371324287534609, 5.419506803391792, 5.1137983107440474, 4.851878240040902, 4.7395501221047, 4.549323962637348, 4.297617147548666, 4.283536833079092, 4.272085772056914, 4.147476126051856, 3.9675022305796586, 3.8887686799054237, 3.716105869286466, 3.5116271292916728, 3.218467539388561, 2.862583308891246, 2.4645047985002337, 1.9915841132967902, 1.5850099774415407, 0.9880571926278986, 1.068360466419358, 0.5748070405846506, 0.294669535880525, -0.9004016786915354, -0.4081417857931494, 0.8616656461167586, 1.031864649295341, -1.1910697037463769, -2.633460574148892, -2.5403406217687374, -0.39715803150153656, 0.812393784605019, 1.2291636991637502, -1.087202890706719, -0.49810939896481177, -1.2422457976426133, 0.19020107894201144, -0.8320620549874653, 0.7933304622682075, 0.8843867225775096, -0.6368846478921751, -1.7244703693272903, -0.7813721378432228, -0.8040590588473233, -0.28272957063838194, 0.19780747437238153, 0.1782642035019009, -0.5346222690440955, 0.18654129602867706, 0.8262688205471872, -1.9912020500152707, 1.7287575443833698, 0.8824343152842993, 1.0943051363808574, -2.1032113596966813, -0.2600409644487964, -0.11236328900185032, 1.1137978136407063, 1.2472374995366247, 0.8178885961897319, -1.9665856656689913, -0.5611690561929857, -0.4868312802631958, 0.38912505835131694, 0.5033453611049229, -0.5246288201006735, -1.443586724517879, -0.7713234508854493, -2.1817493880995036, -0.3290352303281955, 0.6680130927036203, 1.0667932521072516, 0.6957372590196164, -0.8700946877475394, -1.1657398110751298, -0.9728707467824373, -7.156347005150805e-2, 0.6953354518957098, 1.2741312701714056, 7.427424168014556e-2, 0.4609037797374129, -1.7853694891616063, -0.24749539449579944, 0.46916712394094584, 1.1871440033419338, 0.5888730037160151, 0.8689593074021372, -2.824870593656674, 0.4545486107276777, 0.8458149970548722, 0.6658172444072091, 0.36556337613422696, -0.7084806477461656, 1.2385004329960563, -0.5854236640875893, 0.2336293045278626, -0.39016008504638927, -0.4116585082306713, 0.24668707773853596, 2.546351487364381e-2, 0.7109682520154025, 0.11523528822390607, 0.957294261926343, 0.895219588856765, 1.1361653474476023, -0.6554845119637719, -0.16332886092825366, -1.0903000241055816, 0.42907680105107976, 0.5691673692565459, 1.5051747534307303, -0.8704564428379861, -0.1057954783847701, -0.9291745098868383, 0.7689089481050166, -0.3182268281038169, 0.5181590797599643, 0.6851995358503086, -0.8936435829585223, -0.594479660880433, -0.9954015033296302, -0.5607922684469917, 0.24199624123863672, 0.8136040569371772, 2.27884310188853e-2, 0.9356584417525684, -0.7422602084358703, -0.34431879272031785, 0.3172520871602342, 0.8541640988498261, 0.9527367739633149, 0.3886236757600693, -4.067538294154621e-2, 1.0380970940661085, -0.3768052217864626, 1.0620390747096076, 0.7231391011096321, 0.9037782525985273, 0.719751921607007, -0.7144302772213872, -1.5032506742536342, 0.6432901863193011, 0.2940382625543084, 0.49230009827492754, -0.10531023987545342, -0.3962688569337472, -2.1506876600141456, 1.292883868172576, 0.1997012818856595, 1.1971384153827238, -0.15690124648401618, 7.689118832281755e-2, 5.856911005126994e-2, -1.4504744604529243, -1.2469584667053086, 0.89364737956347, 1.2175742242717924, -0.25202650116319664, 1.4832535317806663, -0.336992352981852, -4.9221182669183246e-2, -6.865166220563648e-2, 1.2385860622621976)
