seed <- 355
log.wt <- -11.935788987017682
penalty <- 2.8115950178536287e-8
intervals.send <- c()
intervals.recv <- c(56, 112, 225, 450, 900, 1800, 3600, 7200, 14400, 28800, 57600, 115200, 230400, 460800, 921600, 1843200, 3686400, 7372800, 14745600, 29491200, 58982400)
dev.null <- 358759.0022669336
df.null <- 35567
dev.resid <- 225900.8033257599
df.resid <- 35402
df <- 165
coefs <- c(6.569739319333864, 5.720483387060969, 5.727630014762318, 5.324996337537587, 4.999221709245309, 4.941291112625129, 4.7807916435966975, 4.642617812319246, 4.39919166800311, 4.238042715879822, 4.233253746292424, 4.1632950712856225, 4.016972573517958, 3.930075074167287, 3.767356318320707, 3.500780793972951, 3.2488997511977065, 2.918747552065398, 2.48585206737793, 2.1025410648805356, 1.638932972371861, 0.8928943878441524, 0.9919010316168252, 0.32442451245201437, 0.44795942302425235, -0.7545003530594168, -0.18668386842949225, 0.9465427218099789, 1.0254038627020865, -0.8049251513542758, -2.6067525702967083, -2.3580353124938553, -0.3480863499070323, 0.763856573778587, 1.1009986929045719, -1.1741068369965328, -0.9816732361030509, -0.3847561099074036, 0.13072786533976372, -0.2093291236053377, 0.8373364399024594, 1.079612657132821, -0.9298367583980385, -1.9441042668740316, -0.9531567181284591, -0.5567901305179693, -0.5802215268629405, -0.12354003822082324, 0.3022989602523811, -1.2081246940998418, -0.44501395808084454, 0.8085237282066927, -2.3754911628373954, 1.5990723494027361, 0.7640311341993459, 1.1000281752688275, -2.3691634477453984, -0.28802873265397433, -0.3194963556968399, 1.272506273202933, 1.3431048705800406, 0.8645883680890493, -2.0612526251007237, -1.841289513162286, -0.9163685490842834, -5.964052698363752e-2, 0.7521644178153963, -0.5285895020971477, -1.3909859277435734, -0.6849483729303341, -1.6553983515131367, 7.25202164266594e-2, 0.7519487601655188, 0.9787011094630851, 0.639442468640329, -0.7065646530564981, -1.0455716154652541, -1.0121420507902872, -2.741251714770491e-3, 0.7548107396072552, 1.1923885096648528, 0.17070815130311667, 9.629467318091187e-2, -1.44923061940736, -0.842900193659576, 0.21350669109066733, 1.2414603620814462, 0.49989531797467274, 0.8202264395542312, -2.3137563005939517, 0.5280183456906339, 0.7485623053774751, 0.9169739134422731, 0.46647358517644655, 0.16967197296132164, 1.3547059599894833, 0.26486581899543477, 0.12456361878251297, 0.198439890530694, -7.025935048709513e-2, 0.48116879940209967, -0.22965810293072425, 0.908614697587362, 9.318695618151936e-2, 0.8005739803565606, 0.8508246933935754, 1.1357288748074745, -0.6819937007041849, -0.8676151865817865, -1.3610281878562995, 0.43257022215652846, 0.6812101668582299, 1.5578105415723058, -1.0572756992982757, -0.1868938304631521, -1.0898461908713455, 0.7885526935443321, -0.46044729503828963, 0.26190141509372966, 0.7333448483748152, -0.14252887529049021, -0.4807087121706094, -0.8888393914762228, -0.320453010005368, 0.2848683606087983, 0.8573465779892984, -5.2755142869026685e-3, 1.08046869773517, -0.5896251171680762, -0.42464532931919335, 0.24260819032896683, 0.9469473458000994, 1.10926906446353, 0.576017460797794, -1.6816216225315594e-2, 1.1126070111850535, -0.4607522965789551, 1.0802767615170965, 0.78767757854956, 0.9912326354191078, 0.8211618832064496, -0.6169450630636186, -1.2101514564530818, 0.4522869131960307, 0.5789598855035185, 0.6038356024691399, -0.20353935545614357, -0.6241154474544307, -1.7433809045888977, 1.2375158788863558, 0.1368903713996128, 1.1986579635844112, -0.1750607555944344, -0.1129524679726175, -0.23383716036781366, -1.727864874113183, -1.9636892913497865, 0.8279052064013833, 1.1595046060198986, -0.2767678482635657, 1.5347500848128393, -0.37642639297736674, -0.14589662008226642, -4.637220083741734e-2, 1.3064273360723662)
