seed <- 230
log.wt <- 0.0
penalty <- 2.8115950178536287e-8
intervals.send <- c()
intervals.recv <- c(56, 112, 225, 450, 900, 1800, 3600, 7200, 14400, 28800, 57600, 115200, 230400, 460800, 921600, 1843200, 3686400, 7372800, 14745600, 29491200, 58982400)
dev.null <- 358759.0022669336
df.null <- 35567
dev.resid <- 226378.24087131297
df.resid <- 35402
df <- 165
coefs <- c(6.449275033648431, 5.7711766698256515, 5.621346212579261, 5.339155626849292, 5.093074293134685, 4.840019596941241, 4.721598517843268, 4.615408588176813, 4.383870515736594, 4.241566457350598, 4.336516039927991, 4.190119830116687, 4.006412094093312, 3.9631084475875955, 3.751407696296209, 3.5142006910237473, 3.245580705528434, 2.9238235724339066, 2.4951371492086145, 2.0064313153382636, 1.4755209624185521, 0.8574370128776237, 0.9827576978443396, 0.31659813274976445, 1.8068254148024675e-2, -1.548228727456569, -0.1288484692601226, 1.0848659950472288, 1.0738807748946577, -1.1498068343585406, -2.605758063102791, -2.3480630583428677, -3.156766005028348e-2, 0.7315297209391697, 1.2101049609133503, -1.4815151533995221, -0.16708331103218907, -0.9357111016062586, 0.12271838108508301, -1.3237513297815915, 0.9151718210085669, 1.0767189856142478, -0.8696893380286318, -2.640698998578004, -0.827973082061187, -0.68192750897054, -0.5783926993874445, 0.17919759560480997, 0.516153337865905, -0.5126958834490387, 0.1572412256184931, 1.0045224043260113, -2.5531281228776312, 1.6276743732978132, 0.7637175863569362, 1.153538796945981, -2.2152489366230004, 5.040730630611875e-2, -0.8726882412365334, 1.3279851825355797, 1.3317988202518083, 0.8732880618432618, -1.8890577608833257, -0.5076686380823365, -1.2440387939162645, 3.9031216398121155e-2, 0.5449666344137094, -0.41282944164770213, -1.3136452984407432, -0.6130474479227696, -1.9405903133991185, -0.17446675614691137, 0.3968196214993086, 0.9147480456459918, 0.5810518804742425, -0.6234824989873973, -0.7824731648665142, -1.9603351275827012, 8.646337884734714e-2, 0.7674784464297971, 1.1196357299000617, 6.625103660443748e-3, 0.10993168253679222, -1.7085099739553649, -0.522502365900105, 0.3515900679677782, 1.2082422036064566, 0.36778544002152697, 0.8864083419571187, -1.5739008497450795, 0.48514232472930857, 0.8898229649048595, 0.8030649446027321, 0.2984038145282146, 0.6562160911227473, 1.1749619689464779, -0.3945333007382698, 0.3575651470967528, -0.14976663164067255, -0.14043234801714846, 0.47764744109998825, -0.24649267976722036, 0.7851570334724028, -2.8750008264160493e-2, 0.8212539226921824, 0.8085179793564007, 1.0874388842624565, -0.19873582401669213, -0.7225073717664235, -1.0713384941318274, 0.2835526448230845, 0.6808203577859239, 1.6105757855394924, -0.714848336172217, -6.858548745931733e-2, -0.8269281774157813, 0.7622593007629483, -0.3743544840497827, 0.5475465384230553, 0.4410171100894821, -0.5104446298061723, -0.36954800930931875, -1.0256551819838264, -0.4183494148856928, 0.336374335966391, 0.942180583825439, 9.798134207479033e-2, 1.0763891201290425, -0.7180772975765044, -0.3779548657331776, 0.26551905485256655, 0.8719960364346079, 0.8861952708034431, 0.4656922709536263, 0.10958173208305884, 1.0582120610498604, -0.32024897362674964, 1.0176513979750612, 0.7538477890794483, 1.0182777833606047, 0.6552054931803452, -0.6667337781650656, -1.2880975921913398, 0.5870009205501221, 0.21005321288255238, 0.5522916846878227, -0.38322251403407814, -0.7271851665379306, -1.9724924693868657, 1.3312268762562334, 0.13685498584682407, 1.2658404569488415, -0.2645694623112129, -3.890285282643871e-2, -0.17974606374083368, -1.3355292393923948, -1.0420175382078956, 0.9223469377577778, 1.1141624901115, -0.4553368619384578, 1.5723230242077417, -0.3890996057412838, -0.11009818623004407, 8.592211552922815e-2, 1.2096623459247118)
