seed <- 103
log.wt <- -13.68939802553477
penalty <- 2.8115950178536287e-8
intervals.send <- c()
intervals.recv <- c(56, 112, 225, 450, 900, 1800, 3600, 7200, 14400, 28800, 57600, 115200, 230400, 460800, 921600, 1843200, 3686400, 7372800, 14745600, 29491200, 58982400)
dev.null <- 358759.0022669336
df.null <- 35567
dev.resid <- 225618.64393858032
df.resid <- 35402
df <- 165
coefs <- c(6.685416216979914, 5.893275473128802, 5.645864985630764, 5.315470776605858, 5.073463715261305, 4.842806142743293, 4.838943234875138, 4.637855114569994, 4.4110415106970065, 4.295150241155861, 4.3695869204234326, 4.186832133586897, 4.005453888069653, 3.9297269338035363, 3.7528786478876914, 3.5449166359604223, 3.296542881347688, 2.9531593001764302, 2.528474836012895, 2.0832204736152686, 1.6751849664258907, 0.9093016716376533, 1.0759476614549701, 0.3786247265992315, 0.28416986571029496, -1.2579696249308092, -0.3530369234041475, 0.890455582231184, 1.002108799327297, -1.9814769704330744, -2.8532416018638704, -1.8301513431337322, -0.5358805856003644, 0.7347859131384843, 1.3556162292604672, -1.1644627976866724, -0.3242626890375597, -1.4869320617986426, -4.327653336776285e-2, -0.7959913950345686, 0.881095503413822, 1.014121339126873, -0.8419109987200032, -1.3615056569281223, -1.5262670273016243, -0.8541040939929804, -1.1660275464882013, 0.288283277255452, 0.7378276516828292, -1.2146045149143725, 0.37601393226741164, 0.9095343010991915, -2.3377365013857987, 1.8265957402890962, 0.9698476132050712, 0.8695966171122999, -1.8156492773843964, -4.872477703852329e-3, -0.4545227762935442, 1.11440844215496, 0.8568395098535778, 0.9561145986806502, -2.3954710681905693, -0.6919768533398586, -0.3102347101251662, 0.36629354593100993, 0.6017491676043482, -0.1511097194004851, -1.5340089232824021, -0.6450317232545382, -1.713991738054244, 0.33047301374765714, 0.438515231677213, 1.0805777956208675, 0.7054328333852301, -0.7989682639024415, -1.1946601643219434, -0.7314156429408445, 8.12012269312402e-2, 0.6538481373697069, 1.3022347494509086, 6.117690041747906e-2, -0.22213678057287603, -1.6594655768938325, 0.1019803728352219, 0.5151376553028394, 1.3144684724195563, 0.2462195532755187, 0.7776346662846986, -2.602968592480686, 0.5278643067188147, 0.5524660200794062, 0.8660664801711637, 0.273933493211326, 0.18730778964599193, 1.0943889882161033, -0.5992354363262908, 0.611581459116626, 5.65733678114331e-2, -9.326663027098848e-2, 0.3752135083090408, -0.22716759209210544, 0.8139059497753982, -0.5865866696228913, 0.8613784847883871, 0.8778513402255107, 1.1373046575077796, -0.3649427593772072, -0.8045862973687031, -1.3118630215451357, 0.491966062468111, 0.6641703656395936, 1.530533301322633, -0.8617397060180695, -0.10088354752885172, -1.2920618026886919, 0.8508514146286676, -0.366856536922621, 0.46075947505356935, 0.6180732169364168, -1.0647387148127851, -0.3848149564490259, -1.229084602235607, -0.4184881105443973, 0.2691686684572287, 0.9593447387125755, 1.0192976928677523e-2, 0.9853580388693624, -0.5364671185469188, -0.3183275271240788, 0.24499048574564897, 0.883222894562805, 0.8596921042795195, 0.6544652351747855, 4.520015902238851e-2, 1.0934227775310155, -0.42934350279973366, 1.1627348357648777, 0.7170829306387012, 0.8745825388823943, 0.7956841980137571, -0.6195943274381193, -0.9406063908233929, 0.4195661521476253, 0.48753544275151095, 0.7780742298129045, -0.18209072603655732, -0.7825676007735647, -2.0422004024812743, 1.2819693301524149, 0.13429788997002787, 1.1953382244436677, 3.03272131172242e-2, -4.8262632194366585e-2, 3.535893356392162e-2, -1.9381695776625507, -0.9737370412448279, 1.0602332059292456, 1.213305025860461, -0.22254372591065197, 1.4784208339991975, -0.20629102601209529, -6.010591365955652e-2, 9.022561501708316e-2, 1.2417303919455602)
