seed <- 877
log.wt <- 0.0
penalty <- 2.8115950178536287e-8
intervals.send <- c()
intervals.recv <- c(56, 112, 225, 450, 900, 1800, 3600, 7200, 14400, 28800, 57600, 115200, 230400, 460800, 921600, 1843200, 3686400, 7372800, 14745600, 29491200, 58982400)
dev.null <- 358759.0022669336
df.null <- 35567
dev.resid <- 225100.95869802067
df.resid <- 35402
df <- 165
coefs <- c(6.906837691874624, 5.614185660697793, 5.876129664986013, 5.4162732391958714, 5.156926519284784, 4.865806678356988, 4.801196820122877, 4.628878769808336, 4.385195878559154, 4.293461013130443, 4.322183477937081, 4.187657175216941, 4.018718644079003, 3.9984735173848227, 3.7494813825820392, 3.55420586338725, 3.259364616741738, 2.9385094683318136, 2.5409698328672974, 1.9765615214172145, 1.6286818959585232, 0.9221671546752431, 0.9378807313845966, 0.45997206062734675, 0.581039914833905, -1.033259236435844, -0.3074101809554133, 0.9079577910310914, 1.0907531389042977, -1.6041773700944446, -2.5388614335282225, -2.3687965769877533, -0.14807493256549048, 0.7558567958587517, 1.2076370417937083, -1.4921652595994361, -0.6087697975304103, -2.0889113237342127, 9.663792994759712e-2, -1.2936161907790047, 0.9604597649141985, 1.1685489422005138, -0.6350422339270395, -2.1641759782525227, -0.9216902113424025, -1.0469462374175869, 1.4912266504437152e-2, 8.133885908692388e-2, 0.6778364669617322, -0.5660839273657027, -7.776215202687525e-2, 1.0037272765207688, -2.7853355869164016, 1.6910756678289096, 0.6929816742315321, 1.0877570369235248, -1.7291102000921508, 2.5697966272623128e-2, -0.34492632207992685, 1.4837041044991925, 0.9351443099520411, 0.6868063014170022, -1.727864301361443, -0.4857942652643713, -0.8513877030207295, 8.900430019754765e-2, 0.6531138881757339, -0.6142765660704526, -2.0441613650921866, -0.7203827172890863, -2.452863509439558, -0.16343898515003843, 0.4226234028466103, 1.083457492832341, 0.5984599104857731, -1.1188867512839842, -1.140128079841022, -1.7176499776709029, -0.1329476636993315, 0.7319888916984763, 1.1675142555653673, 0.17521301269196246, -1.5967089206269786e-2, -1.9969449315820178, -0.519226917016113, 0.43497273941712095, 1.1268404195262267, 0.6855972928786072, 0.8859059041140607, -2.293231300445417, 0.529046609239241, 0.7010389225082163, 0.8218469370798814, 0.3459860573566571, 0.19872274798033762, 1.4386693865542077, -0.6670274638544589, 0.5430978611736514, 6.363032529438785e-2, -0.2114628226209667, 0.5464865245075679, 0.2265140208234286, 0.7697741540128441, 4.4193720376319474e-2, 1.00371501118045, 0.8774662853316562, 1.1378280974717179, 0.2255749642580243, 0.19382982563267126, -0.9946771333725151, 0.29950415589363827, 0.5459599897913322, 1.62067519958136, -0.600528640916326, -0.11342685405185561, -0.7434051536569614, 0.7907672606827723, -0.16174096001816612, 0.5524269582489758, 0.6674044483302985, -0.5255464321056385, -0.24798689667697532, -0.7919564223473095, -0.38156964073244254, 0.31090248893105493, 0.8602545570880396, -2.708128147385056e-2, 1.050011945437255, -0.7502018505304087, -0.38581362670301234, 0.4616752361676183, 0.8169846330570164, 0.7885116775287175, 0.581923924098593, -5.8246170270828956e-2, 1.2366479380539421, -0.34223108282760106, 1.0099172336401572, 0.7553832411754741, 1.0855474999326336, 0.7780091089448165, -0.7188866339077006, -1.518041872662734, 0.5156515487194951, 0.4635882325771336, 0.6146300590438893, -0.3235023963546762, -0.5656783458016891, -1.889356704404495, 1.3347152392733244, 0.1608694689906169, 1.2373860087106423, -0.16961874936720364, -6.861709685133194e-2, -0.1792842861629309, -2.036750828801033, -1.7420032198261874, 0.9860301396025646, 1.1016688821688096, -0.3228822717932857, 1.5932561360580106, -0.16444267192483256, -0.113809569145003, -4.7269750619442275e-2, 1.2010047355364757)
