seed <- 420
log.wt <- -15.502263165033092
penalty <- 2.8115950178536287e-8
intervals.send <- c()
intervals.recv <- c(56, 112, 225, 450, 900, 1800, 3600, 7200, 14400, 28800, 57600, 115200, 230400, 460800, 921600, 1843200, 3686400, 7372800, 14745600, 29491200, 58982400)
dev.null <- 358759.0022669336
df.null <- 35567
dev.resid <- 225889.1243363822
df.resid <- 35402
df <- 165
coefs <- c(6.36718509404366, 5.759020693916044, 5.521532682746234, 5.3420452174301, 5.0441028225679165, 4.875323765146862, 4.811572758866455, 4.661979671776796, 4.361435961286803, 4.259436966113677, 4.32622789257218, 4.163346068416167, 3.9891463157101583, 3.981678732262563, 3.7846180559738083, 3.5638935252577006, 3.265896378458694, 2.954535721080169, 2.526579840494402, 2.062135878260933, 1.7027630873896602, 0.879052674528905, 1.0500635543735244, 0.322176694059383, 0.14473765280985346, -0.7220638990396734, -2.205411212828561e-2, 0.9881306049949125, 1.0753154698779712, -0.9011947353150238, -2.391349168852224, -2.3227639303166243, -0.6179847176097213, 0.720751476071901, 1.3546524103106825, -1.3775568716176676, -0.5516365050835751, -0.8260831491635985, -0.37727309387503477, -0.9791030563724684, 0.9775391556101037, 0.9338149024995224, -0.5910032971447098, -1.6982826478409554, -0.815123312707789, -0.7551741580287058, -0.7210232035709222, 0.6139558862441947, 0.8476460937705942, -0.730652730581318, -0.3320921536645273, 0.9744756078043373, -2.056103998873151, 1.6337422296146402, 0.8528669705489472, 1.1107450188763395, -1.685292882249972, -9.113552201531241e-2, -0.24814714306081878, 1.4698473004135744, 1.0530206453961082, 0.5682537611162476, -1.6675193727155901, -1.029380808105073, -1.0048169715333075, -0.14495674464760136, 0.6181852966817779, -0.5546843833780514, -0.8239005315132936, -0.581481502084237, -2.400767374744543, -0.272090410959371, 0.5814669023328446, 0.9973334465724562, 0.7270725310692678, -0.9582134704269577, -1.1844631142713387, -1.210350582349347, 1.4305211730021482e-2, 0.7430700272219938, 0.9779281349432013, 9.592972427940487e-2, 0.2395362033265535, -1.7994551977542088, -0.9063577474053675, 0.3426601731456926, 1.2245060622601434, 0.5536106952028242, 0.8705332747482788, -1.9496371675544655, 0.4870591216985936, 0.6833217099336996, 0.720151200412363, 0.4713563169264102, 0.4368144185146683, 1.026714631104482, 0.13383111511785467, 0.23154124254076225, 0.1008539754732987, -0.4713715802889402, 0.33258845755096816, -0.28212613703478406, 0.7656110802275538, 5.25753202158411e-2, 0.5316369792874607, 0.8544528023654091, 0.9756710063423545, -0.5138526371177942, -0.4269859548369972, -0.8283220360751813, 0.4761529810258294, 0.7459178701855322, 1.5600923304980487, -0.6499922391971286, -0.17995133839924066, -0.9830793038522846, 0.6688320530010633, -0.388200859261875, 0.5381199745916625, 0.48731016402443555, -0.516832650898146, -0.6545915215949807, -1.5294160915248438, -0.12043214676700657, 0.25552232971614075, 0.8009304417167395, -0.1601366716246468, 0.9143103965825479, -0.4383683266945516, -0.4223866861786141, 0.27943325260232854, 0.8543764278619757, 0.8301579701744841, 0.3588616356007113, 0.24311044732910667, 1.084226635845052, -0.3114536438507564, 1.0197223556071158, 0.717939988133966, 0.9428468871448963, 0.6865414661026396, -0.6970555724832656, -1.2971507668852056, 0.6427135960305201, 0.2596561292630085, 0.4727514591434065, -7.608065817733242e-2, -0.46351089524968886, -2.0318575471427454, 1.1469712499832494, 7.62653884515408e-2, 1.1637680665677934, -0.3263581883293026, -8.610869411996824e-2, -0.20720233180025113, -1.4541395822895409, -1.448703650640657, 0.7903116183354008, 1.2327394849280087, -0.32434945682249045, 1.5171042576696938, -0.3969235733231446, -0.20979258145154525, -5.1827161155244376e-2, 1.121938125357853)
