seed <- 527
log.wt <- 0.0
penalty <- 2.8115950178536287e-8
intervals.send <- c()
intervals.recv <- c(56, 112, 225, 450, 900, 1800, 3600, 7200, 14400, 28800, 57600, 115200, 230400, 460800, 921600, 1843200, 3686400, 7372800, 14745600, 29491200, 58982400)
dev.null <- 358759.0022669336
df.null <- 35567
dev.resid <- 225017.38170256512
df.resid <- 35402
df <- 165
coefs <- c(6.81260550306247, 6.035755095841696, 5.56365564165184, 5.274386345452427, 5.06929158658839, 4.786054297630855, 4.782862923986934, 4.670290340120205, 4.431677096974776, 4.230448837142127, 4.315988314968262, 4.197109083024219, 4.00141225830723, 3.9518039848928583, 3.7432976423924877, 3.542345945895184, 3.2116574354044882, 2.936223637540332, 2.5370392751505446, 2.080509770874458, 1.6963634187661194, 0.9472089697980517, 1.0563486826695383, 0.22454835646597307, 0.41605831716186703, -0.5963375858191146, -0.17744288374972952, 1.0817536022296301, 1.129870447757091, -0.8164202534351267, -1.8963477352022315, -2.9559896938787653, -8.440321620709461e-2, 0.7903121287841802, 1.193828497412617, -1.1319607325159993, 0.11653708214169539, -1.8629337345136672, -0.19745068069325872, -0.7356425057596595, 0.9349887243233549, 0.9587728469804965, -1.2468765435392417, -1.6967866786734618, -0.7909216758053089, -0.943534263837956, -0.5793135051604063, 0.303109580559366, 0.6391920108576751, -0.34543777115109126, -2.547907104455843e-2, 0.8868202927051756, -2.285044430920243, 1.731561517631135, 0.8011710008266609, 1.1872834357060553, -1.8856466350393006, -9.576510004647167e-2, -0.26594810433695315, 1.418433441784982, 1.1166552091643815, 0.8804473837066366, -2.1913347069281723, -0.6136337703266702, -0.8593711690569718, 0.2596568362059465, 0.6877705388911742, -0.39600942498932995, -1.9795821895599943, -0.565472891678421, -2.2743179808722283, 0.20904119381937905, 0.23080494787689063, 0.9841913661169873, 0.8124917011158973, -1.1288908444101478, -1.4429298582459391, -1.4243710462177124, -0.16877133270789255, 0.7575503074632443, 1.2120383067199225, 0.13402160176015818, 8.815860181462211e-2, -1.5992359278778407, -1.009056217617635, 0.4388799347705807, 1.2687885873324456, 0.44683220624233894, 0.9728864779746629, -2.4810563749068084, 0.6028296442190855, 0.8345161701245027, 0.8636857956114516, 0.4203743038393381, 7.037023602951997e-2, 1.4107285369439724, -0.6804019570717897, 6.048438193948566e-2, 3.542103411124351e-2, -0.2828875636427769, 0.30308240886022586, -0.5228310530856219, 0.6743479699608986, 0.2928527003345839, 0.6681103096032853, 0.901553075786806, 1.0476450577062644, -1.2925271289655236, -0.2094960998537554, -0.9348972001643266, 0.5604341202102281, 0.6476286163906148, 1.5960985933520049, -0.5638431332669489, -1.2093482364574883e-2, -1.331129415510167, 0.8725525037254157, -0.34117533713434145, 0.39275047883552694, 0.595901283824223, -0.5976904282100377, -0.612959927342096, -1.138114846639992, -0.6399863466975383, 0.36848203787697986, 0.8027617893255046, -3.966680362781337e-2, 1.013005640299538, -0.6222566438422311, -0.46421166246474077, 0.21920800662696657, 1.0459773185423489, 0.6855114575124459, 0.5588341054447692, -5.3896646829820156e-2, 1.2140857261416762, -0.4180061068197932, 1.0531633913727112, 0.7311526729281677, 0.9716626635947482, 0.7568437307423899, -0.7731279538093986, -0.8503850487681451, 0.7198961799621052, 0.4051233087382294, 0.5652788006085291, -0.14928248521070953, -0.2402090927573471, -1.8757953325342973, 1.2958192163383053, 5.82278542008717e-2, 1.3327255290679698, -0.25763156432158185, -1.0182870997338481e-2, -9.834492195731931e-2, -1.9039121025430017, -1.1132376306999652, 0.8644502464033105, 1.2558658783263754, -0.6358703201152901, 1.5757382074329676, -0.2932137369419228, -0.19174378358507876, -9.681233538969476e-3, 1.2472112783730054)
