seed <- 997
log.wt <- -14.414148547944063
penalty <- 2.8115950178536287e-8
intervals.send <- c()
intervals.recv <- c(56, 112, 225, 450, 900, 1800, 3600, 7200, 14400, 28800, 57600, 115200, 230400, 460800, 921600, 1843200, 3686400, 7372800, 14745600, 29491200, 58982400)
dev.null <- 358759.0022669336
df.null <- 35567
dev.resid <- 226404.25696164253
df.resid <- 35402
df <- 165
coefs <- c(6.517731507699371, 5.880652068220395, 5.720574340077608, 5.219577146267828, 5.054436285776884, 4.756408588528707, 4.7763664059169, 4.60695480828076, 4.394768337015153, 4.282212037913247, 4.292328540395495, 4.133712935473677, 4.005803008228313, 3.9571736166166325, 3.7314016068761413, 3.4934938916293348, 3.2382161716436664, 2.926668959001174, 2.5463375528720062, 2.028728220541695, 1.5961838554294856, 0.9214879155314628, 1.0496052543608885, 0.4580763827340712, 0.8483094900698709, -1.2594117255340422, -5.69929123121571e-2, 0.9432612161898729, 1.0553390601267867, -1.0230880076709188, -2.52259896662427, -2.766175269925191, -9.177895339208776e-2, 0.7481620570196528, 1.2972621370453086, -1.4152492762932094, -0.9626429935548658, -0.7155025442779245, 4.1750796787490066e-2, -1.114750123929423, 0.9201695979252681, 0.9983264326263233, -0.9853487153861267, -1.720393682352791, -0.9113379071676251, -0.8380386512539992, -0.682318546983866, 0.49301270796381885, 0.4373491101418954, -0.6433577155384683, 0.32656871454800024, 1.0474250533896958, -1.777557750015865, 1.6609458403265407, 0.8651187949525697, 1.2453323473771094, -2.1349251984430726, -0.24768495490946366, -0.623313977002352, 1.4263433768070688, 0.6307220777058612, 0.6321157355090383, -2.562816637285753, -1.1643009420222772, -0.7889341678068404, -0.13220664563429102, 0.7244149145163515, -0.7405828383644437, -2.1954124610025656, -0.6220865158365688, -2.0613053147103497, -0.5892065473257584, 0.8210486080820367, 0.8940047058817995, 0.6984418684292565, -0.8000463509910261, -1.6489944703491424, -1.8743291360953902, -5.023440016003224e-3, 0.7773659733752896, 1.3218939925759194, 0.10196393696213622, -0.23103216055702566, -1.8289530461365524, -0.8407016465511495, 0.34976865209058655, 1.2553064871139168, 0.6103866817060891, 0.8962142222496963, -2.311940336034706, 0.5593616662275378, 0.7980659454524799, 0.8033965562196703, 0.2856929182789619, 0.41766880975855575, 1.1965679779040714, -0.5628356008160853, 0.6196924619345917, 0.14342374205450525, 0.29604928496242905, 0.2705549660917295, 0.13513760061394092, 0.9040687971531469, 0.16371889063844355, 0.7940798986745371, 0.8987489013786699, 1.147722171666317, -0.6053280268315532, -0.3817378387295992, -1.216698023725965, 0.49049232318670255, 0.519501057298341, 1.5854413628364463, -0.5068572779084449, -0.12073989971085532, -1.322683206851524, 0.9261884312363016, -0.2083628414120935, 0.6565951825931133, 0.6228320687401663, -0.532953527221122, -0.3813018403061721, -1.2050144751602374, -0.35086681412582554, 0.20787589997021239, 0.909082823865078, -0.11093289565362524, 1.0576134185838202, -0.6359500579428728, -0.3971612871459742, 0.36658023785550664, 1.1112252265623324, 1.0501720990373773, 0.41153325633812665, -1.377805290208353e-3, 1.0523864110804428, -0.41226720451660387, 0.9664222225103577, 0.7328668825962219, 1.0219392866581274, 0.927578768425792, -0.5574598032151803, -1.2817090048994402, 0.8032196705719391, 0.6491146828037104, 0.4575565445702736, -0.2961094301338022, -0.655255649733765, -1.8783291702949505, 1.3013711769040262, 8.215874551382223e-2, 1.2287179064051823, -0.12068337784608456, -8.526167539793209e-2, -5.575478912663864e-2, -1.6725405146964296, -1.1558444609679488, 0.8516004930581506, 1.166327328062256, -0.3837898238245572, 1.5704876537832047, -0.12286469350254141, -0.12334588356866603, 0.2570812290033359, 1.3169503086620697)
