seed <- 1000
log.wt <- 0.0
penalty <- 2.8115950178536287e-8
intervals.send <- c()
intervals.recv <- c(56, 112, 225, 450, 900, 1800, 3600, 7200, 14400, 28800, 57600, 115200, 230400, 460800, 921600, 1843200, 3686400, 7372800, 14745600, 29491200, 58982400)
dev.null <- 358759.0022669336
df.null <- 35567
dev.resid <- 226595.8907619569
df.resid <- 35402
df <- 165
coefs <- c(6.74876922960268, 5.71826791488101, 5.715391276208094, 5.451255525929853, 5.0179785953954985, 4.863043642140523, 4.7907384817906715, 4.656819787495287, 4.366849698505521, 4.287866293402696, 4.335907308304042, 4.166436584359208, 4.027263509250627, 3.9690067192960155, 3.7357467798459147, 3.5071114887076433, 3.2505204496593203, 2.9708410192021004, 2.472528556994248, 2.046608850533847, 1.610956791085359, 0.9394318284553947, 0.9775561323315823, 0.11073184450195357, 0.5340831379539313, -1.1122708780249442, -0.30852307422565717, 0.8663127308494677, 0.9109303220774175, -1.0099260814989883, -2.1221085155631068, -2.322075657507496, -0.25247001494558613, 0.7895548578779995, 1.2864735344719402, -0.9020923881149537, -0.7334374143067994, -1.1338023656995995, -0.3102182218534166, -1.22581778968603, 0.8106802232469982, 0.8386396490283365, -0.7751648912549788, -1.6932997359265294, -1.1930305267136347, -0.814729765396169, -0.6738432210864892, -0.10307744167958145, 0.41075629461571445, -0.711954637446864, 0.31730587694053186, 0.971787491205788, -1.686312169203968, 1.688300587089802, 0.6861443551265488, 1.09987178300661, -1.7973072520003228, -0.31802704922684005, -0.6403087808894973, 1.4126578248052786, 1.34208818491518, 1.1035578819287626, -1.7890653659721, -0.5221520291604169, -0.51974509883569, 4.0993157675052766e-2, 0.5755958805492437, -0.3306610516866587, -2.087820656931966, -0.5252543135017309, -1.8620225158157575, -0.33151787559434925, 0.7793005802239279, 1.030548813438581, 0.6974429308285204, -0.8582988530935104, -1.4570158524106145, -1.6012489901440174, 8.71715934960287e-2, 0.6502707087811915, 1.2130299105447229, 0.1324499663699293, 0.30387921726454276, -1.6118682303303618, -0.8728476206857292, 0.47397659298574846, 1.19494540098776, 0.629644320128745, 0.7855111734565374, -2.0138396406442616, 0.3454672189792264, 0.8629928528717205, 0.7994258730822124, 0.27143917010496604, 9.877136067640589e-2, 1.20094550793604, -0.5832822560580888, 7.495453590673043e-2, -5.487397338537726e-2, -9.979049857907174e-2, 0.46966285152818493, -0.37517126063463474, 0.7806940461472729, -2.252967520886508e-2, 0.808752989597333, 0.8353597180269584, 1.1144666514135582, -0.565177201517225, -0.2949745219035343, -1.3724691555068187, 0.34064847532941134, 0.6622280023282686, 1.4552210868671345, -0.5162325292597005, -0.27545059001290273, -1.301624917243273, 0.8921292376162029, -0.2652520489560732, 0.5331328376388464, 0.425608846058874, -0.14307149662435198, -0.5272920602322291, -0.9882128665963127, -0.45563368527383774, 0.30594663166037633, 0.7427493446785767, -3.583858166519597e-2, 0.9150933119715536, -0.4308925781618847, -0.4014650526053488, 0.24913917038795555, 0.7269407149084932, 0.8891175145950229, 0.5968307629839859, 0.1222926341613786, 1.0805405277386633, -0.36243088233979387, 1.1145267172794635, 0.744363962272219, 0.8867274879508074, 0.8860870133672143, -0.5854226822646643, -1.4406240830245143, 0.5817456508779921, 0.2648679807272057, 0.6012850542882818, -0.2773989809108441, -0.5680405380779343, -2.111961428101596, 1.294738675749799, 0.13198243069553714, 1.183269421589791, -7.285031635453253e-2, -5.80846288843805e-2, 5.337969663145034e-2, -0.944897251852176, -1.5926003834524896, 0.9766354553784212, 1.0556571646960984, -0.48077967838012525, 1.3995131420549771, -0.20352962931948784, -0.14285690876984292, 7.19654714011701e-2, 1.2349463209002387)
