seed <- 425
log.wt <- 0.0
penalty <- 2.8115950178536287e-8
intervals.send <- c()
intervals.recv <- c(56, 112, 225, 450, 900, 1800, 3600, 7200, 14400, 28800, 57600, 115200, 230400, 460800, 921600, 1843200, 3686400, 7372800, 14745600, 29491200, 58982400)
dev.null <- 358759.0022669336
df.null <- 35567
dev.resid <- 227064.31927802096
df.resid <- 35402
df <- 165
coefs <- c(6.34140285762223, 6.017508674929755, 5.543627369547709, 5.385212498806186, 5.05673706862433, 4.76775019392525, 4.706185547421168, 4.635081228668753, 4.298779137915456, 4.21267277808296, 4.257315170418466, 4.116703948927432, 3.9813440515725973, 3.933097328847533, 3.7273429950470995, 3.494228293230234, 3.221139212550157, 2.917070357958697, 2.4710314708353245, 1.9628309067665042, 1.5752627553806349, 0.8845730769957946, 1.0093426912536767, 0.4942025159703262, 0.6806292954738432, -1.3095820446734776, -0.3811991367297106, 1.1484298377827882, 1.034588876572551, -1.2110907914427678, -2.4594436402699436, -3.023533477129608, -0.8158482163283715, 0.7356147092895805, 1.3459480179168541, -1.4510083066205155, -0.5934404926707628, -1.4652766773043453, 9.628035181651913e-2, -1.2969141141222131, 0.9725788939092215, 1.024814532765534, -0.6959342795753691, -1.7419407573940748, -0.9822079675121527, -0.632766444400255, -0.19026764097315385, 0.34491605326728114, 0.1566171597568344, -0.27752991465757815, 3.401795232003014e-2, 0.8720495350398403, -2.3767460873372603, 1.6435033068369613, 0.8303304890856527, 1.1344905529000928, -1.9772177064008614, -1.6072008269084448e-2, -0.1243252970164048, 1.4251832057160518, 1.4381612923443614, 0.8221829189053724, -1.6806752446838076, -1.3183692460553091, -0.40992131234678963, 3.507538505960704e-2, 0.6613122055372683, -0.38170007649531607, -0.6030607569002654, -0.7333628095107666, -2.6487309388977063, 0.17230488863633583, 0.6475881290111556, 1.0243936967732068, 0.6991592846098906, -1.0415060995341594, -1.307097651089749, -1.7794839831849782, 7.547468773872795e-2, 0.6737423904759369, 1.1146194133031326, 6.007602864121635e-2, 3.3754860304277046e-2, -1.9271722465532917, -0.1337284351562111, 0.45407050278385486, 1.2389384659762381, 0.3736847039825486, 0.8567786710724142, -1.8052379530031977, 0.5877078837447025, 0.5812334034606609, 0.7770334489404115, 0.39116255887565154, -9.802625257180807e-2, 1.325928442226128, 0.1374033638305214, 0.42469751126767497, -4.427804497853734e-2, 0.1881551072431987, 0.1400623678557095, -0.4381466155724675, 0.7496181141594749, 0.48048127698634174, 0.6639311848334658, 0.8168006757224859, 1.1540561624722325, -0.34467078895563663, -1.2623474419019558, -1.156767320091846, 0.3468838962261904, 0.5879613824164206, 1.5836139030302006, -0.25235453328595886, -0.3241429050910748, -1.1625135810223104, 0.7898009197940705, -0.2980779313863895, 0.6067629898484038, 0.6951181415380837, -0.7352077507220552, -0.4076977458680436, -1.1185665240723168, -4.363401593766148e-2, 0.1821024222724801, 0.8601610673965158, -3.2109138195493214e-2, 1.1686874594446037, -0.6193421061103883, -0.4201013328899846, 0.2340658922318816, 0.9022045553454295, 0.6958514213624036, 0.4382308242533474, -8.348067054509346e-2, 1.1577261497034468, -0.4008667489002839, 1.0070110902458642, 0.6887173024545662, 0.9983070186520474, 0.6777968710308178, -0.7171376770237712, -1.2023476703402372, 0.6220622686812474, 0.3492201037031876, 0.5736010923740317, -0.2540649051430124, -0.4174265887591336, -1.8570894669907234, 1.1871081194920157, 6.203249245036745e-2, 1.277182728955343, -0.19058621567837056, -7.070884604458831e-2, -0.12023281422804288, -2.2590687292514633, -1.380746645031327, 0.8796771562378453, 1.1469845752035153, -0.2101566517597922, 1.5819961319521312, -0.27135962530724544, -0.14356321203887762, -4.436938833718168e-3, 1.1650811310285472)
