seed <- 605
log.wt <- 0.0
penalty <- 2.8115950178536287e-8
intervals.send <- c()
intervals.recv <- c(56, 112, 225, 450, 900, 1800, 3600, 7200, 14400, 28800, 57600, 115200, 230400, 460800, 921600, 1843200, 3686400, 7372800, 14745600, 29491200, 58982400)
dev.null <- 358759.0022669336
df.null <- 35567
dev.resid <- 226320.52495714457
df.resid <- 35402
df <- 165
coefs <- c(6.831338469283656, 5.908173245731255, 5.548959477829225, 5.447108182871811, 5.077923272925687, 4.929995112314794, 4.78096241517058, 4.584533114558874, 4.3499969979733635, 4.28542156560067, 4.316659758792503, 4.159411609172378, 3.9827952923821845, 3.9191705335751057, 3.7538410758545444, 3.511561391785093, 3.261291383132708, 2.9046854093220404, 2.483410393353125, 2.0646037957195715, 1.6639263774911481, 0.9259954004562938, 0.951546876352593, 0.3982851783254169, 0.4778784167386185, -0.9199879745603255, -0.29448266930320466, 0.9376468616182511, 1.0547921327596677, -1.3015328234714312, -2.7158958797213413, -2.512817179059447, -0.3073812862856046, 0.7309532785617769, 1.2044431535718245, -1.4109693775361205, -1.0678390299479845, -1.3015294656169873, -2.0642383275696258e-2, -0.9740122055224558, 0.8852550277126698, 0.772799182200527, -0.8659377008461426, -1.8902780831066974, -0.9429926025762644, -0.7283430377032407, -0.7411628756366226, -0.5842024432144362, 0.1558934392078051, -0.632708893461457, 7.146973353119156e-2, 1.0824644389604177, -2.330990304200391, 1.6940153306309833, 0.7765739112024362, 1.1134739935229734, -2.116146727598882, -5.6914489841733376e-2, -0.33005237329610376, 1.348515297905886, 1.5514310946240286, 0.6253750682062986, -1.7982980900065912, -1.2524177044975786, -0.7377730863280504, 0.2990873005501426, 0.6594655967565618, -0.3789527545851058, -1.274352682727662, -0.6174067650405144, -1.540011262031903, -9.353582576382391e-2, 0.37397545102849195, 0.9253402373472323, 0.8226401948469229, -0.8709454904952304, -1.2083877970816252, -1.0931808147466116, -0.13339805192454163, 0.7614420041878942, 1.1848056521203645, 7.529120969153931e-2, 0.13962620082870944, -1.6406212965878846, -0.46924427894805676, 0.456170769666477, 1.2112494847149986, 0.5880060816985463, 0.8598047930886873, -2.4926409285670053, 0.5107584925852588, 0.9228181635864029, 0.8466465312778501, 0.3992304364757661, -0.3364943366913306, 1.3206353741688754, -0.6165996259114574, 0.14073476334634774, -0.24838176704805565, -0.69604560308712, 0.4149167563885362, -0.4322049075189751, 0.9213346733984235, -0.15088705541442174, 0.8231873255091458, 0.8562534733909979, 1.0517407329050323, 9.811294201977878e-2, -8.156054216314211e-2, -0.743106034077689, 0.3766439295452473, 0.8385284465571602, 1.5653466209384024, -0.31797719292339877, -8.510901441675382e-2, -1.1401511984913684, 0.8157585514547889, -0.4044672530279781, 0.4259240843912222, 0.6377901506452868, 8.191855312669546e-3, -0.26394519410860545, -0.982712365637986, -0.41322880114827987, 0.287966155889163, 0.9498427506361443, 2.9879073793504355e-2, 1.0233578702800021, -0.9149413723792705, -0.39849948459603907, 0.2866223747068394, 0.7736618188245427, 0.9379046421342279, 0.3834530866165177, -0.10514285404918897, 1.2471032935805522, -0.40010125081007136, 0.9923460006039235, 0.7689256378722922, 0.9766178248452778, 0.7315513664233979, -0.6659527316833074, -0.8776770804117832, 0.6454668574457233, 0.3929819306729727, 0.5131691194628534, -0.23996429607458822, -0.40613217622409226, -1.928419969098067, 1.2132465611908851, 0.17662698256755463, 1.252214324273237, -3.822002309563345e-2, -0.11614003668340452, -0.23450549468849857, -1.4931386762332302, -1.663013352748172, 0.8170345171793184, 1.2076210827568714, -8.096714144014125e-2, 1.537590920741455, -0.28380045858536834, -4.322372126721907e-2, 2.3162089961318338e-2, 1.1920852678777256)
