seed <- 340
log.wt <- -14.18318139692709
penalty <- 2.8115950178536287e-8
intervals.send <- c()
intervals.recv <- c(56, 112, 225, 450, 900, 1800, 3600, 7200, 14400, 28800, 57600, 115200, 230400, 460800, 921600, 1843200, 3686400, 7372800, 14745600, 29491200, 58982400)
dev.null <- 358759.0022669336
df.null <- 35567
dev.resid <- 227206.7274824607
df.resid <- 35402
df <- 165
coefs <- c(6.724752473104414, 5.7879023698984975, 5.657243920284584, 5.321369990633923, 5.158742624812159, 4.908693498876235, 4.711246523987078, 4.631297187712458, 4.386957171198321, 4.14338938006653, 4.307948810741326, 4.163520061052859, 4.017583930366751, 3.9246444461648218, 3.7394638521543686, 3.4913500106533233, 3.254076317803195, 2.908736369769822, 2.4818931096191728, 2.0950634179452194, 1.7799422733402028, 0.8935162611435092, 1.0870465325640053, 0.1906136442628089, 0.48088973422785375, -0.9393652573319593, -0.34104563924224807, 0.7833744066057644, 1.1360707917228645, -1.6118072573784228, -2.1727664520796393, -1.6600503704266412, -0.273370824688881, 0.7419265597855806, 1.2912990919669511, -0.8942392329463168, 0.15801701790800204, -1.0446219449945853, 0.3163713159565427, -0.6180573603998998, 1.0372102294873102, 0.830454272924015, -0.9781252837743352, -1.8004909751400695, -0.7695420015013118, -0.5654531181941553, -5.3848042834304215e-2, 0.5386092225312702, 0.5058628146714592, -0.401413841013181, -0.3930542409819096, 0.9717707291331766, -2.613783888774838, 1.6748070364223782, 0.7413038219655002, 0.9096199477374698, -1.4822478095615188, -0.4241165590269937, -0.8143773619281082, 1.711874693698743, 1.0466741326797753, 0.622778936701543, -1.9173773207909146, -1.106075173129672, -1.2977401627610714, 0.12943830299065848, 0.48204109259697697, -0.3158843470365238, -1.7845409448764618, -0.6011514068392382, -2.338604011234501, -0.4490467561730198, 0.6308416653389436, 0.8659282864861824, 0.7171896691269427, -0.4037540441009713, -1.3676135926258988, -1.1438755955398563, 2.4534548164986725e-2, 0.6093327751026782, 1.166174494024605, 0.13492151461259277, 0.24867053760970112, -1.779432702951391, -0.736509300323559, 0.33531487667369525, 1.2545433848274743, 0.359352029981536, 0.9310790939607871, -2.062014735642582, 0.530819273425138, 0.6509736850925865, 0.818435920747042, 0.351989854976326, -0.18426051224239262, 1.2242482290723298, -0.6397296137774587, 0.17508134626953567, 2.3249841301479342e-2, -0.12992198650738318, 0.5160449385946481, -0.1478363356571347, 0.9010201847896209, 0.29765855182892037, 0.6887409313957604, 0.8422448083638376, 1.1432556547731398, -1.2933095294369104, -0.3004017303841025, -0.6056874313667608, 0.35133159887037213, 0.5744002812975006, 1.6455339124143649, -0.49930335941507065, -0.20221062103447707, -1.319219556234738, 0.7159184589367211, -0.34963201971085567, 0.508113488578595, 0.6080258613877785, -0.4942604701775711, -0.48813838222475175, -1.3148755024707153, -0.6257818062688856, 0.3948914798850577, 0.84257500205745, -3.3034935060885666e-2, 0.8298853817185842, -0.7517144962018044, -0.5057946141748836, 0.23265515816305768, 0.8855164981688366, 0.7301436980696793, 0.28177586481852146, 6.621827363700801e-2, 1.0967809395241086, -0.30671715458571025, 1.0276018200970383, 0.7005236210687534, 0.8138322143860777, 0.7395000368987459, -0.5788155363680547, -1.0622025494833613, 0.7044416884646987, 0.14047379177917946, 0.37104498664691277, 5.616939268856346e-3, -0.43354449125185723, -1.6685455895839176, 1.2856098063313166, 0.19957434994853895, 1.0704085566699042, -0.22363789289716474, 6.036425543222545e-2, -5.774798593286766e-2, -1.4473016160788705, -1.5220017400122123, 0.827302559334884, 1.2318316804970189, -0.4685435248834267, 1.5935699422662455, -0.3256489571897794, -0.1936796000100779, -8.606586369821251e-2, 1.1562841277241656)
