seed <- 116
log.wt <- 0.0
penalty <- 2.8115950178536287e-8
intervals.send <- c()
intervals.recv <- c(56, 112, 225, 450, 900, 1800, 3600, 7200, 14400, 28800, 57600, 115200, 230400, 460800, 921600, 1843200, 3686400, 7372800, 14745600, 29491200, 58982400)
dev.null <- 358759.0022669336
df.null <- 35567
dev.resid <- 225041.1573023291
df.resid <- 35402
df <- 165
coefs <- c(6.623886502551819, 5.849743992205363, 5.607047130285187, 5.470198337930433, 5.062228967017051, 4.949454164906499, 4.7456248708223745, 4.673358731478866, 4.366619551063873, 4.2610097637765705, 4.373123852241242, 4.150582005918934, 4.055471800489778, 3.9680749923883116, 3.7524636613922966, 3.536516608442835, 3.2252296143471963, 2.966565396836097, 2.507903924267887, 2.040911520174658, 1.4992083137730923, 0.9014675577607184, 1.0098443320672308, 0.21911894199165857, 0.753457821743932, -1.3729608906434672, -0.17083168205670404, 0.9812560453338224, 1.090719330502605, -0.8748166807979431, -2.35833913436266, -3.0285936012222114, -0.44506456771386244, 0.7082156813122442, 1.1692323269318627, -1.223678033321212, 0.35076998616694016, -0.8837604358418121, 1.3510017350883794e-3, -0.4165006477267394, 0.9936776878815237, 1.1643109455377807, -0.6281193710255392, -2.154844396781716, -1.0258268789927873, -0.745728099161913, -0.48791897303556325, 0.3882927899787048, 0.12524477305791326, -0.8398780005998738, 0.3433028095286429, 0.9078997987562165, -2.834794241982125, 1.852196532164494, 0.8698954058706162, 1.1073022701667337, -2.4426250998218655, -0.2144056924921884, -0.2745132702005594, 1.1942150247085568, 0.35384742840012373, 0.8387066038113792, -2.2142419489868455, -1.4049043385387376, -0.5689115368109866, -0.31346762675853446, 0.5783443085586232, -0.3205316843221085, -1.0913114849257586, -0.5867493866917789, -1.716741302383428, -0.13359267526044108, 0.4573181863362672, 1.0923712884809558, 0.9618741991476473, -0.44032001905498347, -1.0822897577489854, -1.8809266938493017, -9.939920820473687e-2, 0.7893773737674045, 1.2285828070253417, 0.16352486135817776, 0.2544437461707914, -1.7059590933149291, -0.7992978894724156, 0.3710094853677538, 1.4099630207237943, 0.5088511320890992, 0.81222758514034, -1.8272147961191043, 0.28398605993825854, 0.808635314207177, 0.9322123522028762, 0.33438347013411596, 0.11042405432832086, 1.192606578232902, -0.13091963432071466, 0.30231256150530833, -0.1626691484785763, -0.3998215259862679, 0.3465841873102627, -1.1578081013388088, 0.8569517266965817, 0.362037982901471, 0.656773451119966, 0.8588177490716823, 1.00004225880566, -1.3399536687455653e-2, -0.13198200367412646, -1.125858765865362, 0.5689640556618939, 0.6690995275652902, 1.6257434835019233, -0.32635570736122915, -0.33165331939294623, -1.398354496709449, 0.8735159920522498, -0.2980213418179635, 0.3498000246393938, 0.5093144561619812, -0.44468028930667886, -0.3730617152590891, -2.18031770720127, -0.5148637112628129, 0.3835438399768799, 1.0127894040434435, 4.6107127439258e-2, 1.1361899674653335, -0.4774988150129569, -0.405782050614121, 0.11880505874485478, 0.8928127784764927, 0.7103345630309303, 0.6522234332026741, 0.10160044654491644, 1.0603101987923527, -0.30954503429825553, 1.1592973693069906, 0.7535467863472608, 1.0958543786406658, 0.7685909968728551, -0.6039057603625868, -1.3792644818270479, 0.7134142593958717, 0.1966093895903809, 0.500010216177278, -2.8164817289349598e-2, -0.41564259873192705, -2.028903994222066, 1.3546613865111727, 0.14495126796990648, 1.346671951733127, -0.23702252972067084, -0.11181698849632038, -0.1541537742414802, -2.0331454903621258, -1.4407023315525531, 0.8388862196642779, 1.3691697706707087, -0.5353638612352811, 1.5719484507490755, -0.16266603133885965, -0.11627164983466828, 0.2562549401536032, 1.259673776914632)
