seed <- 1007
log.wt <- 0.0
penalty <- 2.8115950178536287e-8
intervals.send <- c()
intervals.recv <- c(56, 112, 225, 450, 900, 1800, 3600, 7200, 14400, 28800, 57600, 115200, 230400, 460800, 921600, 1843200, 3686400, 7372800, 14745600, 29491200, 58982400)
dev.null <- 358759.0022669336
df.null <- 35567
dev.resid <- 225368.07760441836
df.resid <- 35402
df <- 165
coefs <- c(6.4457628947909145, 5.948392625631345, 5.670492013290575, 5.473521043562638, 5.0759929412520055, 4.83469736452506, 4.754391728935309, 4.68367416571395, 4.342988207559141, 4.235357225008074, 4.298932528313062, 4.206617729680912, 4.015110892483067, 3.9733773254261058, 3.7347812363880664, 3.5381334628034873, 3.2731724479153157, 2.968725252363936, 2.5002777136349557, 2.0093647219637183, 1.5849162015143556, 0.9193129154360965, 0.9670348729560249, 0.30985972204953954, 0.23045267582407516, -1.1941722472187821, -0.3127387979877224, 1.0873057991973336, 1.0176135541139582, -1.0043842795530018, -2.4524139847597666, -2.3026578180973796, -0.30820117656062207, 0.822655198427684, 1.2566754486807166, -0.6490088466264212, 0.1262055654186751, -0.21901823896322078, 0.12376292095556644, -0.7148759448954134, 0.8967749512804373, 0.8501466144222783, -0.5869363719945513, -2.0687821452054167, -0.46893858666433885, -0.8888658496849239, -1.4091520857434652, -0.34070282430177545, 0.554141715784181, -0.7404358954762044, -0.4663992460473463, 0.6553796481530006, -2.0961013240149757, 1.6788746997349215, 0.765100868704533, 1.1064757419232822, -2.093774159987303, -0.21474720060435232, -0.4180797197237263, 0.8139580594203641, 1.1408260726518236, 0.500016570336666, -1.6977169344482408, -0.7967504040221883, -0.7674297243649257, -0.1655410992870358, 0.6660234584708187, -0.394901126139512, -1.6081778385228456, -0.6333472881943749, -1.755515157303861, -0.2006910862353756, 0.5504224720476966, 0.9287470467817663, 0.829664677377022, -1.3269809567305526, -1.1952097601637193, -1.3975817848842447, -7.507867259153918e-2, 0.7971969823517167, 1.1543053864260941, 0.14040110744554335, 0.4138635115857559, -1.8401121779817549, -0.8674061374268184, 0.39715922379951857, 1.3745857386075284, 0.4233465644373445, 0.8533514365682202, -2.1073616077077935, 0.45474428922319965, 0.7679851544522052, 0.7696184153401154, 0.4235580228455376, 0.2157639287869308, 1.257120981226243, -0.8505908076960423, 0.2251303458990435, 0.26212053261237295, 3.9519374773658994e-2, 0.22328662797198706, -0.1741426545625283, 0.7704006318791511, 0.20988591916747104, 0.6495337593089024, 0.8592197195760589, 1.090704181556269, 0.6188656094985999, -0.14568407029961736, -0.8954604045139354, 0.5382307283244855, 0.7072356708383077, 1.5587693099363304, -0.3151162445092538, -0.19395146798639357, -1.5869463101427268, 0.8045570977381623, -0.2358142175339305, 0.4400784017334877, 0.5888978228829992, -0.6474202556787414, -0.6150964910206532, -1.7642478118337446, -0.22782901491204965, 0.3533914564956326, 0.8002878353450819, -5.254886637236142e-2, 0.9980272612356429, -0.6089149136168895, -0.36884841155277587, 0.43495496803260597, 0.7770373880544755, 0.9003810133803716, 0.3900261504050618, 3.6491243436708856e-2, 1.2308847223258874, -0.4483600256287303, 1.0063096298561547, 0.763724664153976, 0.9956144305544397, 0.7927855926179006, -0.7709253390502534, -1.0351489656285946, 0.5732429519033047, 0.5889041867332233, 0.4625018611132461, -0.15682755199443166, -0.7380398971475226, -1.9453759073573427, 1.1835167240926132, 0.12007975478817334, 1.2257282063686752, -0.2717081490907879, -5.259865711025596e-2, -0.20117938493215862, -1.9084675998902185, -1.5802324307388556, 0.7606020788574674, 1.2330745009977322, -0.33919556201780077, 1.5492894051628077, -0.3550078329473389, -0.1791443035151596, 0.25237370353175986, 1.188914573011511)
