seed <- 428
log.wt <- 0.0
penalty <- 2.8115950178536287e-8
intervals.send <- c()
intervals.recv <- c(56, 112, 225, 450, 900, 1800, 3600, 7200, 14400, 28800, 57600, 115200, 230400, 460800, 921600, 1843200, 3686400, 7372800, 14745600, 29491200, 58982400)
dev.null <- 358759.0022669336
df.null <- 35567
dev.resid <- 226948.90423847543
df.resid <- 35402
df <- 165
coefs <- c(6.637271867857028, 5.988422853133266, 5.686880503481969, 5.284607844275018, 4.962650204770027, 4.797606602050915, 4.7801894504375815, 4.674587664850142, 4.360676046869715, 4.26638791463739, 4.276904058659893, 4.131412053197877, 3.9246530616710795, 3.946940933265428, 3.7329729134523464, 3.5017191912547383, 3.250809517712325, 2.9280067849448006, 2.495781302438714, 2.063872466798572, 1.5364879864172574, 0.8340105436892756, 0.963793353351484, 5.768652958914808e-2, 1.4444134900387965e-2, -1.0314746749774957, -0.19036044290483414, 0.9706521398006369, 1.1284374519993172, -1.0183439095613314, -2.97523790847803, -2.1581973999205344, -0.3376819129701668, 0.6895463513892266, 1.154220127883509, -1.4103529348751824, -0.8051056238779839, -0.9310159814509721, 0.20028497436080245, -0.24273251029909026, 0.9919764194791676, 1.038823086392926, -0.8053511261488716, -2.3531942791343314, -0.928933333445119, -0.8904507042762853, -1.0769043113796648, 0.13413031454254523, 0.4021989291489983, -0.517294082711734, -0.1363206319612389, 0.9919978883580972, -2.730562112449891, 1.6722825070672978, 0.7797615631074152, 1.0613272773565317, -1.1050424164037933, -7.67518912487282e-2, -0.2533207276952825, 1.0637510937666732, 1.023933016961858, 0.911470813884783, -2.1878225249821157, -0.9163114201589978, -0.6861371115459116, 0.25101335359296173, 0.569770611919106, -0.2615887136994681, -1.1430108348375467, -0.4862678756134325, -1.6617376000102375, 0.13924182071775676, 0.7377053288696501, 0.9112966216298517, 0.7244675646731018, -0.8416802756764463, -1.2008039360736165, -1.635207181217879, 3.762218755139682e-2, 0.8022025657806647, 1.0111621444587702, 9.610348096499903e-2, 0.22351796319384024, -1.1679752657399427, 3.718066074523856e-2, 0.45394498598339483, 1.2860867815753003, 0.3625357327047061, 0.9791368107219623, -2.4820732574053714, 0.5661770788869748, 0.9866684317181974, 0.6819356542149342, 0.5363310287749842, 0.18975995773067872, 1.0315012673528168, 0.3546729113928885, 0.3539252552624858, -0.17535962447187534, -0.30993597929964956, 0.4084273635140836, -0.30012832557101154, 1.0240332394186102, -0.15674722958538498, 0.7461669464060139, 0.8444772540700661, 1.1144343869316693, -0.1675894789749936, -0.9062384713290785, -1.3617412035202425, 0.5224603991591378, 0.5219793718850524, 1.6267501637929371, -0.4438132833888027, 7.153956642944723e-2, -0.9851111318650067, 0.5718023995550533, -0.39668564779007215, 0.3670997336128668, 0.5643742195892051, -0.8842241616904979, -0.7755485258591513, -1.1382415833988742, -0.37240311468155607, 0.2883585738662451, 0.8959856890779085, -0.10533816051628422, 0.9699871447129854, -0.8755394520691284, -0.4388713401199517, 0.37195936899632803, 0.9390657520464435, 0.7326969969433835, 0.45379561987402844, 1.3628450249761117e-2, 1.0300015541874028, -0.36453937808953796, 1.054095481382587, 0.8056787004138858, 0.9809656259040223, 0.6279034610523875, -0.6558952996136143, -1.2361152029911948, 0.7417781480300658, 0.20731593883921753, 0.6199055611304658, -0.19814074171547738, -0.6913122838024837, -1.9799702653854365, 1.2426043246633924, 0.13478573611407696, 1.246480077204362, -0.27792051682145275, -5.554590022639839e-2, -0.15670704962405427, -1.9256114660445547, -0.9145796609040455, 0.9127356107545548, 1.279317379416266, -0.5027911030176713, 1.5389260201704276, -0.2752384850327267, -0.10344148869770046, -0.1327923684721007, 1.0291578608599634)
