seed <- 363
log.wt <- 0.0
penalty <- 2.8115950178536287e-8
intervals.send <- c()
intervals.recv <- c(56, 112, 225, 450, 900, 1800, 3600, 7200, 14400, 28800, 57600, 115200, 230400, 460800, 921600, 1843200, 3686400, 7372800, 14745600, 29491200, 58982400)
dev.null <- 358759.0022669336
df.null <- 35567
dev.resid <- 225702.04187561796
df.resid <- 35402
df <- 165
coefs <- c(6.66690023445655, 5.713906653188551, 5.535978980172656, 5.201576198876032, 5.151654248176985, 4.928030411471255, 4.68785012815679, 4.663738578348491, 4.380499920660883, 4.251519009189033, 4.28295110982711, 4.176602921931583, 3.9958773514946753, 3.9376205952245837, 3.7613161943959863, 3.540327992399478, 3.268516158292689, 2.9637471448701698, 2.5104909468204255, 2.0594713222868384, 1.5044417525309943, 0.9073863684703947, 0.9592107726223087, 0.2508835536708606, 0.4192893826151151, -1.4429991129391644, -0.4380629749830834, 0.9593668580893314, 1.0873258460958715, -1.313236337510083, -2.448704306403274, -2.3537749347861854, -0.23468589763370462, 0.7097194331382182, 1.2240126575355106, -1.1304142769304588, -0.7214605090748614, -0.5445367026721448, -0.15182603862984556, -0.6036835555969237, 0.9504848339440157, 0.5332414182125176, -0.629443052448183, -1.7441030723494946, -0.7797560823321722, -0.7511319380440332, -0.8389342125432575, 0.23772996136973912, 0.6610886194959903, -0.9365823436284436, 7.813055208515195e-2, 0.9353832489355816, -2.2565619217590673, 1.7115902754794539, 0.7080854935340098, 1.1022187342913323, -2.0556289403712067, -4.123493880481265e-2, -0.29605873269814414, 1.4467236469322584, 1.1127346181777358, 0.5753326634213113, -1.130284336576018, -0.5354349405400152, -0.660651479331246, -0.10953531849480005, 0.6015409204955228, -0.7358894859049891, -1.4096010838960358, -0.7172252186875455, -1.732376011814532, -0.38705823814361107, 0.5974971890916253, 0.9332232003924107, 0.6741689442064309, -0.5986976818818049, -1.6113813319818249, -1.3127297884277709, 3.522320118186445e-2, 0.6182768627786869, 1.212935908989124, 0.2602189800520041, 3.836984276332604e-2, -1.640392959023021, 0.2917963500516511, 0.33477342455392634, 1.2097195130266918, 0.6381652711128524, 0.8538531600045618, -1.7602480279359882, 0.451409568349945, 0.8168996691369448, 0.7993384963344885, 0.39441651858191396, 9.981139702913076e-2, 1.334332843809401, -0.5673084324783356, 0.3998922465260747, -8.169777640219181e-2, -0.43607722395206183, 0.5356618288740058, 0.15582157333051058, 0.8600655586627322, 0.21196103730045845, 0.7576493745943973, 0.8506134554946099, 1.14147582036621, -8.025836654207853e-2, -0.7525436315924542, -0.6620644521950069, 0.31637484550618106, 0.5452606503268543, 1.5548395831849353, -0.6678416233309853, -0.2363283087377455, -0.8142226599988024, 0.7523455761355832, -0.36973967172964656, 0.49921916089316837, 0.5963555292198166, -1.295474835479556, -0.43894289125784497, -1.0926106238318676, -1.1972916753153329, 0.2898189692041841, 0.7636234303252255, -0.17575070258666275, 1.0093731259681853, -0.7435709245093395, -0.49287714171822966, 0.28251256791928125, 0.8337148865929495, 0.9046930785620716, 0.364385748835763, -0.11858852514675189, 0.9616898224297841, -0.31464799494759343, 1.0340010224671463, 0.7558129251988539, 0.876748081290062, 0.6863925261964098, -0.6255129397941577, -1.1536144868171736, 0.45001660778186514, 0.5611184128679542, 0.6077722650211261, -0.37248479473695834, -0.3209951983786159, -1.92180233319989, 1.2262444196400555, 0.20729899664594023, 1.122527200122561, -0.21252342194610946, -0.12463290695870076, -0.22362877525578914, -1.9116331887377556, -1.2114302422369572, 0.8097459539420276, 1.1071612154822288, -0.34768557522964333, 1.493060839912042, -0.2609310437553541, -0.12921029389302288, -0.11001455784880836, 1.2271044684386105)
