seed <- 845
log.wt <- -10.668134847218024
penalty <- 2.8115950178536287e-8
intervals.send <- c()
intervals.recv <- c(56, 112, 225, 450, 900, 1800, 3600, 7200, 14400, 28800, 57600, 115200, 230400, 460800, 921600, 1843200, 3686400, 7372800, 14745600, 29491200, 58982400)
dev.null <- 358759.0022669336
df.null <- 35567
dev.resid <- 225849.8270824171
df.resid <- 35402
df <- 165
coefs <- c(6.5197766999045665, 5.988939583125105, 5.768077958883744, 5.428461712649368, 4.982501576826102, 4.868552054768296, 4.784409332879924, 4.597213910992458, 4.3282862621816465, 4.29856802456872, 4.311083923661392, 4.177849808326596, 3.9884216029841375, 3.972956092263941, 3.7470444263987783, 3.5732813330579423, 3.2064750132532596, 2.9188278175093942, 2.47540440004899, 2.049901072426254, 1.6453834574495032, 0.9035972334576515, 1.0694730072878922, 0.2421870066131282, 0.4411705268471153, -1.3083654307189174, -0.41251271352222, 0.8497879735292566, 0.9587221992343209, -0.8868692402526522, -2.6027533162666803, -2.149353585681508, -0.24604007247979956, 0.712985457691578, 1.3876155032870667, -1.1380463942345722, -1.0271346365402085, -1.222565410379918, 0.11724563350852521, -1.2937933658614518, 0.8989981617114242, 1.0139174281689438, -0.8581088287816024, -1.8904553715544568, -0.4906728693018372, -0.8965970220760185, 0.26267034030013087, 0.46799085280575714, 0.6957425711968076, -0.6323568890723805, 0.1798402346701616, 0.8895125660021416, -2.1504995199425623, 1.8029521871329395, 0.8857694817485302, 1.0516259052308845, -2.1791019800809264, -8.331602353245372e-2, -1.1786552078834236, 0.7937293738518884, 1.2632253734092818, 0.7189373489244753, -1.475166335099715, -0.4067924781509496, -0.5021478856922895, -0.24127839238424806, 0.6372829189637033, -0.37159706003410153, -0.6824536532159274, -0.6365940642500277, -2.0103850637291365, 4.266903135795313e-3, 0.5929323242314111, 1.0916058225291767, 0.49330757513866913, -0.6346806277923616, -1.2452964528624688, -0.9411075529051963, -0.13446320909758547, 0.7069082898480437, 1.0533449563627242, 0.17731320056700278, 0.3189806316979153, -1.6109044433654305, -0.9184679095672276, 0.299849960005976, 1.1255548816344576, 0.14085718188405888, 0.7807266295815369, -2.2968539933686594, 0.6065840491857494, 0.7489750460954266, 0.6765565352197116, 0.364117201726184, 7.922845154391545e-2, 1.2010151054875695, -0.6120092452927375, 0.2533608960879156, -0.1701229417328912, 0.16977911115362793, 0.3572642275506658, -0.6228288415612326, 0.7580774631192506, 0.346528644273034, 0.36377625286350257, 0.8131884688275862, 1.1995176833763719, -0.20695118105402313, -1.3316486201681153e-2, -0.662146382815382, 0.349405786495207, 0.721382087802965, 1.5214343469218905, -1.08471719629719, -0.16364121032679219, -1.6217038297333832, 0.6703120213141515, -0.31860703600817686, 0.23025269056012343, 0.30321938980970403, -0.6934822549162134, -0.40177767001452824, -0.8464826510592102, -0.5714938024217584, 0.34362712779136073, 0.9676008844678362, 5.016392622329524e-2, 1.0284798393190573, -0.6194144509192652, -0.3903460953360989, 0.18432858556087867, 0.808395972159881, 0.8191403191770662, 0.5025745001249122, -0.11135479267792675, 1.0103745540547637, -0.4820194980870275, 1.1959249620917654, 0.804874729387513, 0.9170894426772236, 0.6460180270221867, -0.6576765027808551, -1.2609972009882924, 0.6273133760688353, 0.4366187952664336, 0.5351235176431096, -0.382032074309272, -0.448487002769408, -1.9625489084900296, 1.4138341753109713, 0.11839581494318417, 1.2245292975193411, -0.2641129753464059, 1.193518171333958e-2, -0.2820294210134598, -1.492215961278562, -0.9844193776100589, 0.8257597376855664, 1.1323173969541487, -0.42644619743089085, 1.4817395722830724, -0.3205744204034439, -0.10218181909851723, 8.973382040443699e-3, 1.0717882085618877)
