seed <- 584
log.wt <- 0.0
penalty <- 2.8115950178536287e-8
intervals.send <- c()
intervals.recv <- c(56, 112, 225, 450, 900, 1800, 3600, 7200, 14400, 28800, 57600, 115200, 230400, 460800, 921600, 1843200, 3686400, 7372800, 14745600, 29491200, 58982400)
dev.null <- 358759.0022669336
df.null <- 35567
dev.resid <- 225893.41502715935
df.resid <- 35402
df <- 165
coefs <- c(6.49089583618485, 5.912771524295632, 5.669433958612183, 5.4907744929865565, 5.098139321829777, 4.779849246782669, 4.761335594697915, 4.609825032837617, 4.388141780751182, 4.262830906516531, 4.252053298178116, 4.182993118900496, 4.054932684376274, 3.9591532426336125, 3.7430585340946037, 3.527256474749266, 3.261524999976041, 2.9193184043516083, 2.5145738714474364, 2.081433713702855, 1.4556323434592877, 0.8619672338798399, 0.9951092424185295, 0.6492560692053535, 0.5905259863113278, -1.0682901466635752, -0.14817192938376458, 1.2035940164596768, 1.0701781820090532, -0.7744528153340834, -2.150380439222006, -2.4246380135515104, -0.2619061915996161, 0.7302590046888042, 1.3343399131517393, -1.433816899176892, 0.11033305055822401, -1.1391902799995772, 3.6026777826997924e-2, -0.32905522878066734, 0.9393131592202074, 0.9380760921157388, -0.9971000704743386, -1.6036186358421374, -0.6675932499996146, -0.8494666864314067, -2.9385355012198834e-2, 0.4608033019929535, 0.4910093802135778, -0.4869814109827676, -0.6010040365580724, 0.9340891737545908, -2.5741941005755606, 1.7061086816001485, 0.774432022810598, 0.9054043700832806, -2.459688268399595, 4.464893874725087e-2, -0.16534928791026637, 1.4884687708606104, 1.355580532417817, 0.7456824975191949, -1.951304601910428, -1.2869128675764117, -0.5038304831057844, 7.367075098094558e-2, 0.6991821527431372, -0.4736772364686829, -0.8021016409613662, -0.6520630693199928, -3.0545256802088385, -0.6487027366052682, 0.33044975493235146, 0.9571134991129474, 0.8236171692967297, -0.7823869908461512, -1.2600646037201955, -1.6361866681617585, -7.928035256600006e-2, 0.6766163496595631, 1.1526037934847364, 0.23099122574541034, 0.34576183661953513, -1.4352749705314034, -0.3803141849906678, 0.3691660296285557, 1.3984124636808, 0.6074638166889116, 0.8777245950179197, -2.516077953919477, 0.3951588686213551, 0.5492059420759112, 0.7757803826456058, 0.38245810862390156, -0.3182701879222938, 1.402362414905276, -0.1675250417373745, 0.633429345400977, -0.4393547040061514, -0.7094769627344801, 0.4109799986314713, -3.328644515360795e-2, 0.8322150984142322, 0.18573495070977344, 0.5556071304124273, 0.7878882689423626, 1.2292212085265708, -0.4531573061122289, -0.5518494541927417, -1.2103467388416296, 0.5283086807475483, 0.4416050807883999, 1.5757959528259013, -0.4423271022095318, -0.278947784506925, -0.9302391556153269, 0.762538113784489, -0.19115687927103628, 0.5613925638627738, 0.5525184908106746, -1.5087565795788662, -0.5201636979533989, -0.8512280496739401, -0.30938372885979293, 0.3155881621227988, 0.9392197330733927, 8.399816857656504e-2, 0.9570477806102866, -0.8345127255463474, -0.42910206128271267, 0.25153164998344135, 0.9658694461322717, 0.7136385923703903, 0.3851066425667966, 0.15804227363423892, 1.1848070056338416, -0.3694985916610062, 1.0138717543702613, 0.7369847728033923, 0.9238186546721455, 0.671411446692501, -0.6950722323906261, -0.9731277090654659, 0.6700604135380456, 0.1523935266703406, 0.5536652187278999, -0.23556343265916363, -0.4844167090367706, -2.0326083159782247, 1.2785499671745493, 0.20130736177981115, 1.1871701222849516, -5.204520592771687e-2, -0.22135185193184279, -0.17669819444351897, -2.2183869950194324, -1.135485562974386, 0.7808090414845538, 1.2822193890051905, -0.46992660549109155, 1.5506160452133126, -0.5471659945367483, -0.21756979897992815, 4.717487138174082e-2, 1.159906415414462)
