seed <- 744
log.wt <- 0.0
penalty <- 2.8115950178536287e-8
intervals.send <- c()
intervals.recv <- c(56, 112, 225, 450, 900, 1800, 3600, 7200, 14400, 28800, 57600, 115200, 230400, 460800, 921600, 1843200, 3686400, 7372800, 14745600, 29491200, 58982400)
dev.null <- 358759.0022669336
df.null <- 35567
dev.resid <- 226833.99229465306
df.resid <- 35402
df <- 165
coefs <- c(6.519394839700925, 5.636093180142412, 5.751630248347971, 5.326787010809675, 5.172538846288658, 4.883899301953983, 4.8045907127721525, 4.619882081796306, 4.3487615311758585, 4.228304659742445, 4.25431997841038, 4.152213653027187, 3.997517355033978, 3.983207969039091, 3.72649120271681, 3.507643945676516, 3.243892739784186, 2.9369404991862718, 2.506867732321631, 2.078314266797823, 1.5529770200804842, 0.8922809747252278, 1.0755949525071309, 0.4561513785638063, 0.4644800098066005, -1.2367076207574856, -0.28081177416739145, 0.9098443035382258, 0.9602665646741466, -1.0379383008368568, -2.3356339012882747, -1.9084730541811508, -0.5412182980216129, 0.798708527966246, 1.2401055878691043, -1.4010558155655344, -0.8411668529770169, -1.703524686835347, -7.25603555231381e-2, -0.6008495005793496, 0.8480029961303653, 1.0938219156939284, -0.5943104729843922, -2.2278180628465187, -0.580142910077329, -0.5569501315465714, -0.5451202645593466, 0.2726112578037629, 0.33765062696975184, -0.4481988394723256, -0.10103184072730519, 0.9331411440090963, -2.3946351839548656, 1.7259690608410883, 0.796868924745221, 0.9800409736381945, -2.179186841984764, -2.478459605903481e-2, 3.8232560330634914e-2, 1.1644372276960724, 0.969180600101176, 0.8253364411136724, -2.2675720543048317, -1.1112463612165393, -0.3379478858425028, 3.4893758555807695e-2, 0.5839628867406895, -0.47925161413053957, -1.166709030363231, -0.7053691760311193, -1.9011087750551094, -0.1746177384791566, 0.5472687699783508, 0.974497158425406, 0.6753265248979564, -1.2755176912489445, -1.2770923657321729, -1.16328698203158, -3.3064017134326745e-2, 0.631085396153048, 1.1580411855698034, 9.804703639026267e-2, 0.25877192429176615, -1.842466084077417, -0.5180668440146414, 0.39702917580189606, 1.2504049872348584, 0.3426728653642242, 0.8201717391661887, -2.104931248344737, 0.4720129852831639, 0.6272128167114162, 0.8050729469151998, 0.41312717994502257, -0.7315571452097841, 1.349229674599331, -0.11119752580713993, 0.37467634507543224, -5.159589417992065e-2, 0.22013478650121784, 0.3075779607272189, -0.4033062150259947, 0.8015547698137818, 0.40732418824058725, 0.6329584185761916, 0.8122248562043125, 1.0827968268317048, -0.44332508496865447, -0.7477989987589297, -0.7199265593864417, 0.4123556303500579, 0.6333787944189181, 1.530655093728771, -0.8859364300176401, -0.25962007867676445, -1.09883723162424, 0.7432071081168146, -0.4033685711529929, 0.5672507080935993, 0.6771869984302503, -0.3808727956585104, -0.2226978021389032, -0.6581231951171874, -0.603607195485231, 0.31501136692317216, 0.7887705822637, -5.480792969147622e-2, 0.9059209365433583, -0.6042482440961059, -0.442934015394214, 0.272266705369753, 0.9919223103453418, 0.7752073913176801, 0.3824927158045506, 7.978377556248402e-2, 1.11635261789747, -0.3995877492839882, 1.0286692343632575, 0.6393330713530098, 0.9053760509495614, 0.7957561322714775, -0.6937980997247435, -1.083909322322504, 0.6294394124626175, 0.2929028675563455, 0.41209922495003726, -0.15045662913865385, -0.3225052086538258, -1.859630812924445, 1.252464205126903, 0.11114206412184138, 1.1487615869899943, -0.2055571996046954, -0.18718398532258457, -0.2733237581469985, -1.679513536810448, -0.7875872485136667, 0.9649244474195563, 1.1642808251129724, -0.24179855454523724, 1.48720827638848, -0.3291895805878696, -0.12743830228255215, 0.108658013556264, 1.1420267326983433)
