seed <- 522
log.wt <- -15.54504120515891
penalty <- 2.8115950178536287e-8
intervals.send <- c()
intervals.recv <- c(56, 112, 225, 450, 900, 1800, 3600, 7200, 14400, 28800, 57600, 115200, 230400, 460800, 921600, 1843200, 3686400, 7372800, 14745600, 29491200, 58982400)
dev.null <- 358759.0022669336
df.null <- 35567
dev.resid <- 226869.94767340418
df.resid <- 35402
df <- 165
coefs <- c(6.316936882929373, 5.778362586599746, 5.782370465967489, 5.390740812337207, 4.930572767441398, 4.927270421597855, 4.7123047280048835, 4.666966906503432, 4.3499587349203, 4.291581638164954, 4.317309707741617, 4.178085854401301, 3.9992861556791706, 3.973210285260604, 3.735092140599053, 3.540424150259521, 3.2147490536845553, 2.9441170233534666, 2.44487394377728, 2.0526676616413884, 1.5579625169513656, 0.8960578085451483, 1.0397896898243166, 0.593362341118786, 0.3872599257217983, -0.9207798976917762, -3.741678185785175e-2, 0.7960314173596535, 1.12250528017726, -2.179387604873896, -2.362316087179511, -3.0916625394658457, -0.32648706151442647, 0.7960635040185146, 1.44911489512025, -1.4141464940404862, 0.11883916913814001, -1.4835935401210043, 4.8802425053208184e-2, -0.4369908639793397, 0.9514673409148643, 0.9897486103895125, -0.8277904314360923, -1.9870294525558305, -0.7250818805838593, -0.7352767763871357, -0.5046245762834991, 0.30702837634287394, 0.42268771702485336, -0.6180214820765285, 2.383528619812284e-2, 0.7196805349177675, -3.073987609849023, 1.760477574897476, 0.7710882224897454, 1.0199243866669245, -1.8036245335170802, -0.3002241372265413, -0.5960958896520324, 1.378968048012337, 1.1468835641066177, 0.7136584588313903, -1.8427700760237877, -0.9598559561839362, -0.562576227268522, 7.232147283999868e-2, 0.7187086494556292, -0.32501638227693397, -1.359664596519543, -0.47281328115186294, -2.42470931388337, 0.11881083717917516, 0.2841777681601424, 0.9299038639866581, 0.7274241055801784, -0.9363991524372596, -1.180652361503388, -0.8810630205172812, -7.579387939575784e-2, 0.771830809471724, 1.1366470861906963, 0.1316134990104377, 0.38356231813851294, -1.8256009676832996, -1.0767693577380937, 0.40373684582741676, 1.2048833050555503, 0.3960028413162116, 0.9269557458230357, -1.8523627307146135, 0.5515426106000125, 0.8632262315427074, 0.7327824267049912, 0.34397679208845633, -0.2036194518396732, 1.140118086810919, -0.7288666630824739, 0.6620874008468663, -3.8316643933272485e-2, -0.18272084396443328, 0.20512708450254966, -0.1833191855004693, 0.6261685039929077, 0.11282029389811851, 0.7241707706258594, 0.7868357345768515, 1.145058222157668, -1.2875768256827635, -0.4468252730755861, -1.2415567186615974, 0.3351251202266168, 0.5102794056459261, 1.6001663694236798, -1.0230994825926363, -0.11535203025245927, -0.747832639178104, 0.686817000228817, -0.32523627967580604, 0.4341904153222739, 0.998557869718236, -0.295243456141155, -0.5110694366557001, -1.4996384820298416, -0.4604893750200922, 0.3303002796492762, 0.9484240752855314, -1.8288972971436585e-2, 1.054156536068162, -0.7276114339135658, -0.4524115459714739, 0.3900738760435706, 1.0478679824782566, 0.6759163243627435, 0.584171292129008, 0.103814476746655, 1.135409443664219, -0.24277897294533882, 1.1216337988760692, 0.7190459930156886, 0.9954426646334872, 0.7106677303005496, -0.6775546625738937, -0.9049359544369789, 0.8634381968253395, 0.2695494138780701, 0.6074722972552408, -0.2641852299971418, -0.2549420457838571, -1.67760209601217, 1.3820662175442502, 0.15850160157993026, 1.2160864163907075, -0.18551015342648156, 8.969344747262175e-3, -0.20780423051098232, -1.9208274510794132, -0.7576091323550458, 0.8739909163300301, 1.238442494981533, -0.3260054055348748, 1.60107516708768, -0.1554397256340324, -0.14551417989858098, 0.11805367480487043, 1.1368946454239888)
