seed <- 541
log.wt <- 0.0
penalty <- 2.8115950178536287e-8
intervals.send <- c()
intervals.recv <- c(56, 112, 225, 450, 900, 1800, 3600, 7200, 14400, 28800, 57600, 115200, 230400, 460800, 921600, 1843200, 3686400, 7372800, 14745600, 29491200, 58982400)
dev.null <- 358759.0022669336
df.null <- 35567
dev.resid <- 226423.22406870718
df.resid <- 35402
df <- 165
coefs <- c(6.576270593842822, 5.80741285777254, 5.67330235276711, 5.337718085688857, 5.135865858267253, 4.822840901487469, 4.772334100825448, 4.67072946078102, 4.371460986784427, 4.238385081147485, 4.306556364497738, 4.169683582538475, 4.022496767346954, 3.9334664522622473, 3.7331629444953474, 3.5265258117279283, 3.2542931423904546, 2.9635972080871134, 2.509797492115208, 2.0231005247843834, 1.5695549855178121, 0.9354465286110857, 1.0192607570153287, 0.3391507391675531, 0.46201656381592143, -0.849355832045402, -0.3938965613186854, 0.9538886434790329, 1.0969793522563727, -1.0200392764359527, -2.3387533823209004, -1.3169976610416323, -0.5396750421517349, 0.7554885772339788, 1.2635800230750196, -0.9310528324383573, 4.4334989670428815e-2, -1.6758921615427904, 6.93917242150756e-2, -1.4002396270598525, 0.9815757495745323, 0.7314049811134756, -0.9736137890357937, -2.0804708654192754, -0.8650607466009023, -0.7244879006498275, -1.2451315664314442, 0.42833471776165083, 0.2540002111104644, -0.7956530419403238, 0.34837747526055274, 0.9201429891720018, -2.8274297902235803, 1.7131109104813986, 0.7619836515449245, 1.0081143351624051, -2.403661069552583, -0.1899462794610666, -0.24652992928065448, 1.336216189969813, 0.8833105274630928, 0.7741762658238261, -2.1352037794633842, -0.7781118502397684, -0.5467142799379258, 0.23950046935076624, 0.6158979597269445, -0.7480431784097425, -1.399902499919247, -0.5507862162859878, -2.0747118052749816, -0.5345614970399187, 0.558849027888036, 1.0782422256781414, 0.6463797280901056, -0.6468035305451021, -1.0997384902016787, -0.9106776922894364, -1.888549527829245e-2, 0.6236772142955168, 1.2851759247348478, 0.1645418940312441, -0.20066635814098946, -1.9212305446274036, 4.407669814588822e-2, 0.4536944880129608, 1.217336907399514, 0.45976431374512855, 0.9037290164505526, -2.9962255442922703, 0.48566382318266194, 0.6623016188991327, 0.8064798990674659, 0.20652504735898589, 0.34323799369840213, 1.3209788647367318, -0.6819402230422887, 0.38744728963532193, -0.2385297055833691, -0.3384807708932882, 0.3711499963528485, -0.5266225405333236, 0.8280709560550965, -2.799504210693594e-2, 0.8043013126622757, 0.8286007465019603, 1.165318639516827, -0.310133657071587, -0.28274732351792714, -0.7283406726840077, 0.36773015982834134, 0.6644942178199688, 1.6145495222484691, -0.24730042715640854, -0.1449433330673694, -0.8575348396737298, 0.8619220681727451, -0.34389765930093213, 0.5834071643744598, 0.6528009074237507, -0.7793535967522871, -0.6543572003012913, -0.8335125024970708, -0.1033933543612793, 0.3510963167369932, 0.8099609574620497, -2.4317953415399062e-2, 0.874596602822454, -0.6800956704557878, -0.3919198642013981, 0.4168740139008537, 0.8850936719272366, 0.7224008975144613, 0.5313403202624957, 3.4069035623379416e-3, 0.9115289479289017, -0.29348420766131256, 1.0162861281375044, 0.768113699758225, 0.8151765666861953, 0.9060360614709748, -0.5801509747848773, -1.113014237506273, 0.7329002714434695, 0.3504600558131788, 0.5493243593708946, -0.1910907097682717, -0.19931484320373524, -2.0818462213582607, 1.3484266503038598, 0.14294764083370648, 1.0880427744822958, -8.1698677475856e-2, -0.1094138990532051, 8.837530505349192e-2, -1.9984968312529754, -1.5754078281089852, 0.9293739597301448, 1.1396103602747059, -0.44347513584201476, 1.5301330357631713, -0.15782461614178658, -0.1021637779837855, -4.086752569669098e-2, 1.3061784400476724)
