seed <- 748
log.wt <- 0.0
penalty <- 2.8115950178536287e-8
intervals.send <- c()
intervals.recv <- c(56, 112, 225, 450, 900, 1800, 3600, 7200, 14400, 28800, 57600, 115200, 230400, 460800, 921600, 1843200, 3686400, 7372800, 14745600, 29491200, 58982400)
dev.null <- 358759.0022669336
df.null <- 35567
dev.resid <- 226184.22845130484
df.resid <- 35402
df <- 165
coefs <- c(6.708097200049702, 5.807414947885859, 5.649925868047454, 5.33013500797203, 5.004636032642898, 4.9027543654238865, 4.629978026366823, 4.660992445575897, 4.417059153967173, 4.259623261464416, 4.330262652369518, 4.172424699934962, 3.9854253326401925, 3.9928011777149086, 3.767123877283805, 3.5395763999563163, 3.2851792804538276, 2.9572723574230753, 2.4805295887769363, 2.0406696376722695, 1.6286358244761114, 0.8854513292039767, 1.0985286083781405, 0.14559319742789165, 0.14872028017220174, -0.9669394563952008, -0.10838370558377688, 0.9327684892581309, 1.0017812640135138, -1.1382357524388238, -2.6129361256314985, -2.110199153776587, -0.2342277849063791, 0.7146670110868686, 1.2229707396876761, -1.1549998764922895, 0.14210706021173608, -0.8682771631142301, -0.33612476613329956, -1.3219391367041315, 0.9414082440776842, 0.7116751387401103, -1.0138023085495593, -1.4710351491605815, -1.0817736140345158, -0.7629824280381191, -0.23956093024372846, 0.1644342304905984, 0.3020155695813364, -0.661717966125653, 0.1059080178178957, 0.8571663309758003, -2.176181944857042, 1.6244279414542224, 0.8518349835578045, 1.135938307402468, -1.9082062256941972, -0.2283214602647547, -0.53111396344453, 1.323668294630959, 0.8641845952641003, 0.6552407844070263, -1.5928812137752242, -1.355182966704769, -0.6776625620201272, 0.11393533302155605, 0.6947014651207155, -0.43149852122589155, -1.1216322918477648, -0.4735289918890167, -2.2006931634368274, -0.14553150320742686, 0.5966439143990693, 0.8890669406780203, 0.6681552512938728, -0.6804457473126311, -0.9565527952929659, -0.9491149212175714, 0.14841306387179665, 0.8029159919636818, 1.2015639411906802, 0.17092700249774653, 3.1812711266906574e-2, -2.152153776781916, -0.8948084823836004, 0.1547634325488936, 1.212986565646839, 0.6957155236372208, 0.8556150289154145, -2.215558197254742, 0.5155856987378804, 0.8123433272878636, 0.7461459280792682, 0.28786356524478507, -6.148636791548131e-2, 1.6337614244137941, -0.3137160837237555, 0.6204622710115202, -0.13373777411273766, 8.637653446874788e-2, 0.16108188089865685, -0.3221230844977586, 0.8195263581030998, -2.7252361086138066e-3, 0.6267004553420268, 0.7956498464248409, 1.132524904935046, 0.11410675439753226, -0.37073283279204183, -0.9706795008000338, 0.3462131341806726, 0.5610695699362764, 1.5305642110454702, -0.37051189110862254, -0.19238736531177655, -2.19092458869895, 0.8214064738436593, -0.31227334527421563, 0.4864898108639244, 0.4984267810180409, 9.207785030169771e-2, -0.48579533075214404, -1.247170262884438, -0.3684244562737758, 0.30529093003495555, 0.801755695590312, -3.901059489980379e-2, 1.0234370526219532, -0.8509010156613899, -0.39071499741777066, 0.3717284634480878, 0.8360222225782906, 0.8869577240957818, 0.41166423704119565, 0.16281282125288085, 1.1190904498037049, -0.5009118260037226, 0.8491188237484582, 0.7309947928434208, 1.0444758996562047, 0.7852294996524842, -0.6680423895764505, -1.3017162396819804, 0.7021867427732444, 0.5749868520304193, 0.4974802566133963, -0.2882038426779407, -0.39936945811365526, -1.9666128552375015, 1.1780550166809285, 0.1621978344973571, 1.2651340541191398, -0.1732168571745243, -1.8695141998234324e-2, -9.484573857151913e-3, -1.9655144912487315, -2.0284364471569556, 0.724731494887178, 1.2104257749752205, -0.1268251329708765, 1.4821804244256058, -0.2834241027181416, -6.511780233933132e-2, 0.1221380159192414, 1.1889114912105707)
