seed <- 433
log.wt <- 0.0
penalty <- 2.8115950178536287e-8
intervals.send <- c()
intervals.recv <- c(56, 112, 225, 450, 900, 1800, 3600, 7200, 14400, 28800, 57600, 115200, 230400, 460800, 921600, 1843200, 3686400, 7372800, 14745600, 29491200, 58982400)
dev.null <- 358759.0022669336
df.null <- 35567
dev.resid <- 225874.28502909347
df.resid <- 35402
df <- 165
coefs <- c(6.585996955787674, 5.847939150797651, 5.810100841240092, 5.39177903986269, 5.095827158444595, 4.84824143042195, 4.69154059917864, 4.5450882543418265, 4.336261971598076, 4.26798528042663, 4.288638070123366, 4.183522899869104, 3.9945903820517543, 3.944839540153485, 3.7467739845857078, 3.5478860128862104, 3.2121017028747567, 2.9221744231188636, 2.471141108508417, 2.0455742059201447, 1.5669702734772555, 0.914916316519124, 1.0607558271680426, 0.4554861509189744, 0.5780031715783266, -1.0266234413821251, -0.2969287926341168, 1.0313205243171941, 1.004199095939555, -0.9643623225246742, -2.5347885901298026, -2.191439405318812, -0.6527896443165888, 0.7182713554934124, 1.4305201786719774, -0.8811975767421376, 0.1931543182625745, -1.6287803621815207, 0.27598203854639386, -0.7662668866102879, 0.9619796911129255, 1.0547006203908171, -0.6354567933175178, -2.3527374176729308, -1.1426424891544114, -0.6524097270512208, -0.9698553142704075, 0.4990560166308951, 0.4986872248916778, -0.8128188466505145, -0.2927760948526618, 0.9817473671859301, -2.312640022503925, 1.6710694072167718, 0.7366279595251205, 1.104131853995393, -2.3261212777926272, -9.785911612072581e-2, -0.27528863969661577, 1.28604785103752, 0.7172081667230051, 0.8641564951640323, -1.4909666341588217, -1.0440023774060918, -0.6443825626037721, 0.3253309088912401, 0.6035721431906373, -0.3395991253926468, -0.9637492915630128, -0.6803896673908297, -2.156276858092536, -0.3351117974250465, 0.4700129776391716, 1.0520600414351313, 0.5456834402611243, -1.206542959817936, -0.9952504857115632, -1.3556296301302566, 6.71839714609304e-2, 0.7194609617062852, 1.164384210491622, 0.15660149656660338, 0.18776528121199731, -1.6322839432522438, -0.7296181678493682, 0.39399302926589497, 1.1003139942217863, 0.6334988311810508, 0.8486674714650451, -2.162296970069239, 0.584888830452272, 0.6486862209129781, 0.8490932037785422, 0.3792075107062634, -0.4118303759995924, 1.3966373165846055, -0.11228753148793541, 0.5431762723868446, -4.346518546658953e-2, -0.8758464281525721, 0.25144968212682994, -0.12228819082154103, 0.7397569969776732, 0.37407580381431677, 0.7410377828703548, 0.8680488905711238, 1.1519867168281035, -0.6818315433162652, -0.16685799326693568, -0.5975409427156937, 0.40186344458190043, 0.7569919306676387, 1.6133439665721407, -1.023433234960507, -0.19972628485803529, -0.9023266149827824, 0.8058896067064445, -0.4556371271323125, 0.6232806558718867, 0.6042706738312515, -0.7664915358964689, -0.7249843757325416, -0.8841855496509792, -0.16800561463010893, 0.27442613782842207, 0.7572380219644286, -6.994962404843776e-2, 0.9058691616836838, -0.4452608784851135, -0.4423956750993446, 0.4877842504684588, 0.8860067593333791, 0.8410743920131776, 0.44127342891443205, 2.278972485050047e-2, 1.137710162137675, -0.4495840917091769, 1.001835536987021, 0.793904525756197, 0.9853924184626177, 0.8477384863119763, -0.6698462279221303, -1.2969083894469604, 0.5756039750696774, 0.17497417144208655, 0.5378980226376521, -0.4188226109072304, -0.2039761532744687, -2.0715483011220206, 1.0955100279162782, 3.2513187649516745e-2, 1.246120909982069, -9.759579859037883e-2, -3.8508029140095316e-2, 0.16806666728569042, -2.172683882670603, -1.6978591940493435, 0.9581906788583735, 1.0805122252086172, -0.27662839559804325, 1.5193394186058795, -0.2776741748604029, -0.1185263226585277, -0.1976347671901924, 1.2200160897431467)
