seed <- 960
log.wt <- 0.0
penalty <- 2.8115950178536287e-8
intervals.send <- c()
intervals.recv <- c(56, 112, 225, 450, 900, 1800, 3600, 7200, 14400, 28800, 57600, 115200, 230400, 460800, 921600, 1843200, 3686400, 7372800, 14745600, 29491200, 58982400)
dev.null <- 358759.0022669336
df.null <- 35567
dev.resid <- 225746.02890366022
df.resid <- 35402
df <- 165
coefs <- c(6.457510816725026, 5.75236760139156, 5.8633206280691414, 5.309128389203283, 5.086825513696648, 4.875462514153154, 4.692540048379955, 4.638964603793697, 4.409706926518259, 4.260358786550994, 4.369660160425149, 4.158232922177789, 4.014560527462131, 3.981942255881609, 3.7814558866351033, 3.564118826046801, 3.2548933070933703, 2.988056268124653, 2.50054787489685, 2.074476113091696, 1.6770289428872092, 0.860574223174287, 1.174446798457902, 0.5514617062956189, 0.6641556597561378, -1.0152344385235994, -0.5808487394311379, 0.8944409453873811, 1.0299003465140617, -1.4100306122964026, -2.226585840015465, -2.6207114278533385, -0.5235885768937419, 0.7869306100390062, 1.4658174506382802, -0.8660347782011567, -0.5824806556178153, -1.0924176648660564, 7.423088673487852e-3, -0.8112767249758656, 0.8524721046956404, 0.9415350840637109, -0.799675895637977, -1.9905490966900954, -0.8598860712584759, -0.6443499315770241, -0.7291195893607728, 0.3489078752049484, 7.2468162404892e-2, -1.257258386627975, 0.13826219036685414, 1.0273924597081634, -1.9474849719330516, 1.8051321692243445, 0.7442980930970646, 0.901363069272381, -2.121769211119138, -0.22329705193672686, -0.24731332183280036, 1.2338805818972005, 1.1627831500809966, 0.7375618013092216, -1.8047758197869914, -0.8865206652483099, -0.7936524630500446, 0.14978684575380977, 0.5529088302672682, -0.36306070473620794, -0.8862636276804802, -0.6361652159472434, -2.285659622351187, -0.2829698128940093, 0.553889209446767, 0.9643381883666667, 0.7771529131395185, -1.195426615272152, -1.1816217852295354, -0.997425269712814, -6.795707283510966e-2, 0.6791990647928382, 1.2087178991783003, 3.394067654752917e-2, -0.17494492487431793, -2.0346505254295044, -0.49635920222810104, 0.5263279554280546, 1.1973648523320104, 0.39675996589793733, 0.839289908988818, -2.59718483732046, 0.41222556701240126, 0.7985070696209519, 0.7322766789516388, 0.4279070512089412, -7.012844357199738e-2, 0.89729355608197, -0.633780478540105, 0.41172586727233174, -8.140409655590422e-2, 0.37218236955254286, 0.39589449132197435, -0.5539355448474342, 0.7866254914544801, 0.38315328730860293, 0.9353998114341672, 0.811228996046321, 1.2273936610705247, -0.44604459426880855, -0.4861094120329204, -0.7496804059123878, 0.44726138179372876, 0.5443804020868716, 1.538217978249027, -0.5398913311164636, -0.16447438036031792, -0.8413483487330996, 0.7703725544849227, -0.18806517487663174, 0.5850663225806141, 0.8618724865903071, -0.5215333358388887, -0.3691722217420057, -1.149981781442287, -0.43916312873014, 0.37545529151020834, 0.8852281439704864, -7.84729576361077e-2, 0.8980614997837282, -1.00700903864025, -0.5328875710278134, 0.36651828816031407, 0.8564908933742228, 0.7987895846375339, 0.501055701425567, 7.931720528459302e-2, 1.1345522913740322, -0.4755717925397418, 1.1632043403807764, 0.7386569630668313, 0.8541363066495952, 0.7351441423862802, -0.663564427086639, -1.186415399993142, 0.7532522394146223, 0.24161753287302887, 0.46335694420624945, -0.1378307712690517, -0.6412022983415376, -2.1314533411928025, 1.3383912274993013, 0.15485987374470492, 1.1372965178043428, -0.12828127418613774, -3.2252184564276934e-2, -0.12566121892334317, -1.873459628065417, -0.7734402149415042, 0.8793966596639365, 1.1080595768951051, -0.3961190014389409, 1.4985542326651242, -0.18481021559893035, -5.240867215774511e-2, 0.16395276278043514, 1.1448867133428675)
