seed <- 863
log.wt <- 0.0
penalty <- 2.8115950178536287e-8
intervals.send <- c()
intervals.recv <- c(56, 112, 225, 450, 900, 1800, 3600, 7200, 14400, 28800, 57600, 115200, 230400, 460800, 921600, 1843200, 3686400, 7372800, 14745600, 29491200, 58982400)
dev.null <- 358759.0022669336
df.null <- 35567
dev.resid <- 225535.83340944353
df.resid <- 35402
df <- 165
coefs <- c(6.287525023844515, 5.852138230562399, 5.5991466800338445, 5.267748913620711, 5.123748521099704, 4.815485006815177, 4.814371381936564, 4.69847260407092, 4.34357252484823, 4.217268774040553, 4.344725646662144, 4.194584295817717, 3.9965615478547565, 3.9498508029790416, 3.7395478531703157, 3.531747684388937, 3.2594337749298212, 2.9669784573938554, 2.4770509313628075, 2.0570796631490778, 1.4887106902016094, 0.9412782070628919, 0.9275139204934755, 0.4091468849383065, 0.3838676304860034, -1.1403636990653452, -0.31529929700186, 0.846310439108495, 1.0134053466703035, -1.2788930801784137, -2.325390384840852, -2.4094320685124466, -0.401501026238982, 0.8142601486352207, 1.1716149286971098, -1.1150741711423575, -0.38036345160242335, -0.6430494081705407, 0.10772088060439836, -0.629730151463448, 0.8606561456018293, 1.003316983024466, -0.41161338611313814, -2.18582476290651, -1.1329594589280483, -0.8863352664665265, -1.0485393207825184, 8.894775407324246e-2, -0.4525094190379572, -0.6371106172487031, -0.4701091087928997, 1.0413690419932329, -1.7837360811853693, 1.7252889070883055, 0.8156243958889098, 1.0501325088021474, -1.9093623043935892, -0.34396901456582035, -0.303274570054498, 1.618117540556749, 1.479708713643078, 0.6371512764039695, -0.8629965067519763, -0.9176098764540908, -0.7129592038075355, -0.11536302755360607, 0.6007033236689403, -0.41620687262360506, -0.7983127164025601, -0.6385632540966193, -1.4033678285748705, -0.3087152060951628, 0.5258594832313604, 0.8677726098716387, 0.6734847349928242, -0.8265287047276496, -1.2276433072821724, -1.269308704642083, -9.054244483883747e-2, 0.6199318772184637, 1.0811316098361465, 8.557573044342183e-2, -4.109890674345571e-2, -1.848489235805515, -0.5159478657173998, 0.291044055444344, 1.1711090778327842, 0.36502665161393033, 0.7834539074806037, -1.8977421685087443, 0.5520909521702316, 0.8052744012361038, 0.7840691252032134, 0.482927863971662, -4.4933488907257006e-2, 1.4540349509466308, 0.12302816440910871, 0.5232561925820153, 5.7541229382278215e-2, -4.177302418981436e-2, 0.3332977359033141, 0.20374202671263675, 0.6962943372922636, 0.38559410574712655, 0.6958476722484632, 0.9149261890732838, 1.1106324999188986, -0.15426577792689328, -0.6335064696558739, -0.9180615281395422, 0.32905526280474423, 0.49812928782879873, 1.5599589170237032, -0.7973741936228657, -0.27729521488003267, -0.7891193641962031, 0.7029514504456507, -0.25538377571331067, 0.43750049215548825, 0.4410052527665324, -8.853439368790665e-2, -0.47917705125060656, -1.3888212238771058, -0.27022558872546537, 0.24170092197095588, 0.7864748443271844, -9.301680057276049e-2, 0.9311048611534981, -0.6613537463609993, -0.44419131450445815, 0.3117838589637634, 0.9299428796422015, 0.7622463933825055, 0.3483338304746516, -0.1495830426232815, 1.0366864108314964, -0.4187782455293139, 1.0567207202611366, 0.6687291755479557, 0.9051587401850663, 0.7460292360737655, -0.6781796329669745, -1.0311051406615732, 0.6285688798018441, 0.15524878163708197, 0.37940684574018857, -0.26528754200274063, -0.8587197481102286, -2.1385049864065215, 1.2790321902729456, 8.666436671509316e-2, 1.1296618259004023, -0.22957294985048138, 7.6541191269442165e-3, -8.672644450452997e-2, -2.143219751755564, -1.359097567087614, 0.7707974933579255, 1.1131855354327438, -0.24293473770525698, 1.4891488495602299, -0.6958944971809641, -0.22224832003765646, -2.6275252004114822e-2, 1.1230331083673606)
