seed <- 345
log.wt <- 0.0
penalty <- 2.8115950178536287e-8
intervals.send <- c()
intervals.recv <- c(56, 112, 225, 450, 900, 1800, 3600, 7200, 14400, 28800, 57600, 115200, 230400, 460800, 921600, 1843200, 3686400, 7372800, 14745600, 29491200, 58982400)
dev.null <- 358759.0022669336
df.null <- 35567
dev.resid <- 225842.50101884818
df.resid <- 35402
df <- 165
coefs <- c(6.544848860759528, 5.718732969101042, 5.784735588241292, 5.317634033953776, 5.06418311944376, 4.855870285433662, 4.757616234560221, 4.584525714071959, 4.363227941508456, 4.31447668433221, 4.259007290865881, 4.186393290947568, 4.0408998916209535, 3.9737054220469066, 3.737553950514349, 3.525618730713687, 3.2540246449534953, 2.9297560489505146, 2.4941845539850407, 2.080484715800316, 1.4624624212574768, 0.8965899366114777, 1.001985008418732, 0.43745787164242966, 0.5289902780433609, -1.0389941167302086, -0.5480993542401167, 0.9712953371705129, 1.095183629449287, -0.8249994922505951, -2.3165644262988625, -2.5621616749951284, -0.3532093692010284, 0.7715563360495823, 1.3647501029199025, -1.3584792968240544, -1.019563708252257, -1.4056570966565445, 0.1949688627840029, -0.602531178302714, 0.970098938433702, 0.8594905103798652, -0.6103920537116503, -1.5744339001094316, -1.2019225722787723, -0.8697194201079066, -0.1808270291853426, 0.4727337020239581, 0.32975809083267776, -0.7414815411301802, 2.327916259771232e-2, 1.0598391647858354, -2.2258025120733405, 1.7333741070243143, 0.7398224725066167, 0.9091640203565978, -1.6658720076240914, -9.300807160726607e-2, -0.8445463991325576, 0.8727774039585162, 1.2308575449603871, 0.77361433115119, -1.7749704219836855, -1.0693235920213915, -0.7476247943345788, 4.840447447834849e-2, 0.7821664873452786, -0.4034803319712463, -1.1496727271705793, -0.5706950153528269, -1.4912695139748766, 0.14499762366220803, 0.7066074606455908, 1.0264481501983287, 0.6095889538326519, -0.9713113157428521, -1.6452307007276563, -1.5551860677329012, -2.5218565349150717e-2, 0.6251142552042762, 1.042995528436082, 8.294792615135527e-2, -0.23262761124522013, -0.8574517137785603, -0.5033088383575088, 0.4615602102069864, 1.107752943931809, 0.3155055729144212, 0.9269169788269938, -1.9786219776013239, 0.5908416153610702, 0.7005309055751967, 0.7318226308906103, 0.4167703931642751, 5.959081424999681e-2, 1.3082605734239428, -0.11652724497938373, 0.3927661462083395, -3.690620699501073e-2, -9.882508571023085e-2, 0.5886871888615071, -0.8140488804756002, 0.7340889443453017, -8.274703703320532e-2, 0.9212181547159614, 0.8471230490659661, 1.0982464863658492, -0.8934158581797434, -9.391105242234885e-2, -0.6647663293208457, 0.4389904343508341, 0.561590905723828, 1.5776475948742232, -0.6141269502537986, -0.35449119533080714, -0.48981581237431737, 0.7663679343452992, -0.34201662910365577, 0.4534285774966979, 0.43682349542625104, -0.7401522049969484, -0.6258804615402881, -1.06539899878259, -6.554283964071944e-2, 0.3832452165862103, 0.9954484743404151, -0.13370752556107826, 0.9544373868435347, -0.7131572736679567, -0.4535573247700928, 0.37172327533112026, 0.7860747856175575, 0.6797354315599358, 0.420407908032188, 5.9819502948993804e-2, 0.9971930211468357, -0.4388213863767603, 1.0837520405410486, 0.7370159736779149, 0.8194222129317863, 0.7303457741139125, -0.5638656339449171, -1.3795600289648096, 0.5494336165937196, 0.3184002925738697, 0.5461743264303247, -0.14173814863095738, -0.5987641258149274, -2.023584597684504, 1.327394102037107, 5.719227089636142e-2, 1.1741332079185, -0.2439705684861905, -0.12212554615600787, -0.22089368227948358, -1.8992122035662544, -1.3208860496073702, 0.855808473150761, 1.1327132701862441, -0.49912586450858265, 1.5392844441648086, -0.260880340486942, -0.2007539978810486, -7.01632323465516e-2, 1.1350544959267472)
