seed <- 841
log.wt <- 0.0
penalty <- 2.8115950178536287e-8
intervals.send <- c()
intervals.recv <- c(56, 112, 225, 450, 900, 1800, 3600, 7200, 14400, 28800, 57600, 115200, 230400, 460800, 921600, 1843200, 3686400, 7372800, 14745600, 29491200, 58982400)
dev.null <- 358759.0022669336
df.null <- 35567
dev.resid <- 225209.19632972786
df.resid <- 35402
df <- 165
coefs <- c(6.439496887556058, 5.756651100533065, 5.747947475416466, 5.27545680480118, 5.1667143876297885, 4.821700835697283, 4.798947495255167, 4.633348691711228, 4.394974738651788, 4.297376961510439, 4.293901975989029, 4.2167365169949775, 4.020184824094137, 3.987626430959688, 3.7649036326557, 3.546198126661242, 3.2859780734449964, 2.946013483794891, 2.53798915500014, 2.0511679360723822, 1.4656312998719683, 0.8754949723446447, 1.0197494645990834, 0.4380664400387988, 0.182258424976456, -0.8716817992189075, -9.966893221282003e-2, 0.9450952407355654, 1.0876156194449473, -1.2325588219059778, -2.6142422340569573, -2.5588440776716097, -0.18916462794867872, 0.81140342338545, 1.3250339129551627, -0.845350103024963, -0.34119012572680213, -1.147943224787915, -3.724454790122777e-2, -0.793952163054594, 0.9463904751408303, 0.7165377290651568, -0.8284508812109589, -1.554463121566382, -0.7693719971382076, -0.6735442422805934, -1.1381032996347125, 0.6559025981390547, 0.6290117490639137, -0.8063986501380584, 0.12970621072932215, 0.9106566687089047, -2.468185882122783, 1.7458437941593559, 0.8083320039991863, 1.044252395724435, -2.1255656704638892, -9.09742759435132e-2, -0.6500745528756887, 0.8270880274834355, 1.4102013192458949, 0.6421967502289659, -1.8079554069971497, -0.3388455500707105, -0.5482012711108224, 0.14543000713834794, 0.7278856246325891, -0.2764136389363028, -0.799691482283054, -0.8485285300657136, -1.9711643351122266, -0.2608968898172728, 0.5271784227743607, 0.9110650382719419, 0.6445765417480043, -1.401137382954082, -1.6312289864322316, -1.3938952671811073, 3.7327687609596004e-2, 0.689470497210834, 1.1257889394285834, 0.16348660739039697, 0.25996523530454346, -1.7699756180773867, -1.1623652383473155, 0.36104125233562995, 1.1901146262435724, 0.4172913622645031, 0.7719440143299611, -1.6518413467499429, 0.4989776126100523, 0.6207888257040691, 0.8103009998419264, 0.3017494017397201, 0.14903454979262665, 1.1498801813890398, -0.35085905373117837, 0.5476182337412575, -0.1587454898742846, -0.17098103775441484, 0.5095079232389389, -7.874830957920796e-3, 0.7799256369983927, -0.10978159385074349, 0.40058008737091905, 0.8275536764034833, 1.233607790828175, -0.6203158769729638, -0.10057475532164246, -0.9810347200469033, 0.33549005584753405, 0.7474417102576998, 1.5994186679123854, -0.7745898267472988, -0.2105018362964313, -1.0406272401221839, 0.7405398148870113, -0.31100608686685327, 0.46993610797576196, 0.6121827033265678, -0.46901239718153087, -0.2800004459182357, -0.9900691768298554, -0.38965054693112555, 0.4893987465582031, 0.8175576330362733, 3.015005870812443e-2, 0.9580136428855556, -0.7873904629951199, -0.5121774199456989, 0.3754954891253822, 0.9430812167223878, 0.7730826865209294, 0.3429659343801283, -0.12879749439248986, 1.039781900943337, -0.38716660073355175, 0.971994711143112, 0.7520598465679227, 0.9243950078963618, 0.6704410433804288, -0.6318981598841606, -1.1191840768428907, 0.728204159288068, 0.548699334159662, 0.4239369051878319, -0.24923508964624788, -0.5941303479145916, -1.911215358934796, 1.1699210526142145, 0.17218650399627872, 1.1494236526595834, -0.20027132915717413, 8.844063372322274e-2, 4.570371388483374e-2, -1.857866838494767, -1.6464303664327327, 0.8582347259642669, 1.171828703285577, -0.37156985423049876, 1.5417226527087344, -0.5065248336142945, -0.15365002355773083, 0.153785650066394, 1.1238046850772174)
