seed <- 672
log.wt <- 0.0
penalty <- 2.8115950178536287e-8
intervals.send <- c()
intervals.recv <- c(56, 112, 225, 450, 900, 1800, 3600, 7200, 14400, 28800, 57600, 115200, 230400, 460800, 921600, 1843200, 3686400, 7372800, 14745600, 29491200, 58982400)
dev.null <- 358759.0022669336
df.null <- 35567
dev.resid <- 226180.81141237094
df.resid <- 35402
df <- 165
coefs <- c(6.603576409207749, 5.665807618468343, 5.865276403859001, 5.213363882038861, 5.100632162202767, 4.918369945804964, 4.687748785873094, 4.724636228521041, 4.371133192897792, 4.315956384701954, 4.295272822360018, 4.181145641841423, 4.02936750742245, 3.9705891416183823, 3.7631684623455444, 3.521675732126831, 3.248269441377407, 2.97354276793348, 2.4682152279815424, 2.0158279231371217, 1.5028888568157681, 0.8626508096407742, 1.019706827999635, 0.2568814487797532, -4.52149953964208e-3, -1.1993781076816448, -0.18477352350645324, 0.838203235527685, 1.097518478462981, -1.8453274551593335, -2.622369312831085, -1.3364704166009294, -0.3900535044762864, 0.7384020166382682, 1.2890565115074542, -0.9359622028046191, -0.272477050460726, -0.1559936408026337, 0.24014197879708946, -0.5853440393038405, 0.9288750987593911, 0.6811586529512785, -0.6007446405941573, -2.226547113152985, -1.280937516092953, -0.8115983926278469, -0.493868866918146, 0.4773500870910283, 0.678589671981515, -0.902576117975434, -0.40378923777350656, 1.0446795290067001, -2.732017724788743, 1.837276090465279, 0.7792121981508591, 1.1504714931129219, -2.1375622063738278, 2.595758165486228e-2, -0.5027861675940406, 1.1546355791190777, 0.8999738901539343, 0.7266190403059642, -2.191106090311731, -0.6835398629202821, -0.3566347960036306, 0.4253485013826293, 0.7622252873697873, -0.46138236082015666, -0.8985907507900538, -0.49098548851642393, -2.5363125076926756, -0.4298497529562203, 0.5672551312847142, 0.8211218136637445, 0.681645827759103, -0.5655474172516042, -1.1242872894953715, -1.1459288521362108, -1.868658139659234e-2, 0.5143664519398934, 1.1876989110077085, 0.1955351774158714, 7.286800008140355e-2, -1.4661212845116653, -0.23109208359326916, 0.33471147745598223, 1.272577479982675, 0.4281490668434023, 0.7950581862729835, -2.020958787671736, 0.3155781571526931, 0.5240934810518514, 0.7465478382474756, 0.24563336708506045, -0.11457218197717739, 0.9136744728493571, -0.5870734685380063, 0.5849354129789581, 0.17138255575919392, -0.9204573169291377, 0.40355797284675227, -0.13571927007686557, 0.8037082288296156, 0.29500018771562025, 0.8573759111186652, 0.7740159266310653, 1.16458054034843, -0.11945192835744438, -5.217413563820149e-2, -1.3441242292324453, 0.49620113120135056, 0.6576207485699992, 1.5521320353765033, -0.6127598900313921, -0.22897830904111155, -1.167692985242155, 0.7705646924895059, -0.38205025873291515, 0.532403364817532, 0.4485681269196216, -1.1676033893931659, -0.43174231381047345, -0.9846609589596022, -0.12500777207976838, 0.34155243462608964, 0.8368865327258601, -8.754295672448545e-3, 0.8929380864473278, -0.5398527354099567, -0.4278282384555623, 0.4246278997147004, 0.7825826500707733, 0.9298390637098529, 0.33253840129513657, 6.014469751742952e-2, 1.1348171612909466, -0.40151286329480484, 1.1327127527873033, 0.7748326397045451, 0.8239490248935105, 0.6714098922140151, -0.6407289374129534, -0.8675422629553877, 0.46037969871357304, 0.4728203407569675, 0.46524216818966035, -0.3683918201538972, -0.7621222915758898, -2.037165008228927, 1.2870634381056085, 0.1711071984265682, 1.0404891875147975, -0.11585029411058691, -8.900356332010131e-2, 1.1838842668330773e-2, -1.542686894913256, -1.2335364707239627, 0.7686460956131999, 1.21062795968822, -0.46145104117819846, 1.5329234754665844, -0.4397517133424144, -0.12713057009864645, -4.921503685976688e-2, 1.129249762176188)
