seed <- 498
log.wt <- 0.0
penalty <- 2.8115950178536287e-8
intervals.send <- c()
intervals.recv <- c(56, 112, 225, 450, 900, 1800, 3600, 7200, 14400, 28800, 57600, 115200, 230400, 460800, 921600, 1843200, 3686400, 7372800, 14745600, 29491200, 58982400)
dev.null <- 358759.0022669336
df.null <- 35567
dev.resid <- 226290.70728348615
df.resid <- 35402
df <- 165
coefs <- c(6.389425485236024, 5.9203845340315935, 5.661188551631879, 5.420390274024884, 5.056660412754124, 4.874036210091689, 4.672090629758678, 4.63563798748709, 4.314635307788014, 4.238280441280379, 4.320519541918248, 4.152365348819593, 4.008021897637868, 3.9539608820125767, 3.768424246635183, 3.4991152098832545, 3.2552561980760175, 2.8948568438835482, 2.448798115532965, 2.0306784758838408, 1.4749912219540051, 0.9119354194878314, 1.011765317838592, 0.2524980713225093, 0.4498518878438155, -0.7988785096932215, -0.3816571120989619, 1.0727454843395539, 1.0807174746702306, -1.5064419692959718, -2.434833980947156, -2.325545637463845, -0.6167769922571026, 0.6995738497717454, 1.3412594361809331, -0.6546122505160243, -0.5448358147911048, -1.1354542446318459, -0.14877953918350217, -1.0050803755439328, 0.8752853390067913, 0.9796904050235073, -0.7360924763489742, -1.6841713671463416, -0.7309031840620229, -0.7208584780012889, -0.6988184574908719, 4.0359213477598924e-2, 0.47948696675049, -0.7006653143993843, 6.179640805645613e-3, 1.337793125721366, -2.5250682408986007, 1.641113097058236, 0.716001548596563, 0.9608462419942878, -1.946406102405426, -6.0017271973939086e-2, -0.5631697492531634, 1.3268597940626157, 1.2173894285632663, 0.7052195598887696, -1.9958498516611305, -1.2658660090562195, -0.9460059263646913, -3.376086713137605e-2, 0.6852730989844963, -0.3144000260365697, -0.7179445196641259, -0.6278953320153092, -2.0585675218778876, -7.713091387651017e-2, 0.7077174558461239, 0.8992104934383965, 0.8082207601125015, -1.2252288965445066, -1.223281029150756, -1.7493019816803497, -1.458550847086807e-2, 0.7327552901679403, 1.1152542444602058, 0.12041262534025558, 0.24315343287771582, -1.8697258165475978, -0.9390987167915124, 0.3948138749784113, 1.2816369556577596, 0.5128794490023405, 0.9340142391532937, -1.7662082925999532, 0.4236142208080553, 0.7573029331180238, 0.7838533924851431, 0.27653779203719614, 7.913964546935566e-2, 1.305144013635789, -0.9080990846121879, 0.3108677500810383, -2.2734502374157444e-3, 0.31536813704455047, 0.40626140176696773, -4.8246716823325986e-2, 0.8515770030975773, -6.00323454332448e-2, 0.5223293982758578, 0.8368753273890042, 1.1194364302367288, -0.5177133489791829, -0.6969096514715774, -0.8549494104883244, 0.47367329213399534, 0.50248031435736, 1.5733296154630172, -0.42881541475160795, -0.2386950432399871, -1.245997833779494, 0.7203606015699038, -0.2788560572521654, 0.49462298586235415, 0.7584458162286478, -0.4011270724412391, -0.6647265354369457, -0.9606205773541973, -0.7481839187544108, 0.2986077279463359, 0.879257301854076, -3.0871187940207618e-2, 1.0264656788694009, -0.7022615478621735, -0.396661713361046, 0.21868028312619917, 0.8705733600434095, 0.7579004113057011, 0.5263364917223489, -6.729656502683286e-2, 1.1802646924462332, -0.3529002344945145, 1.0391635624477573, 0.7647586094953982, 1.0044754748153146, 0.6791186951851834, -0.6612846647966341, -1.057029360371164, 0.5149214352509843, 0.4884812768700001, 0.500299909789311, -0.20120726513935783, -0.32854812642289816, -1.6523980597452539, 1.2111814483212242, 0.10557444492223106, 1.250378974968736, -0.2543103549927799, -9.976149662598006e-2, -0.13047244259877655, -1.9496193741022465, -0.6107570870717752, 0.8179259347514493, 1.1879737119914193, -0.3486238765893993, 1.5314376926469995, -0.2176305724223531, -9.172072895708953e-2, -0.10207738407429698, 1.1476863692673294)
