seed <- 1006
log.wt <- 0.0
penalty <- 2.8115950178536287e-8
intervals.send <- c()
intervals.recv <- c(56, 112, 225, 450, 900, 1800, 3600, 7200, 14400, 28800, 57600, 115200, 230400, 460800, 921600, 1843200, 3686400, 7372800, 14745600, 29491200, 58982400)
dev.null <- 358759.0022669336
df.null <- 35567
dev.resid <- 226207.95556582746
df.resid <- 35402
df <- 165
coefs <- c(6.687961923170176, 5.677064125564535, 5.6645964516622165, 5.247403313690161, 5.172929079650532, 4.842854407118583, 4.717983584301133, 4.663862301931367, 4.357006483745116, 4.250508960328233, 4.238980710899637, 4.183923923696142, 3.9951461113461173, 3.9799911610153846, 3.7568649573819295, 3.503465217660357, 3.2473574493150323, 2.9049563414877815, 2.4810087565782473, 2.0138389295572607, 1.6075323707549447, 0.8972547873368636, 1.0356322194532186, 0.4418845297435549, 0.4180509892353584, -1.3775993661688724, -7.709275647662154e-3, 1.0963016751330157, 1.0437315797513302, -1.262121382822207, -2.0987686963942807, -2.5780373397196827, -0.4016938463893006, 0.7275305447725177, 1.3404371369912003, -1.2318838988322112, 0.12445892592948855, -0.5927242769755866, -0.17374133913378545, -1.0163945682181825, 0.9547751039909136, 0.9874966676498641, -0.6719632817016505, -2.390223729277104, -1.2747950685207576, -0.6686506170155789, -0.2985178536025274, 0.5300760118403424, 0.3591578063577116, -0.57845329671937, -5.373765530996885e-2, 1.1235232068636758, -2.793723134369765, 1.6573361865524128, 0.7322815813361212, 1.2031548561724117, -2.1960155837153743, -0.12172267365680357, -0.4311132013137966, 1.481864572839889, 0.6006813849939638, 0.6739536738531156, -2.0169990331677994, -1.2875803445449168, -0.1960802075918357, 0.17286315505308905, 0.3365389729720527, -0.321826294849926, -1.0187101268798147, -0.6948286125298788, -2.091428220894982, -0.19884901041036224, 0.4315118723477499, 0.8858481613517928, 0.7865560554649356, -0.5900311657321489, -1.5831233919500403, -0.9012939913461312, 8.691483125308166e-3, 0.7889452623254982, 1.2344273989295254, 0.14342081875163037, -0.19399424409389848, -1.5004407979356793, 0.10282251536560588, 0.3620134276824653, 1.2606997147220005, 0.42386866711240984, 0.8618099403650148, -2.4804698477450065, 0.5754342026325273, 0.7299607991940152, 0.7547448264209545, 0.24148957245928654, 0.10524109062082375, 1.072213787437, 7.487029341987221e-2, 0.2972388787423297, -0.17839781029622495, -0.4175069923019133, 0.5601197446865551, -0.4913165041608654, 0.7620726489538254, 0.4388872742062602, 0.9340707646442145, 0.8665269784153977, 1.1018314803330047, -0.39326196025157467, -0.4899874507968544, -0.9255704711315353, 0.3891337812984044, 0.7015745083725207, 1.6151039389815658, -0.5493155948623499, -0.16789220004151648, -1.1501463802705025, 0.7678176314832267, -0.1964894506958743, 0.38565223950169303, 0.4628271886839294, -0.5946173351870049, -0.4771660257897383, -1.1011786792430005, -0.348146565965663, 0.28841030612429674, 0.8937286932519425, -5.963642315970265e-2, 1.0632093049238005, -0.5639531598318887, -0.4461075027165365, 0.26432707794491356, 0.7918502858754163, 0.5551113667620855, 0.44776746440440024, 8.467689225993798e-2, 1.1852165500340577, -0.3064852763742837, 1.0954809988541752, 0.6458231445051346, 1.0165246875870584, 0.6898472878619393, -0.7430199429354702, -1.1555510347020217, 0.58786574689735, 0.2504884912210934, 0.4624702777165675, -0.20224064251290275, -0.6002473209820252, -1.9852101643237345, 1.3094595961481823, 8.807845850336517e-2, 1.259658624063478, -0.1017519604342059, -5.403902185581097e-3, -6.251669023756334e-2, -2.0441464558876645, -1.8325488596490778, 0.8222215530344625, 1.2129379915659706, -0.27057764977081566, 1.540671560710112, -0.43184797657308155, -0.15065989073113287, -6.010706435539746e-2, 1.1760118364315044)
