seed <- 366
log.wt <- -13.447029863161674
penalty <- 2.8115950178536287e-8
intervals.send <- c()
intervals.recv <- c(56, 112, 225, 450, 900, 1800, 3600, 7200, 14400, 28800, 57600, 115200, 230400, 460800, 921600, 1843200, 3686400, 7372800, 14745600, 29491200, 58982400)
dev.null <- 358759.0022669336
df.null <- 35567
dev.resid <- 226184.25721887356
df.resid <- 35402
df <- 165
coefs <- c(6.5357988341868865, 5.796835534903215, 5.638166007288855, 5.220360595490417, 5.173031695293782, 4.815420206408091, 4.752363527313031, 4.643352971014398, 4.374253401005119, 4.221301932511278, 4.305152547876019, 4.174215956403064, 4.020169429567267, 3.9637943753462945, 3.750903743594567, 3.5230660190414698, 3.2140648863120425, 2.9146818373100087, 2.5106636176889987, 2.0727643646640077, 1.5737306244588167, 0.9022961326161102, 0.9188846792026863, 0.3679893356621504, 0.19919425159800158, -2.32135625768806, -0.13305176298795424, 0.9921230680147649, 1.1298851259740967, -1.0539977691707958, -2.5675215581393287, -2.3865885212716655, -0.32775569800017035, 0.8020537151709346, 1.2837710793968626, -1.370792495326203, -0.2726044355436519, -0.9238549886746721, 0.2273976331559807, -0.9900493335317618, 0.9150589488465675, 1.0057728307703442, -0.6504009320602905, -1.4226728986453177, -1.1641760832978187, -0.5935159287664297, -0.20862862636545562, 3.529462167565692e-2, 0.15162759389982744, -0.33004491703663164, -9.536119550814837e-2, 0.8680355725610356, -2.2359359536010106, 1.6474493878410046, 0.7156657434932353, 1.0348338425566905, -1.860046154419216, -0.2649153992816113, -0.5058845101558237, 1.4377346342944022, 0.8869965587964367, 0.7403087068911788, -1.7666272207409643, -1.2630226090939496, -0.8571670247447307, 6.433036346545173e-2, 0.680930780081683, -0.4405570763007894, -1.1126362242138244, -0.7082812470858763, -2.2223429301574247, 0.10163702860252033, 0.8241692068017218, 0.9759685610944406, 0.64789100577483, -0.5792399933525567, -1.5548480914117144, -1.3032896030399024, 8.19773773192267e-2, 0.6093152198384078, 1.153967762332064, 0.14549141911930083, 0.1827961010112483, -1.5954795469359488, -0.8866706506606498, 0.35431019116823964, 1.2332871069356361, 0.8145866875506902, 0.921083265351488, -1.9229270261823468, 0.6042511729737162, 0.7223318869558026, 0.8270410083152367, 0.3003047060291517, 0.18393464301132384, 1.3784425526202784, -0.592960263431898, 0.7895071050109356, -9.183973592269949e-2, -0.4709101219621507, 0.48492449641711105, -0.23293049950385417, 0.6993892746733952, 0.5018577815726455, 0.7233308631298182, 0.8397226871877145, 1.1147525572887549, -0.6638054422210476, -0.6672324037909684, -0.8070196465436951, 0.41063181105616364, 0.8115752548029997, 1.6146250107242974, -0.835555676402128, -5.5232617988015736e-2, -1.560140832958154, 0.8019442463513683, -0.3129255045781756, 0.4615527827069286, 0.628955211913405, -0.39326917821077045, -0.4415581001349192, -1.4277847948957414, -0.6084275961117029, 0.35769655546829626, 0.8116678625909513, -7.481388516423788e-2, 0.9662600021420494, -0.8262008968461811, -0.4895778543442988, 0.3431825168806995, 0.9123429419256238, 0.8057053076418659, 0.5333756660419924, 5.103623830111877e-2, 1.0901605949112338, -0.36664227727276705, 1.0170694314100839, 0.6677963268789778, 0.8926741597755129, 0.7459392470299288, -0.6181949191377883, -1.4668907957073496, 0.6610113534682294, 0.42364410838746985, 0.6020882474762281, -0.21644899865902437, -0.5968196305884038, -2.003805883925861, 1.242054166715714, 0.13985703082759846, 1.1454528461512012, -0.15683683125341016, -2.4578069290891683e-3, -8.512749711239344e-2, -1.8933301956791126, -0.4786000954873999, 0.8282754323949767, 1.1608699134907396, -6.80118932001722e-2, 1.5951258281742366, -0.43964346849464353, -0.24189871289595657, -6.276640981658142e-2, 1.1954287608720886)
