seed <- 799
log.wt <- -13.892612625858508
penalty <- 2.8115950178536287e-8
intervals.send <- c()
intervals.recv <- c(56, 112, 225, 450, 900, 1800, 3600, 7200, 14400, 28800, 57600, 115200, 230400, 460800, 921600, 1843200, 3686400, 7372800, 14745600, 29491200, 58982400)
dev.null <- 358759.0022669336
df.null <- 35567
dev.resid <- 226166.60842103334
df.resid <- 35402
df <- 165
coefs <- c(6.445273776193648, 5.864497566069107, 5.464787593822456, 5.441330596865446, 5.095505273451924, 4.876664456162621, 4.7447044137173515, 4.653518062534024, 4.376963708805165, 4.284935519350404, 4.261963344146944, 4.17824515626716, 3.9925704078786737, 3.9735283981927023, 3.7652594746920425, 3.544848528035619, 3.2619587809394854, 2.9753508801327464, 2.4994530166477835, 2.0179858583858445, 1.6281103168562936, 0.8951366746237178, 0.978375169918308, 0.4336489040911694, 0.14278924982521166, -1.576495579588384, -0.13261067892041062, 0.991401459018911, 1.079052665183287, -1.2649079142263322, -2.8285174799605586, -2.6763971331972285, -0.31980894122046594, 0.755766011582839, 1.3462494978353523, -0.9324690107917954, -1.0357295338221792, -1.6526538621436895, 6.518134163042585e-2, -0.8458356361538372, 0.9023477974271472, 0.8657960692168447, -0.9419566868320411, -1.633156063759482, -0.9827220024546447, -0.7285674691616463, -1.0017094917660485, 0.34171494367567856, 0.6279500292381947, -0.2543810161314905, -0.12745791652923907, 0.9394565720778799, -2.473160599872303, 1.5650521159769644, 0.7723244390125655, 0.9565577349146458, -2.3682465996673905, -0.21166978268522385, -0.6171076065985431, 1.2523476543707657, 1.0344146906087455, 0.7960526889249451, -1.830735328743873, -0.7355809821234365, -0.5718351156597803, -2.6893410625285337e-2, 0.6900143580061289, -0.40543224949566586, -0.6742300486241173, -0.737166931364238, -2.0217396002478605, -0.40705033087642795, 0.6619069749085837, 0.9631238569524853, 0.6419496813360149, -0.5206978777145519, -1.556732815652447, -1.0635003104327065, 6.73633563666823e-2, 0.8130982953937663, 1.1263704108114105, 6.1405233306198e-2, 0.3717921656259549, -1.9101970385148246, -0.7197532820613377, 0.2339009825412186, 1.2318690612098842, 0.6103446411639882, 0.9289239942664073, -1.547564215275179, 0.5555135761469059, 0.7891001153495023, 0.7730542222659645, 0.42350551007058007, -7.004558211747751e-2, 1.1440597679462017, 0.140546295034067, 0.499033674150491, -9.41342569395644e-2, -0.3307080649976777, 0.47804332368947733, -0.381431539211851, 0.9339362521513258, 0.5606488359551868, 0.7257789734195926, 0.8351509415761826, 1.1163288252929235, -0.22589487077637888, -0.4538142987603386, -0.7424930172820163, 0.38037975638663557, 0.43960410901728136, 1.614897721497314, -0.8243367660843129, -0.24668205114946984, -2.163785373485101, 0.6860712689250846, -0.26281341275970177, 0.6509015435528593, 0.5733071146875519, -0.7369732805441945, -7.349006816333609e-2, -0.8702558159959837, -0.4791196632252719, 0.27689425868807677, 0.7646423732201708, 9.274754372802851e-2, 1.2132606046098566, -0.6886810349797713, -0.3672426921153844, 0.39507236408294416, 0.7486674548208729, 0.7496672424018962, 0.477784054406826, -9.066690703372181e-2, 0.9826123782589694, -0.26280474234550993, 0.9561753236843442, 0.7338740287495166, 1.0396513540180672, 0.7222049941455214, -0.6015243628886912, -0.8222181781399756, 0.5087437522521466, 0.3442522782237781, 0.6101075967432803, -0.29377638654574145, -0.7050424640193604, -2.0007868191641207, 1.187020494086679, 0.22449096428634274, 1.3462327546063881, -0.19512327857555303, -6.197972018473598e-2, -0.32589910743832634, -1.5268783408849729, -0.7552563650524078, 0.7195106895896394, 1.1202574501455018, -0.3464344713028734, 1.5851603319424015, -0.23005222032938127, -5.310830050545406e-2, 0.16022112508994515, 1.195332035954321)
