seed <- 1057
log.wt <- 0.0
penalty <- 2.8115950178536287e-8
intervals.send <- c()
intervals.recv <- c(56, 112, 225, 450, 900, 1800, 3600, 7200, 14400, 28800, 57600, 115200, 230400, 460800, 921600, 1843200, 3686400, 7372800, 14745600, 29491200, 58982400)
dev.null <- 358759.0022669336
df.null <- 35567
dev.resid <- 225591.61544264414
df.resid <- 35402
df <- 165
coefs <- c(6.570213642327378, 6.099640434974226, 5.715058815368979, 5.270569515083363, 5.006320671361846, 4.945659754781734, 4.816912748151531, 4.67377619012069, 4.39930995855538, 4.267300062914145, 4.322311714939022, 4.19356173769466, 4.026985184963971, 3.967555493474481, 3.7846055256525024, 3.5047130454497903, 3.204741603015325, 2.939627070133722, 2.5076417835961156, 2.058069931033819, 1.7205613386486418, 0.8910179512889973, 0.9655065918719903, 0.3635069748105936, 0.7619634039557139, -0.8782382568362312, -6.938689989093792e-2, 0.9951951301389971, 1.0656422493374813, -1.3450534569791004, -1.9669427628491352, -2.0482733682775365, -0.45307270371453273, 0.7598770381268036, 1.1570278642802803, -1.17634463634094, -0.9532043048000438, -1.2831018335062596, 0.2906859775097342, -0.7492161070303787, 1.0028886857176649, 1.153434899591493, -0.967748149525839, -2.1969179574351996, -0.8828479133430339, -0.7181734110302757, -0.23229306458158366, 0.3218882595972798, 0.7816626654697734, -1.0231197288394343, 0.31819398424194434, 0.9801711491300534, -2.3009573161708543, 1.792354879150898, 0.7292219003021116, 0.9673626237164936, -2.115803446870302, -0.1580239614361322, -0.7210888256516538, 1.5182819040820539, 1.2713539226796846, 0.6574834295915714, -2.2173088156254463, -0.8223044507081548, -0.7448963072463212, 0.19016079539442154, 0.5741739953124244, -0.34863797683920705, -1.1225163249168233, -0.6422657646976907, -1.9648272650665708, 0.2070876069417109, 1.008785089032902, 0.9882380623464841, 0.6552558714419044, -1.3524029374296636, -1.244903976330453, -1.6999289583760813, 7.214505348131656e-2, 0.6036996598672439, 1.220921089251926, 3.747390566371952e-2, 0.512715101053747, -1.6504873497664323, -1.1025877764831071, 0.43621088712164613, 1.2181756347033907, 0.37339953823399746, 0.9381596130370201, -2.4427416290286024, 0.4723279549238297, 0.8119282608240226, 0.8280567242193463, 0.4007238754850327, 9.36046041831107e-2, 1.1419399541261521, -0.861027390017579, 0.9310166481927482, -2.6245643781492734e-2, 0.2483156679447042, 0.44722568766154086, -8.311988720607151e-2, 0.6930487173520149, 0.1852222413578731, 0.6330025280210879, 0.8078364122791875, 1.0389672259491511, -0.9033856706350792, -0.4229636400125427, -1.0131780257461442, 0.4642056470328113, 0.7476743802403477, 1.5807212532157828, -0.36067565603000473, -0.33266490546815414, -0.9996818105451561, 0.827178669056824, -0.28453110120691055, 0.32138902755339915, 0.591725746191158, -0.3398808436817813, -0.6512241037210041, -1.7223098775052303, -0.7056830866022697, 0.25182946955508473, 0.8342387426177109, -1.4863413067380147e-2, 1.019007277606406, -0.7563790203243695, -0.33516069578086344, 0.2051477094476138, 0.93203495899108, 0.9768411053544034, 0.5692150299483735, 6.459844844977654e-2, 1.2232785471860692, -0.4504590016180813, 1.0055250381943266, 0.7312776946767815, 0.9745247621602552, 0.7997965719418983, -0.7097844424020765, -1.2325743815036203, 0.6077050902444447, 0.6254986189881001, 0.4922662559286132, -0.20757481301661, -0.4700240568487758, -2.119080962615789, 1.3824555176424382, 0.16165813582257307, 1.1239543040602609, -0.1656674521621877, -4.8989806290124706e-2, -0.14357458753584537, -1.9539528382420397, -1.7464408504855313, 0.7744316355196075, 1.231710486440107, -0.46840377425490864, 1.5738306054569358, -0.426650284971525, -0.15163422096043416, -9.218801649555054e-2, 1.1873312788402282)
