seed <- 239
log.wt <- 0.0
penalty <- 2.8115950178536287e-8
intervals.send <- c()
intervals.recv <- c(56, 112, 225, 450, 900, 1800, 3600, 7200, 14400, 28800, 57600, 115200, 230400, 460800, 921600, 1843200, 3686400, 7372800, 14745600, 29491200, 58982400)
dev.null <- 358759.0022669336
df.null <- 35567
dev.resid <- 225717.71332019454
df.resid <- 35402
df <- 165
coefs <- c(6.752092208274653, 5.68146970131889, 5.7248005422493415, 5.396310505375958, 5.168564002803454, 4.795136919869805, 4.8025989247667535, 4.623423662599394, 4.346158475895268, 4.374882810090599, 4.336160209183363, 4.147003843890166, 4.0429264109901935, 3.986572683483618, 3.7820990855884675, 3.5808347733573487, 3.250572247962068, 2.9623859663138377, 2.5165693522721746, 2.080812878624596, 1.6127758511385943, 0.8937347134099523, 1.0091550432439542, 0.35037458984157965, 0.5434026894528862, -1.1483185134300713, -0.4991939846478189, 0.9317313614296212, 0.9941514987770346, -1.017107823137017, -2.202575624035773, -2.1954242969007964, -0.4317607765905577, 0.7577922699604922, 1.2071285525583721, -0.6172734054327322, -0.8633835835489947, -0.5400075365812466, 0.17133926265262472, -0.6337181961604019, 0.8523304980597038, 0.9779887457870539, -0.6354120801329115, -1.9717871681618941, -0.70901182599104, -0.9901235229817078, -0.18453814228327112, 0.46509752792942227, 0.5909329364774881, -0.5403579143221329, -0.12655968969938572, 0.7451468774979264, -2.105502526493306, 1.6796089384572015, 0.7982217629432369, 1.1611582949759014, -2.2826510719693553, -3.289519907859655e-2, -0.8650970822942965, 1.4630068495161201, 1.082679003403094, 0.42569999960687926, -1.7041007991321526, -0.9228785390830336, -0.7118354547097909, 0.32694747055698486, 0.5996995774735143, -0.44984956478781946, -1.4047053836831407, -0.5500158504721339, -2.382904109006108, -0.5200385348572816, 0.35002363000554276, 0.7909859393421772, 0.8181078031592962, -0.36315032750110593, -1.2871509473086162, -1.1938657408294933, -6.584003460102246e-2, 0.8204423095506762, 1.3024392305429242, 0.21193842538854937, 0.1584179703744616, -1.575781375336192, -0.5496355741483105, 0.39493557347623043, 1.2832686294866564, 0.4093477206239961, 0.8264717848911489, -1.8932819615532608, 0.4458428449228957, 0.8160726798742255, 0.8065588526074764, 0.25061630215284336, 0.14939657327230016, 1.4925576705305221, 0.10111403698799218, 0.450262881483908, -0.2838248334906579, -6.001787704849585e-2, 0.43107478659973714, -1.0461186776682196, 0.8131856430000736, 5.4760275323741774e-2, 0.6890228271327733, 0.8000017014003743, 1.053172555940226, -1.7378381989194218, -1.0898527640920104, -0.8230001574678681, 0.43578781818026524, 0.41847599871523816, 1.5401283012732934, -0.5697455172163478, -0.31932963064627473, -1.9252789313480345, 0.8247584703097682, -0.25950197944204584, 0.5383948660085283, 0.7458570509116231, -0.16689112482020904, -0.5183333302216513, -1.2840584676746638, -0.3812598101715731, 0.23599391023635014, 0.8807218920810616, -0.1048675692378742, 1.1705051029948021, -0.6804160499591483, -0.3320147839940843, 0.3121047656740056, 0.9243678428655303, 0.60575719798817, 0.3071597967201257, 6.0700010832266386e-2, 1.0243643325891656, -0.4609461827847242, 1.0233592380537622, 0.6985967880462668, 1.1159699510868308, 0.7841681272591995, -0.6423370162126046, -1.0674009689327373, 0.6389431760280775, 0.36021110373985843, 0.4738444643395949, -8.283591765570239e-2, -0.5760561583314985, -1.833800605908702, 1.2844101004186612, 0.10591372693296575, 1.3757505465159225, -7.837497147547862e-2, -0.10719506013106378, 7.216997544466949e-2, -1.6292731930772575, -0.9643575514455104, 0.7271287970540267, 1.2113701679892686, -0.5919853825598389, 1.5190849373676492, -0.4529166649503675, -0.13343540466519702, 2.768080087646822e-2, 1.179972571816594)
