seed <- 882
log.wt <- -13.665700366821603
penalty <- 2.8115950178536287e-8
intervals.send <- c()
intervals.recv <- c(56, 112, 225, 450, 900, 1800, 3600, 7200, 14400, 28800, 57600, 115200, 230400, 460800, 921600, 1843200, 3686400, 7372800, 14745600, 29491200, 58982400)
dev.null <- 358759.0022669336
df.null <- 35567
dev.resid <- 226278.19653668505
df.resid <- 35402
df <- 165
coefs <- c(6.663759088278067, 5.711475713381648, 5.81852867060781, 5.407839687049493, 5.089426240622242, 4.859796401878533, 4.773890030522045, 4.622195614540513, 4.3852604916254245, 4.263727433410496, 4.375011952941073, 4.1780228535762305, 4.011142668263087, 3.939585481752984, 3.7299486603706953, 3.5267620276255407, 3.2681315533758446, 2.9507152259779863, 2.4989498647367117, 2.0614811546177974, 1.5909169109581276, 0.9213262367062834, 1.0172607774612892, 0.3652116373802109, 0.425151785887444, -1.5594227674669676, -0.32982929541320344, 0.9745829025906513, 1.136554985916055, -0.9786549125732, -2.0616257750823195, -2.203769987634668, -0.22352927193974478, 0.7844012326640919, 1.1766538002681552, -1.2704140095221095, 0.26235592895485677, -1.4318993642582354, 0.1431903222529741, -1.3826556067361762, 0.9246856291474352, 0.9630800764507458, -0.5473532788638013, -2.0408758857248364, -0.9113147118870227, -0.7316272448752151, -1.900035526240373e-2, 0.12431828679113104, -3.810424526596354e-3, -0.7148999257321541, 0.155537424704287, 1.031042004064247, -2.879267392121708, 1.7910973885148929, 0.75410711857062, 1.01692468761616, -2.625641341463987, 4.672238595210513e-2, -1.0831682605139883, 1.2939848926928283, 1.2810686113311116, 0.9998281034476425, -2.395561774716036, -0.8788588023157509, -0.6756928375247991, 0.18133981428101392, 0.6948893247107775, -0.27381346006982527, -0.9932477327658055, -0.6303337096899249, -2.2826600904763836, -0.3901042716360996, 0.15091454097301327, 1.0577246459235499, 0.7042271540045626, -0.7831754587866254, -1.6035162000466041, -0.9623201459231381, -0.1454082142940436, 0.56202620768696, 1.1112843932784804, -1.664388190339649e-2, 8.1057948752421e-3, -2.0240505474449777, 0.14728268762882055, 0.5465552522477231, 1.270338343512831, 0.625093114031956, 1.0122612710644974, -2.788583178806626, 0.4506208530331317, 0.8481469765369763, 0.762072394943758, 0.4099468026959587, 0.32097683600272703, 1.3969986287882112, -0.471913089577872, 0.8333214026047874, -0.14546472660405826, -0.17976159458135182, 0.49339318077626154, -0.8738437664782348, 0.6779574910939333, -0.19920417895261558, 0.8712402017155527, 0.8295829392124198, 1.0638504736180738, 3.209246504476073e-2, -0.2411116814471436, -1.6098175121147045, 0.4700374281909251, 0.7347362852644637, 1.605273618388272, -0.33579351355519793, -0.24848436972711122, -0.8859738686572475, 0.7870655174553302, -0.3122759191437075, 0.5406729498662011, 0.4302612331621997, -0.7768720945911161, -0.20405315011819328, -1.060501961011297, -8.055904398486292e-2, 0.3639694343695262, 0.8907737636112001, -0.12164035368595981, 1.029083835273671, -0.5512131909796051, -0.45001984766855635, 0.32948530874581555, 0.8655189809057724, 0.6776420658333645, 0.577263394483106, 0.15873170798047964, 1.1851561213445954, -0.2557486682657361, 1.1387399256378683, 0.7030744603692429, 0.9720433307538164, 0.7558421438475965, -0.6631145343955046, -0.9168128044214863, 0.7149087878840723, 0.19757292511543942, 0.49949271842191256, -0.16420481081292634, -0.6331850570231539, -1.742987152205351, 1.3135252352939082, 8.370688846155899e-2, 1.1498188773871711, -0.1431278695785625, -0.18796445955467792, -0.15536443016326856, -1.5387260840460055, -1.6482812555813393, 1.00590720256157, 1.193500187911396, -0.6124148638679826, 1.6210741305023115, -0.3393606864531977, -0.23984414458592815, 2.5593465784566356e-2, 1.1605694673739881)
