seed <- 373
log.wt <- 0.0
penalty <- 2.8115950178536287e-8
intervals.send <- c()
intervals.recv <- c(56, 112, 225, 450, 900, 1800, 3600, 7200, 14400, 28800, 57600, 115200, 230400, 460800, 921600, 1843200, 3686400, 7372800, 14745600, 29491200, 58982400)
dev.null <- 358759.0022669336
df.null <- 35567
dev.resid <- 225829.16772782613
df.resid <- 35402
df <- 165
coefs <- c(6.405921370980539, 5.886816306341031, 5.728681204338351, 5.379747376868661, 5.165260855638268, 4.776415143315158, 4.789266924347132, 4.695954603029256, 4.356483157462946, 4.252518254827688, 4.354055905257866, 4.148885723596488, 4.034243231388968, 3.9443501624092057, 3.756861198306574, 3.530744799060381, 3.2235998913068555, 2.9288669855351794, 2.511553052078119, 2.0424478348572297, 1.5204570091693532, 0.9232273316054241, 0.8983227628967746, 0.39577552871780686, 0.16987698918515248, -1.0775264392956192, -0.3897511669548328, 0.9248993604096154, 1.1145020097756213, -1.1372036529127183, -2.262203962575203, -1.5929788665405642, -0.6028633439958033, 0.7250676395522772, 1.2932727156978367, -1.4447220487937311, 6.165005346239819e-2, -1.2692306852012174, 0.2902278521025415, -1.3599642758667003, 0.9802924307368436, 0.9417690959779838, -0.9297204650625521, -2.496003518993162, -0.8727373941932334, -0.4263877092031668, 9.545741530635211e-2, -0.16566167598198933, 0.23080428350527196, -0.8792308095719332, 2.4527953689339525e-2, 1.034881331154273, -2.822127454151597, 1.661111855426256, 0.8696867969020865, 1.0870785572494417, -2.2739314973530282, -0.10896939571401094, -0.24588164487474412, 1.7274691305568084, 0.8166399197160991, 0.7894785899901523, -1.7256785740338627, -0.35284519154598154, -0.8996876098791423, 0.11719668446048237, 0.5793906769959755, -0.7003944121595054, -0.8151379988878606, -0.6856069637085178, -2.7583341051468158, -0.6007166976174121, 0.39801327872592984, 1.012983558742518, 0.6319828584735838, -1.2611843690324747, -1.1091558499685974, -0.915638320180968, -9.443964349961627e-2, 0.6016171042899381, 1.0360750884929784, 0.11977674035130075, 0.1313372087424646, -1.9136424342227694, -0.9850980573058016, 0.4337888627628075, 1.1904862888136436, 0.5919496913082586, 0.870830565800453, -2.368890025741597, 0.4257113993568722, 0.7891925715356289, 0.724259140614771, 0.30326318727580515, 0.1584574573377487, 1.5899350520593865, 0.17543841618145953, 0.3060017514466939, -6.731409806486381e-2, -0.5138344417416566, 0.3833958367052012, 6.320392433301228e-2, 0.7513952806731312, 6.75055133801415e-2, 0.8324576628601149, 0.8206743904209102, 1.0631805094763016, -6.516590296143983e-2, -0.45419789122846177, -1.0285765315727702, 0.32794046587028625, 0.6060078960972807, 1.6250332445701392, -0.900558647701489, -0.16247367399596985, -0.9204913852164752, 0.6943565693101518, -0.2564596356034574, 0.419472797123892, 0.6808109591342104, -9.785268112567744e-2, -0.18671374491702641, -1.0215959046021272, -0.39682972405864086, 0.4017680510380515, 0.7787207737440642, 4.143347998552681e-2, 0.9205107370005061, -0.398325049540791, -0.5592648806213364, 0.17442131363227364, 1.0147495854250683, 0.8560906934559472, 0.38951564697554697, -0.12956694439957775, 1.0789955319700835, -0.3665391819274865, 1.001272199835324, 0.7479252054533188, 0.9140182957144148, 0.7117801934680316, -0.7768667605719876, -1.2352146648444733, 0.7490326550390731, 0.36772816233202654, 0.5373356419070723, -0.25372876086271406, -0.14460626569216048, -1.7439757901633681, 1.2733528625147628, 0.12484528440874292, 1.176197957304923, -0.19820492537529716, -7.845394378308536e-2, 5.508234652401121e-3, -1.9678641513550534, -1.5390931669043666, 0.9721741587337039, 1.1224700299685493, -0.207469543001899, 1.5656637474637582, -0.5143367497551667, -9.155037864239286e-2, 0.15374744643472213, 1.1622715545998585)
