seed <- 1059
log.wt <- 0.0
penalty <- 2.8115950178536287e-8
intervals.send <- c()
intervals.recv <- c(56, 112, 225, 450, 900, 1800, 3600, 7200, 14400, 28800, 57600, 115200, 230400, 460800, 921600, 1843200, 3686400, 7372800, 14745600, 29491200, 58982400)
dev.null <- 358759.0022669336
df.null <- 35567
dev.resid <- 225468.53765221298
df.resid <- 35402
df <- 165
coefs <- c(6.518948941119823, 5.704138675864525, 5.6680074069971536, 5.342564417248879, 5.136955208703553, 4.818936993291355, 4.760243655687586, 4.684407098280677, 4.375114327614242, 4.262108717608566, 4.345802589912916, 4.19445593764103, 3.9849656271662997, 3.9733031577978437, 3.764909805440703, 3.557665569493833, 3.22544461199499, 2.971724736314952, 2.5183374157294383, 2.008498985268456, 1.6777979902125413, 0.9027436903148891, 0.9995349756338417, 0.4611931029010316, 0.2929652577517552, -1.4820436791289588, -0.2105861283556702, 0.8978317753825592, 1.0383094952055427, -0.927194921388103, -2.304441277857405, -1.8764083504537692, -0.5772039770193655, 0.7862280922117602, 1.400039628819187, -0.8751456002249574, 0.2685651728585107, -1.5561485713032095, 6.668617081044846e-2, -0.627989783516464, 0.903198242498962, 0.9183661104636979, -0.7016752595923492, -2.133613676595298, -0.9046056198710176, -0.6414418618267782, 0.10500891558440606, 0.229415527184168, 0.5177009781974221, -0.5875127877782561, -0.10512669409259441, 0.8036393795917638, -2.4850668301728387, 1.563003027503058, 0.724926690503158, 0.9530876688188094, -2.1336107494421435, -2.4709680112495015e-2, -1.0707983721781236, 1.6453913348523204, 1.1188308261806952, 0.8468811470790881, -1.240989142390402, -0.2556170536447392, -0.33025921395701985, 0.2047044182889298, 0.6870991136092616, -0.3544879027437339, -0.7262960227332746, -0.7749481465749074, -2.024335607023913, -0.2269415607612703, 0.38788156018915615, 1.066961807323329, 0.6190675249564586, -1.071015705137481, -1.4389629182144288, -1.0670296954442309, 2.956226778839305e-2, 0.742343142721907, 1.1993294957876053, 6.124443491669567e-2, 0.1067901869781524, -1.8324243246284755, -0.876144774469007, 0.5780159040610923, 1.2220564321712772, 0.4302435469100241, 0.8969841414566352, -1.9273966027487976, 0.4551255624486507, 0.6945738708329028, 0.6598811055019853, 0.4226204883815574, -0.10223936385924691, 1.2719529597469872, -0.5836084383612324, 0.5140469517394128, -0.36344041642987174, -6.455232518739236e-2, 0.3579908878073152, -0.9465094220979683, 0.7546628159257563, 1.9949250962110976e-2, 0.8989025375114208, 0.8901905966569373, 1.1160960959302073, -0.8724452927758548, -0.5091821236306235, -1.017062076068782, 0.30580902516190395, 0.3652730913285426, 1.551351996482504, -0.8407497162742491, -0.33940480674012463, -0.8906775736197927, 0.7340381241651999, -0.3947520560040636, 0.40710246075666284, 0.5925817034229898, -0.7762746121873162, -0.3308870158840373, -1.2169322366404176, -0.5479343700612297, 0.3026877176559161, 0.7417888877446657, 6.428666330306964e-3, 0.8405408551973453, -0.5592930710178958, -0.4684981841797389, 0.2621276953452518, 0.874280185600465, 0.9508526325390797, 0.44628064922617244, 2.5529902274206467e-2, 1.0304961322092705, -0.3574618129032971, 1.0524071236380426, 0.721812768207791, 0.933846972914538, 0.621829326398859, -0.6011051080888883, -1.1372685838574248, 0.6250430864930242, 0.46066277577229175, 0.6264562376254581, -0.24884664381131022, -0.6246659898503412, -1.9725416287353836, 1.2093885180156978, 0.10275436187023983, 1.1303986826080787, -0.3172789390858961, -0.15757226569495983, -6.205803212908001e-2, -1.8929011218104579, -1.2522492548407516, 0.8950114331087071, 1.146772206345928, -0.33570869802448133, 1.5337699228762214, 1.9222272299086986e-2, -0.13685090249369727, -5.9552940643199354e-2, 1.10430778980457)
