seed <- 1070
log.wt <- -14.630151206754446
penalty <- 2.8115950178536287e-8
intervals.send <- c()
intervals.recv <- c(56, 112, 225, 450, 900, 1800, 3600, 7200, 14400, 28800, 57600, 115200, 230400, 460800, 921600, 1843200, 3686400, 7372800, 14745600, 29491200, 58982400)
dev.null <- 358759.0022669336
df.null <- 35567
dev.resid <- 226101.52609554384
df.resid <- 35402
df <- 165
coefs <- c(6.577188659256681, 5.515410341196747, 5.68077701124326, 5.314340921388475, 5.073405789704581, 4.775893390911106, 4.6797349944184194, 4.595658467646622, 4.325454745073461, 4.303391528111846, 4.28124204666026, 4.1457427525844635, 4.004606916257472, 3.9580269512925246, 3.753333772229479, 3.547838022327395, 3.232906394976858, 2.918637240562828, 2.509096940514039, 2.0480822078477945, 1.6307503596701722, 0.9161342078076531, 1.1036568813063823, 0.5700053859006545, 0.3702765797784139, -1.1341959167223066, -0.2551806533619451, 1.1358481691385596, 1.074668571182824, -1.5526408618434286, -2.607058418542447, -2.3813259199064536, -0.3103362959623361, 0.7795952733187536, 1.2569198576546847, -1.135772345830361, 8.429648293869875e-2, -1.121136902673262, 0.1930000455425934, -0.7640500713330081, 0.9738340196739597, 0.9162652636107408, -0.8857675300728959, -1.9702888366885858, -0.7728021288180462, -0.9044945893180201, -0.8399425754158751, 0.206187480866657, 4.4491938257107955e-2, -0.3974555270589842, -0.21077568334133065, 1.0808156270039038, -2.544166104971285, 1.879031168137869, 0.9557428499022526, 1.1311771266140969, -2.1847738853502103, -4.9581425660090994e-2, -0.6370683673536754, 1.189253526657043, 0.8763881609170678, 0.7514349383314191, -2.068223918779756, -1.278204386354273, -0.6221589644208871, 1.632321674789407e-2, 0.7617120955817104, -0.7504910243256029, -1.2871680158418155, -0.696630723964778, -1.47779252415748, -0.2521875856305025, 0.4257127462657845, 0.9387024552653035, 0.7737248075238189, -1.7244978080852231, -1.4123642300280235, -1.3793421571276148, -7.530035985612533e-2, 0.6977404105670034, 1.1504876079342987, 0.15147746244001167, -0.11909171778108989, -2.1075043550638264, -0.25872388647813316, 0.4591637333340999, 1.1865859597295447, 0.46268170614747695, 0.8798885042903044, -1.4231050955035596, 0.5501527084678483, 0.8578982234187619, 0.8140014941550708, 0.40509283848218375, -7.3036818457001195e-3, 1.2415623150663182, -6.567942335200498e-2, 0.11091344770590864, 6.533105800690726e-3, 0.3968006066819169, 0.3654528916885423, -0.562772146218355, 0.7984815187856605, 0.41868629693830134, 0.699056338813866, 0.8519849996092383, 1.1183630017704869, -0.2410875314996105, -0.5445124308015175, -0.890098309240614, 0.44049968838922837, 0.6690540981467472, 1.6068736950687836, -0.6872946486530754, -0.1740525726212381, -1.1102348660438504, 0.7863881541043032, -0.26291160938167396, 0.5350077353277244, 0.7764604297107368, -0.5889442615583579, -0.5671979363408672, -0.9863856104033142, -0.7224073459888195, 0.28588556449095803, 0.8702635283504556, -0.1555533632275071, 1.0133386905158934, -0.8284599762407711, -0.39213098523187717, 0.14757830458630558, 0.964610555986616, 0.891085303774642, 0.4159907589446508, 4.760059707836196e-3, 1.210556766313781, -0.2923661383737616, 1.1094442525850425, 0.7780161121417417, 0.9186108097447007, 0.7587736365759733, -0.7237454084129599, -1.0809388728386002, 0.7166563050672148, 0.42648503009577066, 0.5252652618967188, -0.2488545274390335, -0.1979507771737928, -1.9105617847321932, 1.2606202167544545, 0.2329295118254626, 1.2089794682568062, -1.0167409097965223e-2, -7.479003968852845e-2, 6.119587468908119e-4, -1.928184181230938, -1.6608762398374748, 0.9086139965579522, 1.164316726631571, -0.26864658449722745, 1.5950139761309203, -0.44679273684054605, -0.17930255238448722, -3.409037909101322e-2, 1.185000479727681)
