seed <- 1078
log.wt <- 0.0
penalty <- 2.8115950178536287e-8
intervals.send <- c()
intervals.recv <- c(56, 112, 225, 450, 900, 1800, 3600, 7200, 14400, 28800, 57600, 115200, 230400, 460800, 921600, 1843200, 3686400, 7372800, 14745600, 29491200, 58982400)
dev.null <- 358759.0022669336
df.null <- 35567
dev.resid <- 225647.08088971887
df.resid <- 35402
df <- 165
coefs <- c(6.506118180148306, 5.799612123774248, 5.762863025984596, 5.339379083051367, 5.1067411789953105, 4.840575140843825, 4.801480684322897, 4.625006002190964, 4.392762125765774, 4.2620338250917325, 4.328219429542139, 4.173257383392143, 4.009034385515235, 4.00603288795946, 3.775353344287376, 3.5309367879139817, 3.2337244377084944, 2.977033199008082, 2.4868406190227597, 2.031465088613651, 1.5930048129731122, 0.889970264011533, 1.130691442792634, 0.5865698046528414, 0.4574571022545767, -0.8597214401421924, -0.17215120511439605, 0.92696299570245, 1.1356250027886383, -1.0195053656194903, -2.440417851136364, -2.070035058976928, -0.2219253459819405, 0.7239790807686053, 1.3716334983284137, -1.3146076043842372, -0.8562317731003442, -1.4066837606410194, 2.606030555439494e-2, -0.23951917272044534, 0.8337622794799621, 0.9859989895212578, -1.1798650513270035, -2.5855410153664247, -0.5369134743878408, -0.9207441060478201, -0.7717683362003321, 0.4156002286566852, -0.21924524566873652, -0.40741441827057495, 5.4862640984314204e-2, 0.921002697105825, -2.4689701636214503, 1.86190390796917, 0.8258366851076444, 1.3135181716578692, -2.7911722185251993, -0.3562409838679342, -0.38945803961613984, 1.2341856176592043, 1.046320343195841, 0.5583635038011993, -1.5374315801794567, -1.2731380852889167, -0.9382750836516446, 0.41115229782368984, 0.7018421400427569, -0.24639050760851208, -1.057568119396533, -0.47841523477575626, -2.709126351570449, 0.30355431643066266, 0.7575825522924757, 0.9018850052278147, 0.5568548440936731, -1.0231173547183912, -1.346428813218931, -1.2017029583943546, 4.8190087804458805e-2, 0.8001177049279186, 1.1429641973919284, 3.087669302652693e-2, 4.015876615650546e-2, -2.1311281374674276, -0.1571315406289314, 0.2340549160950306, 1.1745896191801897, 0.4583766288598007, 0.883585408491354, -3.4718754766385094, 0.5052588164881461, 0.8799013214514678, 0.8275402594169229, 0.4061712447783769, 0.34507021646910624, 1.6743435493423027, -1.1398969833583288, 0.25318601600201507, -0.2799630773810551, 0.21643632556307094, 0.5984662952842525, -0.5904009687979969, 0.9143810498401088, -0.38841860435829756, 0.47564021919365507, 0.8597835516437031, 1.2027748655833446, -0.8216058019937997, 1.5930403824151982e-2, -0.6766243295969885, 0.3578659380429186, 0.5375150079737463, 1.5937728661947166, -0.6158760218382472, -0.134263376424769, -1.4301523231282118, 0.8309457127138873, -0.1501792973290742, 0.6131382081654725, 0.8181581581147888, -0.18421309631892904, -0.18634150514822975, -1.054682867536944, -0.6135614706050321, 0.2915205162422206, 1.068295137735334, -0.14330449702767104, 1.0470039114096052, -0.6428847833514659, -0.3781270923160355, 0.2306406031923837, 1.0893922289523204, 1.0227001978470838, 0.3283919409212559, -2.145575231603635e-2, 0.9877487134470914, -0.36638854405419685, 1.2775894725342478, 0.7407894254401789, 1.1445740773781514, 0.8187215971831692, -0.5751281820450006, -1.0612686144536767, 0.677007945554033, 0.4560865052457228, 0.47476857576783826, -0.18223687619053272, -0.48455293600286453, -1.745802809076881, 1.3939549688429445, 0.15476573775822225, 1.2908466962590806, -9.269966319377647e-2, -5.194593784733108e-2, -2.4862588472745156e-3, -2.531470305517403, -1.1993584655845924, 0.7861354959838169, 1.0776880108628144, -0.41415334931631204, 1.5291330451419702, -9.953398313822504e-2, 6.7868334343579905e-3, 0.24457562635406752, 1.2473516189370315)
