seed <- 773
log.wt <- -14.190921595103234
penalty <- 2.8115950178536287e-8
intervals.send <- c()
intervals.recv <- c(56, 112, 225, 450, 900, 1800, 3600, 7200, 14400, 28800, 57600, 115200, 230400, 460800, 921600, 1843200, 3686400, 7372800, 14745600, 29491200, 58982400)
dev.null <- 358759.0022669336
df.null <- 35567
dev.resid <- 225662.4653472926
df.resid <- 35402
df <- 165
coefs <- c(6.3696324987948785, 5.860289649317253, 5.721421636557382, 5.22051958176933, 5.12564141264053, 4.851563509369149, 4.8112451425141645, 4.598925274165647, 4.373595105542147, 4.2561424347115935, 4.36736549863087, 4.184479293177202, 4.037239975742576, 3.97879982526931, 3.7444986204817345, 3.5272435909769237, 3.2694165368136567, 2.945248689685477, 2.49526826911013, 2.0826760276645224, 1.5829523425848757, 0.9361924217905072, 1.1170863369354262, 0.4361485550101432, 0.37870054367089756, -0.993774365859537, -0.32266690715531676, 0.826667373019009, 1.1050775095970955, -1.1088908223794756, -2.0685545620368786, -2.627461912207454, -0.5900474394636926, 0.7557898937957359, 1.3527120652533462, -1.0201420218391108, -0.4349159273894512, -1.3530641130642767, -8.175041353249093e-2, -0.6347437707875555, 0.9272344401111839, 1.1129469573346804, -0.6214673058316507, -2.006821564652795, -0.8873286679264958, -0.8732146964973815, -0.45056078708606306, 0.18993567535152875, 2.8377798205632684e-2, -0.5603954113574117, 0.14198621318808052, 0.8294864938520243, -2.175919645560694, 1.6424729252890464, 0.6405010968288708, 1.1846775655523616, -1.6736450389816444, 9.768272381391235e-2, -0.8664057850497425, 1.4329091231373803, 1.2314906301596285, 0.8333946914075238, -1.3592982227543482, -0.7418792412644096, -0.7805696649543687, -0.1321260298629482, 0.7385768971930172, -0.41883903293303065, -1.0630567027688116, -0.8040112722777836, -2.0821569709050247, -1.0522745459431844, 0.7072061470644455, 0.9078351024081958, 0.6524495996366373, -0.6078946748349916, -1.2780978926910556, -1.0905050048904184, 3.001056997008984e-2, 0.7957760658227119, 1.129516714293835, 3.96825974107567e-2, 0.4308579070461544, -1.4817592507702657, -0.776158314781286, 0.5262609173938114, 1.207728224444168, 0.43514474235311956, 0.9190942598798016, -2.3635170396973693, 0.3742170353466612, 0.86252759170338, 0.7568887693720013, 0.39842565598935736, -8.22625702128552e-3, 1.5132569478710913, -0.5161328571510038, -5.481140145466704e-2, 6.711326758292926e-2, -3.465448801470542e-2, 0.34949561672821633, -5.270386078107491e-2, 0.6747641863449074, -0.16165411694962667, 0.714365486453261, 0.8688425364387751, 1.1789597716826903, -0.7831080647465485, -0.6975263955249027, -0.9584804679557317, 0.4804177069504537, 0.6035142521404515, 1.5964519317733972, -0.813058432340045, -0.2833333067920544, -0.9174967471319667, 0.5692020154060582, -0.46046489855148004, 0.4689240686060234, 0.6449733029287845, -5.438417308799127e-2, -0.39172853495831345, -1.7252351766479685, -0.6607737329779003, 0.490284501755523, 0.7890829973499451, -0.1202855336214878, 1.0326485565735977, -0.4694515440207553, -0.3662008665289425, 0.4249865693014021, 0.929772592347382, 1.1101904365095454, 0.4789330698110037, 1.281544647048822e-2, 0.926213655560853, -0.3945725137159687, 1.024909608073432, 0.6597240286483687, 1.0117696020144176, 0.789440058080774, -0.5538489826314483, -1.399877684702995, 0.7450981981644471, 0.32570941847213947, 0.5949676585499382, -0.23178148506686908, -0.6788298599870172, -2.3134431730842517, 1.3223838729800448, 7.245601821537671e-2, 1.2362301498790662, -0.32266915574098926, -3.887511275223503e-2, -0.1662992340598735, -1.5548105115116695, -1.3025573061476432, 0.970862855079467, 1.1582217468841474, -0.26225074905887824, 1.5549646301609596, -0.3309951710759625, -9.660912426514347e-2, 8.643842329267841e-3, 1.0467855052964397)
