seed <- 1044
log.wt <- -12.197115525320005
penalty <- 2.8115950178536287e-8
intervals.send <- c()
intervals.recv <- c(56, 112, 225, 450, 900, 1800, 3600, 7200, 14400, 28800, 57600, 115200, 230400, 460800, 921600, 1843200, 3686400, 7372800, 14745600, 29491200, 58982400)
dev.null <- 358759.0022669336
df.null <- 35567
dev.resid <- 226080.17680691037
df.resid <- 35402
df <- 165
coefs <- c(6.5073540594577794, 5.717931417574732, 5.587507926894534, 5.432630473104401, 4.986315152693294, 4.8834657709352935, 4.742251647061106, 4.697546317097211, 4.415407507182369, 4.251745379783561, 4.338656646501591, 4.1984514212103345, 4.01457459278077, 3.968750664184908, 3.7632420283745986, 3.5489401004417256, 3.2564458445832534, 2.948522295193126, 2.5562529792306807, 2.145504866847149, 1.6087134068989426, 0.8892677040281408, 1.1401601963983217, 0.24469058348943942, 0.5871109069749468, -1.1293235435022195, -0.2637007816694848, 1.0793121783713526, 1.0237066720894743, -1.523695401458371, -3.122713475970828, -1.990567878109467, -0.6110210085456866, 0.7732244722930819, 1.2522205644209379, -1.408005070748306, -0.19020792824966848, -1.1686827745277137, 0.19870492960072905, -0.5118371425162875, 0.9377711814084307, 0.8036600537349472, -0.3028763393378713, -2.1292677616056204, -0.9853509146977868, -0.7652285246293795, -0.47395381438821144, 0.27339170694165066, 0.40551233287424326, -1.0546358393719502, -5.554200100201639e-2, 1.2017554009893712, -2.4341836995024146, 1.7430945992018976, 0.7512431719538051, 1.003501090621513, -1.9026508265846551, -0.22527859598043382, -1.611130493639776, 0.8760020764151535, 1.153072239410964, 0.42572170059350917, -1.6127167531489377, -0.7930065084610373, -0.5762783473802029, 0.18142278605451712, 0.6773456858682173, -0.6404882310235639, -0.829242689932202, -0.6485678520820972, -1.9770038578331226, -6.995060092449915e-2, 0.4277420420527152, 1.0916443977145418, 0.6659555713675205, -0.8742888051673958, -1.309413521172107, -1.119087457188433, -6.1607162562446534e-2, 0.63832003846526, 1.1442296671099088, 0.15005779718531714, 0.3746245074006008, -1.6152037916891417, -0.48770556078725763, 0.4311033028819326, 1.1762270077085053, 0.21093128046998302, 0.9233847101278634, -2.3535311297159978, 0.592085976993123, 0.8283243445514809, 0.7350147539891607, 0.294246139468442, 0.34027413692163455, 1.1413787429680977, -0.1112551222111642, 0.600857426453497, -8.221392621667754e-2, -0.5669708777898683, 0.14863789723862708, -0.4257118143919254, 0.7611578751123241, 0.12634931953319653, 0.8512658868782783, 0.8572290052498969, 1.1404462033143916, 0.4538503795707434, -1.1863926815475632, -1.0900772618357195, 0.3755815517222705, 0.5609347727597298, 1.5939235144819528, -0.6577615692658336, -0.2964753347797808, -0.9927411233928848, 0.6593207239725654, -0.12431842159572196, 0.5276898163223307, 0.6902343060875259, -0.7315679834986136, -0.17021596021294313, -1.125498429199615, -0.7797807805920032, 0.3481849672419024, 0.8979794660553624, 3.393951275966367e-2, 0.9780201083339715, -0.6746300507211197, -0.4026046940641611, 0.34558519621000283, 0.7345474022181758, 0.8576845959635692, 0.49356787342464087, -7.015429643522125e-2, 1.1636484958324642, -0.3828254845917729, 1.1657009349455427, 0.7556694989068329, 0.9571131745010044, 0.6152351687718924, -0.7372212975024841, -1.0757781836908322, 0.5866831541409646, 0.17541171086507756, 0.6131306698021332, -0.28563090767714877, -0.44706239361016376, -1.8679442898631275, 1.328570274982994, 0.22502809266422766, 1.1408553012397091, -7.512730791175783e-2, -6.080573237054876e-2, 1.6865728563815196e-2, -1.9076188884698233, -0.899404551847269, 0.9569100085802951, 1.078988034950042, -0.24363562028614733, 1.5950363999217563, -4.0640742954774385e-2, -1.279750160728466e-2, 8.05816168853563e-2, 1.0729565976713527)
