seed <- 382
log.wt <- -15.913310222549017
penalty <- 2.8115950178536287e-8
intervals.send <- c()
intervals.recv <- c(56, 112, 225, 450, 900, 1800, 3600, 7200, 14400, 28800, 57600, 115200, 230400, 460800, 921600, 1843200, 3686400, 7372800, 14745600, 29491200, 58982400)
dev.null <- 358759.0022669336
df.null <- 35567
dev.resid <- 224383.54466905707
df.resid <- 35402
df <- 165
coefs <- c(6.708201888756008, 5.897983770194083, 5.535361170146796, 5.23724522969591, 5.0877420018673005, 4.9066094225856185, 4.815278285756155, 4.70763083403243, 4.417033783921482, 4.334292092747166, 4.327549305633846, 4.195481302806884, 4.024510957359581, 3.991794196094368, 3.7841730580619872, 3.5890289647744935, 3.2952785376611398, 2.970573761521843, 2.5300601777758334, 2.130931714606723, 1.604349040570419, 0.9384751005460309, 1.0278515539214677, 0.41949267882646657, 0.4133669712820158, -0.8829900184073135, -0.18590599129831892, 0.956247445622226, 1.0502880392771086, -1.4025768546639192, -2.188509426512585, -2.374573851235415, -0.5422771669485386, 0.7133179662061527, 1.3721329529124995, -1.1436293967233726, -0.7500037344587466, -1.2907413179662461, 0.11217245246362974, -1.298862317271103, 0.9301446093934662, 1.3178139778005111, -1.0347539527521692, -2.6513976386191396, -1.1954021495247158, -0.7883644611605801, -1.008306808391036, 0.5176626203804422, 0.16823882338363638, -0.9357676975796149, -0.28940446724486246, 0.9598460169759556, -2.2838700169417843, 1.7490959785682185, 0.7860973782177104, 1.1788529360216362, -1.8393308734810065, -0.28521756798764014, -0.5606868666758702, 0.900922483728134, 1.3008031891571874, 0.6992937336574542, -1.43589076366607, -1.3263179259440054, -0.9642647049373086, -0.15854791209581515, 0.729859884184084, -0.35570107734894835, -1.7342798009406835, -0.6045275086134151, -1.6059256080322613, -0.11059654822553379, 0.6869629385721727, 0.9650519608489404, 0.6667255192438125, -0.8101570338564035, -1.5442307284693728, -1.2631260963443178, 9.344377973308864e-2, 0.7360655418354278, 1.3596979484836107, 0.1911687655543687, -3.935732831430018e-2, -1.6375772418262573, -1.1202607265908742, 0.47304727906109, 1.2291819716338361, 0.6044345552101518, 0.9328383336412208, -2.4207172615103527, 0.5381910202630932, 0.7914915639776687, 0.8832280824875627, 0.40794036134717876, 0.1818785692288441, 1.3118077488491808, -0.8817237731696896, 0.5581496152507059, -0.13637754679065933, 2.6731605840431796e-2, 0.5385363515673789, -0.11933231692676469, 0.8208239863245455, 0.18065951337952563, 0.7881003234734368, 0.8686588884466686, 1.0808025991379886, -0.6422724365515606, 0.4477687076235729, -0.9326632832372045, 0.3880475585808419, 0.6501758435604976, 1.5930791030528548, -0.7887871118533497, -0.31724804600633905, -0.8164659342270054, 0.859511816191892, -0.31665328231966666, 0.5191126777288506, 0.5104201247155503, -0.45186586291728387, -0.4947849503174125, -1.0692345940953742, -0.17637763196858966, 0.3398432701548097, 0.908598281018612, -2.277963505134704e-2, 0.9741272498256596, -0.5633861809962063, -0.39469339629182365, 0.36137827962121777, 0.9691167148835544, 1.0352151256135715, 0.43969087140037477, -0.1869211491149599, 1.124650645481939, -0.29213058614354936, 1.144247351927811, 0.6729090605821585, 1.0296082264293378, 0.8353169486331827, -0.7582604332148769, -1.221283450910108, 0.5873513282252752, 0.535367980156092, 0.5096921071391222, -0.2680597226047242, -0.3879500780387652, -1.8682328984232264, 1.3165276347724837, 8.388511589794448e-2, 1.194331380488282, -0.11035279293995066, 2.8155567487342024e-2, -0.1075965702273174, -1.6826980762819201, -1.3838696386516716, 0.8920217001501272, 1.1756667328927868, -0.32242112561236325, 1.567999227828307, -0.2831956706931732, -0.16191916488004185, 0.11300208947288926, 1.259173845561353)
