seed <- 1076
log.wt <- 0.0
penalty <- 2.8115950178536287e-8
intervals.send <- c()
intervals.recv <- c(56, 112, 225, 450, 900, 1800, 3600, 7200, 14400, 28800, 57600, 115200, 230400, 460800, 921600, 1843200, 3686400, 7372800, 14745600, 29491200, 58982400)
dev.null <- 358759.0022669336
df.null <- 35567
dev.resid <- 224892.48822828193
df.resid <- 35402
df <- 165
coefs <- c(6.541859817740504, 5.796553424375866, 5.653921686218644, 5.484135859156272, 5.055498391160743, 4.886144672745181, 4.791569036376654, 4.666769961967575, 4.514428539347274, 4.322518124739019, 4.338250741478887, 4.182325736376214, 4.012632852398148, 4.009560094932695, 3.7831889830246452, 3.543015233226657, 3.2339526056967354, 2.9796755656288543, 2.5519595394198245, 2.0690335358634155, 1.5527303709150675, 0.8863836271609504, 1.022518685936935, 0.23301210494284097, 0.6355778256948023, -1.5055428662818908, -7.048412738151388e-2, 1.0127262234297467, 1.1031883810406795, -1.4218744145002742, -2.11352726720009, -2.596355363029063, -0.2636853221838154, 0.8068321329285593, 1.3417915734897243, -1.516861233058449, -0.2944033927128092, -0.5969755804543609, -6.415512417079876e-2, -1.3217104864987088, 0.9929435829534343, 0.630075817053663, -0.8072370880277037, -2.6801205211122006, -1.2062315164240944, -0.5771948787598167, -0.3499339495622039, 0.39398818563416427, 0.16253341160490167, -0.3314569624460288, -0.21349442250804948, 0.9372723531596873, -2.7785616816860803, 1.6345879869710485, 0.7678946799336904, 1.1659086574972592, -1.7541615018307481, -6.335833163892018e-2, -0.607642573231391, 1.2856563828498224, 1.0788040154558058, 0.6025800911683137, -1.5652886563795019, -5.003335165584706e-2, -0.35258633269146084, 0.2711065976487601, 0.41675104564884957, -0.432265196944514, -1.1716744178625909, -0.791902174290634, -1.8704316844333715, 9.708192351310432e-2, 0.6531112961401044, 0.8364507374318926, 0.7378339384623877, -1.0989870362019578, -1.5552250573684407, -1.162773323495752, -8.540679602312969e-2, 0.7091607616371162, 1.0323897190793871, -7.027988678975086e-3, 0.4064294813797916, -1.9896077439426239, -0.44110784128581076, 0.3571575880998987, 1.2376203069836784, 0.4099109400642743, 0.9938966495035588, -2.562711002962704, 0.5021865164174429, 0.8552064680997217, 0.689913387294268, 0.38763719076155695, -0.4282146258340041, 1.3912751839178648, -0.33741265205324306, 0.44606786982459157, -0.3930337645204175, -5.98904560556693e-3, 0.4761843925577696, -7.18248721049351e-4, 0.8199263822491625, 0.26847778544212286, 0.8997574362118543, 0.8520157328717566, 1.143085497662386, -0.2198109626151522, -1.172628177811773, -1.1638287960215494, 0.4514528679059855, 0.5913479525018909, 1.5688371748074788, -0.22241006218681064, -0.1746328668581566, -0.6059027069456332, 0.7570971371424817, -0.29119066703647956, 0.4982150064612021, 0.5708319755076895, -0.9052437232157552, -0.24473125326814277, -1.2646726225671963, -0.6570224321675963, 0.3798496231258131, 0.9072571479119986, -6.592604539191793e-2, 1.072227854303158, -0.5276999355782392, -0.5408834671836126, 0.2690221914014265, 0.7670894380896205, 0.9143142071691982, 0.3343020907178232, 9.133895906984257e-2, 1.0553131048516582, -0.3410717977907415, 1.052116503279303, 0.7289667479043014, 0.9883530863992593, 0.7025991135172087, -0.6214022533371538, -1.229842866611939, 0.5537941235429765, 0.39415947935725576, 0.5634521150131343, -0.1976610154437919, -0.5621413280590583, -2.0317942200258003, 1.1627641718855977, 0.15322585355859233, 1.2620134596091055, -0.29541314949346037, -3.9908922797289095e-2, -0.19499673665855233, -1.5664493783818718, -0.6877044483426722, 0.7025249662163104, 1.2505436605493851, -0.31068689381855014, 1.5443392855737326, -0.28742117288381946, -0.14222116221100323, -6.704284956410336e-3, 1.1371090501278278)
