seed <- 376
log.wt <- 0.0
penalty <- 2.8115950178536287e-8
intervals.send <- c()
intervals.recv <- c(56, 112, 225, 450, 900, 1800, 3600, 7200, 14400, 28800, 57600, 115200, 230400, 460800, 921600, 1843200, 3686400, 7372800, 14745600, 29491200, 58982400)
dev.null <- 358759.0022669336
df.null <- 35567
dev.resid <- 225897.71341543226
df.resid <- 35402
df <- 165
coefs <- c(6.4212903115213, 5.986337475259607, 5.763761093959262, 5.472481791987269, 5.086252772713547, 4.851479998452467, 4.768481098630821, 4.678189383630369, 4.403061110976498, 4.288355225591185, 4.344672411025255, 4.1616059146873905, 4.019268483362228, 3.93800739967639, 3.7796961278643826, 3.5385388868882015, 3.2392330781606207, 2.9720309047275997, 2.534171719472327, 2.0692035993975333, 1.4861781593950356, 0.8982318856495853, 0.9415260297386099, 0.3620541908301207, 0.39933073376069805, -0.7894088293173567, -0.20262665759898607, 1.0511403895771394, 1.0441756617527915, -1.7153189253321874, -2.4784119927732156, -2.3340459505309346, -0.36462385318470225, 0.789585097460681, 1.135729055460136, -0.8847428288496719, 2.1344120170873098e-2, -0.8160998217807767, 7.24112270156594e-2, -0.5723374679434378, 0.9868943542378661, 0.8893823061188277, -0.6730646953362284, -1.9055248244643561, -0.5854448134342688, -0.7046327014702142, -0.12861696528507852, 0.2330936790221741, 0.44900937899651716, -1.058200015391124, 3.177625274417754e-2, 0.8455384174967696, -2.480623449833402, 1.7254172446227294, 0.8040906159414936, 1.0765229043417535, -2.0898968146833488, -0.15442952156013545, -0.4084538658706185, 1.3263307302307379, 0.8991373930026737, 0.6750206666011875, -2.1669811858498593, -1.2812919679017762, -0.6379126782835118, 0.3364188785582272, 0.6584507080359124, -0.4896147520934756, -1.432721926125653, -0.710865228579889, -1.9389868847925684, -0.24950220190691888, 0.40743961366954023, 0.9028596949902007, 0.6264476821831896, -0.8919111312318035, -1.3797935724993162, -1.2294342589064078, 4.8542635094186805e-2, 0.6779389642557585, 1.1911275480980799, 3.8110637186900234e-2, -8.952194629012357e-2, -1.8504719136523164, -0.7113617218549184, 0.3645468668746744, 1.2389026884674066, 0.6475576263642103, 0.936585638403978, -2.2221223341734726, 0.43470947826892437, 0.7924797254428131, 0.7755749314976649, 0.4048063577296495, -0.14708366188696748, 1.2780043925406528, -0.361491828684926, 0.4533527904373789, -5.9737952863732964e-2, -0.49828576505767924, 0.5621755747210718, -7.023000768383213e-2, 0.7921266250586506, 0.10154200118086301, 0.6598131843118836, 0.8098868166830039, 1.0434020623187152, -0.3321186946251674, 8.308526494817274e-2, -1.0439554763187526, 0.48645928076117045, 0.7028671780878639, 1.5694268917465122, -0.6286617484974333, -9.195657551418493e-2, -1.0956127405946663, 0.7919308613332194, -0.2870521732553559, 0.6432685106375137, 0.5722090796058, -0.9884383082117739, -0.4759324057396641, -0.9828899914409556, -0.2524579500007479, 0.2641484181722642, 0.8363207633295274, -0.10544795677778421, 0.9372775246291412, -0.8157625554265889, -0.32554777859446354, 0.18031915977209223, 0.8876510827582091, 0.8265654099201607, 0.42643544057284477, 5.614455165758982e-3, 1.035943459176236, -0.2992876125877967, 1.097705837513966, 0.6848869300453998, 0.9898371352984315, 0.7844010067987431, -0.6004597541997521, -1.226981448463826, 0.5648869307729496, 0.3105748088939462, 0.5228729289617243, -0.3141752002997549, -0.43813830755681155, -2.095606579539847, 1.3027394515790922, 8.886383525947501e-2, 1.218936553342454, -0.11443001872589047, -0.15763363705014447, -4.600045337819461e-3, -1.9073944467265866, -1.3351948646109593, 0.8385081601096146, 1.264799401715959, -0.34862448100997195, 1.529817353709182, -0.3222172071290301, -0.16278960730248612, 3.026345919222644e-2, 1.200032449540817)
