seed <- 966
log.wt <- -14.83153651731875
penalty <- 2.8115950178536287e-8
intervals.send <- c()
intervals.recv <- c(56, 112, 225, 450, 900, 1800, 3600, 7200, 14400, 28800, 57600, 115200, 230400, 460800, 921600, 1843200, 3686400, 7372800, 14745600, 29491200, 58982400)
dev.null <- 358759.0022669336
df.null <- 35567
dev.resid <- 227141.34707685994
df.resid <- 35402
df <- 165
coefs <- c(6.367213726978555, 5.688351920238081, 5.817623139577451, 5.3671235414645455, 5.033734975948852, 4.799904370913674, 4.706145615388087, 4.653401644075687, 4.366067957426556, 4.232257660288024, 4.287173951923141, 4.167116954396198, 3.981035931729907, 3.9491853024874874, 3.751178013175904, 3.5052240281298723, 3.2233535532776587, 2.911306283763935, 2.4776374537890975, 2.0302331181628577, 1.6517831076086582, 0.875488351553334, 0.9462693093451954, 0.4807943581994669, 0.2754389563890363, -0.9657189408633096, -0.5537066247301272, 0.7690858258976744, 1.0229336780779854, -1.0721065171215087, -2.8362171678240453, -2.7328413070468622, -0.7790163475895217, 0.788756571310823, 1.3249215058827997, -0.8173101456082045, -0.3557543789594871, -0.8507812970115538, -0.2196228645370324, -1.0523919445075591, 0.8560043390766404, 1.063810806888957, -0.6793314905332426, -2.1052256080547656, -0.8807289640548789, -1.0464371871824516, -0.4167324256651514, 0.3149179232365373, -0.1870446269822951, -0.48434116221294715, 0.21635178930442617, 0.9499190170660569, -2.1379897476268104, 1.6485227628862476, 0.7291782719160022, 0.9679067548224993, -1.8846720681481843, 3.437430677379154e-2, -0.735263032596379, 1.3173049021217371, 1.2529314589920557, 0.6919830063623197, -1.0248331949924807, -0.5595161388462124, -0.4444137598394436, 0.15001871847636436, 0.6755676751545121, -0.5225945524803467, -0.7034470284849824, -0.5643272995209871, -1.8773128773263827, -0.5145920529309304, 0.6692997934386139, 0.9156477958422995, 0.620670775415356, -1.1178616114450592, -1.4524775801163994, -1.7785334983710077, -5.441519009937363e-2, 0.7070717316605141, 1.143177822838616, 5.1062072278188014e-2, 0.17960148233811446, -1.7697727189306134, 0.3143463594729874, 0.331062979134036, 1.1092159800681594, 0.3465850093429152, 0.8512664430907085, -1.932054969961684, 0.5388202060031004, 0.726218565595967, 0.7956913561038815, 0.3318610266540167, 0.19434103247969703, 1.516418605315224, 0.10529950675502651, 0.4359622415310332, -0.11978175948744606, 3.646787193337192e-2, 0.4722327505030719, -0.2571232761185163, 0.8427946786431173, 0.19956625493357083, 0.7571702002197613, 0.8702967494992526, 1.1563644126772052, -0.8151032511402683, -0.40884355412678075, -1.174669765995849, 0.3594592696353594, 0.49757095768589105, 1.5007526940561127, -0.5908828967835202, -0.10021143326086696, -0.5412801782487915, 0.7274252998008511, -0.2590832986385899, 0.5029066083200858, 0.5047099050080502, -0.8656117605212392, -0.4923667163239104, -1.0812894083733386, -0.5228853647956101, 0.2521837824814543, 0.7975497907464607, -2.679348058408494e-2, 0.976869469533705, -0.6748365692208281, -0.43178070942615204, 0.21880699170033574, 0.9862974637624559, 0.7331387416237446, 0.4440036876715682, -7.544666827544759e-2, 1.071428292720821, -0.36616277365815736, 0.9656408755740692, 0.7703200080162879, 1.0109159856300605, 0.6741112094239343, -0.6478059811449186, -1.3417448580957743, 0.64383791420258, 0.14207927188046934, 0.4431011468933915, -0.3250268198152511, -0.19196053006447247, -2.034651488381709, 1.2082134405243066, 0.1520443625947521, 1.2145716871092374, -0.3165936801523327, -2.4046021565054337e-3, -0.15215814905970082, -1.8475029032360244, -1.6752797679621332, 0.7061170249729678, 1.0940095257878444, -0.22644138498782648, 1.4803216623366877, -0.20305523674028106, -1.1756440026121343e-2, 9.882119654520075e-2, 1.1417187692636166)
