seed <- 367
log.wt <- 0.0
penalty <- 2.8115950178536287e-8
intervals.send <- c()
intervals.recv <- c(56, 112, 225, 450, 900, 1800, 3600, 7200, 14400, 28800, 57600, 115200, 230400, 460800, 921600, 1843200, 3686400, 7372800, 14745600, 29491200, 58982400)
dev.null <- 358759.0022669336
df.null <- 35567
dev.resid <- 225437.28012374096
df.resid <- 35402
df <- 165
coefs <- c(6.267999659554831, 6.099335947240031, 5.679136250525821, 5.367037755016576, 5.14484284128457, 4.793863878427092, 4.817196265086728, 4.599269737143194, 4.390272697559598, 4.285360909538138, 4.331730369831901, 4.165528140157502, 4.037491129474492, 3.9606217896065736, 3.7512410655625748, 3.536251370748296, 3.261279792020936, 2.931235810886117, 2.4878953155038097, 2.0974409525101176, 1.647665517324777, 0.892431046965786, 1.0696462133981561, 0.42400934263217493, 0.369029546688032, -0.6794484457204613, -0.1450111645178069, 1.0147692092435405, 1.0111984429475485, -1.1675919553121328, -3.203032761941615, -1.6626269771309958, -0.30144774369156635, 0.6976313033541967, 1.4157931713582486, -1.1135171720674903, -0.9567102185225755, -0.8321434392819937, 9.125523762278648e-2, -1.015056256504873, 0.97809758774482, 1.0957462162810507, -1.1700851599329714, -2.2953383885183944, -1.2537876724393757, -0.81992107637187, 6.53946661622022e-2, 0.29534931691802113, 0.6673108597590668, -1.1743189904805416, -9.55526520954049e-2, 0.9609638639359399, -2.0809478772220587, 1.8260074469682972, 1.013574418131182, 0.9493658236377004, -1.9967356692656608, 7.717757688774521e-2, -0.3028950897806866, 1.3292853758704801, 1.3041096496863043, 0.6397784125758109, -1.9773088476412428, -0.34571999434193224, -1.0518510947065183, 3.763793530004263e-2, 0.7287100480583887, -0.6356926462452049, -2.069610604326033, -0.5745807927977203, -2.3476395074882297, -0.8138211249847205, 0.8419717514726021, 0.7943922006200443, 0.6875495114819891, -0.5704384990151664, -0.9763420190624198, -1.5212191286733872, 0.10004558254237624, 0.758173922197116, 1.262483620478386, 2.8389351890305545e-2, 0.19883834955666013, -1.5621641947700509, -0.4086696517044298, 0.3284785711391434, 1.252263498284173, 0.23818816478403582, 0.9085678658624404, -2.3476396262723838, 0.54679354958112, 0.8147277405442226, 0.9353956809443346, 0.3437146188543169, -1.0055160653385262, 1.1096534831848333, -0.570369353344978, 0.7113859093033682, 0.1082914455841386, -0.7838857790905327, 0.16092857527092308, -1.6970207696494e-2, 0.8599883517184342, 1.8384573091456163e-2, 0.8859741742759083, 0.8293561659543297, 1.1346366282774618, -0.13518845032729332, -1.3952129744020688e-2, -1.1086527662697647, 0.352376032614505, 0.7281655662870834, 1.5942171245554326, -1.1164796700018735, -5.996587227124614e-2, -1.0858838376658977, 0.8847161662800334, -0.24627458797214097, 0.5229485068819553, 0.7918972457092117, -1.134233141586626, -0.5773462268886266, -1.1979956328067294, -0.5587032476250843, 0.228231614763001, 0.9560972095488132, 6.169279002251263e-2, 0.994690021426271, -0.6032271159026561, -0.44111130903228996, 0.37567894021116116, 0.8760304414942778, 0.9225620926316868, 0.43420805688333575, -3.182918037394614e-2, 1.0143731445742128, -0.3154275541941437, 1.1413414169408531, 0.8626021180487028, 0.9076478190499687, 0.8791543379173894, -0.6745438837905933, -1.062739313835618, 0.6658996322121106, 0.5304946037421806, 0.5526494722806415, -0.2053572892096812, -0.3893915142537198, -1.9849855489934611, 1.3154713108814886, 0.2917768955815974, 1.2348702889544052, 8.864364354784942e-3, -0.11226841394239244, -6.41464994028561e-2, -1.867433895871578, -1.5515440090772497, 0.9110172458389831, 1.1613190410571297, -0.2932646579935342, 1.528312883034663, -0.20240094796434813, -3.2099959538496765e-2, 1.6816606592846442e-3, 1.3682204613743996)
