seed <- 644
log.wt <- 0.0
penalty <- 2.8115950178536287e-8
intervals.send <- c()
intervals.recv <- c(56, 112, 225, 450, 900, 1800, 3600, 7200, 14400, 28800, 57600, 115200, 230400, 460800, 921600, 1843200, 3686400, 7372800, 14745600, 29491200, 58982400)
dev.null <- 358759.0022669336
df.null <- 35567
dev.resid <- 225233.40013390602
df.resid <- 35402
df <- 165
coefs <- c(6.686535027951674, 5.90978232175561, 5.61672455999606, 5.257775323239238, 5.077876494090865, 4.806410329111696, 4.817102451955677, 4.602465325288122, 4.4106087884508804, 4.207363839085716, 4.313373023284125, 4.182800011512937, 4.004898054218756, 4.001339983940751, 3.7724359661769893, 3.547789754661314, 3.249010876492881, 2.9621714322042854, 2.444354542720426, 2.0713997250678067, 1.5979293127131173, 0.8935444829512624, 1.0282838389202817, 0.15409261156323759, 0.33635276392386865, -1.5621463646478613, -0.23104760772642394, 0.7869102335192885, 1.166571115914125, -1.3151335217483988, -2.7475953420877963, -1.8708653491281129, -0.29186138633192854, 0.7354672843414889, 1.2739325219798434, -1.4150006987116985, -0.4477344626425145, -1.2691302950238688, 8.400845302985166e-2, -0.4593880799287072, 0.9631064983210342, 1.0652740243258085, -0.35555914593607724, -2.156471255908737, -0.9435649219054391, -0.7527251773906033, -0.6817627197885876, 0.6422324968251697, 0.5735620191459734, -0.2495402284324513, 0.34665273699789245, 0.9843949707498304, -2.4256128000856707, 1.7772837896777196, 0.7678317602949734, 1.0432816619296277, -2.12639112758205, -0.17693258588928695, -0.21206161071273438, 1.374613568843842, 1.4075263486439604, 0.9531685469916561, -1.6857374310776678, -1.3748179040554613, -0.5250387211355912, 0.2439608409793451, 0.4710898178454061, -0.39475627985296186, -1.2810120749986933, -0.6383414091423991, -2.5891392096599506, -0.336625325931954, 0.3072281105467645, 0.9914513822449512, 0.6824858889340499, -0.9386767480260731, -1.713049979721553, -1.9713096447258152, -5.453531683708217e-2, 0.7133173305096054, 1.149930873242035, 0.15502167702192868, 0.2636151002008382, -1.403589972248118, -0.17373054802299015, 0.3754639754910329, 1.1109213733656003, 0.7540831049881784, 0.9306452247852661, -2.5204453644152345, 0.4357100741634774, 0.7869887160619142, 0.8262196309803016, 0.34047222913905056, 0.2942894643339712, 1.2273910966158736, 9.594584652080752e-2, 0.5981493314077547, -8.570650770022796e-3, -0.3631631417399919, 0.35921792923653684, -0.21214529152813905, 0.9262640599921409, -0.13154995692736768, 0.9234886772774815, 0.8180911495833917, 1.162940057124262, -0.3327958086284659, -0.21389091442648095, -1.3719196347050453, 0.3730774694730521, 0.6601084168905104, 1.6806354792643783, -0.6863719707857402, -0.3104551272980424, -0.8139879555440579, 0.7797393104689573, -0.2952503668663281, 0.44616789763397935, 0.4258602051606642, -0.8913868283538787, -0.23586927200199262, -1.2129064775095777, -0.4847300757187206, 0.43487382514470757, 1.1135915809308268, 1.1104409226345428e-2, 0.9261335507772982, -0.8020260037341467, -0.33191876919820135, 0.30769146434796757, 0.9258620784411105, 0.6998086015436377, 0.43546001366791515, -0.1702692427114109, 0.9272704704172238, -0.3599474677329984, 1.2347557232520976, 0.7510429339682683, 0.8938619941554109, 0.7635966522849016, -0.654701535549152, -1.1120351102045498, 0.6744917337528852, 0.2610284461567856, 0.5085936653857535, -0.37908612636761524, -0.3767076904047049, -2.120929891952413, 1.4164056053655019, 0.14747294319461007, 1.1644734636047793, -0.17868426739621981, -9.272697900112147e-2, -0.18192169417537793, -1.9365319856825645, -1.95470938303595, 0.8263188796221485, 1.090471614362329, -0.11528355669138683, 1.6095287879622784, -0.1458657713280282, -4.23710665262566e-2, -0.16042591967760456, 1.1805646376947059)
