seed <- 796
log.wt <- 0.0
penalty <- 2.8115950178536287e-8
intervals.send <- c()
intervals.recv <- c(56, 112, 225, 450, 900, 1800, 3600, 7200, 14400, 28800, 57600, 115200, 230400, 460800, 921600, 1843200, 3686400, 7372800, 14745600, 29491200, 58982400)
dev.null <- 358759.0022669336
df.null <- 35567
dev.resid <- 225579.67916067492
df.resid <- 35402
df <- 165
coefs <- c(6.455155040682971, 5.7053617499921705, 5.699151872907684, 5.378361289693798, 4.999470774062007, 4.846174413032308, 4.7189160988093155, 4.656183757243199, 4.36382770149134, 4.254222595777297, 4.272873526054355, 4.156685867322409, 4.001687099155025, 3.997929434732321, 3.7601072226189354, 3.5433546841707435, 3.2867550315533007, 2.9755493077231767, 2.502569393607406, 2.072594628423329, 1.49928834777026, 0.8929788623071246, 1.034824714925712, 0.6743892202343197, -5.9592032351296474e-2, -0.6903591561391147, -0.2969721996799539, 1.0476619880755438, 1.0974772318398187, -1.3656337311926254, -2.2036330216898206, -1.924731294011624, -0.1691077546952398, 0.7332020549712733, 1.280597400553336, -1.4104045607351097, -0.3698583603750026, -0.701878209084147, 0.1379648329664248, -1.3019861183402284, 0.9919196088894466, 0.9783275328196822, -0.5256855823547427, -2.5688837200023387, -0.6768300638566233, -0.6974081905603812, -0.3363008415132061, 0.3274965245371511, 0.104606470618091, -1.439409544262026, -0.18221055836065692, 0.8173143174854711, -2.5327308092572913, 1.6141480913931665, 0.7727371341056994, 1.0777797364257535, -1.9506073753706796, -4.623957359930048e-2, -0.5732218843076302, 1.4156273108764712, 1.0732590740092613, 0.9317926417559285, -1.830227270918121, -0.8956225258735928, -0.6658754096676398, 0.19430629259894006, 0.4998919996662703, -0.3471643821008498, -1.8432384698269888, -0.679452384075868, -2.1726060494759203, -0.16006472676347616, 0.3618533068052687, 0.9259209538457074, 0.6573872900362572, -0.7680249343660176, -1.2859610643510766, -1.5184514759426186, 1.6036700552153196e-2, 0.8339782569797213, 1.1179667680909153, 0.15473374071161225, 9.837890036653962e-2, -1.6345260850899554, -0.956274603116233, 0.39996386467290473, 1.2755076850612055, 0.39628252456537705, 0.9015369409810702, -1.71235702355338, 0.5176550902064014, 0.8402950144271554, 0.8195373585807547, 0.3550653086558567, -0.19393932749048676, 1.1230837567492618, 0.8315957707578103, 0.2627684301893128, 0.11053265230166295, 0.29601345198031137, 0.5521856224457374, -0.2860114599948058, 0.7416933871348366, -0.20438045667203303, 0.9245656355111315, 0.8227402458155162, 1.20930456492537, -0.8536819399275392, -0.354190062044095, -0.7997625929420386, 0.4625934577297882, 0.664013259360392, 1.6004427059385786, -0.36305180318566077, -0.3498951175554967, -1.2850076577197553, 0.7612790074678306, -0.33150455293243003, 0.578411634740383, 0.9157563288993077, -0.1552350232614621, -0.6399927731169385, -1.255400354667129, -0.6250796253915003, 0.3614950272673685, 0.7164178066534981, -7.939999049712695e-2, 1.0044104755591035, -0.6721284534118385, -0.4806464316858157, 0.33540395894774144, 0.943143995566579, 0.8266144553077684, 0.4745030318864369, -4.69723604731874e-2, 1.0960444346624785, -0.4621639542789414, 0.9448865531171001, 0.6630983799889228, 1.0336008969558685, 0.7035940472474581, -0.6662745137482348, -1.205953308301529, 0.5871256495117119, 0.3996001724625854, 0.43396576928697, -0.1614742849167898, -0.3548728885884315, -2.0873403682820406, 1.1469199727844237, 0.10511962834767359, 1.321808605302901, -0.2019238816317229, -5.719456585967574e-2, -5.4899763370221746e-2, -1.9279454738587036, -1.7023791688126972, 0.8424875839070111, 1.1292711109204483, -0.37174388356979565, 1.5290144684747986, -0.34950075549780946, -0.15761860790477394, 0.21829452485613482, 1.1868931818949477)
