seed <- 779
log.wt <- -16.148768038127063
penalty <- 2.8115950178536287e-8
intervals.send <- c()
intervals.recv <- c(56, 112, 225, 450, 900, 1800, 3600, 7200, 14400, 28800, 57600, 115200, 230400, 460800, 921600, 1843200, 3686400, 7372800, 14745600, 29491200, 58982400)
dev.null <- 358759.0022669336
df.null <- 35567
dev.resid <- 224872.21323458912
df.resid <- 35402
df <- 165
coefs <- c(6.4777809353481715, 6.029991323826631, 5.68783913824843, 5.348780943822947, 5.0930007334466545, 4.8937985407290565, 4.818948995779969, 4.6979854990901195, 4.416054733624374, 4.296849508952643, 4.435209733110818, 4.18110597366537, 4.0389337791997475, 3.948221880848232, 3.769082142471187, 3.5584382296182024, 3.297142405935735, 2.9749386963409723, 2.561064368437716, 2.0980410685423343, 1.6660517060450941, 0.9115699107992987, 1.031990481063628, 0.41546941249802666, 0.31173593918866854, -1.0653472014221483, -0.13045958065156907, 0.9502497875028512, 1.1057639816906055, -1.242115717377457, -1.9262270005500461, -1.6498095044605716, -0.48247951896321095, 0.7273677448680016, 1.2974711043449851, -1.0987784104372993, -0.32860860069515113, -1.604960639639724, 4.481782877382117e-2, -1.6226366942810586e-2, 0.9921855656847633, 1.0240699578862689, -0.7727155898395516, -1.8212234278258586, -0.7595901673012837, -0.688440265652868, -0.4879407411818643, 0.4190924036365152, 0.6110588934097364, -0.9910813935209895, -0.13186426754551456, 0.9038054428306801, -2.611360985951156, 1.5908293927185948, 0.6494821515279543, 0.9462377811873313, -2.122771280067021, -0.20486402792374322, -0.4337619685626181, 1.124695223586834, 1.00126839360902, 0.6494563943144488, -1.6408150205411514, -1.0746702640863597, -0.7861807764175385, -0.12378207988116319, 0.5643995060204546, -0.7156654016439239, -1.1632443632527425, -0.5421235568594509, -2.343362154605093, -0.6266403445906105, 0.11000379733488919, 1.058853821522033, 0.6867313796542648, -0.995762304277311, -1.694570344385273, -1.1354092607206048, -2.4916977167049464e-2, 0.52331977602386, 1.0325017209432452, 0.1717047725141207, 0.10958431080992613, -1.7705939314867083, -0.4288391539696236, 0.5010032611475767, 1.1050045272247204, 0.6985065193266501, 1.003546920639135, -2.1419594402366724, 0.5640003856915168, 0.716400958208689, 0.7707720524892322, 0.3259947615652275, 6.937290763887685e-3, 1.248034070070181, 0.2622943956365561, 0.6169191813644885, 5.262304363096859e-2, 0.1255451392190427, 0.4376638538329654, 0.27372488779086673, 0.7830747848913908, 0.11851532748906345, 0.9116806738978122, 0.8202318282177836, 1.1691886252119594, -0.24639141220580246, -0.4062119190085735, -0.8876308447809562, 0.2935871128708652, 0.5837178475829964, 1.6909547758682155, -0.5404108151285544, -0.20275500922681525, -0.8997668555352265, 0.8274163934604857, -0.34548978377902895, 0.4870106891134411, 0.6693332109190726, -0.6083009813050462, -0.21755982579369224, -1.0603822821852744, -0.8517903314191799, 0.4552294673424931, 0.7759914522189395, -0.21220425362481038, 0.8377126029443791, -0.6007038224204051, -0.49311394151418425, 0.3230502267687507, 0.9294153143321247, 0.5951796139283593, 0.5121484161776061, -9.03267637560901e-2, 1.0627857232281586, -0.23348008221193553, 1.0349853222625116, 0.6905382511516972, 0.8266040092957894, 0.6624418391685031, -0.6557776916443301, -1.2100557366288605, 0.7776751567584747, 8.3603389666615e-2, 0.5195094643038787, -0.2711726547462035, -0.9837639663829484, -1.9573447920034972, 1.21681673017217, 0.13507375236222663, 1.089147063022546, -0.20973676009999684, -2.705975059083386e-2, 4.9887872901838354e-2, -1.8413106930807994, -1.2031837677954451, 0.9086893663274239, 1.1422566772711, -0.40239722658173477, 1.597592415911314, -0.732740429704883, -0.2477500012370168, 2.8527671293796474e-2, 1.1337132321453465)
