seed <- 460
log.wt <- 0.0
penalty <- 2.8115950178536287e-8
intervals.send <- c()
intervals.recv <- c(56, 112, 225, 450, 900, 1800, 3600, 7200, 14400, 28800, 57600, 115200, 230400, 460800, 921600, 1843200, 3686400, 7372800, 14745600, 29491200, 58982400)
dev.null <- 358759.0022669336
df.null <- 35567
dev.resid <- 226306.69062782085
df.resid <- 35402
df <- 165
coefs <- c(6.854160404807562, 5.717003524197386, 5.774241140798751, 5.384992894439309, 5.128399777563615, 4.81656858572339, 4.820188176646482, 4.612098560532483, 4.359955247726315, 4.286472414460077, 4.275412698129235, 4.143129860376557, 4.049642016645842, 3.921312711544487, 3.7490203286932977, 3.5101808816157334, 3.24049954070778, 2.9295571632274697, 2.50468522404755, 2.1039020390513703, 1.5252349549617483, 0.909501361019978, 1.1230391586091424, 0.2919361895288906, 0.5324815786614602, -1.116650879803021, -0.394345755066646, 0.8910681660926926, 1.0853718584664744, -1.6120444673206566, -2.7066590526072023, -2.74523832835439, -0.14522751012605792, 0.7317910606988836, 1.2679531195044795, -0.7244777921981904, -0.45722345963144045, -1.2125811223374539, 1.885012650014299e-2, -0.763898612887998, 0.958374463252705, 0.943525774149152, -0.8611072130708256, -1.93260574932499, -0.9308538714652826, -0.8144874789851473, -0.7896938118154617, 7.577010142963322e-2, 0.5681968443426122, -0.3484300964635035, -0.5384611777493742, 0.9848501085784999, -2.213292031222099, 1.7584325351168473, 0.9002260782548066, 0.9892546817722492, -2.001254691000651, -0.27977761189810796, -0.18562036360502604, 1.1656300922791485, 1.203462390151647, 0.8401194999502076, -1.7276840659561907, -1.0419840327485874, -0.7329616433322597, 1.3194372240864722e-2, 0.6118097441088446, -0.32776969571180264, -2.2860541655162194, -0.6659654476769489, -2.492556531296677, 0.24707711624906428, 0.871805461126826, 0.9933307297939835, 0.686664501335742, -1.3566499157004355, -1.0975650216152018, -1.1516447081065844, -8.372655216760751e-2, 0.6711761891120427, 1.2371007821712372, 0.20464718710426724, 0.367761092060149, -1.0923892217627655, -0.8308481875272996, 0.3227285709623745, 1.254120186536185, 0.4505623540519627, 0.912103893509363, -2.4138818869426353, 0.3957022056061929, 0.7195056734267022, 0.8917621142232894, 0.41838942696486847, -3.153677396594145e-2, 1.1831510062349568, -0.286827633564362, 0.17401522919199586, -0.1825295055359034, -0.23795482356782902, 0.41593749801537944, 1.9194902639807016e-2, 0.7601366380897473, 0.5249302917304411, 0.8188008883958067, 0.8591010576166879, 1.1541322521348167, -0.9563576972815401, -0.4565706804856668, -1.1767487375903285, 0.5071891323941541, 0.6169458170150726, 1.6059946972877746, -0.4985240199452653, -2.6256558975205804e-2, -1.0052127077526385, 0.8513815549863107, -0.23423408864977607, 0.5685346367255668, 0.3485876844905825, -1.274603047732343, -0.386928837128373, -0.7104883432921864, -0.32838637547104066, 0.30372434684935806, 0.8505408353819006, 4.9160767736829376e-2, 0.9755642495067994, -0.43935893019503514, -0.4224534122091337, 0.45859539423119483, 0.6516314755456091, 0.9058143497400084, 0.5214047250057848, -7.236834535779713e-3, 1.1512242813228237, -0.3062756075908419, 1.0052144950815631, 0.7994613825588419, 0.9493889273755656, 0.8817544547481369, -0.6046048779265902, -1.3163786068653067, 0.5465562492938114, 0.5680846314809468, 0.5657741244579908, -0.10559986338989916, 4.566351402061908e-2, -2.5288653847136615, 1.277582212035393, 0.24736023622488157, 1.177981036166127, -0.20894395493159296, -0.10190717605902425, -0.1242295657169302, -1.737115203809202, -1.3437722465623971, 0.8239667939603067, 1.199521598759736, -0.41144048070577993, 1.5974529310930043, -0.19159004433041282, -8.610767575931377e-2, 3.0254320537924347e-3, 1.3308933287099454)
