seed <- 837
log.wt <- 0.0
penalty <- 2.8115950178536287e-8
intervals.send <- c()
intervals.recv <- c(56, 112, 225, 450, 900, 1800, 3600, 7200, 14400, 28800, 57600, 115200, 230400, 460800, 921600, 1843200, 3686400, 7372800, 14745600, 29491200, 58982400)
dev.null <- 358759.0022669336
df.null <- 35567
dev.resid <- 226658.7181575171
df.resid <- 35402
df <- 165
coefs <- c(6.58272418954013, 5.761797980243907, 5.75455138818241, 5.291588830688003, 5.002640284870326, 4.877916305404423, 4.786276402238397, 4.635526764498743, 4.368361927441426, 4.239822405062064, 4.257535708768711, 4.15906510739414, 4.001106491894144, 3.916674564157301, 3.765761558561393, 3.4933592670304168, 3.242317697464575, 2.932914905687083, 2.485243659722936, 2.0309440283587845, 1.4631650168745451, 0.8625727961634226, 1.0045802698707773, 0.3913427735632953, 0.4648886456397094, -1.044394828521903, -0.22364008127832397, 0.9949730348949842, 1.052470429982905, -1.8329690520986057, -2.3202526152774205, -2.5167088105558566, -0.39826284485963603, 0.722614275807844, 1.2370595825462976, -0.8837287618306522, -0.7516371652649474, -0.9288941303760553, 0.10820412757456144, -0.9764352334284524, 0.9114697561254207, 0.9320552272350697, -1.4191495870205546, -1.8851266687426338, -1.391046372524136, -0.776824275289307, -0.4245409255676806, 0.32275903521376376, 0.25633334072768627, -0.7538846904868741, -0.43308974583260873, 1.056449817083943, -2.498417734235969, 1.778258421581169, 0.7979077083689244, 1.0298429564051064, -2.0285442526811073, -2.6323387803929153e-2, -0.49802321930636034, 0.8722047145165776, 1.3305542222560762, 0.6804713426187098, -1.088317548121382, -1.242619066732904, -0.7844395510571195, 0.158507376308564, 0.7515104161934301, -0.4033012743042093, -1.7109548128038317, -0.5438336669057582, -2.2042484280988077, -0.12025657399497611, 0.6609427768770745, 0.952296911454893, 0.7707627455796635, -0.6378242472199611, -1.1829981622373875, -1.5746231061113494, 7.581866511202397e-2, 0.7207325373724038, 1.2660445222939085, 0.24058160616402507, 0.36566760319419284, -1.2114758639986687, -0.8916044885833461, 0.36648718988639295, 1.2764484666134484, 0.3248052553762945, 0.870677645769477, -1.6896608847142216, 0.4749386863181377, 0.6413364508980626, 0.9373947522631269, 0.43399394955883885, -9.890732037468146e-3, 1.325441386845363, -0.5936148873118902, 4.573146836671079e-2, -0.561844314223293, 0.1438013710283468, 0.3316523244788887, -0.44193497854892, 0.9560953879789752, 0.15291478053200838, 1.0592112919473922, 0.8050648768981751, 1.1243166229771966, -0.5304282923818694, 0.15034990365395282, -0.6741274242972819, 0.2771042911470005, 0.75102761296318, 1.5374892537901987, -0.39704276725057813, -0.13506158189172318, -1.1074346405027182, 0.8315335346390546, -0.3671653987808943, 0.38728399701780547, 0.3657838080047222, -0.662154814961345, -0.5626433371129602, -0.9458527715657973, -0.42767952862318176, 0.4036135844305195, 0.914229055855623, -2.6802062035625645e-3, 0.9423998849623086, -0.5920745895334482, -0.49421414353108517, 0.18992816557996556, 0.7465277619259293, 0.841420313325675, 0.4903292091905782, -3.5307398667156535e-2, 1.1824949024273657, -0.4114452166742728, 1.0758735406289586, 0.7358849002406536, 1.0007485158227034, 0.8245300088130869, -0.7779000231242159, -1.158741164044906, 0.6355241097709703, 0.4597888478943767, 0.4975183506081693, -0.280311377882668, -0.7445938576713267, -1.7304982744947335, 1.2930781095850337, 0.153934794836754, 1.21130993415753, -7.18883836438905e-2, -7.85666091572635e-2, -1.3391772131032003e-2, -1.9136940976344816, -1.2652666942530495, 0.9311099386695472, 1.1358436066564555, -0.42440006009828474, 1.5004259441221752, -0.21577094247082793, -6.894656865556746e-2, 0.21328633395531393, 1.2740571460894432)
