seed <- 1087
log.wt <- -10.389732049715953
penalty <- 2.8115950178536287e-8
intervals.send <- c()
intervals.recv <- c(56, 112, 225, 450, 900, 1800, 3600, 7200, 14400, 28800, 57600, 115200, 230400, 460800, 921600, 1843200, 3686400, 7372800, 14745600, 29491200, 58982400)
dev.null <- 358759.0022669336
df.null <- 35567
dev.resid <- 226666.78884496388
df.resid <- 35402
df <- 165
coefs <- c(6.77228846784954, 5.682141187960402, 5.798775565562698, 5.306535126061203, 5.056367544241608, 4.830206571634887, 4.789891380040274, 4.589814968898017, 4.386196340784996, 4.273931970845371, 4.321853634447535, 4.15602122455123, 3.9895878481064337, 3.9357710395119856, 3.73175579254969, 3.5341524543974083, 3.271639937990396, 2.9481905469437866, 2.5600980807019806, 2.0902087384361017, 1.566740107142217, 0.8455754154902113, 1.0020161543403014, 0.3578295067866403, 0.32959550582611535, -0.8807889466122164, -0.17748593322666312, 0.8928718201647787, 0.9911819290512754, -1.1761573639901326, -2.374136879780358, -2.1456708491367618, -0.4110686800618818, 0.7627250419373423, 1.216363998770643, -1.180692944341341, 1.9512089866143927e-2, -0.9853322311387385, 0.1390949211737996, -0.6361504462445743, 0.8574597915381843, 0.8230542273499877, -0.7357552595246211, -1.7222610085138563, -0.9718871488916095, -0.6874543960898396, -0.5418497099290235, 0.40634319085324017, 9.003848077618602e-2, -0.8851277371679477, -9.629150708217173e-2, 0.7927153008752256, -2.336834918398296, 1.6307748488582614, 0.9172246723977707, 1.0167998660370547, -2.12727356718452, -1.3131393034820416e-2, -0.22008240131986156, 1.2629380751293846, 1.2014161878472616, 0.9385018547130145, -2.2294296347920346, -0.9321352805728501, -0.4970470492970413, 0.3912224019392113, 0.45277525403586805, -0.7406628896050821, -1.0095438080186825, -0.6087126860936929, -2.2108167868658977, -0.1942562306137561, 0.37165936421114437, 0.9214163143380983, 0.6615604113454676, -0.9571756525185048, -1.3336000580885101, -1.742344869114435, 6.042499344311416e-2, 0.7371778638776243, 1.1711811252140467, 6.26652354261504e-2, 0.12219791051705466, -1.057421779270031, -0.7110631670419644, 0.3367181849031613, 1.312367378479076, 0.4471467395922158, 0.8306334771486791, -2.2747680954284446, 0.45427841859218415, 0.7492334802448855, 0.7742734704609848, 0.48692165830896406, -0.18524528434693344, 1.2993749249107214, -0.10281217907863571, 0.32033592710840414, 5.767832625009962e-2, -0.24875516573642478, 0.4878792493070299, -0.2939803629792192, 0.7072073507381086, -0.18379403506330047, 0.7996367989873525, 0.7598455223060202, 1.1319257142728105, -0.5325798260780773, -0.36217705847571285, -0.6965864107651241, 0.4942537985687658, 0.6919125485157349, 1.5762049895093473, -0.23221163817377785, -0.28480599027911674, -0.9634516590381322, 0.7979360307417833, -0.3823854593441974, 0.452812721302847, 0.4351836525433022, -0.725787917385379, -0.7999994554050364, -0.9699935465003503, -0.31152269768434837, 0.2365191547139327, 0.8450459503277808, 8.247737005450083e-2, 1.0172651234048304, -0.5847720500641943, -0.43134097619148587, 0.30573629686187354, 0.8338792702630309, 0.7788340228309083, 0.4641149715475491, -0.10160024974151778, 0.9456214309151856, -0.3992498987343593, 1.0812939078281627, 0.7184751194463305, 0.9586986960852983, 0.7222423119716352, -0.6089337430215147, -1.028738176394646, 0.5664070467220239, 0.44361352986943897, 0.48305958820210804, -0.22837909798183573, -0.48749691712628357, -1.901534861593933, 1.234628340275918, 0.14675609827440575, 1.1746069233593361, -0.31726406709990723, -0.18577421969321475, -4.432043720913998e-2, -2.197004886905138, -1.3328288592455086, 0.7836879402767416, 1.1382251335073184, -0.197031680180142, 1.488388194843564, -0.28655734689345613, -0.14492114739828496, 0.10205848834809517, 1.1565395839449646)
