seed <- 948
log.wt <- -11.567244567440046
penalty <- 2.8115950178536287e-8
intervals.send <- c()
intervals.recv <- c(56, 112, 225, 450, 900, 1800, 3600, 7200, 14400, 28800, 57600, 115200, 230400, 460800, 921600, 1843200, 3686400, 7372800, 14745600, 29491200, 58982400)
dev.null <- 358759.0022669336
df.null <- 35567
dev.resid <- 226601.31020085578
df.resid <- 35402
df <- 165
coefs <- c(6.61749958350043, 5.639346893926293, 5.633217358697974, 5.375927765255552, 5.116221120884394, 4.818862527326557, 4.781298815704638, 4.626085353994792, 4.380124354782967, 4.231691516118716, 4.296815157509272, 4.138962226712572, 4.014351104963636, 3.9347353609251225, 3.746644463756242, 3.5125504792504687, 3.2694055539635043, 2.9655393106930688, 2.4991296493823905, 2.0621379494330494, 1.6091586512167761, 0.9064017195850947, 0.8992195569028932, 0.47113737670504524, 0.4324839717667419, -1.6109296611378079, -0.14529456555709824, 1.012215116213088, 1.1430621558383114, -1.7486950694827113, -2.684114979854061, -1.9928054945091052, -0.529012585306004, 0.818860511047075, 1.1490554037156457, -1.4070122138234908, -0.6638039734388794, -1.0778049179336096, -4.331603480496893e-2, -1.5369798500032368, 0.9714349536732565, 0.8611605291494385, -0.8298388661866927, -2.6923716699441522, -0.8047855362561291, -0.9411145323388943, -0.2983754640392581, 0.41779212267299476, 4.2506467948302706e-2, -1.1789880062896918, -0.36159424876038837, 0.6090711549243094, -3.4240440371531826, 1.758595566110576, 0.834932544235374, 1.0849593390979477, -1.90978997203511, -0.204046115401003, -0.5474556233785658, 1.2401276565032955, 1.2673175411342457, 0.7480360052239726, -2.432301831853899, -0.9546050949716257, -0.6291839462764275, 0.30416381689337163, 0.7610618677784113, -0.37447751274830327, -0.7812017422938017, -0.627962665875223, -1.5853211662891424, -0.13980090608221238, 0.6223292028913314, 0.9833947994994852, 0.911667462513718, -0.818909495594286, -1.0262551603999672, -1.3036644568850626, -2.9894036125568707e-2, 0.8079656944683399, 1.0994072353808952, 0.1704708618602009, 0.12158237504189856, -1.8546403105371614, -0.5361446875821239, 0.540502815089761, 1.4226688975544939, 0.5072190824070149, 0.9573491377856491, -1.9801657522618152, 0.4467201863912927, 0.6875465360698299, 0.8046376942068006, 0.4240435473819736, -0.16360198059069725, 1.3454611224660091, -1.2017107433014094, 0.5625326658631046, -0.12884268524059408, -0.3046706278653121, 0.27758597973936444, -0.14366583778275177, 0.8016801481296497, -5.748417765483004e-2, 0.7881729339193098, 0.8432279795173644, 0.9545309906881632, 0.31936564357588754, -0.18386711660483823, -0.5074029801223032, 0.6446463539573387, 0.7011297137522506, 1.6385851414623214, -0.49770131438549986, -0.29647472735956937, -0.840582191709082, 0.7520528222375777, -0.34820358568034315, 0.4458925495649892, 0.4653789811059281, -0.5312069366950246, -0.4663011776889058, -1.317355320526122, -0.19846500097444908, 0.49168805957897926, 0.8966069901204043, 4.8913536613743196e-2, 1.0727182455026143, -0.8436413414178331, -0.4593335183271795, 0.14805644679217786, 0.8785335397203261, 0.8370526940869275, 0.447016139706506, 0.17142927690841298, 1.1556024036694226, -0.2771706854322523, 1.0424200516251054, 0.7993977030799735, 0.910537485202042, 0.6927531161666743, -0.5670135692497695, -0.9140462865936472, 0.854384940020301, 0.3042890428668526, 0.6323829437421181, -9.448664841011664e-2, -0.14400432660929716, -1.7145417574930588, 1.1896658111501286, 0.2041021977038761, 1.2439773422512608, -0.40637247287961303, -1.5330632519594973e-2, -0.20953680181439602, -2.5907279523269326, -0.38924546307209357, 0.9275613740473677, 1.3727793442191905, -2.7603074947844933e-2, 1.5914901586770045, -0.37872033425129586, -5.648557440635422e-2, 0.1500164039732557, 1.1377798482770656)
