seed <- 941
log.wt <- -15.01395299701592
penalty <- 2.8115950178536287e-8
intervals.send <- c()
intervals.recv <- c(56, 112, 225, 450, 900, 1800, 3600, 7200, 14400, 28800, 57600, 115200, 230400, 460800, 921600, 1843200, 3686400, 7372800, 14745600, 29491200, 58982400)
dev.null <- 358759.0022669336
df.null <- 35567
dev.resid <- 226883.54206348848
df.resid <- 35402
df <- 165
coefs <- c(6.542033239298106, 5.733310153326958, 5.650886794132552, 5.3373371915256795, 5.00588744995315, 4.843355415622325, 4.763727616643399, 4.611301358266946, 4.291266584379133, 4.245301014850945, 4.268661943669471, 4.132151710594231, 4.0077051437052225, 3.9624550823870637, 3.7287459955314946, 3.512233425151794, 3.212620903653379, 2.911171786330033, 2.477605759496958, 2.0233306864830145, 1.6554230086138184, 0.9258595490711573, 0.9634812834914168, 0.27258218114819344, 0.4358917401147224, -1.4890391142422423, -5.257935812151125e-2, 0.7981608618456664, 1.0618134021813586, -1.2696863568726284, -2.437844735781915, -1.9663937078316163, -0.4385863342426753, 0.7443141775776067, 1.321726757320033, -1.149534557655055, -0.49291402197396317, -1.210401833654127, -0.21602879575174458, -1.1590135266184294, 0.9732223158090676, 1.0958467823654252, -0.6885661276807897, -2.3703300609236715, -1.119437662604363, -0.5092061678735702, -0.10780930530046663, 0.15418430190615942, 0.57742988972424, -0.8174598547819983, -0.5829103975744587, 0.8274401552137618, -2.7991850483411005, 1.8957848601109724, 0.8027932429951737, 1.1473240094761918, -2.2236249845715355, -0.4043670297953408, -0.5829812056986682, 1.4566977861344939, 1.1226433381431682, 1.0317251449218323, -1.2813807185913662, -0.6249292200137786, -0.5120018577571281, 0.43266762588954405, 0.7145466180856719, -0.3178868132714199, -0.6905805757829381, -0.7064733163804436, -2.469633527109711, -0.6367758201364364, 0.3922717715499365, 1.0642012495002267, 0.6577652159616458, -0.9774184513516307, -1.6351963446863842, -1.6324617435852393, -2.5928252976109355e-2, 0.7656331163489397, 1.1098067072236408, 0.1404636917315237, 0.2934726256113215, -1.869896231734823, -0.23311814997323652, 0.37674149756561964, 1.2210899653470522, 0.712700320980901, 0.9857155143947125, -2.6460055773681694, 0.3914571239868457, 0.6453955903435585, 0.7012154760252906, 0.49008680937781923, 1.160014145417979e-2, 1.572993893636598, -0.7336546786245237, 0.13150856442526443, -0.2549203596064645, 0.12616728983116526, 0.40940820725362287, -1.0043513421494399, 0.7659925482824375, 5.355611480002771e-2, 0.8494119575814907, 0.8904415585458876, 1.109603989435694, -0.27145884581726437, -8.704713871101699e-2, -0.863274284685652, 0.27960350025536096, 0.5245601278840197, 1.5967495180216265, -0.1814582126177007, -0.3926758991413025, -1.3305214687997797, 0.7759282035333012, -0.35764165675120246, 0.40793004862894955, 0.7551855786437693, -0.25589770392838707, -0.21415375493427635, -0.7548985705256709, -0.3739839554476057, 0.3345884755804361, 0.9004134177670179, 3.138732540100598e-2, 1.0330619611358147, -0.6155141547256061, -0.3377007831978799, 0.2756361366881725, 0.9447580878154195, 0.6111596550771311, 0.48446907243327286, 7.282237673995266e-2, 0.9629744627925649, -0.24322236852319204, 1.1196103401881121, 0.7267624309484366, 1.0399080786623713, 0.7333604355730521, -0.7386125730615077, -1.1450716965257601, 0.7230914377453106, 0.1521456008502446, 0.6001465726779667, -0.27082562195260557, -0.48291472036834304, -1.7375234674321711, 1.4027450023793888, 0.1643901561924904, 1.285321721774834, -0.24675360792599244, -0.1371642592436105, -7.795524799512317e-2, -1.951827811686367, -1.488910302248324, 0.9055367407740736, 1.1822627638197336, -0.3337433447483067, 1.5656316534994368, -0.11310479610737857, -5.231443031188111e-2, 1.4931458284794525e-2, 1.1647745399163751)
