seed <- 914
log.wt <- -14.899057818790842
penalty <- 2.8115950178536287e-8
intervals.send <- c()
intervals.recv <- c(56, 112, 225, 450, 900, 1800, 3600, 7200, 14400, 28800, 57600, 115200, 230400, 460800, 921600, 1843200, 3686400, 7372800, 14745600, 29491200, 58982400)
dev.null <- 358759.0022669336
df.null <- 35567
dev.resid <- 226590.1799201386
df.resid <- 35402
df <- 165
coefs <- c(6.431705327574897, 5.966303796026161, 5.700050799875958, 5.337929171632032, 5.095875102919996, 4.944588876201529, 4.726770489520171, 4.642716735394387, 4.345986046693341, 4.2004185515306585, 4.322192279729325, 4.1183270634249896, 4.007445727432668, 3.9684135302216603, 3.740920016600151, 3.527949444434504, 3.2342347542334777, 2.963756976694999, 2.440970699276568, 2.026670259662051, 1.6362339339941776, 0.8647125141501678, 0.9753113712057959, 0.4533548755271818, 0.2525959472512436, -0.8813933060958149, -0.1917443730173708, 1.1031904899138578, 1.1225150066791196, -0.8593601942011626, -2.312413468673964, -2.104225963644182, -0.3736956998723392, 0.70098122524698, 1.1978295293178967, -1.134933060307023, -0.32264904506476444, -0.9794418458060675, 8.462720941427283e-2, -0.9583302635615436, 0.9137689112676002, 1.030099224463614, -0.6779381664813728, -1.8400618517790643, -0.9797706634620695, -0.6945071216499736, 3.357388672117768e-2, -0.3067817100536277, 0.7101204689256395, -0.641615168813942, 0.23400564797202203, 1.0216408027905617, -2.469200080479935, 1.896614456489487, 0.7838843763761332, 1.1662952413510284, -2.1102591583475974, -0.1823050550860298, -0.8060158802167979, 1.3921094227613189, 1.075172604182298, 0.46861583496293685, -2.1632563500607462, -0.8099606244485837, -0.5999132676982561, 0.24814211714075024, 0.49449034079322124, -0.23968089435737683, -1.1600502633910366, -0.6827517770841878, -1.940016743129857, -0.16018053472989727, 0.6687906456759692, 0.844527873380931, 0.6269680386861556, -0.6916498851915217, -1.115086641010902, -1.9050974383700434, -3.279562064816996e-2, 0.7506999643873637, 1.1146760316721247, 0.1764248709730229, 7.04042804406818e-2, -1.4684579277732863, -0.6988199243355508, 0.24302740525291383, 1.261144437408247, 0.24005917352667241, 0.9236787648232506, -2.5451033743976175, 0.44949883190538237, 0.8328628267794653, 0.7928091774029533, 0.3928525851318486, 4.4502284780520845e-2, 1.2185548539959443, -0.3460895229387564, 0.5380978173019247, -0.21743416944643357, -0.2835633215549613, 0.34032970076811386, -0.3086228577004949, 0.7897198034676789, -0.6788667450287068, 0.7727520886833726, 0.828544861330676, 1.0435460978961901, -0.23868954321379626, -0.5634656136015928, -0.8248257826948893, 0.38425758471636645, 0.662658235177359, 1.589286632495131, -0.630840809799841, -0.16388659412470333, -1.1309943233911588, 0.7391421979422436, -0.260218308456376, 0.5647230238212427, 0.2945176824627324, -0.2711491722120578, -0.5627069694172636, -0.9527531104708414, -0.45172798737558545, 0.30640768952323494, 0.7567772351136288, 7.456184298078652e-3, 1.075225982339989, -0.5554610827769668, -0.5048281471119968, 0.21059954583748258, 0.7791922038427798, 0.7966239863359326, 0.40811758463990827, -0.1223952052958624, 1.1967776779067982, -0.3315277804659701, 1.1400040163125291, 0.6833563822450421, 0.9913164578168306, 0.778677008926593, -0.5985432389951734, -1.1991549497038156, 0.4932272311672993, 0.3398930679911674, 0.6067787690611756, -0.2233455927523366, -0.4501681335386494, -2.2049262399067797, 1.396926464626228, 9.389526549804741e-2, 1.2541439733055233, -0.15302519916197793, -4.036240844913024e-2, -0.1953024469706139, -1.32191349367965, -1.6410234422095455, 0.7808177882281615, 1.2799258828464928, -0.5789261636443868, 1.524667304005243, -0.21953883967720036, -0.11526733465540599, -7.671466777972105e-2, 1.1342055623846539)
