seed <- 681
log.wt <- 0.0
penalty <- 2.8115950178536287e-8
intervals.send <- c()
intervals.recv <- c(56, 112, 225, 450, 900, 1800, 3600, 7200, 14400, 28800, 57600, 115200, 230400, 460800, 921600, 1843200, 3686400, 7372800, 14745600, 29491200, 58982400)
dev.null <- 358759.0022669336
df.null <- 35567
dev.resid <- 226285.78268294557
df.resid <- 35402
df <- 165
coefs <- c(6.782596299549328, 5.851818269160816, 5.538297591830266, 5.345617627082291, 5.071235751780259, 4.9350755848413455, 4.657499054830385, 4.628253967134439, 4.3359969138600345, 4.235062306726621, 4.288393788038169, 4.13987905278467, 3.979365823807391, 3.954963711282069, 3.743899836173181, 3.5162133192491165, 3.242594089712184, 2.9427441776704764, 2.503604874882118, 2.0954436867961426, 1.5262896362096556, 0.9002412403837367, 1.0616736710267614, 0.47282851255889774, 9.306278309209828e-2, -1.022154205417875, -0.3347807665309301, 1.0118137127487288, 1.127264141372026, -1.1623945734324057, -2.2995032593100833, -1.9763051336286634, -0.1085770923677692, 0.7431499071922792, 1.3014189795558635, -1.4311288575350032, -0.6550577490561762, -1.1270642716701604, -1.253557470726951e-2, -1.0785076075802709, 0.9849278230253465, 0.9349226189643098, -0.973682713051303, -2.1650991397729333, -0.8575411404496247, -0.8208910463980835, -0.5046889634239631, 0.2975400873627161, 0.4542456607352111, -1.2727615446169929, 6.903958598012037e-2, 0.8592249265510005, -3.0064950220855717, 1.6956408672356627, 0.7802192458116334, 1.0670896777198844, -1.95985017871231, -0.13267786714433882, -0.2984114862286949, 1.244200329453472, 0.9400424727149823, 0.6508569361352772, -1.7900941724450032, -1.3654968780004542, -0.4132422362916267, 0.26513604481952835, 0.7409404901594371, -0.46347478491979055, -1.8394102755849766, -0.5516807354394394, -1.872141493370752, 0.14966902216219807, 0.4361070451491892, 0.9617389274636904, 0.742553726100741, -0.4813545631741449, -1.5338450737675031, -1.617093884115047, -6.314256532881832e-2, 0.781648373003241, 1.07868278819772, 0.12090848939955844, 0.13967032646744207, -2.13379377998221, -0.16305549954706416, 0.4609130397633817, 1.3041056509333668, 0.5827159007637179, 0.9882925429981959, -2.3079910472901166, 0.622669797544623, 0.7750589958728035, 0.8358022308489316, 0.42821238029261566, -0.5610728496718471, 1.3059449297355346, -0.4108626407088836, 0.6346801355151329, 7.548745046697908e-2, 8.843830571281927e-2, 0.5422056689957571, -0.18442206285885882, 0.8373969259561872, 0.2725049618013455, 0.7942918202910498, 0.8579582532215265, 1.1814900963602633, -0.4531921964613819, -0.2984988337456087, -0.753806881846603, 0.4356372690383722, 0.6966818999344411, 1.6582780862049649, -0.3964670554938606, -0.1880337393113464, -1.595030825374069, 0.876455248689067, -0.4790034094613967, 0.5812825184590614, 0.48921262207030924, -0.42332143211673895, -0.4187683978040964, -1.8072360693361362, -0.7548005174376299, 0.4101942852662295, 0.9953532109697999, -7.524509417382787e-2, 1.0553278073858259, -0.6298339615533963, -0.338517640338349, 0.21106665341688696, 1.002657140648169, 0.7385369607609578, 0.5072130868749549, 0.19204728919579186, 1.080743335525272, -0.3701030963921996, 1.0710933322018388, 0.6999031205147962, 1.0243602237176777, 0.748467056408366, -0.7620301625783966, -1.20411379245464, 0.7694506429203055, 0.2501231249618989, 0.5254157986357381, -0.11317268167858617, -0.450350849560503, -2.011704894166236, 1.2221764199795853, 7.843088658200355e-2, 1.2437588837480626, -0.1328029224041769, 3.4330590870192135e-2, -3.6173660136338756e-2, -1.7133884529330423, -0.9613218922398508, 0.8537373769675405, 1.238948292982535, -0.1891076654829359, 1.6242277748406135, -0.5159538709805362, -0.1599530953932463, -1.983903955357208e-2, 1.1943164266371267)
