seed <- 982
log.wt <- 0.0
penalty <- 2.8115950178536287e-8
intervals.send <- c()
intervals.recv <- c(56, 112, 225, 450, 900, 1800, 3600, 7200, 14400, 28800, 57600, 115200, 230400, 460800, 921600, 1843200, 3686400, 7372800, 14745600, 29491200, 58982400)
dev.null <- 358759.0022669336
df.null <- 35567
dev.resid <- 225459.1071076548
df.resid <- 35402
df <- 165
coefs <- c(6.672445303856922, 5.797091783387729, 5.8478262504274605, 5.500700137428316, 5.0621396930551485, 4.851610900042161, 4.75204859938097, 4.585450785391658, 4.428505891919131, 4.344327273101345, 4.311028404360737, 4.146495745946393, 4.04185112901317, 3.9595543460540155, 3.7556815861911943, 3.5396605136075654, 3.276677301725732, 2.9541480996824325, 2.482404196718013, 2.0232753909924446, 1.4328176134709947, 0.9027629193639709, 1.016707997866981, 0.22712038701378406, 0.30113612216821434, -0.9091604013876524, -0.4952098356200697, 0.9703984703055365, 1.0626466580248164, -0.9354949198730215, -2.6405820206198327, -1.5834612467596847, -0.3273813169972591, 0.7920490707281835, 1.3137559847091753, -1.1193298313980617, -0.5109217698843794, -0.9286271231762813, -1.5860898516484857e-2, -1.0054585395506226, 0.9709336301244762, 1.1341571445632719, -0.6873048087193778, -2.3409691196615214, -0.8535599959918433, -0.7709832163784095, -0.652484961439838, 0.2996920662560557, 0.6349374901115808, -0.5369106090291648, -0.2783092886276355, 1.1341688127142489, -2.462494206589928, 1.7492519554882664, 0.655408243228065, 1.158222118854708, -1.9333203182397587, -6.453787859832713e-2, -0.5316855272431669, 0.8424348942786155, 0.6761094010169816, 0.6420513212667178, -1.5682706049991137, -1.0613078293798135, -0.8219685319917048, 7.165689782329374e-2, 0.53612660299463, -0.6519806693013042, -0.7335235459740422, -0.5143509161223299, -2.0132933115975717, -0.7057724713511124, 0.5534611481564848, 0.9812977688962858, 0.7561449816720779, -0.9006787963866361, -1.4559470012055924, -1.1267762732523283, 3.874289646161945e-2, 0.7268979059268839, 1.1938470393408378, -3.7726186839390783e-3, 0.17347980668468393, -1.6061316777145076, -0.6672286665855371, 0.290380279536058, 1.2286099289077617, 0.29373112971710896, 0.9371097683063495, -2.6885643988301045, 0.6535380766512565, 0.5984889602744238, 0.6939631767944836, 0.32788381657900656, 4.280144283337188e-2, 1.3484005817627225, 0.18278814338313265, 0.3784843899637273, 0.18633958578913873, -0.3368328535864456, 0.5858348153327814, -0.43318257726956455, 0.752428927048974, -0.23051942039513157, 0.7643986573894908, 0.8011577479038305, 1.134369169912016, -4.26353614607496e-2, -0.6633669995812203, -1.0397092734547524, 0.4943423179204428, 0.7006925100980483, 1.600442755449119, -0.483509267454764, -3.5641588480171155e-2, -0.723712299183246, 0.6903141069542633, -0.21780745262395115, 0.6300141521822448, 0.6314743326861523, -0.41383890328184564, -0.7763655920596728, -1.2429824784375363, -0.2027530619495137, 0.3899932201059531, 0.8218538732043849, -6.306111986119882e-2, 0.9630063625229899, -0.9355055198430956, -0.37647503907267005, 0.41643090526651166, 0.7275899541601405, 0.808316664473238, 0.45659208046692473, -4.6910281107352854e-2, 1.1288193838818477, -0.4786915259339788, 0.967007333018588, 0.7309651562653364, 0.896133594331459, 0.6794526690038967, -0.666898402771812, -1.3651438576070518, 0.6655834884581964, 0.5318253212879582, 0.5930071524935049, -0.22805403467095736, -0.25958925983355363, -1.8837195398293989, 1.2131365244496355, 0.23271632053167848, 1.1569820136114193, -0.33619162990294504, -0.20902803032351439, -0.16495180156735598, -1.2684263626912577, -1.433217951264622, 0.8489600064842955, 1.2101606076897602, -0.46118996603020446, 1.5558599582072055, -0.2895362918676948, -0.17333668550092146, 3.0911799778986945e-2, 1.0975066774658484)
