seed <- 980
log.wt <- 0.0
penalty <- 2.8115950178536287e-8
intervals.send <- c()
intervals.recv <- c(56, 112, 225, 450, 900, 1800, 3600, 7200, 14400, 28800, 57600, 115200, 230400, 460800, 921600, 1843200, 3686400, 7372800, 14745600, 29491200, 58982400)
dev.null <- 358759.0022669336
df.null <- 35567
dev.resid <- 226137.45518623525
df.resid <- 35402
df <- 165
coefs <- c(6.762093118369938, 5.832601821352092, 5.770373198008455, 5.331469442013361, 5.05097183837308, 4.83918413901023, 4.775438879166169, 4.5725027728381615, 4.353229570424055, 4.227551074935815, 4.2695487465480255, 4.164390644023539, 3.9889163047714513, 3.9646443770886113, 3.7546646477899293, 3.5326514181789093, 3.232861652017966, 2.9402278612801354, 2.4729486708177406, 2.078074517605978, 1.6451188488496313, 0.8835493241791732, 1.073028474623222, 0.2573480261710882, 0.21817574876122217, -0.8983580244066179, -0.2635715769546221, 0.8431078605500979, 1.0352564449262167, -1.69497339351204, -2.0824620019362285, -2.7619649152538215, -0.33512965344567486, 0.7206766278222515, 1.3492955199958199, -1.4538186246853337, -1.2938006929777397, -1.6075007270543777, 0.12247521759344628, -0.8422411861483564, 0.9251226492237123, 1.0799727191877027, -0.9961876906328947, -1.7143163075507655, -0.7583630731190548, -0.7423550965787195, -0.38185718161364285, 7.178917016648248e-2, 0.7220716809260663, -0.5990918387075254, -1.1055788526789652, 1.0586485495394875, -2.1268209294151244, 1.7464986240719846, 0.7652459850087082, 1.1323204564080809, -2.178505766699066, -0.12082363609006333, -0.46600168021760074, 1.6671070404853472, 1.3390915782579158, 0.7687625163917843, -1.6773242785597562, -0.5344343254921167, -0.714697940451089, 0.22385210652322446, 0.5624934212921124, -0.4411563718933713, -1.035393147205839, -0.7457269651285183, -2.2089366080028805, -0.14133806020698733, 0.8950839744640962, 1.1443012882253965, 0.8175764253738697, -1.1031475617256163, -1.7226209054963069, -1.0831856658310832, 5.1405318779572905e-3, 0.7403687197214349, 1.0958316958919276, 0.17206662362999012, 0.3303747176663304, -1.6705232895844093, -0.9289430069255348, 0.5506929958798771, 1.4646659017213348, 0.27504972402790046, 0.9332256558441792, -2.050195417121457, 0.45125699606504066, 0.8755822569756391, 0.8120250061557184, 0.49331925114384656, -0.461293539232264, 1.4040264094091712, 0.17540988242756367, 0.4972688637480983, 8.158679633389468e-2, -0.65956401387502, 0.31772792470175165, -0.5785055138901386, 0.945906804950038, 0.11772835216870767, 0.44545519127837646, 0.852076279760046, 1.0760143361187517, -0.3426288407179821, -0.16712559935963295, -1.2084157894720366, 0.6258976200357085, 0.6317259272680288, 1.5735570340002059, -0.7422299648509708, -0.18007083197985163, -1.1540408944834588, 0.7790765777590848, -0.15218451910040637, 0.440947395683482, 0.7327018824730859, -0.7719567394122612, -0.6603277632029867, -1.463996088569334, -0.11845432665040094, 0.4415852105393602, 0.8612857280244699, -2.1097688300494025e-2, 0.964676277575187, -0.4329805610137213, -0.4502105079833161, 0.532373807901878, 0.8165837928144929, 0.8209502829910221, 0.5694054417310096, 0.16441960532362665, 1.0612318229921158, -0.437129452279775, 1.1515510328739071, 0.694263314883119, 0.9883041064854191, 0.7140666102379677, -0.8362664026499719, -1.1274964395943423, 0.6305122684943173, 0.4335726763192357, 0.5444352776635812, -0.10046759204753464, -0.2791802072938928, -1.7573536290257654, 1.2800401760943225, 6.627681750317833e-2, 1.2574120214260303, -0.2568133046853698, -7.412097900432499e-2, -0.1564488033287243, -1.9717597748192492, -1.4425297854719576, 0.8988277592037606, 1.3343168224283026, -0.3327422631921965, 1.5321479374327271, -0.19411043156986713, -0.21076565873069458, -4.913701579094269e-3, 1.150730424845603)
