seed <- 768
log.wt <- 0.0
penalty <- 2.8115950178536287e-8
intervals.send <- c()
intervals.recv <- c(56, 112, 225, 450, 900, 1800, 3600, 7200, 14400, 28800, 57600, 115200, 230400, 460800, 921600, 1843200, 3686400, 7372800, 14745600, 29491200, 58982400)
dev.null <- 358759.0022669336
df.null <- 35567
dev.resid <- 226317.92082947804
df.resid <- 35402
df <- 165
coefs <- c(6.5932121920486075, 5.696235254950805, 5.63631525269591, 5.212828464276754, 5.094885017138571, 4.795527798228735, 4.805041902989814, 4.592845141690329, 4.4314111354868, 4.279296480550346, 4.334640608372261, 4.188836262440729, 4.029086805804589, 3.9006714129318993, 3.746299295772045, 3.5394654279443682, 3.282242890803716, 2.985244636973317, 2.490868979803861, 2.0667283271281915, 1.6258955057941922, 0.917748966999128, 0.9153446203264524, 0.42214421185986933, 0.18380025948532863, -1.065655120706793, -0.11541598965948698, 0.7088890961957846, 1.025506939440994, -1.13890462974248, -2.153494532654879, -2.9812294120944305, -0.5217470197069478, 0.7996819783141252, 1.1966933705997338, -1.1507973379927523, -0.46505184442024267, -0.7311786168554323, -7.05991895037494e-2, -0.46572480392974663, 0.9311388038998395, 0.8077293411863431, -0.8567541493069607, -2.3571517561125503, -0.7782173524747358, -0.6499503312344928, -0.6369713863976026, 0.2176132788375319, 0.46689918825814736, -0.8748776050929423, 6.488994236223317e-2, 0.6904109329068103, -2.332911887498341, 1.7083417863129662, 0.8776374258971315, 1.1607225626549442, -2.1434477149774347, -0.16689750179827334, -8.831710086475976e-2, 1.4912971147217458, 1.1481521329406095, 0.6185104732985374, -1.6322580325244846, -0.5987512999357913, -0.5796836619066911, -6.079064509293195e-2, 0.7706580254115292, -0.2952015363275184, -1.1340228310055458, -0.6177035555469447, -1.989763749284208, -0.1924735321859832, 0.4418478414859364, 1.0620179238134644, 0.6814540303204909, -1.4791999730578498, -1.4399067633638873, -1.1771589763364947, 5.3802968574939325e-2, 0.7683989880074936, 1.1265293434455363, -1.4135694186603836e-2, 0.1713156797616242, -2.112213634881323, -6.165732069308696e-2, 0.4582579661941926, 1.1972411030127241, 0.3814889708962531, 0.9449637075316529, -2.314786850848548, 0.3832459700232336, 0.8612356797485191, 0.8364399449831122, 0.41668994888921307, 0.2185434096546422, 1.1784913945839406, 0.5004888462591265, 0.4007687110176941, -0.19076606325364245, 0.2515620209458182, 0.314230630710995, 0.15192839365255384, 0.7543218166188815, 0.14744461028745334, 0.6237830792103967, 0.8191998906067381, 1.027795040025146, -0.8722757056261228, -1.00822734349246, -1.2059687208067866, 0.4026008103408347, 0.5422590809947139, 1.5578968557491617, -0.7163873116098569, -0.29907850652980594, -0.824886221174167, 0.7720038378668304, -0.32096848642956, 0.21436895278731785, 0.6539525508570591, -1.0943860419783755, -0.741090648498193, -1.1514996137128055, -0.33358866123844433, 0.40946233886948663, 0.6833175895647667, -0.12303392789022602, 0.9996388551217091, -0.604051286148413, -0.354750571171046, 0.20669644085217748, 0.9619555540135504, 0.5963559339022347, 0.5194767731863948, -0.11124121408042897, 1.045376779119493, -0.4109839533075545, 1.0305809276725604, 0.6419128545228344, 1.0230959473509682, 0.7961561086098602, -0.7006306679321219, -1.1401463202430768, 0.6541711097174668, 8.67891486767687e-2, 0.5461520161234471, -0.2534743418246218, -5.4686719498711074e-2, -1.9435548084595784, 1.2616260725070334, 0.17784181801417212, 1.3014399164220607, -0.14868281920075085, -0.12828397651018922, -9.55589572174788e-2, -1.2518650039049943, -0.7950108004239759, 1.0135868483263701, 1.179068558522831, -0.6880354233983188, 1.5238417983338903, -0.23549569726593242, -0.22705976268077646, 0.1964923661154923, 1.1752567093979982)
