seed <- 507
log.wt <- 0.0
penalty <- 2.8115950178536287e-8
intervals.send <- c()
intervals.recv <- c(56, 112, 225, 450, 900, 1800, 3600, 7200, 14400, 28800, 57600, 115200, 230400, 460800, 921600, 1843200, 3686400, 7372800, 14745600, 29491200, 58982400)
dev.null <- 358759.0022669336
df.null <- 35567
dev.resid <- 224818.2692312158
df.resid <- 35402
df <- 165
coefs <- c(6.7925963891952685, 5.844605065120948, 5.837402952088821, 5.271398414242132, 5.059011504085516, 4.963892064017248, 4.7792687816787325, 4.661260752324972, 4.330419354918845, 4.321030394592976, 4.318126992491799, 4.169472955449347, 3.9932218263774666, 3.9648604553546076, 3.76556925296464, 3.569084260816285, 3.257378749840106, 2.9649962355885844, 2.5502124896604044, 2.0257637987448973, 1.4860410291972102, 0.9190289864262451, 0.9275634716728195, 0.33857516814387495, -0.22215416542209826, -0.9610094164356884, -0.14896191098155395, 1.1603224753021284, 1.2323476008006928, -1.6238420446522421, -2.7442640504148863, -2.359153974231996, -0.28269773869863024, 0.7939196066917306, 1.2881695668398327, -1.8443190844721098, -0.5690983758549341, -1.5344311620436282, 1.511324332150966e-2, -1.6036895101530875, 1.0746294464266732, 0.8191900042231544, -1.1651870008096659, -3.1433765532779603, -0.7312183390935486, -0.7011282916997592, -6.40038732841636e-2, 0.18107520562111618, 9.4551908634797e-2, -0.7371755889410275, -1.5590560871444632e-2, 1.1113842085979349, -3.533722856955344, 1.6346921037215807, 0.7797788165928825, 1.3276012695235406, -2.5968315461286484, -0.25551786769238605, -0.7466318484486433, 1.5647856408163627, 0.9707054718436262, 0.9457025086681896, -1.754918481743449, -1.9089476750831715, -0.5251967836366096, 0.3316124569917071, 0.7794875925165152, -0.49630210385517737, -1.0529025403304022, -0.6770559993024032, -1.4769445663921505, 0.24619483044611185, 0.7881778285234124, 1.008810371469887, 0.6517588989938736, -0.5736886385905714, -1.0274147721164442, -0.8657507011449201, 0.11104497477639343, 0.9664296455549256, 1.2220846965444552, 5.482474597312489e-2, -6.200456503589899e-2, -2.6578775719175676, -0.20591101360732483, 0.4094046974411219, 1.2775896081209153, 0.5528578206840679, 1.0563765939703071, -1.8562267546645421, 0.5506972851028761, 0.8223591073593753, 0.8087386282769596, 0.383163748560238, -0.13425893546329254, 1.719049709223636, -0.4190269839322387, 2.0307777043039946e-2, -0.3785909865669974, 0.3127954027248185, 0.4540680461240259, -1.00976240484779, 0.7874029783908273, -0.11634249971298134, 0.6097315314004651, 0.855210007989603, 1.067928279593906, -0.272285854029506, -0.32748973724355523, -0.6896286463620349, 0.38663547734589926, 0.7325151428461061, 1.7285225605703916, -0.5464388828323394, -0.21402394023742075, -0.7829535702886947, 0.821686648051303, -0.252418924046997, 0.4109551146514308, 0.6266613483699268, -0.6862169727008873, -0.5899893496246981, -1.0364162500718104, -0.39820121558498134, 0.3840431359871549, 0.9156550980460232, 2.0432572720311404e-2, 1.1572106900887897, -0.6114725382593906, -0.3734505090218412, 0.2522563153719314, 1.1207439193200455, 0.9042523791463759, 0.5811404873121512, -4.075984305609812e-2, 1.2520633871258458, -0.17799977769149777, 1.1614373348216058, 0.8408772022909341, 1.0956809642853613, 0.7286049963146057, -0.6442714821930493, -1.269397534594506, 0.8636631242692238, 0.39897166070679607, 0.6056057501698684, -0.12120156514699261, -0.4402593098279321, -2.3294668609695712, 1.3061951585857507, 0.2682811576355544, 1.3405718879891027, -0.12478080010934046, -0.10230402168451166, -0.19363142491132104, -1.886266435791182, -0.7267620000939742, 0.941262571302873, 1.1653423706559758, -0.19715208804117235, 1.6638136674900899, -0.266761368247966, -1.4527588564278025e-2, 0.1882751365655608, 1.2090570020320655)
