seed <- 727
log.wt <- -11.49436478261467
penalty <- 2.8115950178536287e-8
intervals.send <- c()
intervals.recv <- c(56, 112, 225, 450, 900, 1800, 3600, 7200, 14400, 28800, 57600, 115200, 230400, 460800, 921600, 1843200, 3686400, 7372800, 14745600, 29491200, 58982400)
dev.null <- 358759.0022669336
df.null <- 35567
dev.resid <- 224756.76229625783
df.resid <- 35402
df <- 165
coefs <- c(6.503093833331249, 5.604557057545278, 5.76659319190363, 5.392819147099736, 5.08220936477926, 4.900382681978116, 4.732499761778617, 4.6322885803229115, 4.415900282964088, 4.262219195704461, 4.314079265491132, 4.209391722382262, 4.016481053944561, 3.982011326804598, 3.7860308199698243, 3.557899794961247, 3.2806549431652954, 2.94651409502943, 2.529648154436641, 2.0551861106993257, 1.5814411050438995, 0.9252070613048664, 1.0949838511677543, 0.6357516538958701, 0.8649951058398088, -1.3092364395085967, -0.32130506707987205, 1.0096678391016356, 1.0470403783395261, -1.0156191053923236, -2.3561054083123167, -1.9181321682640462, -0.2125274320272269, 0.7909996973636447, 1.3835328778601785, -0.8785635666440461, -1.2886489972100885, -1.0061508369675, 0.2693331145576527, -1.4176684681540652, 0.8723191344658173, 0.9423582297197896, -0.9183128713838318, -2.863921595483372, -0.7605329382778128, -0.8415113566721731, -9.911665283623238e-3, 8.014001360112251e-2, 0.5080304168198362, -0.9112771183308903, -0.11164271341889867, 0.9303938181574254, -2.7006438842389247, 1.773314448239947, 0.658347785183062, 1.1310718289509085, -2.6014469952381156, 8.224588449707257e-2, -0.9998980776854328, 1.636373434422042, 1.0507134558061444, 0.8410243335363745, -1.6898529142063015, -0.1260598236905123, -0.400489639608227, 0.24853564924552246, 0.45540872660951126, -0.3700585138950854, -1.5635588461777086, -0.7144607410579311, -2.936139588177324, -0.5982947856826999, 0.3201312651280551, 1.0763891856425545, 0.7504859494808417, -1.0188251866799034, -1.2270341100303916, -1.733900132069085, -7.092923302305483e-2, 0.7233541114429309, 1.321297771281436, 0.1081531381123512, 0.2496451613370131, -1.9750460987656033, 0.2647235473177133, 0.5275070665433281, 1.1903772980923661, 0.3192902546761714, 0.9259138408968636, -2.493288207858407, 0.47171595518743936, 0.8610957638386395, 0.8457775188032334, 0.3456911943116698, 0.16289858425893805, 1.4635707663069626, -0.7640258946664774, 0.3995048865343186, -0.12636958844449395, 6.052326816990635e-2, 0.48308781318739336, -0.3862757118135499, 0.8702816731461206, 0.6180649407083628, 0.5637849972684462, 0.8279947780630308, 1.145155960723084, -1.0273779816109296, -9.850747011271488e-2, -0.9302614457051386, 0.39395452261501507, 0.7042764783250746, 1.567226045199677, -0.6798010506587933, -9.066110299115776e-2, -1.6540409948039585, 0.8469629056519641, -0.3715650734289534, 0.6773911781371362, 0.8243346179771164, -0.46504079565142026, -0.8198365959753576, -1.1653397280500395, -0.6236125464513891, 0.30344185140922314, 0.93368541209528, 2.489564151924576e-2, 1.0960627466367778, -0.522997923618104, -0.4226070293383908, 0.38174093801466513, 1.085323828642023, 0.7820195113241771, 0.5130454051689275, -9.244615095508618e-2, 1.1871309666039997, -0.4237443766519454, 1.1714570740311339, 0.7827709921131172, 1.0839110763676287, 0.8696305666218863, -0.6737114267469013, -0.8318511148359127, 0.7674226448761862, 0.3787172757138076, 0.627308375512274, -0.23062074076670944, -0.9047245408402446, -1.9514065680012065, 1.3588985464168828, 0.19887739950555466, 1.265059034944416, -7.49869914321674e-2, -5.64361264086246e-2, -0.317548105516398, -2.01363452701807, -1.5531074203088362, 0.9919831835496083, 1.1334260181754325, -0.12039205921805696, 1.5042895150320776, -0.11936515195662066, -2.6289557553637332e-2, 2.7533769556908824e-2, 1.2885973671440825)
