seed <- 992
log.wt <- 0.0
penalty <- 2.8115950178536287e-8
intervals.send <- c()
intervals.recv <- c(56, 112, 225, 450, 900, 1800, 3600, 7200, 14400, 28800, 57600, 115200, 230400, 460800, 921600, 1843200, 3686400, 7372800, 14745600, 29491200, 58982400)
dev.null <- 358759.0022669336
df.null <- 35567
dev.resid <- 227110.51097726912
df.resid <- 35402
df <- 165
coefs <- c(6.564468845829892, 6.114448796131235, 5.539613505699735, 5.277728742856164, 4.9941949556437875, 4.773045899215835, 4.708309316419919, 4.634431530794281, 4.415016862548487, 4.260267295113943, 4.265893324598122, 4.102595167065276, 4.018917216729356, 3.9394061606958837, 3.7268708759694227, 3.469824357292829, 3.210178731985279, 2.928414954479476, 2.4963870473184606, 2.008833747520727, 1.5772274784282339, 0.9142679178630284, 1.0724598927000508, 0.3515363616051955, 6.339685648124038e-2, -1.3398361722327976, -0.12311079789583199, 0.9950440131315019, 0.9885253511936242, -1.2740753327683478, -2.279711931568949, -1.917375086382369, -0.21620630680879083, 0.7614712024836964, 1.2517656304473304, -1.1611454247914748, -0.9852843414276353, -0.5630956424643438, 0.24223062727117675, -0.7576071449374433, 0.8373403553434344, 0.8933793278653648, -0.9874297073926503, -2.0206533026555564, -1.0205664620768211, -0.739298062577355, -0.8154032246940871, 0.3257478380083193, 0.804715380149115, -0.9490854327723816, -0.5793945083374709, 1.1605133566892922, -2.1474481266329493, 1.6967306710231926, 0.8484932944545726, 1.1656566683629273, -1.898932133276678, -0.3704592060933782, -0.8145738446303049, 1.1278105240470597, 0.8871915151973641, 0.7197536791010561, -1.9455776757882353, -1.0262326321675626, -0.4463088898904428, 0.36555789983228154, 0.5231328358671534, -0.36830537508433286, -1.3244632820668782, -0.5763657555447746, -1.4699339825579514, -0.21028191497862314, 0.5522326212765877, 1.0158561546171194, 0.5981137089180519, -0.8494849141850191, -1.1942224438080191, -1.6251053347821292, 5.794077888236635e-2, 0.7416527789098332, 1.1361931630290691, 0.1969487869150202, 0.15056073429799224, -0.929711364281152, -0.46434936985276565, 0.46512605125888745, 1.256388513371661, 0.3044145349193397, 0.843280443938547, -1.46297931857203, 0.5550645383270736, 0.641194617379473, 0.7234726492994605, 0.40760857293103164, 0.19431787332284467, 1.1569675257841348, -9.236129633217431e-2, 0.5273824040808333, -5.505254515592743e-2, 4.5950023411202474e-2, 0.4052000411994056, -0.5132353344401007, 0.6996432447729349, -0.15728099947355562, 0.9526616859646253, 0.8487511147219446, 1.1601106578573905, -0.44126547051434617, -0.1813034387208039, -1.050638534157776, 0.49312931024743994, 0.7027184703788772, 1.515496118657991, -0.9471979407550842, -0.17005003276611638, -1.4524565698892267, 0.6812050674057107, -0.2823151813695941, 0.4488134777723311, 0.3550344309115296, -0.32881210636294195, -0.4668604562429695, -0.8868614360516575, -0.41810825504152427, 0.2075986517502731, 0.817184855065059, -6.770835082988358e-3, 1.0886393674045496, -0.6714534234271503, -0.41135154402869106, 0.34192948157556896, 0.6774783469610369, 0.9367638711733267, 0.455198498412966, 7.23600476817584e-2, 1.133442834713676, -0.5027471550173725, 1.0393279024865625, 0.717523083727736, 1.0342113091628091, 0.6678174995698488, -0.7044927808259545, -1.4175029668982506, 0.49055593012545406, 0.23967160771909005, 0.40307416975608246, -0.2252420344223849, -0.7775414062647872, -1.9844388095029533, 1.2256277529752888, 0.20197473132537708, 1.2618609807724506, -0.17943631715405775, -4.476506447507159e-2, -0.10254372919296778, -1.7427267828771436, -1.431861299300408, 0.783125280643333, 1.1530167901614132, -0.5131088806475156, 1.477724462768307, -0.21521514793007732, -0.15981000054658262, -1.7144388506980714e-2, 1.1497078595416899)
