seed <- 621
log.wt <- -13.233674487464933
penalty <- 2.8115950178536287e-8
intervals.send <- c()
intervals.recv <- c(56, 112, 225, 450, 900, 1800, 3600, 7200, 14400, 28800, 57600, 115200, 230400, 460800, 921600, 1843200, 3686400, 7372800, 14745600, 29491200, 58982400)
dev.null <- 358759.0022669336
df.null <- 35567
dev.resid <- 225599.9763813166
df.resid <- 35402
df <- 165
coefs <- c(6.68451909578974, 5.904217152037894, 5.8397800153784205, 5.335187140056609, 5.084606848421493, 4.8736304205809, 4.765991329318046, 4.583218827326567, 4.4036435473277935, 4.30075781930905, 4.270882229170763, 4.153059771066586, 3.9901776888508405, 3.972472060627215, 3.7489671116516474, 3.53641688304441, 3.2562697265186284, 2.946388376616491, 2.5269585980492035, 2.0861692908540803, 1.5097450217380575, 0.8948681832710365, 1.1755273169870735, 0.4756821137912929, 0.7442039128590283, -1.007168980960169, -0.14777021073327803, 0.8917577147252617, 1.0560618016277674, -1.3949704892842307, -2.7221389420679647, -2.020747645196459, -0.2972941954174223, 0.7040083539771701, 1.4558111499265372, -1.3594566242526338, -0.34386687004722083, -0.5879347075957075, 0.1662349177068516, -1.084735649281365, 0.9297477187665378, 1.0585183336205946, -0.746852772326939, -2.163337754834119, -1.1314932314127266, -0.7523560218505626, -1.1120128613310387, 0.5156015909099684, 0.25346554599786164, -0.6486610692661345, -0.44519029765269214, 0.7974177847244632, -2.292681807988556, 1.737116766588289, 0.6883422431128432, 1.0091126694651937, -1.6526635154648661, -6.853892522924825e-2, -0.2142235208447696, 1.4909679272565337, 1.1234010705743271, 0.7618850755637498, -1.448364237337414, -0.5669423726920503, -0.8249270546513787, 0.4346329492532064, 0.591684956475459, -0.33978863936863796, -1.573468328518271, -0.6203935569346484, -2.496526573307249, -0.7024805500131954, 0.42015997303132757, 0.8802418570000659, 0.6724254219618269, -1.0388063584152987, -1.3238945900514028, -1.1683857430539053, 0.15992344859417595, 0.730921132386705, 1.0239437742379403, 5.4422275139875874e-2, 0.39812850880104, -1.7457335859332956, -0.24664037522451165, 0.37316706345757716, 1.2199099374035178, 0.44906593099652053, 0.9215986836112077, -1.790391429710266, 0.7130785808919755, 0.5598812083107247, 0.8822119875274744, 0.4104886797681715, -0.22366348220696927, 1.2010829612916292, -6.438300055136573e-2, 0.28638252297875916, -0.14866151548610343, 8.978224785926438e-2, 0.2689564145766559, -0.7826926512755233, 0.6715034175812984, 0.25497542621792346, 0.8494442703043692, 0.8763307872523199, 1.2598464346374427, -0.7828138766859153, -0.41107161243948587, -1.3178927144056736, 0.36548698198741797, 0.5500938528568411, 1.5980046469433369, -0.8197711673608766, -0.18134916046911753, -0.984478313601374, 0.8630587326143213, -0.4201352101947998, 0.42707578226426113, 0.7628330105849567, -0.3729099590220464, -0.4742001119113722, -0.9939984279383367, -0.40339524578737423, 0.2572689838273903, 0.8158349079504584, -0.12277401983013231, 0.9746115818580167, -0.8234530360474022, -0.2558677346353359, 0.4285055680831831, 1.0254232994250332, 0.9061913313542419, 0.4894696987024103, -0.19556327715662666, 1.0151183382646762, -0.32720608185987893, 1.0020105975814773, 0.788661030568322, 1.0379638523964076, 0.8004792061011833, -0.8109189088200648, -1.1380855920029729, 0.9613978113391539, 0.49663699182662263, 0.44207886567264276, -0.198974142380807, -0.48700555717126376, -1.8248368445017447, 1.1715281975329788, 0.16363089120135824, 1.1678484268575633, -0.16310846635503198, -1.1907921743969724e-2, 3.961726899342669e-2, -1.8425040777135442, -2.5051870083588024, 0.8026325007637732, 1.1544648496256065, -0.21235068607966653, 1.5619081296999284, -0.2634302718422218, -3.709673731276065e-3, -0.2269619444919677, 1.2223428024303966)
