seed <- 563
log.wt <- -15.876254719357842
penalty <- 2.8115950178536287e-8
intervals.send <- c()
intervals.recv <- c(56, 112, 225, 450, 900, 1800, 3600, 7200, 14400, 28800, 57600, 115200, 230400, 460800, 921600, 1843200, 3686400, 7372800, 14745600, 29491200, 58982400)
dev.null <- 358759.0022669336
df.null <- 35567
dev.resid <- 225439.38844011308
df.resid <- 35402
df <- 165
coefs <- c(6.7183557939905265, 5.74107883873381, 5.733444502493609, 5.261933309195625, 5.004441863376563, 4.764975640179555, 4.875884475119892, 4.667773093168343, 4.353404165487211, 4.286312027464002, 4.297109603600365, 4.176346588180404, 4.054172362290761, 3.970630443478148, 3.786007312033357, 3.5786724295706707, 3.283606856551268, 2.9497214145607096, 2.5348369900750987, 2.0606536874892383, 1.5553502099131233, 0.9035500360996342, 1.0147489356339865, 0.35378376885511376, -0.14648137049954404, -1.3366565080557107, -5.088184822026289e-3, 0.9122332579866547, 1.0022533447959747, -1.4306322047826847, -2.368643194079204, -2.5427373656301318, 0.13427666617358539, 0.7023971826660722, 1.2519894158273517, -1.1133067781066603, -0.41703363502913354, -1.335462862656948, 0.19382131213205175, -1.3245240506831004, 0.9092808115307849, 1.0209846510053273, -0.9122659464185676, -1.7195266785069092, -0.9115324285026055, -0.8106244550079662, -0.6675366765471736, 0.17616232061783657, 0.856770764908943, -0.6429988403447123, -8.551243786848962e-2, 0.7696030127480963, -1.926279699473463, 1.7591608492036068, 0.8457001377875434, 1.083617120295308, -2.2772983049288706, 6.085048828983965e-2, 4.0477040622865744e-2, 1.3167364961439312, 1.1034194278416638, 0.7631035402364523, -1.764260430618903, -0.4293859739686245, -0.6449931644878748, -0.18167243090816082, 0.577143279284245, -0.3568646912198509, -1.3705718563970235, -0.5826369020323388, -2.182530993657015, -0.8016581733519882, 0.4307966698224568, 1.0816145526457615, 0.6188138535649316, -0.7450503175869859, -1.5681513266726055, -1.0281135446904845, 0.21323669450204463, 0.686427989853679, 1.2415066290524859, 0.15252941293499545, 0.34820835950679174, -1.8106932386678964, 0.42158321752091865, 0.3663482952933207, 1.2430878417565483, 0.40612101664331923, 0.8336682194984181, -2.370934315767666, 0.5845365018738691, 0.6189821385844096, 0.8665121149939405, 0.18717165811357817, -0.46441962274376775, 1.428830684225311, -0.4028617094996864, 5.8078411813784314e-2, 1.443771544986086e-2, 4.589917721401337e-2, 0.3018496542183129, -0.13644110999894268, 0.7544192836333038, 0.19256097826007146, 0.7048435878079046, 0.8209772457558104, 1.1058759876843527, -0.46550142533599603, -0.7519528880696026, -0.8067424018209466, 0.35924077537262056, 0.4741087972715583, 1.530117607678996, -0.43648581037323186, -0.323208440062634, -1.0528950385895965, 0.8098325315579855, -0.30484590994883176, 0.6197181188854111, 0.6018911158188583, -0.26616765127319064, -0.30881158340473525, -1.3343333064083245, -0.6382032404474566, 0.3292684184900851, 0.9150268535748297, -8.12231989352926e-3, 0.9122218921899503, -1.0723864245207821, -0.3405457367190878, 0.31416987290680254, 0.7938846649869014, 0.7444071642429584, 0.6088375988334416, -9.192081884433452e-2, 0.9107829241687149, -0.38554157698060737, 1.0931214112386245, 0.7458571713515614, 0.937130141133206, 0.8364643531977312, -0.6832401712202147, -1.2575594744226923, 0.7422923875077031, 0.14378382170699963, 0.6293979755724263, -0.34110460245684204, -0.1430498328200506, -1.8682595455651927, 1.3625218325914517, 0.11946134785931097, 1.202748818556046, -0.19810957628654413, -0.10558284893162344, -0.12314096369690103, -1.2224218226931196, -1.7162638116727984, 0.9232918218878985, 1.1928182827427862, -0.23853477052615843, 1.486787256966997, -0.566536181092783, -0.22811451583796788, 3.8334695073757225e-2, 1.2364627078521155)
