seed <- 123
log.wt <- 0.0
penalty <- 2.8115950178536287e-8
intervals.send <- c()
intervals.recv <- c(56, 112, 225, 450, 900, 1800, 3600, 7200, 14400, 28800, 57600, 115200, 230400, 460800, 921600, 1843200, 3686400, 7372800, 14745600, 29491200, 58982400)
dev.null <- 358759.0022669336
df.null <- 35567
dev.resid <- 225832.01683796503
df.resid <- 35402
df <- 165
coefs <- c(6.619046799802148, 5.931865519996997, 5.699010241954024, 5.272558472353735, 5.057462859592374, 4.89989400126807, 4.729712942859039, 4.600279034056501, 4.385563824623775, 4.24645017748722, 4.328013851485091, 4.181136614833523, 3.963371622306928, 3.9705907847728654, 3.7671771097656204, 3.5353332298504254, 3.2733463239138176, 2.9743249679778168, 2.482078056199603, 2.004433122448066, 1.6451074236748493, 0.9029786340733853, 1.1288006381022189, 0.37589677044955894, 0.3969627098220228, -1.105391252256011, -0.12817730159404764, 0.8039966935898428, 1.1433633166371158, -1.324434519011898, -2.2448641950301917, -2.327373799680871, -0.13377343068117714, 0.7892338725523431, 1.3011513015470513, -1.857253728590025, 0.62177505503184, -1.100579140828932, 0.17355601839740953, -0.7086446264729623, 0.9535437974760407, 0.9178727687385391, -0.726988649063689, -2.311528809054574, -0.9712346179637225, -0.6483237661203903, -0.9521423909921475, 0.6089596995280001, 0.5910302877041348, -0.47609193093561986, -0.5412690696547775, 0.6640728105786541, -3.5637084260881577, 1.6474186001133224, 0.7611648806478315, 1.0888945304913111, -2.9152939863374194, 9.960282568460271e-3, -0.1895259820950035, 1.3522663266855184, 0.9527262382965579, 0.7036480412432381, -2.976054101602597, -0.7792558211473399, -0.10945234929330389, 0.4485937265443261, 0.5027687372219318, -0.5190189788189562, -0.8707565671711677, -0.5756509191789237, -3.0265976152253566, -0.4700106862542443, 0.6227132362363286, 0.9153056197233552, 0.8813119265737265, -0.6004395839634198, -1.0691181604871942, -1.5700577169698051, 1.8263994366476896e-2, 0.874370999025436, 1.18516073788206, -3.3218116478266335e-2, 0.14146137713452298, -1.8221632931663447, -0.8876677988890905, 0.4700848424886047, 1.330826722404219, 0.22516385016940468, 0.9159568638423701, -2.089502374871137, 0.4429821839439316, 0.776885864272006, 0.7583784163000994, 0.3287857284768073, 0.3904212686232244, 1.1807643499917455, -0.9206728904317157, 0.3423342866869029, -0.127030636116481, 9.397372518028468e-2, 0.2241285201595739, -0.14507762294918572, 0.7859889429719441, 5.299313636278425e-2, 0.5762302722355671, 0.8100384995677609, 1.2397413356764497, -0.14496194115352282, -0.3103712537130961, -1.1635741525824699, 0.5495766770386864, 0.5397094998603863, 1.6359440344465073, -0.7387284288278992, -0.24477858802491728, -1.1555633088893222, 0.8327499587861433, -0.3036289966282776, 0.49441653368522803, 0.662032187812192, -0.6749407442670782, -0.4146594082084568, -0.5149554415304166, -0.5873230892889879, 0.3179603688497837, 0.8943929236575296, -0.12030236894707193, 1.1637910153193338, -0.38909121637833405, -0.5280603665509338, 0.40235690244399946, 0.924304425841239, 0.5828574908227775, 0.47704321452204107, 6.1253017600960254e-2, 1.0671031535381623, -0.35248801399106644, 1.0096898388765971, 0.7476332284834755, 1.0563991911791277, 0.794013389358812, -0.7092038827429682, -0.9517612235409753, 0.7356605515321388, 0.3588411326720685, 0.5026532081814721, -3.467514534698732e-2, -0.3246994077268315, -1.6509727272647237, 1.2911616781927258, 0.2028321080385422, 1.2796828264976574, -9.5450442459624e-2, -4.291096953862277e-2, 2.167785464090897e-2, -1.5454946626762909, -1.333253463284744, 0.8492266719658512, 1.3256373338301402, -0.3936572043172043, 1.5548427757127423, -0.34132887349336916, -0.12470027460828029, 2.04673332960334e-2, 1.2290674864285902)
