seed <- 347
log.wt <- 0.0
penalty <- 2.8115950178536287e-8
intervals.send <- c()
intervals.recv <- c(56, 112, 225, 450, 900, 1800, 3600, 7200, 14400, 28800, 57600, 115200, 230400, 460800, 921600, 1843200, 3686400, 7372800, 14745600, 29491200, 58982400)
dev.null <- 358759.0022669336
df.null <- 35567
dev.resid <- 226129.36526804802
df.resid <- 35402
df <- 165
coefs <- c(6.550295787960472, 5.793769531281785, 5.701789259595001, 5.418251013265898, 5.101161398353927, 4.898910784578871, 4.857022353379128, 4.628879181686443, 4.350330294473697, 4.278921242437434, 4.387218006167998, 4.157824247068572, 3.9992592715273774, 3.943239072267504, 3.7480513138744183, 3.5403008277928394, 3.251814201611081, 2.9399213600026464, 2.5173409107589597, 2.0662182549724912, 1.6525578652830932, 0.8979363005635455, 1.1439779924907065, 0.6227227981051474, 0.12027799473399334, -0.890982850291403, -0.3101130876240192, 1.026076147430941, 1.015042587006148, -1.112922826190799, -2.7197879791951425, -1.4467617329174265, -0.4107544138969397, 0.7172834881431065, 1.3026623167220757, -1.1444033388659685, -0.5057474779454171, -0.921129990941399, -0.14744052987591716, -0.7989276831812199, 0.8459854554838587, 0.8209098358897189, -0.8619170134850365, -2.1792506156189906, -1.0343998550404339, -0.7651455401929911, -0.23685422542524398, 0.3990103762546392, 0.1838394747834326, -0.35252913737497804, 5.3554852958518986e-2, 0.8753113107513995, -2.5945395971947733, 1.7985248949741444, 0.8596834351124512, 0.969122041140522, -1.8817042864215123, 3.487704559652794e-2, -0.6131628396486978, 1.3823434087385977, 0.9848794370576371, 0.6397830393861633, -2.0640524170787256, -1.0915003218732557, -0.3834362201917333, -1.1797894921399312e-2, 0.7147610934999573, -0.3936693474446724, -1.7721726450468882, -0.6933703182157201, -2.799448846733057, -0.6638291724415002, 0.6784673291926571, 0.9291149758546283, 0.7261893252076032, -0.7106190877195963, -1.14773880859984, -1.1776070214915717, -1.1989526675414038e-2, 0.6501692478559676, 1.2503580035621202, 0.200194929637199, 0.34093921990282633, -1.8677516821656042, -0.4420060759442108, 0.29663034571310576, 1.2401886757578662, 0.524043365140712, 0.9230384675346162, -2.781516864937642, 0.5097040176141657, 0.6416264265656675, 0.9325862606756344, 0.3804759303243223, -4.6947310707395905e-2, 1.3731360405775557, -0.3223260278178595, 0.45428363866889127, -0.15409752901740734, 0.1136611012798726, 0.39289873455081264, -0.7719385956815609, 0.7541850011447024, 0.13121390820719972, 0.9687710457589153, 0.820566410325568, 1.11443908951883, -0.2742708645803061, -0.2788104440045859, -1.0174650297796461, 0.47168037075362057, 0.6186963713316308, 1.5313382060626337, -0.5166407086030738, -0.1013609355461607, -1.4175887029748846, 0.8995365258830821, -0.40790534056150857, 0.5222714407720463, 0.45175664341200583, -0.6677166807147238, -0.4630432011260828, -0.753106404296343, -0.642005930295278, 0.30508386192481846, 1.109147775298483, -1.3023246943720404e-2, 0.9360800514758809, -0.7420952379399239, -0.36729258723121017, 0.29843689281656005, 0.9277285107474771, 0.8311114213271792, 0.3188659501755322, -2.116230203822238e-2, 1.1322924867070807, -0.3855533726702201, 1.2024625205286505, 0.7838709679378529, 0.9619205643560048, 0.8454335912556694, -0.7317502806077311, -1.1010357682628162, 0.7256343386453538, 0.5135639283328385, 0.3890630570424543, -0.1261834874379382, -0.44057807786827463, -1.9996434073065414, 1.425648258139376, 0.18680975189552584, 1.1917400980312025, -0.242063288630272, -8.587003778105222e-2, 7.472203855413431e-2, -1.9320770584274265, -1.0955328790009544, 0.6174092026727593, 1.0845425326908913, -0.6064496817039888, 1.4975240934003866, 1.573062699552256e-2, -0.10093556535926118, -4.460193867642959e-2, 1.1865042998405493)
