seed <- 787
log.wt <- 0.0
penalty <- 2.8115950178536287e-8
intervals.send <- c()
intervals.recv <- c(56, 112, 225, 450, 900, 1800, 3600, 7200, 14400, 28800, 57600, 115200, 230400, 460800, 921600, 1843200, 3686400, 7372800, 14745600, 29491200, 58982400)
dev.null <- 358759.0022669336
df.null <- 35567
dev.resid <- 224875.81823680858
df.resid <- 35402
df <- 165
coefs <- c(6.818969576062585, 5.980188995970657, 5.726229459494756, 5.341745280403778, 5.139062128212174, 4.884787012760147, 4.738428555627237, 4.643048904827437, 4.327094921945633, 4.262354188366637, 4.31341106110432, 4.202910223457542, 3.9764812290375553, 3.958487166411662, 3.7488324269807336, 3.5350840232170486, 3.2680770980168514, 2.926006500451066, 2.4802918254471273, 2.038253267888838, 1.6647754579742735, 0.9073611536177209, 1.0430758622802991, 0.3301674633194902, 0.6218407922543724, -1.049133765842528, -0.23269715952798045, 0.9380512666275952, 1.1261995189863847, -0.8812179893222304, -2.165336929697981, -2.442558041688983, -0.9185621882059348, 0.8459623419130181, 1.3139436295992393, -0.9253337089392415, -0.7764554959617164, -0.7948535256957512, 9.907137023340899e-2, -0.7943762177028165, 1.0017410197865135, 0.9363599388753723, -0.8696754819703361, -2.2462402014736664, -0.7640803888294091, -0.949334584494161, -0.29247388604828606, 0.45584112588820713, 0.19069530514827562, -1.0222223882811161, -4.662106647324238e-2, 0.9541594098620935, -2.2686305974184946, 1.6871386357706477, 0.790912653933058, 1.2013537996324564, -2.1311916637276855, -6.357775228088673e-2, -0.2978001036631472, 1.314341708362992, 1.20419362610125, 0.808384239974501, -2.036395598544453, -1.5287090275939428, -0.7368371595948937, 0.11620243488226639, 0.5415128834876215, 0.12069750352454989, -1.0182646613572162, -0.7151951601564125, -2.2283454329956345, -0.29178298771931677, 0.47352805618205646, 0.926178094088051, 0.6422716265710634, -0.4632905425475088, -1.2010209114912358, -1.5128671121086708, -9.376881363222775e-2, 0.919216198167665, 1.2649433050286019, 0.12310546565412314, 0.15231215941567816, -1.6312629232401699, -0.6626638300865786, 0.3971490585634724, 1.1755439203097653, 0.2528979120443743, 0.9144049660519364, -2.4429280631448034, 0.5472066062872675, 0.7004922280950003, 0.8048785151278323, 0.43814072839283663, -0.10845142373540939, 0.9268060132987996, -0.5982536660508325, 0.37494483345055196, 7.240852359519492e-2, 0.13443397860338, 0.4565310596228545, -0.11617963628843793, 0.7298125058853616, -0.779595489817066, 0.7844142613451976, 0.9127448710118905, 1.1232725872208567, -0.5349106694909693, 9.787098063185429e-2, -1.0245871401483468, 0.35911178615418904, 0.6598637859685472, 1.625053681486799, -0.6690509458057647, -0.24832784958377596, -1.3527988282296652, 0.7268583073828352, -0.3598412802338153, 0.3288374887248278, 0.3719274250368799, -0.7670869359776464, -0.4378281254254199, -0.9620524895205772, -0.4430675737272784, 0.22439462238740143, 0.8184879649012782, -1.4357269560602624e-2, 1.1656061203109283, -0.5283816506631557, -0.43033747568622716, 0.10439450298353088, 0.8231181251931203, 0.9850390284853722, 0.46294180520314543, 9.31018975359796e-3, 1.2068660391210688, -0.557524229777977, 1.1059746021657721, 0.7534320879579008, 1.1204983088348497, 0.6717398200845115, -0.7653592888515477, -0.979864345519573, 0.6711815095472071, 0.3454843541015669, 0.5424314744638506, -0.22338925250638053, -0.3635006285706718, -2.1495250002348247, 1.283029457278956, 0.13932975064716388, 1.3579910849264119, -5.056367156718786e-2, 5.633098111343856e-2, -0.15890103826237426, -1.510093081257012, -1.1141922148279995, 0.8165954396496014, 1.143438149955392, -0.5533284020847997, 1.565213030195836, -0.32494928720448246, -0.11074014375336323, 0.2353373177174542, 1.1582100153815988)
