seed <- 612
log.wt <- 0.0
penalty <- 2.8115950178536287e-8
intervals.send <- c()
intervals.recv <- c(56, 112, 225, 450, 900, 1800, 3600, 7200, 14400, 28800, 57600, 115200, 230400, 460800, 921600, 1843200, 3686400, 7372800, 14745600, 29491200, 58982400)
dev.null <- 358759.0022669336
df.null <- 35567
dev.resid <- 225394.57440227177
df.resid <- 35402
df <- 165
coefs <- c(6.7457464499483315, 5.782724296832335, 5.749596893879525, 5.396166694659387, 5.082998785929322, 4.844582297798214, 4.789672461374993, 4.618589794696923, 4.405719343286329, 4.279869122746499, 4.3121535259543355, 4.182904967154979, 4.015479045019835, 3.9876924820976876, 3.7550380551824585, 3.5417504996035447, 3.226915969479976, 2.9443382938644547, 2.5099873609770023, 2.0915763461457675, 1.495512244525452, 0.8822857294444195, 1.0308836417381777, 0.5766707831495257, 8.1424751795089e-2, -0.9161370585906247, -0.4735816759473443, 0.7311028451822373, 1.1048428590860389, -1.0501868698612977, -2.150468028821977, -2.174275016007914, -0.510936428790331, 0.7122920254629815, 1.2016572095494582, -1.0618936973876225, -0.7828595038264119, -1.270490842647627, 7.69854661812067e-2, 0.17996210913873778, 0.9815232286030949, 0.8576616365827969, -0.7613262335808867, -2.3566426431021577, -0.9201384080576257, -0.613555411751635, -0.8057939739290606, 0.492242251462683, 0.590257497060434, -0.6149582518916904, 0.18275712963853988, 0.8143790744960843, -2.2336336308438964, 1.8445305332093715, 0.7715359816594357, 1.0822116344186834, -2.0759586361084166, -0.25438025185479785, -0.5164909245164553, 1.6005035092253026, 1.0569055665484373, 0.7193272618671933, -1.369965226297417, -0.7633767717262444, -0.8108245138957809, 0.3372659353289245, 0.5041149887517149, -0.44789041223529724, -1.242258770854767, -0.5756311522501544, -1.8469297705684882, -1.3922856073237846, 0.44348748355137435, 1.0073613665462129, 0.7104053340541099, -0.8378252150204997, -1.4457534692680327, -1.9528524945110561, 2.360349363188071e-2, 0.6117221372164968, 1.176911581986185, 0.17166177575853075, 0.24521175960350486, -1.9690008653631172, -0.893550862958155, 0.411054775578109, 1.2391514481946664, 5.093001252037531e-2, 0.8386757432538288, -2.2223913222871827, 0.5757506689545322, 0.6367893208288051, 0.8347953227708784, 0.338820444612366, 2.8019375758178134e-2, 1.2807929284418722, -7.522922218017557e-2, 0.49188739267261555, -0.5306175176583925, -8.98442416569128e-2, 0.44330878267248586, -0.4502088337387344, 0.6804561600473498, 0.20445340244945628, 0.8719603191130606, 0.8069873344507879, 1.1796263336979558, -0.5554927147632501, -0.17496899828675253, -0.9072486974813618, 0.34057564553525643, 0.661455047691658, 1.6220548169775535, -0.4785294012912645, -0.1640509984132724, -0.799732659892334, 0.8193305208178694, -0.28313370600334575, 0.4370448570116002, 0.8841956326697772, -0.5661119558610314, -0.70216120348441, -1.3143778277750007, -0.6657089581670188, 0.4356433782132483, 0.9437644424546843, -4.108902883902115e-2, 1.0324593879492836, -0.6121045923715824, -0.4099463334823762, 0.36014283894484345, 1.072727105507657, 0.9831237664870586, 0.451809861864789, 2.162355110459594e-3, 1.0335463940178964, -0.24885882075918128, 1.095540491874379, 0.6908523047243769, 0.9820561653514654, 0.7370425345018248, -0.6636111992320697, -1.2996455684801944, 0.883734361116311, 0.30226289107457444, 0.5278192244918053, -0.11224629783194608, -0.6000185677210007, -2.2552525826379717, 1.23719449264695, 0.10139124032214854, 1.2231737738699424, -0.32763750620140536, -0.11178925515466125, -1.3725778809486085e-2, -1.8121936867353412, -0.9647414134044612, 0.8017361710749779, 1.2487511667957094, -0.5146017287553234, 1.568274208598749, -0.16178861040756895, -0.23077054843625922, 5.674909153543341e-3, 1.2489940631942122)
