seed <- 562
log.wt <- 0.0
penalty <- 2.8115950178536287e-8
intervals.send <- c()
intervals.recv <- c(56, 112, 225, 450, 900, 1800, 3600, 7200, 14400, 28800, 57600, 115200, 230400, 460800, 921600, 1843200, 3686400, 7372800, 14745600, 29491200, 58982400)
dev.null <- 358759.0022669336
df.null <- 35567
dev.resid <- 226109.21496490765
df.resid <- 35402
df <- 165
coefs <- c(6.34565367252386, 5.739616449783567, 5.681791032755892, 5.337303651739086, 4.97694519413603, 4.882426202986018, 4.792462403172067, 4.665697668716418, 4.381677088118248, 4.235477970467467, 4.309517384937788, 4.209527015752351, 4.018355683379731, 3.959679461508531, 3.741047489754105, 3.5588835478910634, 3.249235852018667, 2.9098330749099492, 2.521103435469312, 2.0404216571034826, 1.5836866334601212, 0.8925108873765252, 0.9643188622318206, 0.18058829855058428, 0.5833686567109807, -0.9471651746724427, -0.3851650880202455, 0.890441072177715, 1.0253294793767551, -1.8026537338722772, -2.7126056171510595, -2.062853872812379, -0.48764781173553107, 0.7749394300866741, 1.1692781710928464, -1.122132779692836, -0.4078830520431371, -0.687882919542761, 0.191676688852026, -0.27306412996814483, 0.869496065400557, 1.001639849203923, -0.7574608973412446, -1.995059053002561, -0.9745170340433792, -0.7230408259518541, -0.5970526723827992, 0.276269654543108, 0.12176667869897964, -0.5237457711497205, 0.10896272841663689, 0.9345458059011346, -2.254615972184713, 1.771750330884123, 0.9496991432820219, 0.9894009002963928, -1.8277604312635194, -0.2097321275245867, -0.35335933582373447, 1.2872340162757583, 0.9766035788139383, 0.8745493288442661, -1.8761935562302978, -0.5681376977167141, -0.6384301824373447, 0.724315609131384, 0.8490371886728972, -0.6695699049400398, -0.9957659693065295, -0.6377410777479096, -2.0674649742082423, -1.3069944781688976e-3, 0.29429033877336336, 0.9109648020012505, 0.6892607558420399, -0.8051854572196088, -1.4137183121316212, -1.3542507287683965, 1.5165519879324933e-2, 0.8581048560552934, 1.1261880618854327, 0.12316457758386493, 0.20268965274053602, -1.0179659362108495, -0.5220036636362286, 0.3765238900884064, 1.3066878672421112, 0.35628796153272846, 0.8802885853778308, -1.976535040753263, 0.43917618215746473, 0.806075636642851, 0.7550850440506105, 0.25804433834438445, 0.3390334922297941, 1.1259993200809384, -0.13330668724459555, -0.1634173851881869, -0.519171685144785, -0.5841862173935365, 0.4169320979649801, -0.547972479134978, 0.8153419714689075, 0.13351576036265858, 0.6909373951866771, 0.8732338237470646, 1.013814123186882, -0.7131257873430238, -5.64319745377778e-2, -0.8771735106664407, 0.36096458395036113, 0.5000140122077004, 1.530654830091578, -0.8704080372462321, -0.31255333542153774, -1.432823852503369, 0.7483482694137745, -0.2836782071344927, 0.29630633877973633, 0.48331939487667513, -0.42672775008087865, -0.6314855816624185, -0.9895013912218715, -0.8033953666520754, 0.3353876763849996, 0.9691927042030161, -6.639601298649939e-2, 1.0406091955198835, -0.8242164357424836, -0.40470676103821823, 0.3860456803938649, 0.8113414559575709, 0.7588130992341586, 0.3465479959924204, 0.12312682205675975, 0.9001004704370396, -0.40502731601174574, 1.0366200296200907, 0.7940002465323731, 0.9778413151640436, 0.7840250128634929, -0.6567070591938098, -1.3261125660185153, 0.5726159949418785, 0.17241781594482497, 0.5192902435195035, -0.23226582032634227, -0.2894866508312451, -1.869803697254817, 1.2989069028533433, 0.14671819951108753, 1.2492962886051755, -0.14573546680894683, -6.286998547678309e-3, -2.7496772222197104e-2, -1.8828366375016208, -1.3609070406336348, 0.8029940824361611, 1.2216180945835384, -0.2579338024750196, 1.5235067454236555, -0.2506054061206801, -0.16012258860373424, 0.10546273061201976, 1.1510593655003591)
