seed <- 876
log.wt <- -14.572677574366095
penalty <- 2.8115950178536287e-8
intervals.send <- c()
intervals.recv <- c(56, 112, 225, 450, 900, 1800, 3600, 7200, 14400, 28800, 57600, 115200, 230400, 460800, 921600, 1843200, 3686400, 7372800, 14745600, 29491200, 58982400)
dev.null <- 358759.0022669336
df.null <- 35567
dev.resid <- 227037.60394882073
df.resid <- 35402
df <- 165
coefs <- c(6.193744116844255, 5.708036042636087, 5.635289416038655, 5.3726796416925175, 5.067351721131782, 4.877916462239134, 4.790742453554886, 4.681239095809742, 4.373494261783765, 4.366601323933499, 4.325007700503993, 4.174587841987377, 3.9775068065703167, 3.934679599428294, 3.7521825724340356, 3.533210071318948, 3.2506455579945754, 2.939271311938628, 2.491231716041865, 2.067395188980825, 1.5267355160285598, 0.8839959246357632, 0.9157766024051148, 0.24723477773495897, 0.5525594359257019, -0.9487569783611529, -0.18135455580916313, 0.7011062035258019, 1.0788597075126851, -0.8988900438576845, -2.1578382726327923, -2.6012763166848836, -0.36652360003466394, 0.7484612274330515, 1.1420886760425695, -1.468917251436722, -0.36380146781714745, -0.7187690638344786, 0.16495968601756134, -0.49986848134413653, 0.9086831043455595, 0.7311687899090288, -0.8787630965346405, -1.9745426106913873, -0.686978910276819, -0.6400089163685663, -0.6244432688721423, 0.3922252984052552, 2.518453527582769e-3, -0.794169889611907, 3.0588071643361917e-2, 0.7919929283618353, -3.0337018865441414, 1.6578467577057086, 0.7414083861140724, 1.161887214103688, -1.7724475447632424, -0.28349488432271075, -0.29413145590603784, 1.3798279732101666, 0.6773639531897067, 0.7908943317864006, -2.2679065693689213, -0.3130625924010676, -0.6101964762713059, -2.611333510495467e-2, 0.6047884593254353, -0.36033635788043655, -1.1963097405703413, -0.6140336556846195, -1.833722130056929, -0.2276823370886687, 0.4275482512276479, 0.9028001123997464, 0.6316608307726141, -0.7400339884640639, -1.4499652707344268, -0.9374180113233637, 4.073394068822441e-2, 0.7581497870071258, 1.149858435308855, 0.11629921419750783, 7.801753282812386e-2, -1.690827901349225, 8.226422730892353e-2, 0.401786400181567, 1.2700509711083636, 0.4099973890114537, 0.9621952805706828, -2.5179362703638297, 0.3891105980947123, 0.7444383592121991, 0.7586206204430288, 0.2602122634805785, 0.2078533071615605, 1.412610378104338, -0.6506358956606804, 0.47258467079211824, -9.604021405176198e-2, -0.6297342519605648, 0.6358506801551784, -0.40615964142232114, 0.7440496367934089, 0.24230295925668321, 0.4997232961809043, 0.7861074315763843, 1.0588398818709377, -0.33177074674443097, -0.34579029154764046, -1.245861546625038, 0.5121365848960441, 0.3743268229554407, 1.5977663118821395, -0.493403607070714, -0.17644445521248225, -1.1773012296698793, 0.6711501576959933, -0.2278023433076913, 0.4221274775087371, 0.5224081033535937, -0.4478167468148948, -0.37482278995025714, -1.1612111905015945, -0.5007611973519656, 0.354176055256052, 0.7778049743716565, -4.335114319408283e-2, 0.9694848189892308, -0.6209854902813533, -0.4794813616417923, 0.17191921806436758, 0.9200976532213974, 0.8744323651231616, 0.34245981238252216, 4.407616656198879e-3, 1.0078275552622917, -0.273424489111007, 1.099244698982098, 0.7202423271005313, 0.9463815714582637, 0.6476289071165907, -0.4970488932509083, -0.9372325985679576, 0.6006146229273751, 0.22885181252850534, 0.5038711924461869, -0.11403244376665363, -0.5044385111465379, -1.725536058762784, 1.2634945322754882, 0.1870221999497026, 1.1885344736991725, -0.2351551878722678, -5.320600674695357e-2, -0.30709324247833764, -1.755820570338033, -1.0374940969908932, 0.6679837483943158, 1.2067412124038364, -9.735187644849996e-2, 1.55529304170138, -0.24963884410121304, -0.17095858049198892, 0.10227733120006342, 1.1514190570532634)
