seed <- 1081
log.wt <- 0.0
penalty <- 2.8115950178536287e-8
intervals.send <- c()
intervals.recv <- c(56, 112, 225, 450, 900, 1800, 3600, 7200, 14400, 28800, 57600, 115200, 230400, 460800, 921600, 1843200, 3686400, 7372800, 14745600, 29491200, 58982400)
dev.null <- 358759.0022669336
df.null <- 35567
dev.resid <- 226756.7117125368
df.resid <- 35402
df <- 165
coefs <- c(6.680095846707999, 6.108272706864212, 5.5401817282787205, 5.342866562154716, 5.112801127343257, 4.952416393819474, 4.785478074437233, 4.581253972909379, 4.345089910133364, 4.26068814656883, 4.286879037213566, 4.175005053603087, 3.9997676760078225, 3.9497473222882893, 3.7757076838239785, 3.5233130597139573, 3.221915146570344, 2.9388996563090073, 2.4978113595442486, 2.0167930968034, 1.5995451232929734, 0.863449680913186, 0.952215100531797, 0.42337664959980065, 0.4727991730904997, -0.86271835071634, 9.186518422337998e-2, 0.9469774737649709, 1.0069532407071862, -1.3728295878347778, -2.124201485306382, -2.1628483555392117, -8.476166697307602e-2, 0.7163649064046708, 1.4057625882170448, -0.9367468981146295, -0.3043000575519852, -0.6485116163910716, 0.24932099488778173, -0.5489954584040458, 0.8526618786979854, 0.9939692604993821, -1.027808274419994, -2.6153232675456817, -0.818141800525276, -0.6513070343724476, -0.21176033074407366, 0.4205000267299911, 4.885583296508667e-2, -0.9425287743547117, -1.0090179688545602, 0.9625811403011697, -2.4061164495306153, 1.601865099718847, 0.7818384097052374, 1.1154532931159495, -2.387770430341852, -7.104837012185085e-2, -0.39698672354320613, 1.1756418472608747, 1.064184119857903, 0.6431186216211998, -1.7828492161011082, -0.6501264986464603, -0.5471591228059214, -0.2933943061650688, 0.6057068276334668, -0.29424144511056743, -1.9923496122563311, -0.6739222671832701, -2.2855202138810333, 0.24823980763779982, 0.6790172281107005, 0.8203665882012179, 0.6987670227625199, -1.1256772199430083, -1.266125590531544, -1.2528245029969503, 1.860859914132831e-2, 0.7689200831770705, 1.2095205346598854, 6.443950928892239e-2, 0.44649569057870175, -1.9337917125163795, -0.9345775718535736, 0.397270523599746, 1.2976155090556096, 0.5845859980344092, 0.9021284088787971, -2.486736958696055, 0.4106885559119947, 0.7185299632509334, 0.9043561859220532, 0.32202683703052654, 0.1380527310196404, 1.3733501458663113, -0.3450803054054936, 0.3829625650697757, 0.24621486435045348, -0.7188725990361291, 0.2961384862705351, 3.615437146649991e-2, 0.8821410259839016, 4.773838229667355e-2, 0.8857821797995058, 0.8160992848859953, 1.0846827871566163, -0.5298658848651455, 7.18312757141603e-2, -0.9023928466667323, 0.3955897360759282, 0.7238700693770265, 1.516269530376231, -0.37179126457394457, -0.23322195617990432, -0.9730969409884939, 0.8000260641965533, -0.2254524676934806, 0.34729598776455617, 0.5491190674179717, -0.6841468241514307, -0.40984879281588404, -1.554139572631697, -0.413259656491508, 0.3361402906554756, 0.8988647492012951, -4.676785484221806e-2, 1.0681513939462144, -0.5364636060542193, -0.48307505631830433, 0.27375612503126945, 0.8349080105109197, 0.8819728911341552, 0.26985630454076615, 0.1434051397375709, 1.218568777085529, -0.3806908801086094, 1.0586169773860707, 0.6489208357525921, 0.9987250975305184, 0.8752455069805382, -0.6484363379681849, -1.470638042490503, 0.630470868118481, 0.34931435167606295, 0.43476179061591463, -2.7832302995220826e-2, -0.3989572335192243, -1.8025530186606873, 1.2918470708794043, 0.1488926285430587, 1.2803071855353914, -0.1589420432141643, -2.9138684865761537e-2, -0.2833556996407836, -2.2552019276460085, -1.2998701135860833, 0.8176639872961164, 1.2510606094892602, -0.5806947925227257, 1.4923532260510526, -0.10374090888474768, -6.479731192305457e-2, 4.768461033117149e-2, 1.3034986878063106)
