seed <- 640
log.wt <- 0.0
penalty <- 2.8115950178536287e-8
intervals.send <- c()
intervals.recv <- c(56, 112, 225, 450, 900, 1800, 3600, 7200, 14400, 28800, 57600, 115200, 230400, 460800, 921600, 1843200, 3686400, 7372800, 14745600, 29491200, 58982400)
dev.null <- 358759.0022669336
df.null <- 35567
dev.resid <- 226814.25004999342
df.resid <- 35402
df <- 165
coefs <- c(6.566906468228461, 5.669868288055959, 5.542678900749372, 5.349160736692367, 5.142764238868365, 4.821881583427959, 4.767607668567652, 4.662506788615119, 4.397490530313598, 4.26746301521248, 4.361845283355282, 4.163659648092137, 4.023412774819693, 3.957866362641647, 3.7271001932321433, 3.503390541063949, 3.2457695601163508, 2.9508677026038836, 2.506198847382646, 2.0812222342897337, 1.6046795478420866, 0.8623273038615429, 1.0182429351466136, 0.5876644446147641, 0.5857797752779144, -1.4944985256931749, -0.341673552850465, 0.8515439035948574, 0.9749284275752464, -1.2911609314938515, -2.6531332884435233, -2.502514722746652, -0.3702695984417779, 0.706788175563309, 1.2069280999490848, -1.421725803825826, -1.4192295764354278e-2, -1.1825505002512546, -0.3303767017620368, -0.6953650562198141, 0.7884396331024098, 1.0501155297810092, -0.6208852303797242, -2.597916449922486, -0.7075356543668049, -0.8088695784055185, -0.47245986109357235, 0.4346027546638193, 0.1498743206735492, -0.29127044007174435, 0.29818411205490086, 0.8321201909588538, -1.879415759553813, 1.7636849770777958, 0.8389137940839902, 1.251089067566669, -2.4303174891089276, 6.360571965691612e-2, -0.3587003753917727, 0.9749819095907187, 0.8370865452701023, 0.7124556941058872, -1.7256226196087252, -0.4475072122711183, -0.5248143666245744, -0.10256222685435958, 0.6415543040513662, -0.32367734226602896, -1.1309791650164573, -0.6707132326459364, -1.8307095435173346, -0.13974106355619131, 0.72842097923112, 0.9112634952579572, 0.634953435349715, -1.005021306486593, -1.3117927196757018, -1.2926747624442134, 0.16453174467632503, 0.7346662183874733, 1.1321765729755666, 8.70418259809379e-2, 5.258265670323319e-2, -1.615974053559413, -0.6202441106171953, 0.40446273276980055, 1.13543747155473, 0.24425689856787597, 0.7543965839943199, -2.128577601686509, 0.4512423370373439, 0.8963841818546758, 0.8873891488020197, 0.36618679539948984, 4.9241683805065765e-2, 1.2659185567563984, -0.5819425011722393, 0.2818011441726569, 8.97354452930748e-2, -0.28973820626498226, 0.3057108755085708, -6.891713830563476e-2, 0.8545793876228068, -7.171729307772837e-2, 0.780402815243958, 0.8368597944465652, 1.015960654152309, -0.6206370032153318, -1.4964900097198572, -0.608164100258417, 0.397350830259977, 0.5832588794371638, 1.4801955699672245, -0.7617951386650149, -0.2449111702280359, -1.0585081566689334, 0.7550647208181568, -0.25645311977610397, 0.4360559463411732, 0.8788157423642583, 4.996227144196359e-2, -0.3978358473584021, -0.9208195366231197, -0.46153073315863125, 0.29657531672692794, 0.7535861044308997, -0.1454963728134337, 1.134804368891178, -0.7227589240636894, -0.3926682706957237, 7.400973552420693e-2, 0.9913939638273781, 0.9989633033151378, 0.4516828040570853, -0.1044968816885054, 0.8757902372071458, -0.4006643718874422, 1.0111761230649108, 0.7020788028969039, 1.0876814470902427, 0.7564876103486865, -0.6847843967105477, -1.0128373072537986, 0.5967682898376956, 0.564544655653034, 0.4552350308808754, -0.21288970069138194, -0.35438147667300923, -1.925408151822376, 1.2439199275768573, 0.1391536628753504, 1.375362170897099, -0.18410289746947506, -0.10932101667505555, -0.1783146243652266, -1.9320677374982962, -1.2017629335892073, 0.7574185123887504, 1.0802176987117904, -0.13342611869176255, 1.4418489626893507, -0.1767948624820786, -0.12762797137937418, 7.43465099944311e-2, 1.2344428602786333)
