seed <- 182
log.wt <- -14.10944805724365
penalty <- 2.8115950178536287e-8
intervals.send <- c()
intervals.recv <- c(56, 112, 225, 450, 900, 1800, 3600, 7200, 14400, 28800, 57600, 115200, 230400, 460800, 921600, 1843200, 3686400, 7372800, 14745600, 29491200, 58982400)
dev.null <- 358759.0022669336
df.null <- 35567
dev.resid <- 226290.85983917266
df.resid <- 35402
df <- 165
coefs <- c(6.441808903293265, 5.691527032304016, 5.681171034649025, 5.3460816908415945, 5.000550311467316, 4.891212131202913, 4.813032836384518, 4.6027237917143164, 4.4012849092782895, 4.252567279541418, 4.238817604101159, 4.15575929565797, 4.050624723123719, 3.9595783183264306, 3.708741897219409, 3.513985878037239, 3.284160285871753, 2.922679627367873, 2.4914578029825014, 2.059535159654451, 1.647022838112573, 0.9037787213598931, 1.0176591692836057, 0.3391305435661495, -5.789573629163359e-2, -0.7187069177931726, -0.1097846077442102, 0.9997649500025586, 1.0524654658207573, -0.9396618846956191, -2.178882067058356, -2.164758229052848, -0.3814512348477027, 0.7904866763552278, 1.2216151496381071, -0.7172268631827663, -0.5434703694182309, -1.1498691489126487, -0.17304065053348333, -0.7384641298936375, 0.9246577150421277, 0.9691111316783568, -0.7142341063238744, -2.3390834206740663, -1.0143088190020977, -0.795384601349662, -0.4200480321619553, 8.950936573359848e-2, 0.19826910937066652, -0.5920226826354706, 9.227744851896591e-2, 0.8759875068597065, -2.5067055544478003, 1.707876202490034, 0.73524544576877, 1.0919823428000062, -2.0416119130933827, -5.4508509416638366e-2, -0.4194333313034106, 1.3163935587143518, 1.4156601587142528, 0.8592490426157042, -1.4464917370353707, -1.243335387299877, -0.7304854495798373, 0.19676611931633697, 0.5162049479560953, -0.19812260969071155, -1.910855751428069, -0.5583503311011224, -1.7556039435535362, -0.4223641988175831, 0.6249129391083741, 0.8591271818921923, 0.6498387448992166, -0.9150625336920729, -1.2031326939528835, -1.1205406224918812, -0.15835305551863815, 0.7677647662125044, 1.2827193514084612, 0.14537002617949116, 0.2167420347875143, -1.4342731909647095, 7.845589532502721e-2, 0.34826261551674953, 1.168226179917188, 0.41621575525980475, 0.8040264001026337, -2.424254753540097, 0.5516158105524788, 0.8489343783096454, 0.8857026814463465, 0.3006463001039282, -0.29151806862787305, 1.0218502723667082, -9.63821757681732e-2, 0.5606365197970133, -2.048179118128318e-2, -0.18872364878326364, 0.3976933096807292, -0.6190834850008756, 0.7577474516039402, -0.10412940934819363, 0.7773549077209758, 0.8731991651314212, 1.102249295108016, -0.10335944756885244, -1.177832990615603, -1.0745973597062555, 0.362126188647751, 0.7240897722889094, 1.5626613936812095, -0.5142234051093075, -0.2796737132860148, -0.9580850811514171, 0.8650388215109224, -0.3295329236188096, 0.14177336015166558, 0.5397264465715723, -0.487295746993276, -0.8321926280689927, -1.3243411033881403, -0.70169798332509, 0.35295887044628454, 0.8396585688889772, 5.352292944886275e-2, 0.9833400400145156, -0.5302260553668529, -0.48834442012860535, 0.3447053954530293, 0.6747057218129938, 0.7633053409766901, 0.41352959652160015, 2.227048533357591e-2, 1.2025784864235138, -0.374979313726763, 1.059403452119059, 0.6898230703069379, 0.9315504542373546, 0.7410656438664659, -0.6479992936689974, -0.9969924427754213, 0.6465830869098868, 0.4188952456854287, 0.5085557026080382, -0.31241515192186653, -0.2196749600452846, -1.7989411214999829, 1.3108327706187746, 0.12886244819744055, 1.168945231555471, 2.1821495327934447e-2, -0.13936080984619523, -0.1611485859997155, -1.9506752951413886, -1.1366216700935332, 0.8180280781652677, 1.0918159944875008, -0.2116778277952776, 1.5197809784334029, -0.4658840942739227, -0.1018791616476902, -2.83384632121937e-2, 1.3047508724570351)
