seed <- 668
log.wt <- 0.0
penalty <- 2.8115950178536287e-8
intervals.send <- c()
intervals.recv <- c(56, 112, 225, 450, 900, 1800, 3600, 7200, 14400, 28800, 57600, 115200, 230400, 460800, 921600, 1843200, 3686400, 7372800, 14745600, 29491200, 58982400)
dev.null <- 358759.0022669336
df.null <- 35567
dev.resid <- 225432.7566109543
df.resid <- 35402
df <- 165
coefs <- c(6.513261278490457, 5.814199420145523, 5.6312363167625445, 5.388269624827294, 5.063580809508753, 4.780291183164956, 4.754629642001839, 4.666437304051497, 4.425630310658145, 4.23960571483593, 4.294448889394634, 4.160512723886923, 4.008958392962533, 3.973066994292605, 3.7665801615705585, 3.548711664379301, 3.2387388083500643, 2.967489665905603, 2.4881241149563595, 2.0694596864148656, 1.5564522406774601, 0.8884150292451964, 0.9695743730734626, 0.3076769761917806, 0.45501341740551066, -1.7541470039628386, -0.20674761531548064, 0.9029288005606255, 1.0988922551316973, -2.4655854569024442, -2.523897636653661, -2.520146838171553, -0.6008012212047182, 0.776291587701735, 1.2813196391365127, -1.0903859676585443, 1.2219724537368819e-2, -1.5665400310394693, 1.9801222918590152e-2, -0.7870846234141277, 0.9212267217673088, 1.119230679734175, -0.8886653451652653, -2.2990090193063164, -1.2799615526202264, -0.6543593476009515, -0.1748770890999846, 0.5866603595716583, 0.15084011250686266, -0.4049008383408736, -0.22396317706380167, 0.804446316576433, -2.4269625115417415, 1.8388251208103945, 0.7765729018708305, 0.9893082664501984, -1.651571211100683, -0.33421679999880266, -0.5581805768525059, 1.129458050551258, 1.244347730637662, 0.8796053157994157, -1.4293646833109903, -0.8727877431120535, -0.7646293765974902, 0.3267412073146636, 0.6579976418352252, -0.16861621986023426, -0.7680867847904177, -0.6582528904248509, -2.1888383642723945, -0.8027895587472738, 0.4543491804376509, 1.0399423734204414, 0.7028140918637975, -0.7990451831547087, -1.4478878933605264, -0.9908192696390161, -8.943918475975853e-3, 0.8159735928793166, 1.0984072114855228, 0.1872490602574391, 1.707500689077255e-2, -2.0096874682183947, -0.5025140508928833, 0.5652868007477158, 1.1918533863958842, 0.23630407116124014, 0.9039414462296839, -2.1300992779831662, 0.5760633525723987, 0.7193881010326363, 0.7534290342668846, 0.32818985990132793, -2.2934961035238018e-2, 1.217758948418802, -0.3601915189950624, 0.3830941754869025, -5.9485143318538644e-2, 8.295844371902385e-2, 0.5093252785451925, -0.779541572424694, 0.8502501331746934, 5.727012456986662e-3, 0.48696608634367927, 0.83784225858834, 1.1520976591592935, 7.139259878665776e-3, -0.7492409274716036, -1.003165866034611, 0.3415665183520268, 0.6873545696121486, 1.6360808267689237, -0.34234708468940733, -0.20123766913302024, -0.7596500857365656, 0.783557938931555, -0.22908271547834597, 0.39329156462181, 0.7536842120251371, -0.3004902288489202, -0.16314507037918302, -1.109340435808643, -0.6619963520109011, 0.30917681813928355, 0.9731209022104148, -3.830283803350128e-2, 0.9625481988236783, -0.478877065343399, -0.4122264944671791, 0.2755607828662914, 0.9477514717458445, 0.7516756959695119, 0.47491798258945694, -0.16510424085486333, 1.1140420237134523, -0.3915902703039728, 1.154358523136243, 0.7374419106965262, 0.9691627645707934, 0.6968246300396747, -0.6735057631042669, -1.1137798213414842, 0.5869448043013914, 0.34438317533301976, 0.5259303317169681, -0.20239718012089394, -0.26887607277300174, -1.903656724529708, 1.4576685699800824, 0.21636947994058625, 1.234641360556784, -0.2139853483186406, -5.634378461991586e-2, -3.030821314648327e-2, -1.634211088060319, -1.500392310619126, 1.0231218299961082, 1.1403672562628426, -0.43824425087814056, 1.5560834297515234, -0.1615523415472407, -0.15364801262888425, 5.067286630418742e-2, 1.1740982823106265)
