seed <- 504
log.wt <- 0.0
penalty <- 2.8115950178536287e-8
intervals.send <- c()
intervals.recv <- c(56, 112, 225, 450, 900, 1800, 3600, 7200, 14400, 28800, 57600, 115200, 230400, 460800, 921600, 1843200, 3686400, 7372800, 14745600, 29491200, 58982400)
dev.null <- 358759.0022669336
df.null <- 35567
dev.resid <- 226411.62889281666
df.resid <- 35402
df <- 165
coefs <- c(6.501837025827021, 5.681076636216945, 5.778333393955321, 5.375319004177219, 4.973461171232436, 4.835657387778968, 4.7929431281304975, 4.630090965312981, 4.382194253397534, 4.249370839279674, 4.327028790181848, 4.1867948486644275, 3.963208108365101, 3.9206352386241345, 3.754743667850982, 3.5253676535935012, 3.244172569709204, 2.967311615715524, 2.498619378686519, 2.05831832658524, 1.5692129706468323, 0.8662609134570747, 1.0899841191248616, 0.36979216706781654, 0.4000892337980382, -1.442702096908793, -0.2892185169145982, 0.9261515074829199, 1.024116581024933, -1.384336640036614, -2.629205031212239, -2.6333976753061066, -0.714917361841893, 0.7035166224401403, 1.3456160387492027, -1.5614906798098585, 0.3811126815598359, -0.39045285370055544, -0.1438080674800689, -1.4511067264953257, 0.9433515440491768, 0.905769672535663, -0.7827563594964907, -1.5568165678099792, -1.095937712483479, -0.44787906394239635, -1.0127352096641775, -9.047147634967971e-2, 0.5807759399527462, -0.6162746854352095, 0.4175061489066786, 1.0212181534372429, -2.6797204758333333, 1.5936945749299518, 0.8677160661212294, 1.1221401373217508, -2.555715886911561, -0.25846381986190353, -0.3560189116980158, 1.360046527287833, 1.0635151208518596, 1.0518231936667604, -1.900958945835132, -0.3581117568236579, -0.4881709924894196, 6.099100719021024e-2, 0.6228468966981312, -0.8079322958080661, -1.0547863300475318, -0.6887090337397044, -2.2192108004560582, -3.4935495265471773e-2, 0.4383808745347139, 1.1376866898806473, 0.5794439281119561, -0.8360833544990602, -1.2587944204438948, -1.177482146132636, -6.894505829819257e-2, 0.7122361454533108, 1.2970166786941084, 6.469704267980261e-2, 0.13742329709785206, -2.297528912528925, -0.5497423297499365, 0.2966226701344972, 1.270931969767263, 0.5972160104265971, 0.8365214558092883, -1.963525950823172, 0.5632380206135096, 0.5972503678064757, 0.8719638336694427, 0.4043959391308305, -2.9582918335726675e-2, 1.5051566673375314, -0.7525516183691234, -9.477362552262508e-2, -7.717963602618887e-2, -0.3902464566297727, 0.48990924938949, -0.6431773945549538, 0.8591039924627354, 0.36760333761354536, 0.9236544014609096, 0.7998145725117554, 1.1638629197576835, 9.586745252056392e-2, 0.10868044505994584, -1.6383983856089859, 0.4477107311529685, 0.5778129945584368, 1.586042065572195, -0.3434843181656933, -0.19915448829758936, -1.0881398968224456, 0.7628600510942243, -0.21619826975829742, 0.5201221831152535, 0.6988391103853897, -0.8279143413294637, -0.41788990846778107, -1.323925617306335, -0.4476138486073879, 0.2589096011386353, 0.7895380023175986, 5.050601490604468e-3, 1.0357904117600492, -0.38212760159947845, -0.4843699821288462, 0.40910238121691483, 0.9947107938568416, 0.819271258969236, 0.5191138765329553, 0.10640884722263892, 1.0579776305744584, -0.35731614082007634, 1.037989046698289, 0.6846728579085862, 1.0228619150022054, 0.9113338919325285, -0.6850512676258917, -0.9156248409342663, 0.7309837699735592, 0.35489394087943094, 0.6489873459273584, -0.3063744927576577, -0.41151171937752223, -1.9498787186402358, 1.2417121052975335, 0.13804440339130594, 1.23867624201335, -0.2414342900367128, -5.801365316284801e-2, -0.13293825797364958, -1.7709699244755708, -2.01651120615732, 0.9462577795016763, 1.2194636511583667, -0.2857024340469381, 1.5950302512433177, -0.11768795925636, -6.061190138155055e-2, -1.0272121224079092e-2, 1.2780903260693721)
