seed <- 323
log.wt <- -13.798534857967653
penalty <- 2.8115950178536287e-8
intervals.send <- c()
intervals.recv <- c(56, 112, 225, 450, 900, 1800, 3600, 7200, 14400, 28800, 57600, 115200, 230400, 460800, 921600, 1843200, 3686400, 7372800, 14745600, 29491200, 58982400)
dev.null <- 358759.0022669336
df.null <- 35567
dev.resid <- 225873.32519469075
df.resid <- 35402
df <- 165
coefs <- c(6.42329643715417, 5.891825858902807, 5.660910853788999, 5.207053229291657, 5.150911650977472, 4.840833775784041, 4.656298850297439, 4.703314759438013, 4.356240771386342, 4.298038129382476, 4.3168323298236615, 4.137292262361443, 3.997557927498471, 3.9514546411091236, 3.7529133404033206, 3.4985297066220062, 3.230925879520222, 2.9592880993749247, 2.48352330659097, 2.131520735516732, 1.6472794240835862, 0.9074354660451985, 1.122275827361027, 0.4446567412852257, -6.3637894910755525e-3, -1.0430873094164261, 9.599220839067911e-3, 1.0423788806861394, 1.0460032898544973, -0.962197618537024, -2.8362312473067908, -1.6177793424711764, -0.565654538327001, 0.7990725024098524, 1.3833947356086755, -1.3377143931137843, 5.25479243646793e-3, -1.609186808713647, 0.22609563305301797, -1.0120359797672207, 0.9085832916840119, 0.9598771578032692, -0.7740871077760098, -0.8661641029110513, -0.9950567062948424, -0.7071906377738818, -0.8294503885444368, 0.42444802375633145, 0.10014461649289445, -0.7471022468145234, 0.11981870766612528, 1.1418431015801318, -2.5488158833781833, 1.6303220667060967, 0.812868010471202, 0.8473676101725778, -2.192697760323654, -0.23042074544498936, -0.3135726103570837, 0.7126155953430958, 0.8837603945284004, 0.7802815715296428, -1.8030671638956022, -0.6336499394973469, -0.5125843088795069, 0.11588762393235941, 0.649277949102173, -0.4384763532789433, -0.7950206532820323, -0.6506393461470462, -2.4001625438778262, -0.6757681226691613, 0.6079472372971612, 1.127858015638914, 0.6928559484526116, -1.9051476003336363, -1.4620873449836342, -1.6484573877347257, 0.10075522175574889, 0.5494706447804211, 1.109425267751948, 6.603275836274852e-2, 0.23353882293286032, -1.7493527350949953, -0.3520179253348687, 0.5129603872498045, 1.2371328966390633, 0.7600108113216114, 0.8328392920386738, -2.5228220802874914, 0.5280989380784535, 0.4840731259272934, 0.7524628953735042, 0.43548712910955845, 0.40644209214057275, 1.4768271585281791, -0.8468181233769654, 0.6798152947915115, -0.21360431308990724, -0.20104690838836947, 0.4210027322652818, 5.8655071386349684e-2, 0.7803317049636687, -0.38599446973195645, 0.9054411701038998, 0.8774809562903277, 1.151995182013512, -0.1535464619779648, -0.3986790569325496, -1.1873026015633805, 0.44667187786770385, 0.7710550513192548, 1.6107347441034359, -0.5993431429954995, -0.2022606414614525, -1.457800474077553, 0.6868133119396198, -0.2338638800823084, 0.5495108578168064, 0.7376823379189422, -0.3401702537917036, -0.5574956129773786, -1.8377569569862844, -0.24185946240154224, 0.35308771493492286, 0.9409666720218395, 8.416807662352924e-3, 0.8579691365772328, -0.5897682717892582, -0.429382594159626, 0.2621427964452557, 1.1195819376203215, 1.0680012667883634, 0.46326777766656496, 0.10933667910537395, 1.1286119242912271, -0.40264618677397174, 0.983387356570158, 0.7829689270483823, 0.8556938412674217, 0.6811757509608652, -0.7758342962736247, -1.381044397631766, 0.8370619861708621, 0.609740017048203, 0.6100636752423981, -0.17606631578245682, -0.49707998338675347, -1.8280790291048643, 1.2432706209293616, 0.2625093203855538, 1.1619349235313368, -0.18918763742419928, -5.817731233655831e-2, -0.18507037390764483, -1.8364920677670606, -1.3307991756643385, 0.9699278573665004, 1.1889837861312522, -0.35307989542349616, 1.5819616882392324, -0.1995463397947306, -0.11264788292336485, 9.705460214404328e-3, 1.1920671713111153)
