seed <- 782
log.wt <- 0.0
penalty <- 2.8115950178536287e-8
intervals.send <- c()
intervals.recv <- c(56, 112, 225, 450, 900, 1800, 3600, 7200, 14400, 28800, 57600, 115200, 230400, 460800, 921600, 1843200, 3686400, 7372800, 14745600, 29491200, 58982400)
dev.null <- 358759.0022669336
df.null <- 35567
dev.resid <- 225258.3394419991
df.resid <- 35402
df <- 165
coefs <- c(6.632885245383823, 5.7295126589383845, 5.79440067569021, 5.390387794785653, 5.037237432297912, 4.893988148247108, 4.824503088885954, 4.68830920238834, 4.39879991590921, 4.298172253986545, 4.324528002781231, 4.22364278198872, 4.047127006146144, 4.002055432662788, 3.804176785148743, 3.5758835109604425, 3.300157355047683, 2.959047472120603, 2.5477998729902134, 2.1030940291493283, 1.5955488439699261, 0.8588538831745507, 1.0021978643418596, 0.4289412450833721, -1.0799921615965562, -0.949906621257565, -0.43867189336621365, 0.9981085870644518, 0.9514817009692158, -1.2754735993436197, -2.2690215175772983, -2.207780028447984, -0.5706793650739962, 0.7643549449996919, 1.2606817285757375, -1.102901722413057, -0.6617997244298338, -0.8095049463979116, -0.11886666037444124, -1.419756424774613, 0.8135009183990201, 0.8001236365313636, -1.2699091540354297, -1.4308078324614875, -1.2298295709996738, -0.8885648249768141, -0.6372055865157191, 0.5721121461972627, 0.29622921143136566, -0.582204701111009, -0.14807532326905692, 0.9617112367472147, -1.9435925524377584, 1.689888586307129, 0.8244559722985327, 0.8958504374767318, -1.7536520371027815, 3.4448784887941334e-3, -0.7126674512393976, 0.6614690381252516, 1.4805982421912265, 0.8735307174683755, -1.110133824003586, -0.8271933394150758, -0.6252380276870122, 0.25660585968529004, 0.6565088642744156, -0.5292218867031652, -1.3464503456208567, -0.6197798834544134, -2.473498851063118, -6.61232747553975e-2, 0.8982489901332953, 0.9305745725283803, 0.6359854409842461, -0.6411141639844239, -1.191990342189576, -1.1350087976144523, 4.103320263628397e-2, 0.6313034370839742, 1.0710835339813847, 7.211773532220311e-2, 8.428306228120563e-2, -1.1666809966940197, -0.1871673010419469, 0.2508027108641618, 1.1430200621177111, 0.456023323947322, 0.7490992983945879, -2.0229995798275984, 0.46627852604056136, 0.596750727010099, 0.8709876401623285, 0.2812738839794783, 0.47294070248773035, 1.0895810393260856, 0.18582714867262742, 0.3709299722782022, 5.9663401879328434e-2, -0.3691953895884141, 0.5072264230400069, -0.6102203819798262, 0.7805221788754628, 0.4041374368144696, 0.7845884834114789, 0.8265984516475463, 1.1106549075260035, -0.6849603870283768, -0.5987236320648884, -1.152782337501801, 0.3742827194059377, 0.5543203437606707, 1.46376376802024, -0.6249972306409526, -8.035409111149e-2, -1.017888595334915, 0.7763970700556888, -0.2280604423714491, 0.731015261994198, 0.3720701310120975, -0.2167192279406169, -0.6164666444168458, -1.1355385403621223, -0.1532210703071763, 0.16299668449423943, 0.8542497924656226, 5.561473997618471e-2, 0.9416585800981964, -0.45137926117975397, -0.4173769580524579, 0.44446201196402413, 0.6431865536104174, 0.9077573633282606, 0.44134146330382784, -8.656584001615698e-2, 1.0991396043414146, -0.5471275563148251, 0.998663039663353, 0.7276206336802037, 0.797146036646323, 0.8187574413511233, -0.569763385686525, -1.124882074240854, 0.683310690311966, 0.46354763284658496, 0.4704247141822129, -0.23236927537692342, -0.5063220170154313, -1.7688740953107545, 1.2853767417568858, 0.15891360468009516, 1.0613362157366404, -0.18518037092278264, -8.309828307039122e-2, -0.1579815761116909, -1.4300044627756443, -1.4878065415295174, 0.7732611000599766, 1.0572697323812559, -0.15250069077589257, 1.4287537806221793, -0.21620806700331768, -9.166295973743042e-2, -0.14248452791885374, 1.2153567819378157)
