seed <- 1008
log.wt <- 0.0
penalty <- 2.8115950178536287e-8
intervals.send <- c()
intervals.recv <- c(56, 112, 225, 450, 900, 1800, 3600, 7200, 14400, 28800, 57600, 115200, 230400, 460800, 921600, 1843200, 3686400, 7372800, 14745600, 29491200, 58982400)
dev.null <- 358759.0022669336
df.null <- 35567
dev.resid <- 225916.07905763653
df.resid <- 35402
df <- 165
coefs <- c(6.426937014325427, 5.886216304992784, 5.787560661908796, 5.317842287480693, 5.2251129359318735, 4.843817184235133, 4.732198429026714, 4.667717053135121, 4.3174091870791935, 4.2919096997481, 4.236026946351022, 4.207765243806912, 4.019487882013934, 3.9893458776462105, 3.751923350951145, 3.498345054778096, 3.249876029996355, 2.9013735436444423, 2.4967181673447865, 2.066755802485426, 1.5338643220409272, 0.853477818840027, 0.9315482884058149, 0.29499574074167323, 0.4095187041307857, -1.3071303068106122, -0.27768880003092217, 1.0119677784611618, 1.0251178320862404, -1.39064776235979, -2.120035978378982, -2.0355437486729264, 3.869620420478799e-2, 0.7528749296115995, 1.3270889204697123, -1.1863984264381886, -0.7924825510266358, -1.4553618431072168, 0.42978006906716737, -1.267992804846724, 0.8845628672034377, 1.0906030095329264, -0.6444729490143357, -1.9652090168582295, -1.117401769891433, -0.7728563911133199, -0.5695110065094409, 0.3526340541018632, 0.722364863084336, -0.6317722529666552, -0.6670358025674956, 0.8787575628322425, -1.9991151763947443, 1.7705406759584508, 0.6508634061471936, 0.9853198679435424, -2.384395163987633, -4.904364735632536e-2, -0.35026930930223993, 1.2012009084133555, 0.9864184202118407, 0.7765157098770378, -2.454169463308711, -1.2972682030206022, -0.6980711610779816, 0.33736973909959106, 0.6213737579619291, -0.33870850493801197, -1.6021129808986834, -0.6361042922800543, -2.25780578433379, -9.352574166840583e-2, 0.49755188064685435, 0.980937800782759, 0.7066338042161906, -0.8457386297120093, -1.2480092547127033, -1.7519723703928256, 0.12069443112543572, 0.7757107125753743, 1.1948885717285762, 0.13938657598444718, 1.2854147009385192e-2, -1.6803849605726675, -0.6845786725710185, 0.42323248380668, 1.3172238769573426, 0.621362733668747, 0.8627147347068288, -2.1164165049722374, 0.48277587591504756, 0.6348065497088966, 0.8806489129720487, 0.31251864708535937, 0.10331561913600196, 1.3438618752793474, -5.918961480434385e-2, 0.5020843699335438, 0.16227570079789277, 0.24034974104411969, 0.5520103497893842, 0.19949819221438186, 0.6824766011770387, 0.32244481168628636, 0.8250724721872748, 0.8098102588914797, 1.1148442518630068, -0.1921327417869857, -0.5151625969202425, -0.7395302436146716, 0.5548911466786193, 0.6916761926190524, 1.535337068273966, -0.8000887382804884, -0.28836136380214034, -1.4077741119018852, 0.8984094275941159, -0.27963076060921666, 0.3546247682812152, 0.5513495361626617, -0.5671380270863341, -0.523469879395794, -0.8870059112613479, -0.5266030601118241, 0.3518774104315037, 0.8470484491384529, -0.13267459812171212, 0.9099107959289733, -0.5937780167489642, -0.34278009187567937, 0.34231843737680867, 0.8644967164126931, 0.8061963050436004, 0.5567446685941797, -2.5047149306213767e-2, 1.2110140965327152, -0.49732055412877113, 0.9805375157071292, 0.7646556453568657, 0.945628687945024, 0.7311472315303954, -0.7279204786976218, -0.9852228555646587, 0.5356537315123439, 0.651141613119587, 0.570363118784687, -0.13315788994942482, -0.3395570969198366, -2.1943542227511275, 1.2369158472361794, 3.4165491498988836e-2, 1.1775332430126493, -0.1041706394775622, -5.9732568480794355e-2, -2.3785476831808344e-2, -1.9917506921577088, -1.454640323828424, 0.8473863741160865, 1.2733004187067678, -0.3779683105470626, 1.4252501065739167, -0.4033880528819553, -0.17146031986528742, -4.119286429770938e-3, 1.2329957507869254)
