seed <- 198
log.wt <- -16.375359324372493
penalty <- 2.8115950178536287e-8
intervals.send <- c()
intervals.recv <- c(56, 112, 225, 450, 900, 1800, 3600, 7200, 14400, 28800, 57600, 115200, 230400, 460800, 921600, 1843200, 3686400, 7372800, 14745600, 29491200, 58982400)
dev.null <- 358759.0022669336
df.null <- 35567
dev.resid <- 227131.4334333996
df.resid <- 35402
df <- 165
coefs <- c(6.3105162728282105, 6.014270444344198, 5.745622479696624, 5.371148511696935, 5.070031314782612, 4.850443013386619, 4.816756964472866, 4.69660889977258, 4.390454038102924, 4.184539100797677, 4.2946927684505685, 4.159677864477794, 3.9965556709605514, 3.9793450238195747, 3.741730430707097, 3.530909171605335, 3.2425025866345796, 2.9666758264668895, 2.484040384713496, 2.0755444726551326, 1.691799030421436, 0.8426756047855372, 0.9847061144809964, 0.5403850659167063, 0.6024578117386974, -1.3928633529116492, 5.014465067426717e-3, 0.8069651235870419, 0.9392232122418419, -1.0749387312996346, -2.2647033584274725, -2.891828402325674, -0.5440913029105503, 0.7452255508465601, 1.2841487045056639, -1.3373363450566431, -0.13702005394079048, -0.8634385258372331, 0.2769706421625801, -0.13734602015007397, 0.9125309762294399, 1.0169472101727424, -0.9294536458567485, -1.652938697471474, -0.798215639346508, -0.7016469854232484, -0.29950394184602147, 0.1441831646591696, 0.5612060186030299, -0.2649920238346947, -5.171900728489897e-2, 0.6635691032253824, -2.3367883762849675, 1.7638845436821728, 0.7227710715003818, 1.1112308008486238, -1.8355315711733737, -0.10304910664698032, -0.4996029461532389, 1.3099936929411335, 1.4696932857917584, 0.5408810982957091, -1.7334103120667037, -0.6078558767214078, -0.48833699418144527, 6.290475375392347e-3, 0.709265248439305, -0.36749729385349766, -1.7427411807026199, -0.5853046270603857, -2.2101581059259163, -0.8109109066711925, 0.5850739068557703, 0.9082617988954207, 0.7577471540669419, -0.9301853620451316, -1.103637203370934, -1.5975448807935126, -1.689921026068065e-2, 0.8069175247159364, 1.1757342575613814, 5.764924995525725e-2, 0.1757113975001476, -1.3660878873069853, -0.9043521778008433, 0.44443728117484504, 1.221796620480303, 0.22115168213248704, 0.8626892641174613, -2.6047052085044644, 0.5359261864849729, 0.8824509189224149, 0.8455448938586403, 0.3179495922297432, -5.706154810876709e-2, 1.403071719068449, -0.6055560447076042, 0.45496652636857327, -0.410101212624453, 0.10034816717896006, 0.17489905681117907, 0.2168061269179744, 0.7144585979792784, -0.13955789230512242, 0.6835855547733449, 0.8285037465191442, 1.0870418781136886, -0.2815421934705873, -0.42561437875553226, -0.7704260883642289, 0.3626029242675852, 0.5493357084465603, 1.5109348866940946, -0.7732512736836837, -0.3313246908896013, -1.0402990570278379, 0.848222484714337, -0.3582817601621937, 0.4900510992206709, 0.4681758230340196, -0.5634141413047895, -0.6658578476379117, -1.5867363887449542, -0.2519502151716835, 0.3708426474673011, 0.830879753341413, -5.759230817500876e-2, 1.0231420932926847, -0.5298423796258699, -0.4202510787239176, 0.35069372332804055, 0.9016054044762025, 0.8647579543819266, 0.2939879226284288, 0.12252493028384928, 0.9504845135386649, -0.24479622443844606, 1.0046414784081708, 0.761810596108439, 0.9949952919378636, 0.8488425436264495, -0.6128164079645179, -1.1265487496609399, 0.6649084067665136, 0.37639189469129875, 0.47293357318232354, -0.14859372855887892, -0.6149836806079076, -2.051509179284575, 1.33951156598404, 0.271150937036187, 1.2818666326028538, -0.15707582999575184, -1.0653778355464421e-2, -0.17947762545425489, -1.6364459443567818, -1.8236240755529285, 0.8421096380403795, 1.183903912951201, -0.7495331434128825, 1.4539479339989538, -0.12852105960060986, -0.11540942393897846, -8.48191933668586e-3, 1.2055681692205122)
