seed <- 741
log.wt <- 0.0
penalty <- 2.8115950178536287e-8
intervals.send <- c()
intervals.recv <- c(56, 112, 225, 450, 900, 1800, 3600, 7200, 14400, 28800, 57600, 115200, 230400, 460800, 921600, 1843200, 3686400, 7372800, 14745600, 29491200, 58982400)
dev.null <- 358759.0022669336
df.null <- 35567
dev.resid <- 225800.9465988252
df.resid <- 35402
df <- 165
coefs <- c(7.036974939333005, 5.564188735090116, 5.698795884974626, 5.347829316068726, 5.072944136110605, 4.8822068515926995, 4.741789097326118, 4.609090283993113, 4.384623406373981, 4.33474237271703, 4.247050016293103, 4.145310319896997, 4.019985708673311, 3.9545796972717326, 3.7242098398362677, 3.5143876044669167, 3.2476600611161976, 2.9326790791379556, 2.504587949584524, 2.019837613260666, 1.55836673759552, 0.903359758092048, 1.039809592444979, 0.3582995844044944, 0.676767983585995, -1.305356335731942, -0.4284094159873528, 0.9880225232892345, 0.9505807289578384, -0.6456743250625504, -2.0264000226890166, -1.3803161852211878, -0.3395974064560371, 0.7839862759469292, 1.1985633292747357, -1.200993969769167, -1.3138309681745741, -0.7524059147351378, 1.0914876917617026e-2, -1.0550528414449007, 0.8841904563418057, 1.0687729205572298, -0.8986376718693221, -1.331425087304851, -1.156930367138316, -0.4895177216330439, -0.5560083765165138, 0.26530487346430187, 0.2757637697052796, -0.5605110824530712, -0.5098084116702767, 0.856896650242254, -1.6782944029821096, 1.7665294942630516, 0.6790626911937055, 1.1410317579963762, -2.4193540905451627, -0.19844349192472516, -0.5008724779645566, 1.0018631928846773, 1.551398447866861, 0.7795888824308448, -1.7887354959543587, -0.5070801604760442, -0.7378113980518045, 2.1652638551132152e-2, 0.6542953303977052, -0.6786194115417405, -0.8575639513331871, -0.7459307245797834, -1.6360074743759776, 0.1005994291052386, 0.43325605131477013, 0.8832365875453803, 0.6892353339247939, -1.2583709033806374, -1.2520029105902188, -1.3856332152608466, -2.1298594791129142e-2, 0.7227145471051574, 1.2727221921284864, 9.38356036940173e-2, 0.2709029702960079, -1.4750010290739284, -0.3970905661554333, 0.32755506406336127, 1.3714004844787593, 0.37417104456369493, 0.7678783309709132, -2.1398064332435784, 0.3509022948287879, 0.6664578868657235, 0.8483113991264201, 0.3952442602745449, -9.922705320209954e-2, 1.272293695521543, -0.3001968396908492, 0.33374027959086155, -2.255484572839959e-2, -0.13761330279911224, 0.23275752584366263, -0.5380638121759068, 0.9345118056462851, -0.6956242086350423, 0.846136597512198, 0.8539306405656697, 1.0855661697689207, -0.19648702663704834, -0.5749663681795218, -0.8640322937378759, 0.39819696438204344, 0.6656945003209185, 1.527098451313805, -0.9019790548879257, -0.18700076302991253, -1.5930720858167995, 0.7918270711632607, -0.3360966433779994, 0.4841853116660718, 0.43995888507677944, -6.96681207408115e-3, -0.36636534781158503, -0.9190968468385636, -0.5342037634707076, 0.3020309346812187, 0.8419119762657199, -5.457607231727125e-2, 1.0305886907311865, -0.6756815597727351, -0.38528444960149694, 0.294774035452949, 0.8420248322827135, 1.1281764300136214, 0.360734981894567, 4.853422597172758e-2, 1.1050710960527212, -0.4061417963537958, 1.011878462521732, 0.6461949954670666, 0.9457348728110808, 0.7187974801605533, -0.7827337790265583, -1.3970380867987515, 0.6053689085475998, 0.5553132053645267, 0.42562323887904463, -0.10040586443549748, -0.30248697598092555, -2.095631506791216, 1.1851828962611943, 8.052681973550124e-2, 1.2261880150818407, -0.24081563327230196, -9.234972842979644e-2, -0.18464794004569565, -2.0132313758072713, -2.02762433357658, 0.7381919400655951, 1.2507289949394624, -0.19504786691649123, 1.5053455866597918, -0.28477154778923414, -0.15758081257237572, -5.3658792071730514e-2, 1.2121482684267362)
