seed <- 846
log.wt <- -15.958900463639125
penalty <- 2.8115950178536287e-8
intervals.send <- c()
intervals.recv <- c(56, 112, 225, 450, 900, 1800, 3600, 7200, 14400, 28800, 57600, 115200, 230400, 460800, 921600, 1843200, 3686400, 7372800, 14745600, 29491200, 58982400)
dev.null <- 358759.0022669336
df.null <- 35567
dev.resid <- 226458.95192967
df.resid <- 35402
df <- 165
coefs <- c(6.696063266705103, 6.085262044022111, 5.5592447058375285, 5.298566295151299, 4.987621951997108, 4.867247484243328, 4.802961510368596, 4.5633964557730895, 4.354910800481639, 4.24076499358305, 4.345582653381861, 4.121608196492793, 4.009651103283952, 3.9265028032497984, 3.742715719823146, 3.5178838952125746, 3.2424104455754628, 2.9188849902468785, 2.503336331984292, 2.0224296474845764, 1.588531284907883, 0.9314447149822146, 0.9955870346137904, 0.41989260041497706, 0.7427353234050789, -1.4381401230433575, -0.2767008347802792, 1.083440817788836, 1.0564246850778707, -0.8112047019365899, -1.8895720695712743, -1.8644134805328931, -0.5100411591743137, 0.7856284300385152, 1.1430379332893403, -1.17008387436233, -0.774309536784853, -0.6574380222272722, 0.10371394935949664, -1.032156769024347, 0.9009748760524833, 0.9639325002120493, -1.1784307706554127, -2.388116473987748, -1.2129161739987118, -0.6519369190891423, -0.31782780931160376, 0.22966742384686215, 0.15556787137069225, -0.4160296951097155, 9.120273456896145e-2, 0.9771370081050086, -1.9642053028428728, 1.8007160735991357, 0.7590304906500217, 1.092107233716634, -2.3319233225021403, -0.4046840056448528, -0.24387148982726403, 1.1914438203096618, 0.9612331755249959, 0.5550578857570819, -1.4861739778850753, -1.3041538389644651, -0.6349557014023953, 0.28149954609300526, 0.46890938442754415, -0.21052276133129924, -1.2284689017934827, -0.7081149203918892, -2.2488897103001655, -0.4869176623127731, 0.5905476453533215, 0.962780472256129, 0.6780765515648718, -0.8170047011923395, -1.2211330051241256, -1.1244465253389468, 1.860941938606851e-2, 0.7031770195093309, 1.2184747927973583, 3.779649501150605e-2, 4.1549246164715e-3, -1.6616804689440785, -0.6851947142825612, 0.34958398483684067, 1.1938451408478803, 0.5506832547711815, 0.8461588849576931, -2.211884136424392, 0.37339698611632643, 0.5451703851763008, 0.8857397791377594, 0.3432131073903524, -5.185789310471505e-2, 1.1863212654899873, -0.3274104716958304, 0.335207122932687, 0.1576724907694363, 0.25159130003799424, 0.33550116856337114, -1.1938628380738574, 0.8034976473989394, -0.12771911044365264, 0.8432924642892793, 0.851300758557031, 1.1418526344689703, 0.31151815406876504, -9.537652144734383e-2, -1.1877882650947595, 0.3041326701063414, 0.6356720762166717, 1.570177311259465, -1.0503025053008281, -5.23456846008066e-2, -0.9165647690958221, 0.8480111423701171, -0.26663506054265756, 0.4194240125672065, 0.47739941440592315, -0.48300940386929797, -0.40310044973124276, -1.4924397814041306, -0.6275196377682475, 0.15812826136226263, 0.9856828808001438, -2.4799103282207e-3, 0.9926274605270896, -0.3997993299942804, -0.3400384985658935, 0.17266325947068253, 0.8485210795654594, 0.7483374155251595, 0.4853148180222444, -0.23161126487406083, 1.0907939946259273, -0.39768633524579006, 1.073873098314965, 0.7308248371803406, 0.9055942856714563, 0.7637217206131175, -0.6006332756899074, -1.0509431102420357, 0.6209451085311849, 0.6288202434238604, 0.5670081522994004, -0.16447610606042964, -0.5667746333446076, -2.170410724587683, 1.3339563730393795, 0.21320286034266545, 1.1875122043454414, -0.1740554660467962, 2.2659173944557624e-2, 3.667021375938186e-2, -1.967026861013646, -1.4619410265232606, 0.84754411910191, 1.1227584277868448, -0.24170887125161128, 1.5210258819295936, -4.795976498410595e-2, -0.24464319034623042, 8.114800644513102e-2, 1.2979644543019901)
