seed <- 544
log.wt <- 0.0
penalty <- 2.8115950178536287e-8
intervals.send <- c()
intervals.recv <- c(56, 112, 225, 450, 900, 1800, 3600, 7200, 14400, 28800, 57600, 115200, 230400, 460800, 921600, 1843200, 3686400, 7372800, 14745600, 29491200, 58982400)
dev.null <- 358759.0022669336
df.null <- 35567
dev.resid <- 226510.2132992579
df.resid <- 35402
df <- 165
coefs <- c(6.413399232420992, 5.842888251365871, 5.512381252166507, 5.2331878610074, 5.1198488548769685, 4.857782832445493, 4.737582082659919, 4.603166774484292, 4.407292969369499, 4.291434930957019, 4.304967002048215, 4.1394929823099424, 4.000421335531386, 3.9669746047603773, 3.7669506937120243, 3.5324183150090156, 3.244297607171855, 2.9437151125488374, 2.5161630780639537, 2.0414435406650284, 1.6488993061784443, 0.9077071211300881, 0.8787147670372752, 0.5691635114795669, 0.3320412707051132, -0.9252267773137339, -0.30202909651800114, 0.7978179325095573, 1.0283352829049766, -0.6490811307469944, -2.5782644235051584, -3.319751908257465, -0.4562444922587449, 0.7637956914586743, 1.2698013677808915, -1.471101027150519, -1.2058562012841091e-2, -0.5904331135005466, 0.16920771136344928, -0.6929988632604925, 0.8870640018316801, 0.7066354880230133, -1.0949768527311698, -1.1284443414531156, -1.0324646289518578, -0.8267626220230063, -0.6456422462972725, 0.3846125208832302, -0.3717840673697319, -1.3110071140131057, 0.3380324070788073, 0.9823902044929209, -2.348003053197351, 1.7154516767795054, 0.788620074221944, 1.1156085616496343, -1.940663578294808, -0.164855166425724, -0.26921018590799817, 1.280735036164272, 1.0367094998873545, 0.8342515682890073, -2.048027174424046, -0.792128724616247, -0.8410812575867137, 0.4116329866538515, 0.7649494680260329, -0.7051821105593653, -1.14628221122444, -0.6061674852030567, -1.7206752219896466, -0.24552356629799077, 0.5500812580150627, 0.8374665578321993, 0.7059782391429287, -0.7088027089335255, -1.1180364433533214, -1.549460184529499, 3.7465802894936395e-2, 0.7009004316961526, 1.2166589057846924, 7.715355345840978e-2, 3.1180548221248303e-2, -1.6878982851304714, -0.37004928310906, 0.3570893233349765, 1.1799093487281611, 0.2794389418986996, 0.9141269845615012, -2.532559811354579, 0.6001421453852503, 0.7646413272193465, 0.7750456709832856, 0.3078166694388279, 0.2587410373100146, 1.3188622297602797, 9.698285536549907e-2, 0.6178537510448027, -0.16001822110596942, 4.937044857037123e-2, 0.3655567165034825, -0.3290558633650223, 0.8710601427797333, 0.3405133757484524, 0.542706629299362, 0.8676212621585551, 1.0481878461009349, -0.1764100254345628, -0.17595473664416253, -0.9192934999524306, 0.3557621343473585, 0.590932311941504, 1.5868866068492722, -0.33797846994641195, -0.22404947136038553, -0.7857013789055202, 0.7497359311613744, -0.2125899155009914, 0.19213301476937386, 0.5874684746782499, -0.3032564387743851, -0.7047956449513147, -1.2657427768594145, -0.3845716419494021, 0.2861987377959322, 0.7103987891312864, -6.0152293309687556e-2, 0.8915633679258269, -0.5094582758789408, -0.3879701032429482, 8.057023651786985e-2, 0.70499016087376, 0.6404909322664187, 0.49179806962902695, 3.417472736753281e-2, 0.9626415315066968, -0.29336249292916167, 1.032618229838251, 0.7916830054665727, 0.8882191287402939, 0.7171133357314542, -0.625005364066418, -0.9112239990124459, 0.7300061744139056, 0.18021885957054826, 0.49086306438706084, -0.23912627898439365, -0.6873341873253964, -2.0014527956760357, 1.2699588497065442, 0.2211452262073809, 1.1563895851544215, -9.194133996775423e-2, -0.10074364118233202, -0.21257716453029954, -1.9949052042397424, -1.6034215878998401, 0.8214338152141141, 1.2318789798634666, -0.3967552448346714, 1.533767712295681, -0.44856056018998797, -0.11762282407542281, 8.124396104121283e-2, 1.1757940536161915)
