seed <- 372
log.wt <- 0.0
penalty <- 2.8115950178536287e-8
intervals.send <- c()
intervals.recv <- c(56, 112, 225, 450, 900, 1800, 3600, 7200, 14400, 28800, 57600, 115200, 230400, 460800, 921600, 1843200, 3686400, 7372800, 14745600, 29491200, 58982400)
dev.null <- 358759.0022669336
df.null <- 35567
dev.resid <- 225887.76707066983
df.resid <- 35402
df <- 165
coefs <- c(6.606999606381193, 5.770014042789002, 5.643337577241814, 5.339408424517813, 5.030321287416209, 4.862871012715887, 4.794644927597584, 4.64078216095276, 4.395159040567317, 4.262956065565742, 4.309089993810733, 4.146562828693562, 4.013892158587019, 3.9460561262859577, 3.7622209342297985, 3.547695283031532, 3.2615746060033795, 2.9539841969559584, 2.4901762306431685, 2.023321742186204, 1.6202960571476683, 0.930811791459194, 1.0765237646475598, 0.32121034267776405, 0.6499985409031415, -1.0015302236746744, -0.4454530486352688, 1.0322587218443409, 1.021102676081816, -1.0704592306806853, -2.3444355564409673, -2.558673069733291, -0.2769264220493072, 0.8035052318037412, 1.3313622730904633, -1.1016536451375698, -1.0874631118300855, -0.46220955679843273, -0.13424758455476646, -0.5500779404862794, 0.9234087061459695, 0.8257090994764251, -0.41949158789256663, -2.142667280610954, -0.4682900387756229, -0.848215532604528, -1.3664151878562374, 0.41346809891368813, 0.3261178438995554, -0.9607698777063907, 0.10113828846436905, 1.136319359112923, -2.3381813554136714, 1.737433723208169, 0.8297097560175416, 1.0667157971489054, -1.9422600071871916, -0.2603950923610931, -0.22291017955627562, 1.1042387233790665, 0.9816266184460763, 0.6865193237507254, -1.2967859892121598, -1.2742844913929694, -0.3983949035548188, 0.40813669258360646, 0.6734322695705571, -0.5204052473382845, -1.6588949098115275, -0.7039303095493613, -1.8429672939514568, -8.363582755262508e-2, 0.4871818695586146, 0.9528645039606924, 0.5767200133494884, -0.6009593408528863, -1.3172304539892234, -1.4961529618802343, -7.053842632226845e-2, 0.6883794452240192, 1.1500524872859623, 0.17862087225686293, -0.29691398360033705, -2.0603988292990616, -0.9733405241405022, 0.32104530232464873, 1.147288275444611, 0.7744989571747873, 0.8193399344771765, -2.449389996414515, 0.4373792754733547, 0.8319041872694161, 0.7353200076265491, 0.44602727308772644, 0.10186255234673686, 1.4696774860980593, 0.1266661745911945, 0.5813059663251975, -0.19070256194176377, -0.5920757107839301, 0.28711754418398866, -0.48611130332318725, 0.7041514581044246, 9.022606220171678e-2, 0.78475862678765, 0.852263030726546, 1.1860673939560618, -0.4480367034660912, -0.38366381698968777, -1.3223574753921516, 0.42816139247308643, 0.5562578010823497, 1.5532197950794298, -0.5895305031073436, -0.20369728367383927, -0.67993633574037, 0.7144697653904943, -0.2622140122846252, 0.6141653816844547, 0.5760946969879133, -1.2575998633328063e-2, -0.4661414562074098, -1.1879722552506897, -0.6617074974018129, 0.2625666569878616, 0.9083485549593152, -0.13865481077958736, 1.0664559765101542, -0.6401506486960078, -0.4692118980778854, 0.41534457176786194, 0.9800644723080056, 0.7818449787565297, 0.43566939983486846, -1.0601925274322266e-2, 1.1631927906272694, -0.36717381269689503, 1.0623779472643426, 0.6612595952761486, 0.9773234553012404, 0.711417048510497, -0.6967229397313794, -1.082699458515147, 0.7211466509418711, 0.17901932389107977, 0.46230828647609196, -8.924962704647782e-2, -0.5699592562439886, -1.9841691385263693, 1.2602623146605514, 6.391066930573733e-2, 1.2155689904627127, -0.3017373389320908, 2.9461585274810718e-2, 8.658016598627652e-2, -1.8921754658510208, -1.075411898452572, 0.7732958071068091, 1.101705022183847, -0.41346339267980103, 1.538394351224495, -0.11062433674657919, -0.19302535863855055, -3.489198069528613e-2, 1.1922414298505775)
