seed <- 338
log.wt <- 0.0
penalty <- 2.8115950178536287e-8
intervals.send <- c()
intervals.recv <- c(56, 112, 225, 450, 900, 1800, 3600, 7200, 14400, 28800, 57600, 115200, 230400, 460800, 921600, 1843200, 3686400, 7372800, 14745600, 29491200, 58982400)
dev.null <- 358759.0022669336
df.null <- 35567
dev.resid <- 225125.9261304291
df.resid <- 35402
df <- 165
coefs <- c(6.669854998290811, 5.8010250074926315, 5.520042110529038, 5.44653912171892, 5.082115027017682, 4.812166324134122, 4.824409926554188, 4.635959281334793, 4.398780956371508, 4.268183189785867, 4.3429415706229015, 4.16129615205996, 4.015454362125218, 3.9560858199598923, 3.7678138426365892, 3.547209916924445, 3.280236536019079, 2.9964528769032177, 2.5474678846011036, 2.0675867192053055, 1.542394170592128, 0.9444340764359739, 0.9165128564956233, 0.4394994333961653, 0.6533693150075467, -1.1361476216251043, -0.160744882888268, 0.9526554938670063, 1.0597044398280904, -1.0432189164302357, -2.4556908262697417, -2.4726915533968077, -0.23518605937149628, 0.7759011993626255, 1.1826342447182758, -0.8409053294573733, -0.3664193738960695, -0.7978140625611031, 0.26443709896157624, -1.0144219562614825, 0.9080816056680086, 0.8531073054300065, -0.7293947574242724, -2.5248749384608744, -0.5060128089341319, -0.8760748667212509, -0.7136516995638226, 0.48138666875626124, 0.5582432055011306, -0.6849387911820768, -0.6446026377575251, 1.0108888771821933, -2.1072597234603885, 1.6436396881092445, 0.903897232972401, 1.1173503902054394, -2.1650222419041545, -2.9785023230403874e-2, -0.5088398690388193, 1.1684961715842352, 0.8925175979787132, 0.8466075395687687, -1.7495103184085203, -1.2953435871229793, -0.4113926162901432, 0.24518863088485787, 0.6526476861959356, -0.26159055931246344, -1.6595868168104504, -0.5792199793704854, -1.6393774507340158, -0.6285328805420497, 0.27545593971323534, 0.9383200525611851, 0.612331822547999, -1.044491537294436, -1.385393124368107, -1.1710745340858555, 6.406889466620785e-2, 0.8946353000130381, 1.1318804338479913, 0.16627934988295182, -9.857497474315728e-2, -1.5907874546701142, -1.1632520085481761, 0.4504149399141971, 1.2886966448038815, 0.43152980361346605, 0.8545464935169717, -1.8539322179228201, 0.48671652849191055, 0.8588977108279506, 0.7823947274341075, 0.3022236910553817, 0.3215740657736352, 1.3579277402267163, -0.34125765796505986, 0.27140556055481624, -0.14833915863238975, -3.766866838273702e-2, 0.20706781606048003, -0.2933019547734047, 0.8322417204672555, 0.11762827943544742, 0.7550582243579483, 0.8595192130679643, 1.1175915590149708, -0.6135473238983138, -0.5391501662416194, -1.0390662041739105, 0.5103899177936724, 0.6833473558792535, 1.5609240814100824, -0.48729511507952666, -0.42216847244825606, -1.175062057382688, 0.7783859865217908, -0.2991450356936716, 0.46486767304075916, 0.3975387878697945, -0.1821056118669067, -0.6525765757833646, -1.0633861893150063, -0.2302813849843129, 0.3438803835195751, 0.6899038595324386, -4.75173273604266e-2, 1.061555526662317, -0.3692013184999298, -0.461619794991344, 0.3336129489179549, 1.0714732707758174, 0.9727398452783915, 0.48394835602865804, 5.059678001415242e-2, 1.1727152463484327, -0.3150227335311742, 0.9757367003138367, 0.7224877957369713, 1.0941951715272582, 0.7101918818803032, -0.7590922739741757, -1.2926521515583709, 0.6318685088327286, 0.25133020677896917, 0.5196354558479332, -0.20912345421803608, -0.2600328496021394, -2.249404746442178, 1.176718450466641, 0.1523338590690079, 1.333842083969948, -0.375799359760611, -4.342055582349619e-2, -8.369720232295445e-2, -1.874417592873895, -1.0114712917401887, 0.8002113508499336, 1.2492543770984794, -0.36889679324230995, 1.5342681240888234, -0.7354718964453193, -0.15962233409698234, -4.388535408867209e-2, 1.1528973512385277)
