seed <- 784
log.wt <- 0.0
penalty <- 2.8115950178536287e-8
intervals.send <- c()
intervals.recv <- c(56, 112, 225, 450, 900, 1800, 3600, 7200, 14400, 28800, 57600, 115200, 230400, 460800, 921600, 1843200, 3686400, 7372800, 14745600, 29491200, 58982400)
dev.null <- 358759.0022669336
df.null <- 35567
dev.resid <- 226730.99941294565
df.resid <- 35402
df <- 165
coefs <- c(6.755824658957849, 5.791357363467718, 5.598006624554345, 5.386893445374387, 5.099303501798734, 4.915365314232343, 4.700834689569584, 4.652788405763863, 4.401424224472457, 4.2727033866813295, 4.327109916615652, 4.189466257268106, 3.989241680029383, 3.9606034777721897, 3.7581618628702804, 3.5150929787481004, 3.209602581611977, 2.889925938610856, 2.505217970509174, 2.046757418517145, 1.6615320670925364, 0.8396690817999354, 1.0512065680426075, 0.399233042783193, 0.2623219227781358, -1.0526384477761621, 3.527217049618852e-2, 0.8560552847446583, 1.062480604829607, -1.4074442975752006, -2.0221087932747683, -1.915425072985952, -0.41196989866655415, 0.6966252150513104, 1.274298431947602, -0.8375893602722868, -0.853962011446861, -0.7103982331738914, 0.2947641518131758, -1.0748783855235338, 0.8775171199533907, 0.9887786366631182, -1.0123751094161209, -2.0701930232460457, -0.9690215369568494, -0.5625312777750895, -0.35947517907903, 6.774201436881076e-2, 0.4487138352786907, -0.9307371274268245, -0.36380577144835435, 0.7409407321721163, -2.5646213758707774, 1.5505886310815695, 0.6628724919941241, 1.155653552165107, -1.9409819664099777, -0.11616986980294643, -1.1675829106234155, 0.992434729639455, 0.8691377105033803, 0.8598126562397885, -2.208262614044067, -0.9213009281249844, -0.619290119712627, 0.313197940747186, 0.6239085447063532, -0.6720878857577064, -1.0163451969568662, -0.5834055123590217, -1.7105361938537882, -0.7372915582623719, 0.576012854943227, 1.0118964269577757, 0.8124512268375459, -0.9574281576539869, -1.199270790042919, -1.2188883159983732, 7.808094740420124e-2, 0.8197932251210963, 1.1437305309608994, 0.11726794546500166, 0.3239228195128214, -1.5389841522313386, 1.814664835325541e-2, 0.3776944130361546, 1.212606190021903, 0.716581334212514, 0.8839972456211883, -2.516847870168481, 0.48924134975030054, 0.6398318170921659, 0.7492296720420946, 0.429961192453869, -0.1367300620697542, 1.3004214796683142, 0.10555579262612166, 0.19543809967232514, -2.852753387240771e-2, -0.28373581327770836, 0.5148626771949647, -0.33071851533212787, 0.8007809449419859, -0.2282692584506272, 0.5587431222995419, 0.8224161325482396, 1.1501526570883827, -4.7017570213558735e-2, -0.39880298247583046, -1.295774565761682, 0.5318602308201559, 0.6448529509241143, 1.567443040345385, -0.41013282035382065, -0.2427329295683328, -1.1890444202430344, 0.7928124906345794, -0.3563256327309001, 0.6009820781376549, 0.7525978867982962, -0.7913349357026853, -0.6402144066311243, -1.5556843724204754, -0.5575899370173745, 0.27729098525178797, 0.9118588993772603, -5.335411195877261e-3, 1.0372840218415262, -0.7414882837296622, -0.42966812308990504, 0.3956258104210521, 0.963935327768304, 0.7940112651221252, 0.6022610899583714, 4.5593326084063274e-2, 1.069423625242019, -0.34202589045632126, 0.9744554126742649, 0.5925972346678906, 0.9681097408899638, 0.744808208160011, -0.7875484812668625, -1.2642376808910938, 0.8107583119835293, 5.110635223667322e-2, 0.6299948835025563, -4.167399833518303e-2, -0.204103867754188, -2.0124552204075465, 1.264987431223907, 0.1873959142177985, 1.3372869640047955, -6.703236903895399e-2, -7.029067029357884e-2, -0.15762633863312514, -2.126240152030355, -1.0809064522162402, 0.9526652114027295, 1.265406994047437, -2.88168379436393e-2, 1.5540717232939008, -0.11983513233932645, -0.1523251842275073, 0.11706033956869143, 1.1575152276617344)
