seed <- 973
log.wt <- 0.0
penalty <- 2.8115950178536287e-8
intervals.send <- c()
intervals.recv <- c(56, 112, 225, 450, 900, 1800, 3600, 7200, 14400, 28800, 57600, 115200, 230400, 460800, 921600, 1843200, 3686400, 7372800, 14745600, 29491200, 58982400)
dev.null <- 358759.0022669336
df.null <- 35567
dev.resid <- 226240.63016723172
df.resid <- 35402
df <- 165
coefs <- c(6.634137995039968, 5.811817896191389, 5.778465180385968, 5.3795604564658905, 4.945396202273625, 4.836889671678834, 4.79736008525233, 4.626691690098076, 4.352371755714716, 4.293908461048135, 4.279781796630468, 4.163935927253033, 3.9885004709262013, 3.9746162658593276, 3.7575154419890873, 3.5467346177344727, 3.2889274232754797, 2.969601663548046, 2.5431969444795546, 2.120923869701674, 1.5901168987146514, 0.8782318048935122, 1.1413053823819508, 0.5217387702554581, 0.7841790037405606, -1.1826657419349322, -6.039493945576762e-2, 0.9476137234438081, 1.1165953886952698, -1.45405743613115, -2.5457256251198954, -2.2543270859815703, -0.2998881944816813, 0.7060321277415619, 1.377521737984855, -1.1099168479436292, -0.35559591810685526, -1.055361192177275, -5.4081788673904195e-2, -0.5797080408839318, 0.973687872446937, 0.8921066090797676, -0.7253483608429026, -2.230384539111586, -1.125888033367895, -0.7733978772413691, -0.48496321161255757, 0.5354998849619553, 0.6273857004252641, -1.093628205472939, -3.705662769603675e-2, 1.1211123401591703, -2.29674355162719, 1.6324190496007411, 0.7556515713404646, 1.0904890105772047, -2.098071453960843, 4.268333686798097e-3, -0.6161712585972324, 1.3256610020779065, 0.3052459198860217, 0.8208725585971564, -1.6598457110331135, -1.547146483458644, -0.6944671185288369, 6.353322613450493e-2, 0.6416251945453076, -0.4050679220214252, -1.5728420443799327, -0.8002474593112783, -2.370514302355622, -0.20012989682735688, 0.36959581217788195, 1.070905701592725, 0.6067562895313908, -0.9585215792650305, -1.317990106841622, -1.107858511869898, 0.1783405497556276, 0.7048922669318318, 1.2274456504938756, 0.13498923260672846, 0.37418488446809645, -1.7872320030915316, -6.45735530896185e-2, 0.34408882318072964, 1.1405917488950026, 0.31382116971021123, 0.887651373315156, -1.7070060917524918, 0.5277287285952058, 0.6380453445898978, 0.9015949567737226, 0.33420468929085206, -0.11598731230010188, 1.4151721664292432, -0.6091944089683875, 0.21324795384624792, -0.17713429893157745, -0.37353972989788997, 0.3073771154500726, -0.5912525333115605, 0.760350862631952, 0.4651095705264408, 0.7617809802153449, 0.828829121424971, 1.0710929526184232, -1.2559409001460058, -0.6793277399994792, -0.5235971089426882, 0.36975732787513993, 0.7046043278445712, 1.6063441764574005, -0.38436436872390634, -0.18109117643655062, -0.8436713667229354, 0.8627906425237997, -0.2555849097835234, 0.6110008278270529, 0.8119555615246599, -0.4183919619720889, -0.5380740973878678, -1.0098088412817083, -0.28537735687762167, 0.33821618058532577, 0.7931035020144125, -9.54462751477423e-2, 0.8982025527193532, -0.5956748869012504, -0.40265651073220016, 0.40387287945072586, 0.9885145679515309, 0.830806732966324, 0.48772550719439633, -0.15758153367008995, 1.11594984443763, -0.44689541693112395, 0.9733874800454404, 0.7481879115437369, 0.843551317749777, 0.8230593514146344, -0.5468232712641252, -1.3215711715506897, 0.8694916963056436, 0.5148762605126758, 0.6092088681309313, -0.10018730518842754, -0.304162970728656, -2.010047175792378, 1.1291479999770317, 0.10621713227193082, 1.170159675470806, -0.10318143136652938, -0.10784528131184266, -6.977140831488429e-2, -2.1148140014979258, -1.305005847572329, 0.8472769333734803, 1.138985679628996, -0.15464524448363423, 1.5362712627711224, -0.23915892506291458, -0.170490513137144, -7.69988247277755e-2, 1.2188744630367379)
