seed <- 922
log.wt <- 0.0
penalty <- 2.8115950178536287e-8
intervals.send <- c()
intervals.recv <- c(56, 112, 225, 450, 900, 1800, 3600, 7200, 14400, 28800, 57600, 115200, 230400, 460800, 921600, 1843200, 3686400, 7372800, 14745600, 29491200, 58982400)
dev.null <- 358759.0022669336
df.null <- 35567
dev.resid <- 225694.7995963613
df.resid <- 35402
df <- 165
coefs <- c(6.337261923749116, 5.929360815464634, 5.713334844606804, 5.344665407281846, 5.0614774703713294, 4.999148774109689, 4.733561557399579, 4.6542539286857645, 4.350089625479014, 4.258870392934624, 4.323501952039343, 4.159991470515643, 4.037823557584827, 3.966030530320449, 3.757586477984133, 3.5404097705055193, 3.256948630872288, 2.965637342873765, 2.5143233812190435, 2.0113309507496884, 1.5718601428885963, 0.9380006515885777, 1.0462030732594474, 0.51003367947077, 0.39880187400970857, -1.1539331934648527, -5.6445014548085475e-2, 0.968169645547364, 0.9784989087508666, -0.6406482727983588, -2.1733952210797423, -2.6096810181174246, -0.5608159861700889, 0.7340518407532388, 1.235696587222725, -1.4206604953047375, -0.1401042942285605, -0.5669875050516844, 0.31952652613220184, -0.5432239923025272, 0.9431135255106108, 1.0655917645824355, -1.2561244188256162, -1.9777520240001334, -0.9471672842492591, -0.7076655901089447, -0.24102727488234327, 0.5048017860438719, 0.270143381307371, -0.9577197867137227, -0.6845896207769535, 0.9626845032164055, -2.1535109439208098, 1.6300447323671678, 0.8189849161929829, 1.1787475954878162, -2.180300299467582, -0.28215030026510596, -0.6138842389330118, 1.5174807471691019, 0.8177838578554691, 0.7603400732367825, -1.7972086233621083, -1.5227489698221626, -0.9674090941989026, -0.46040424240957184, 0.7351802700717509, -0.4877866216043869, -0.4449638909074638, -0.8009832616744605, -1.86720657661287, -0.10073741480291154, 0.4560452922992429, 0.9638073002541762, 0.7212161649359702, -0.7201226276475398, -1.139533105960912, -1.0757258907626384, -0.11079526286713737, 0.7107148254112403, 1.1181193506294362, 9.002376524506617e-2, 0.4798602626225027, -1.6620256842060699, -0.5088291929848798, 0.4183075747949944, 1.2539641724276074, 0.3254382636890982, 0.8191705916052582, -2.4756419634935463, 0.532410521058252, 0.657925411427584, 0.7611819908235221, 0.3443497468073645, -0.439848675165047, 1.3389283478797451, 0.15282004315848027, 0.26273286773908255, -5.481986652126719e-2, -8.604522974460396e-2, 0.5170353135209012, -0.29607894844475435, 0.7439091207159366, 0.19916844204033135, 0.7008291568916151, 0.8671477945944464, 1.145284268028528, -0.6811226003676388, -0.36589520962252753, -0.7523709795946295, 0.4252113780564125, 0.750977130746895, 1.5573978810224365, -0.798715518969654, -0.1984335570956986, -0.7577662918796869, 0.7087650573811546, -0.2734612910844665, 0.4362903006471211, 0.6476223589864438, -0.9972620818195722, -0.7245575365927508, -1.1535763117197835, -0.4455739106913418, 0.3495101072605952, 0.8199856127937257, 1.7194915253462312e-2, 0.9486389600285067, -0.9053147848317943, -0.4095982305789, 0.3280363367785614, 0.9488265134823638, 0.793096116959929, 0.4582241317196023, 6.663972087080862e-3, 1.2388595880316986, -0.46115878795118836, 1.0503560798845488, 0.7628244399959179, 0.9575061942699188, 0.7138477050908835, -0.5447377695679797, -1.3330924885099311, 0.5986887807367641, 0.3153067667539225, 0.4720620009754793, -0.179604599840388, -0.6104273310342697, -1.9599838994179444, 1.2826028892812276, 0.14658460691024358, 1.161410986632921, -0.10138268432798071, 4.5022644291225995e-2, -0.17631157445569706, -2.2018360190877275, -1.1919065536885962, 0.8200950526974484, 1.1996618231292555, -0.31798706998900206, 1.5168695037790703, -0.10136624203053997, -1.8340330330358836e-2, 1.8873540303174268e-2, 1.1372016691374978)
