seed <- 811
log.wt <- -14.789335245939418
penalty <- 2.8115950178536287e-8
intervals.send <- c()
intervals.recv <- c(56, 112, 225, 450, 900, 1800, 3600, 7200, 14400, 28800, 57600, 115200, 230400, 460800, 921600, 1843200, 3686400, 7372800, 14745600, 29491200, 58982400)
dev.null <- 358759.0022669336
df.null <- 35567
dev.resid <- 226395.07209758597
df.resid <- 35402
df <- 165
coefs <- c(6.38479054650797, 5.689402953920175, 5.524466086121446, 5.109362483407976, 5.054119933488543, 4.9053651782761, 4.7954916489266095, 4.7369808300360425, 4.391284998610036, 4.289197730597239, 4.36285781755944, 4.174799401927321, 4.059082301927628, 3.940611215922766, 3.775256763096165, 3.544046537429833, 3.224748034309405, 2.9378942648174777, 2.497640148714619, 2.076380741438728, 1.660638005836749, 0.8520272622098554, 1.0386011229630476, 0.32683986353663985, 0.5325822804891849, -1.2442643584060025, -0.2786712014567078, 1.267109609454733, 1.0419908106797218, -0.7163134914461579, -2.1717745224143314, -2.015084253192812, -0.5491823607366705, 0.7549354160825188, 1.370395727628193, -0.9169018932133287, -0.9260789289445531, -0.44846584824381547, 9.588123317098099e-2, -1.4180941242613647, 0.9773790896035395, 0.6631396914610378, -0.784476237453155, -1.7380445438087824, -0.8944000706267785, -0.8709418147715551, -0.6608310959430501, 0.19349407707306554, 0.40595102719088233, -1.042287896665601, 0.21823599571388785, 1.2398298020815486, -2.097102445195472, 1.6602659849324144, 0.792587781345178, 0.9616501862663394, -1.9080650480447021, -3.676972203098184e-2, -0.9303847545809601, 1.4214795860480829, 1.2115941217097104, 0.6230277279138402, -2.227560071496361, -1.1622359864249077, -0.6895692487254997, 2.7531708534849837e-2, 0.613587781614859, -0.7699123858140283, -1.4443520412500765, -0.605902997592408, -2.1951762246860684, 0.14549912407793994, 0.47069163924622526, 0.9450400179228481, 0.6245728182646364, -0.8367353988584484, -1.3883757025578598, -1.006744712242553, -5.322031882619567e-2, 0.7293295275365447, 1.1612276525825478, 8.704552616265199e-2, 0.14124037425839003, -1.6193662579847743, 9.16711598673778e-2, 0.27254895804546586, 1.2324320355517298, 0.4955844777036224, 0.8438000346167586, -2.492173560133172, 0.45328126796057666, 0.6665977634481723, 0.7078837214979692, 0.37881964182470673, 0.2527083494549913, 1.1078534716012403, -0.4464900433632494, 0.34769168125375727, -0.4366362849316342, -0.4277632485380591, 0.4575528498914487, -0.24788491073184454, 0.8100435720025689, 0.23330345174258998, 0.6638619844609216, 0.8182983741908655, 1.1128801223831435, -0.8921223635858976, -0.3888605230286411, -0.8093550935226247, 0.44149008175485865, 0.8167719528957387, 1.5708009099453857, -0.7169425358780156, -0.3164866065552699, -0.9351523200359961, 0.7563303505517521, -0.3068318663251909, 0.40023890972937787, 0.5641269503097753, -0.4755785153150512, -0.4300187645563049, -0.7589597208944614, -0.10836318984722675, 0.35011953506598203, 0.9897910460211496, -3.207108271096745e-2, 0.9170774591989183, -0.28431411238865417, -0.41441082389926337, 0.39565180629539776, 0.8394922840444933, 0.4728081130918476, 0.49875187906010493, -1.4185806604491846e-2, 1.2976378998062368, -0.31912797799499004, 0.9627334280864571, 0.7244177059772708, 0.926126298929656, 0.7390201989385556, -0.6583683729007389, -0.9120715629076799, 0.7623447827227217, 0.2163719352550689, 0.49669303664203734, -7.692279523558133e-2, -0.7620974063649018, -2.2930514342947594, 1.2299377533414901, 0.142975932107024, 1.1853824375895279, -0.1454926176431705, 2.0993770494643583e-3, -1.3252774594722608e-2, -1.932739624629964, -1.1646622661988097, 0.7906386605562779, 1.1803237161630145, -0.4016443876469933, 1.5455835789656727, -0.353340401945723, -0.1788652730476011, -0.16127362186008343, 1.1974823426582621)
