seed <- 296
log.wt <- 0.0
penalty <- 2.8115950178536287e-8
intervals.send <- c()
intervals.recv <- c(56, 112, 225, 450, 900, 1800, 3600, 7200, 14400, 28800, 57600, 115200, 230400, 460800, 921600, 1843200, 3686400, 7372800, 14745600, 29491200, 58982400)
dev.null <- 358759.0022669336
df.null <- 35567
dev.resid <- 226414.12613918225
df.resid <- 35402
df <- 165
coefs <- c(6.397003360668047, 5.970017677198422, 5.65209919219494, 5.247297596534525, 5.1039859045706315, 4.830988006308983, 4.856636892255115, 4.592441003971427, 4.361158705445155, 4.2527867854765615, 4.37692506718524, 4.1608793348594455, 4.026340009656222, 3.976841105504556, 3.762360744545278, 3.5438481466723974, 3.3104021523393876, 2.9951916728156087, 2.5522268765834584, 2.0752553038437207, 1.5485275358416357, 0.8636803606662653, 1.049625030867702, 0.629317289934985, 0.2593353031445944, -0.982740619228936, -0.17801530749109978, 1.1414073384869714, 1.0209023456894775, -1.0422938909926411, -2.372679192402924, -1.4262542947948382, -0.11607706523209595, 0.6962960440665988, 1.423016067339035, -1.4385685331437563, -0.2127012089791538, -1.9031959598268362, 4.2760545506821096e-2, -0.7549796574220636, 0.8893057288224098, 0.9798602745636329, -0.7034500377248782, -2.192463005375142, -1.3729147019687442, -0.5109484924719991, -0.1836609020717579, 0.45924107135173065, 0.5116631606261987, -0.8141864170748997, -0.168202059739219, 0.9787084558527304, -2.1462016850123606, 1.7740171075866822, 0.7233956936488604, 0.9951142141180895, -1.7183280128356517, -0.10225521858963336, -0.7569788464276163, 1.0172576205253077, 1.4884947925459726, 0.8932476141189738, -1.8426602355242234, -1.2791252147563852, -0.7515902269094286, 6.946809991141945e-2, 0.6277864287500159, -0.3686381542941694, -1.291135471031992, -0.8113262623315067, -3.002089794282941, -0.1856962828148736, 0.23009496540779317, 0.9370677749490798, 0.7176766053053565, -1.1086070849062075, -1.4219497253951554, -1.8748611833185422, -4.352351812229034e-3, 0.6652920534868872, 1.1406861148850573, 2.8237213173234375e-2, 0.2961822884729515, -1.6639819135583407, -0.5244037032930449, 0.5518743711033287, 1.1794316217001248, 0.4702739537510648, 0.8266793151322028, -1.9920446533592444, 0.38857763829702213, 0.5709598051711026, 0.6931039993705468, 0.34207919923805974, 0.21382097937986055, 1.2096955751806744, -0.1134037287732302, 0.3605025956682551, -8.786818886826747e-2, 0.18532119670832775, 0.38809926169194997, -0.49951537106696303, 0.7614040114809201, -0.3136608540351165, 0.6490359234718543, 0.7653912838931014, 1.213571036386116, 4.1788426906946737e-2, -0.7479930413934087, -0.6461238010931414, 0.5632657458480491, 0.5841464004282679, 1.5691220886290382, -0.7297827470143061, -8.832653691793069e-2, -1.029058194164378, 0.798992456336852, -0.2994692840494358, 0.5654992837861921, 0.5712103978844714, 5.637921076423137e-2, -0.46245675804258896, -1.1093492398664668, -0.7332106414893036, 0.33211421131863944, 1.0534556485991269, -0.10315100664018124, 0.923874544884846, -0.4787800039515888, -0.3400533969482768, 0.5652820546527444, 0.9541665212522799, 0.7828677251421553, 0.5411126335635861, -0.16686944046051605, 1.222778789409044, -0.3258037608915058, 1.0771666607251285, 0.6940976455220299, 1.0596132070104889, 0.7455251928618154, -0.5694298179479045, -1.3298095959300509, 0.6140433620294169, 0.44480921033174037, 0.4823639242849476, -0.12635844101351654, -0.23576437495785837, -1.9360851616275672, 1.4073518928653732, 0.19345912920336325, 1.177069977784984, -0.2343617174399561, -6.220162869866039e-2, -5.445760217224316e-2, -2.2084735355488543, -2.1751426855238645, 1.0425346415782355, 1.1761883946028866, -0.47094916110456586, 1.5554076085524127, -0.22282183849975215, -0.11676142140416045, -6.184929979284148e-2, 1.18425328553382)
