seed <- 740
log.wt <- -16.586080190777068
penalty <- 2.8115950178536287e-8
intervals.send <- c()
intervals.recv <- c(56, 112, 225, 450, 900, 1800, 3600, 7200, 14400, 28800, 57600, 115200, 230400, 460800, 921600, 1843200, 3686400, 7372800, 14745600, 29491200, 58982400)
dev.null <- 358759.0022669336
df.null <- 35567
dev.resid <- 226148.48795051218
df.resid <- 35402
df <- 165
coefs <- c(6.418384374556293, 5.8148698592121, 5.781679334856926, 5.221951839225712, 4.996578498713865, 4.900640747432354, 4.7134132371288056, 4.58725895199225, 4.385059596845047, 4.270496179363935, 4.252754647509826, 4.172069346132298, 3.9934832487673186, 3.9552594071188105, 3.7453638750077176, 3.540386547526857, 3.230400395137085, 2.981517307346179, 2.4863672224379965, 2.028535653125247, 1.5311662329935345, 0.9297211454109559, 0.9514948716358533, 0.5680799935540396, 0.5731007861648193, -1.2859747605306506, -0.24171242683846805, 0.9258758956573738, 1.0656386571764143, -1.5581065056477394, -2.058529689936328, -1.6288985965711915, -0.4115432113062483, 0.68534363014571, 1.2077254600552068, -1.374939123119408, -0.2776522139283232, -0.7162223695602207, 3.721666193577464e-2, 8.207026250479416e-2, 0.9277429160805977, 1.0286507807289151, -1.1885211174334767, -2.2125178083118593, -0.8081160514988659, -0.8082280213509625, -0.4731437581509903, 0.42830718329029455, 0.27928930535336216, -0.33155469060961246, 9.026164392972792e-2, 0.9471621087157768, -2.345152802374069, 1.7765992670626587, 0.8716039343531504, 0.9898075245430169, -1.9243170504348692, -0.10523282030043865, -0.41252966177345374, 1.4622681232487584, 0.49578470899444566, 0.6976473411052313, -1.7983431187326175, -1.588355673103481, -0.6281067951388514, -6.0515926838123846e-2, 0.4956580278959767, -0.6070833163560567, -0.5923243850785956, -0.6091748557980549, -1.9611327057037058, -0.33141596122018235, 0.5655695500416741, 0.9579147006935956, 0.7134903047110939, -0.7218333507555943, -1.3267261513149249, -1.2090777532341976, -3.41134093538945e-2, 0.545669934160595, 1.048213098091348, 0.1579966016358469, -5.3901618371258314e-2, -1.8114022876465266, -0.4364084444680403, 0.3105920435728903, 1.2644831194733837, 0.2722614967522768, 0.8526666476002066, -2.4169844631447917, 0.5034486719021067, 0.7339260944701252, 0.7021410938677718, 0.4308759901142926, 0.30700195211887066, 1.3686322624740221, -0.3103315257789882, 0.4046448848203881, -0.4285211855627825, 4.224031736659656e-2, 0.382974233096921, -0.3285823621299775, 0.7214561709815894, 0.3996751321051336, 0.3208437328769229, 0.8567192219586188, 1.063152259196761, -1.2834920970698847, -0.7978550908621805, -0.9614283311845316, 0.3941071423177426, 0.4942051121207126, 1.5546595748079457, -0.39736282528904365, -0.28971318353696657, -1.043234794241416, 0.7652274308615018, -0.3920757723630603, 0.45247543471862484, 0.9174950450964995, -0.2303654254503393, -0.7407385285000337, -0.9636672853144559, -0.6512714374712005, 0.40896551229750466, 0.9657645209924072, 7.692138766903989e-2, 0.8957798580154022, -0.8656624794980667, -0.3986677927044082, 0.14449151171857827, 0.9227761739157817, 0.8570745839896454, 0.44657929323076156, 3.955792690046469e-2, 1.079939927911862, -0.5064960717616541, 1.036777881384935, 0.7967922306899251, 0.9657475625510055, 0.7753289043125264, -0.6124442634751108, -1.1707409926646244, 0.7833027899611144, 0.5359351492386943, 0.48596357652682015, -0.3028037092722451, -0.4040141269732832, -1.8686055827664096, 1.3366222438696147, 0.17614783575502982, 1.1283520894919141, -0.19183305785020754, -0.13483306327351818, -5.4892752779877194e-2, -1.6496121024845227, -1.2541413832947752, 0.732576840435371, 1.1959309264523263, -0.4782805327258526, 1.482439862296112, -0.17378485775473684, -7.115085898622694e-2, -0.16722367985666936, 1.1820419756567937)
