seed <- 336
log.wt <- -13.73197286037837
penalty <- 2.8115950178536287e-8
intervals.send <- c()
intervals.recv <- c(56, 112, 225, 450, 900, 1800, 3600, 7200, 14400, 28800, 57600, 115200, 230400, 460800, 921600, 1843200, 3686400, 7372800, 14745600, 29491200, 58982400)
dev.null <- 358759.0022669336
df.null <- 35567
dev.resid <- 225301.55645073138
df.resid <- 35402
df <- 165
coefs <- c(6.653124614810974, 5.412246583592624, 5.652585100034911, 5.434259275390866, 4.994559773303014, 4.882232297190534, 4.791051950058468, 4.631185785545822, 4.415934167951693, 4.277024757325504, 4.325415891438071, 4.186982919760621, 4.028091152084064, 3.968426688192508, 3.7324215826819156, 3.540664660357936, 3.271370799098218, 2.9715290094037234, 2.5004875818597174, 2.0751122850383807, 1.5770568426862521, 0.9084893111405371, 0.9324097129017888, 0.5902492069812125, 4.342284444358117e-2, -0.967123885256784, -0.1329081512605585, 1.1294003055144857, 1.0675043123487211, -1.2498700074392288, -2.362191181299594, -2.2889140796874203, -0.1397340768057368, 0.7369876363746247, 1.1721826513064304, -1.1202063163811555, 0.3027377394962934, -0.9333682460292538, 6.748700621647985e-2, -0.7664448251128658, 0.9097119190921219, 1.2229428833971538, -0.9158716600147772, -1.8629593698408629, -0.6772632317074136, -0.7455768873102309, 0.13208585181695484, 0.46331516674963386, 7.87203448095403e-2, -0.6652702176908358, 3.74052602396622e-2, 0.9886340746929929, -2.309429290218216, 1.7574893293214287, 0.7515184878029961, 1.024022448470451, -1.9643620960190633, -0.12249873209101475, -0.5875432225412917, 0.9227896132497724, 1.1567421746518363, 0.7090847973553591, -1.9950082569364034, -1.5201256586574474, -0.6265648548000429, -0.3407633879636137, 0.5528820691367391, -0.43049636789939255, -1.499457484223185, -0.8081406865964376, -2.0840376542498142, -0.2664088647014407, 0.41967622778022556, 1.049151559237161, 0.7160578846233846, -0.6538372348440539, -1.068679004329145, -1.0285940866111651, -0.15706460202429245, 0.8219651032437291, 1.078002148558688, 0.17162053722056586, 0.2880095560595257, -1.8687839369850439, -0.18458175459283935, 0.43778407617712833, 1.2550068534741474, 0.3738456924401157, 0.8160927097122688, -1.9744199038238996, 0.5841687038084253, 0.8157584773117906, 0.7924035729373659, 0.2824411155568887, -0.22337288253067888, 1.6833226263846175, -0.15972211281005322, 0.2721146571066038, 0.10371664115216446, -0.20126211092384078, 0.26504482516808797, -0.6320351095020874, 0.8808338498350581, -0.10825035786823657, 0.7440483738004854, 0.844604641048677, 1.095095422751165, -0.43900646811717786, -0.6939615567450446, -1.0391738841815905, 0.4256114577493866, 0.6129384498428992, 1.6062713693576987, -0.9096219401582707, -8.005653064908397e-2, -1.4162309213731925, 0.7502103840851477, -0.1581167590964355, 0.34351389006845956, 0.7513159844116818, -0.7128334054128085, -0.6129618442123592, -1.3909387373456965, -0.5848757623566373, 0.2673458719690965, 0.9580935396655751, 1.1619074261405758e-2, 1.0370499780882712, -0.663943609444748, -0.48106289194824264, 0.28818805296499633, 0.8628801518652556, 0.6719463737359824, 0.5122789596207958, 9.04479936075814e-2, 1.158081459532623, -0.3901345447636793, 1.159245112146276, 0.6871976634666948, 1.0394237361749619, 0.6191928272154403, -0.631767385970749, -1.3737031748194044, 0.5871968646126059, 0.19637325616822107, 0.5138735097229745, -0.4074150192498561, -0.34800670874870093, -2.0841153801089374, 1.3583873688669774, 0.18716226859644766, 1.281466499138325, -0.16406655149303712, 3.0201016719289763e-3, 1.717179627185925e-2, -2.1666640280699747, -1.1185201315249336, 0.7236105181508148, 1.2305370677295961, -0.1883476813795269, 1.546952066571923, -0.3208537978991182, -0.14019814292000435, 8.716485424153313e-2, 1.1249697430959777)
