seed <- 568
log.wt <- 0.0
penalty <- 2.8115950178536287e-8
intervals.send <- c()
intervals.recv <- c(56, 112, 225, 450, 900, 1800, 3600, 7200, 14400, 28800, 57600, 115200, 230400, 460800, 921600, 1843200, 3686400, 7372800, 14745600, 29491200, 58982400)
dev.null <- 358759.0022669336
df.null <- 35567
dev.resid <- 225016.27653085176
df.resid <- 35402
df <- 165
coefs <- c(6.589484379535155, 5.805949785149298, 5.770420928104957, 5.361600657367246, 5.0778878050814225, 4.7868626357671324, 4.75786836318945, 4.687348403437694, 4.424051812671034, 4.291385272995046, 4.313137486401612, 4.186966439514724, 4.046505465000109, 3.979213265828507, 3.7726187994011884, 3.5414301067518497, 3.274630049365145, 2.9369474233222777, 2.4868725079438, 2.085316186572146, 1.59262445975712, 0.8988310686179751, 1.0297600820049169, 0.34269030095348946, 6.024357719083396e-3, -1.389920753973329, -0.17629554088141905, 0.9996934730481515, 1.0546928542373681, -1.2283660606808844, -2.5585050433058267, -2.515612815089108, -0.3031338611481509, 0.7271165831741585, 1.3548561350285813, -0.8467178934900174, -0.6036347274227492, -0.6045549119940083, -5.282311243108833e-2, -1.0360676752935933, 0.9547599878973897, 0.7104422732624325, -0.771055921467895, -2.5665892776996673, -0.4971986576877149, -0.7919223295942475, -0.3767145275748699, 3.1016692202126776e-2, 0.34552217894599085, -0.8705597783320369, -0.13881308645092963, 0.8564141132152483, -2.5272332426373385, 1.6544276965148315, 0.766821162546424, 1.184701935171777, -1.5338484445434304, 3.830288348115492e-2, -0.6272553465657165, 1.2571468720273957, 1.228988952849033, 0.6729561366357301, -1.5524893378527225, -1.3129990083238796, -0.8507962081093712, 0.2771866226735332, 0.6158821758359622, -0.4036908486588787, -1.6617228902441996, -0.5873864873391412, -2.03133636395676, -2.613164150425409e-2, 0.5305429939339927, 1.0145428830160017, 0.767338281369169, -0.53287943130451, -1.0830768517351668, -1.3844872356819444, 9.40989572537586e-3, 0.8212004745770867, 1.0931789922607702, 8.243711255400955e-2, 0.14888541449468792, -2.103648604247795, -0.5154713978796235, 0.4711284258162084, 1.2323207475513578, 0.48156185105672467, 0.789271640113895, -1.6562794687596045, 0.5379764453222269, 0.7780125978947223, 0.6997955091136037, 0.3752489338539088, 0.13856755586822275, 1.681345097340205, -0.1236488861162611, 0.16129515536226224, -0.35819361365577473, -0.14449734624385105, 0.4862058726081486, -0.548063785618941, 0.882826685820566, 0.29317171060311364, 0.816823646947422, 0.805258723833111, 1.1518572975857213, -0.6367998482050561, -0.3720441442444366, -0.7906864117513424, 0.38436742599759083, 0.6248580456480556, 1.5612959316543151, -0.5293060602043947, -5.991693487168122e-2, -1.038961177910156, 0.6650876301386119, -0.25500647314405367, 0.21960388416702828, 0.3910841392940046, -0.10138596702550658, -0.6576231095698272, -1.092090994991615, -0.43607029457820745, 0.24197229971480713, 0.8967823051116467, -5.7204608979740744e-2, 1.0922168169472066, -0.7918619620303692, -0.4625350518503264, 0.3642430610821272, 0.9773958564833649, 0.8330323249556975, 0.5386449647494872, 8.330455394849588e-2, 1.1237191714726447, -0.3262338177004562, 0.9654210552534774, 0.6783571578882158, 1.0913916662571688, 0.746138503358507, -0.74351234134276, -1.2101143657760989, 0.6029385601264192, 0.12473189911413361, 0.6095573662895318, -0.34618924607262597, -0.308515969122762, -1.8388554692220098, 1.1893977385222492, 0.11838521623456151, 1.2417051343307068, -0.39787434276651945, -8.683262224368984e-2, -0.16235282635780085, -1.6703195309799377, -1.352657584829374, 0.8452200337513273, 1.249563923469496, -0.31521692957400216, 1.5379970031783217, -0.3471550803925154, -0.1629762307481736, 2.24537835759513e-2, 1.1646158766014092)
