seed <- 140
log.wt <- 0.0
penalty <- 2.8115950178536287e-8
intervals.send <- c()
intervals.recv <- c(56, 112, 225, 450, 900, 1800, 3600, 7200, 14400, 28800, 57600, 115200, 230400, 460800, 921600, 1843200, 3686400, 7372800, 14745600, 29491200, 58982400)
dev.null <- 358759.0022669336
df.null <- 35567
dev.resid <- 226844.9832082229
df.resid <- 35402
df <- 165
coefs <- c(6.6949451556138815, 5.7699624770119895, 5.698965935503649, 5.294092340309464, 5.0062111801901965, 4.926688286900456, 4.777755575868464, 4.602769033326148, 4.355421479577061, 4.2681284512698845, 4.2661838078177, 4.110819174520811, 3.953947601872348, 3.9528947068074363, 3.7480441230213604, 3.5175660668910593, 3.210240865275875, 2.951582220801665, 2.489276066293258, 2.0415068158333556, 1.4750898239786654, 0.8586869006505355, 1.111681864289303, 0.3984628893801695, 0.6794292602825263, -1.0973634604904017, -9.652818633252107e-2, 0.9942811178131431, 1.1730343502437184, -1.315291335868556, -2.2433009219941726, -1.4560527392157678, -0.5600719824812045, 0.6876991301575255, 1.297460762210473, -1.7181871074199522, -0.5388829786603708, -0.7611996163310965, 0.10368838294922669, -1.577345141100333, 1.0176396635487412, 0.935801418708177, -1.169980549936844, -2.7538383966428492, -0.6912284025137789, -0.6672440765126311, -0.6204573275199498, 0.34306298033040505, 0.4439247189046539, -0.7222485081359716, -0.14376751638483812, 0.923573441779782, -3.0071628005089623, 1.705320843651421, 0.7751923038676272, 1.061168560299621, -2.4483419310710235, 0.1427267184128213, -0.47542507425365743, 1.1493642431695608, 1.0131299619772962, 0.5746661837776063, -2.5316031710848783, -0.3683549873826073, -0.43861125823621466, 0.10784879938057992, 0.6562918383071302, -0.3345459066430007, -1.2683294729045966, -0.6047432383917106, -2.717614258562351, 0.1574819384423295, 0.8155733321283694, 0.9586008065724313, 0.5822144006207732, -0.8741484387945274, -1.3731842423714018, -1.6597545890490912, -7.348132293212123e-2, 0.7006770837382076, 1.240393304304729, 8.062841810884365e-2, 0.2831056604175743, -1.236498795049941, -0.7008454655877687, 0.3229589963589208, 1.3010787377209974, 0.2431868170846226, 0.9360982112233566, -1.9990844375745744, 0.48879677293366003, 0.5899862876418426, 0.7839766006784099, 0.4451515646811872, -7.664654918498662e-2, 1.2444895809170016, -1.109939145642677, 0.459401831914704, 0.11640129698191197, 0.12532486979981627, 0.3576924695160747, -0.10903413427430653, 0.933923250068514, 0.2704486461888336, 0.8296497646700606, 0.7938710483558306, 1.18146460484333, -0.22684377623088908, -0.3912303096475122, -1.1482082092268158, 0.38571843496887737, 0.6254548817519111, 1.6735921675904688, -0.29179084525099175, -0.2474103846008993, -1.1109142646275525, 0.802326186936469, -0.34746615234904205, 0.5171464139120676, 0.7114054166409199, -0.10680114338914092, -0.613036184090572, -0.9983973788165931, -0.5038588073681103, 0.4098793422601379, 0.7377189527522824, 1.6716254296463614e-2, 0.893091775060238, -0.6135919128425343, -0.42778561290717937, 0.36682730885228115, 1.00809882323395, 0.9827829304741461, 0.48336079481090893, 0.19411746396571972, 0.9889509953560424, -0.26238910661966114, 0.938652863680245, 0.8003044929949092, 0.9033432814619727, 0.77688796415441, -0.8762489275082814, -0.9526831796562147, 0.7113020235537356, 0.5750748484261621, 0.6076088069677353, -0.1811637833503807, -0.33804511740666665, -2.1594214642391765, 1.2015045854379622, 0.2101492382687604, 1.119825697364108, -6.851212947206874e-2, -8.527577269804623e-2, 8.51397746521946e-2, -2.5421382169673152, -1.6622160092657405, 0.9354585578725017, 1.2682413187616173, -0.23901963153308914, 1.6728326675929148, -0.25189212159325997, -0.14720097127300458, 0.11680997537439305, 1.2168420105410558)
