seed <- 932
log.wt <- 0.0
penalty <- 2.8115950178536287e-8
intervals.send <- c()
intervals.recv <- c(56, 112, 225, 450, 900, 1800, 3600, 7200, 14400, 28800, 57600, 115200, 230400, 460800, 921600, 1843200, 3686400, 7372800, 14745600, 29491200, 58982400)
dev.null <- 358759.0022669336
df.null <- 35567
dev.resid <- 226199.8868362381
df.resid <- 35402
df <- 165
coefs <- c(6.560773490560369, 5.810070146355779, 5.735165495778457, 5.31643800538721, 5.029462011527945, 4.872656925131665, 4.790083566378778, 4.611614927002729, 4.401269289626065, 4.2486310126206055, 4.325104084275852, 4.17171404056015, 4.00169739266798, 3.9695369472655506, 3.73614677153111, 3.547679522685296, 3.2833941618394937, 2.952017625488062, 2.510548396486504, 2.045239979997746, 1.47773353490242, 0.8896861704941089, 0.9756076361290995, 0.23162103538598824, 0.5669070130396444, -1.071166946611333, -0.27264399214678575, 1.00185948403067, 1.1101139750376583, -0.972247747902469, -2.7134348294268857, -2.180260636771756, -0.4944089534091556, 0.7488013879428715, 1.2267321513740794, -0.9185345618109612, 0.14946969973493032, -1.2438510515434849, 0.1817509499918755, -0.5973640491000041, 1.0367334374251307, 0.8154449911423763, -1.001183407580618, -1.9522877688290163, -0.6999240146290985, -0.7773519154814497, -0.919885332960015, 0.39632072180091305, 0.16922148245956517, -0.8910157571290408, 0.3025008256840809, 0.7121973580731236, -2.9617411398671547, 1.6960060178207579, 0.9159989362261882, 0.972799191866814, -1.9386013013318564, -0.1227635237525652, -0.5510628550109454, 1.1991040645462048, 0.6454489432391347, 0.6982677891003383, -2.06915236697875, -1.3372019057365305, -0.732683938026884, 0.510188147102132, 0.6424218469328334, -0.47742919543621165, -1.1584101923165093, -0.6605910264907635, -1.4449265015179928, -0.12201429821399785, 0.4129542904652251, 1.0460602147877145, 0.6822848324873474, -0.8266941474200536, -1.3636079464042157, -1.8851355593715564, -1.1187541228725348e-2, 0.6228826171636299, 1.2059232133504205, 9.150829913283286e-2, 4.016046218072212e-2, -1.8749268426892607, -0.5718779378867412, 0.5489564400084164, 1.1688681333206257, 0.4533115430441111, 0.8803304553027742, -2.5993835712891995, 0.44763239135964644, 0.7442701423001894, 0.8271519418378337, 0.38598417376658756, 6.802141641892498e-3, 1.2769399056281996, 0.10163475869148615, 0.40326924906791917, -0.20607472218698408, -0.25947612663146646, 0.4971493459857434, -0.1543373926111901, 0.9613380340378519, 0.23851465649846199, 0.4700011831084136, 0.7970784811880948, 0.963742944547488, -0.5036928101400648, -0.6933413402472028, -0.8758071828552304, 0.5315223298402791, 0.7209407728960249, 1.6546542794773733, -0.8140215226820363, -0.11913115392278176, -1.280811040995404, 0.7396369740702136, -0.25330679056208816, 0.24072192183668073, 0.7324421781538266, -0.47291310086408256, -0.5983110732660994, -1.1595374379237353, -0.29211022224828104, 0.4147787149029754, 0.9244080295183724, 6.740593109496034e-3, 1.0849999955178176, -0.7303252681465864, -0.35160000420093984, 0.40625888178084224, 0.8236796223144262, 0.6880092632123037, 0.41645495239327907, 4.0430160780057664e-2, 1.0725706960925352, -0.43189907685960954, 1.1812003093960866, 0.7398335540250272, 0.9454234082165772, 0.7498947606370852, -0.7075657121019344, -1.0171394061046855, 0.7173181170016518, 0.13692991250406197, 0.538036661478893, -0.3117980807549905, -0.3532530964793045, -1.7181241660870885, 1.4274629665499885, 0.18574801630901025, 1.211530516508625, -0.1212087587743699, -3.9879539934864046e-2, 7.298795610286721e-2, -1.9582571319769284, -1.1324429843483421, 1.0291067045686246, 1.1118493678869057, -0.2947803065207936, 1.614296059113247, -0.12958466767334859, -5.477643984091837e-2, 7.036811396014213e-2, 1.1502704156035544)
