seed <- 485
log.wt <- -15.014686126238662
penalty <- 2.8115950178536287e-8
intervals.send <- c()
intervals.recv <- c(56, 112, 225, 450, 900, 1800, 3600, 7200, 14400, 28800, 57600, 115200, 230400, 460800, 921600, 1843200, 3686400, 7372800, 14745600, 29491200, 58982400)
dev.null <- 358759.0022669336
df.null <- 35567
dev.resid <- 225977.69325998897
df.resid <- 35402
df <- 165
coefs <- c(6.472558003052024, 5.744046032303567, 5.648589984868902, 5.447902348690095, 4.9959731204167, 4.76240433896652, 4.748853898416556, 4.619246762094555, 4.363404907161008, 4.309788212968514, 4.341354876566166, 4.146377999557763, 4.000843760330751, 3.944394782576169, 3.7319840005653653, 3.555358628735381, 3.258522979990811, 2.947915362910234, 2.49927395902023, 2.0359608023852216, 1.6000547761376194, 0.9152715531567907, 0.9801932968304798, 0.5981994011167401, -0.31420571869944236, -1.601648997114279, -2.7255889199963346e-2, 1.007997988968656, 1.113635773646419, -1.5018903723716184, -2.147771941103164, -2.7900797568667626, -0.23677692413273935, 0.7758412067343708, 1.0686902912492815, -1.1941820309897375, -0.5721831201062177, -0.5832731703122926, 4.220624682498192e-2, -0.7886291628130564, 0.9693493696764774, 1.028734001852767, -0.9489768875046893, -1.938442537382616, -1.4904585909162407, -0.9399856768092277, -0.136233178956898, 0.491995264388895, 0.5060462412019227, -0.9652355182060443, -0.2541415165581733, 0.9864114348714633, -2.8023361911339335, 1.6728862023932634, 0.7588244140557967, 1.2100131342864777, -2.423508424273957, 0.11811871176013854, -0.5406417939507935, 1.4471597744611668, 0.8984316910963484, 0.7789843630592337, -1.8216183457758521, -0.8660043070122146, -0.894462607488335, 0.19755113805900795, 0.473317976428734, -0.4068223843778485, -1.7744887917726127, -0.6620948325903699, -2.330489608797918, -0.4234578340835586, 0.4459075945725601, 0.8630262211886246, 0.732454300086745, -1.0982688503611377, -1.3348682130374958, -0.9419674553590779, 2.0255065612734026e-2, 0.6966625614821386, 1.2672492915832339, 0.11180089185164954, 0.16503936783867112, -1.9799789445624671, -0.2747797056991218, 0.37770563244645233, 1.268795558991041, 0.5514280617019169, 0.898451331249877, -2.336414887082347, 0.5468989113824858, 0.8247585136042132, 0.8799041497598176, 0.41807075716256314, 0.5351055438689064, 1.2900248263763185, -0.3621154433341044, 0.43900173603751064, -1.6556787728194414e-2, -0.4324869166357227, 0.49286889577956877, 8.24478901024251e-2, 0.8116594540425293, -0.11746580160902512, 1.08805525960041, 0.8963503234773772, 1.0754608598115472, 2.4049768985389467e-2, -0.41335463959546287, -0.6204685939322915, 0.47342903176106443, 0.6943765240173717, 1.6243280874679893, -1.132768859502495, -0.28385368387578847, -0.9469502570870068, 0.8856536945388693, -0.42401929954593737, 0.4759143474134198, 0.532511788955239, -0.33368625588156287, -0.4368223986189271, -1.3791797860471504, -0.6370196930932922, 0.3847592880657396, 0.9676550911273175, 3.1410698100155874e-3, 1.081210451134473, -0.3112536354384897, -0.4516107345695845, 0.22468599493277533, 1.0501948595647614, 0.8895860294534346, 0.36653886486531334, 8.683042507025296e-2, 1.188296112756055, -0.345097855320584, 0.9795741906106169, 0.7479113159028531, 1.0568675946584414, 0.9198751238298442, -0.6818333227492909, -1.223131474655668, 0.44915697294551293, 0.3899003100401083, 0.5234557319951595, -0.32984826621194246, -0.28779287687319993, -1.7078795856305482, 1.2472492843932204, 0.23039995367444707, 1.2839849009830016, -0.11379105537173062, -7.59095778786145e-2, -0.2945936455837854, -2.2856738471582885, -0.8595469830484812, 0.8587361285915193, 1.2248850287871287, -0.31830831552681044, 1.6012517067245509, -0.2630562242232113, -0.21180564842589122, 4.626358117449787e-2, 1.309539902593606)
