seed <- 464
log.wt <- 0.0
penalty <- 2.8115950178536287e-8
intervals.send <- c()
intervals.recv <- c(56, 112, 225, 450, 900, 1800, 3600, 7200, 14400, 28800, 57600, 115200, 230400, 460800, 921600, 1843200, 3686400, 7372800, 14745600, 29491200, 58982400)
dev.null <- 358759.0022669336
df.null <- 35567
dev.resid <- 224931.845143309
df.resid <- 35402
df <- 165
coefs <- c(6.566791326296465, 5.795886458725302, 5.7810277671570285, 5.387296183614111, 5.1506108419994385, 4.981154191247855, 4.831514473275533, 4.6571657281400975, 4.379974061922663, 4.319664519472943, 4.285313528242736, 4.202290033889693, 4.068999259100151, 3.964866499867065, 3.7706522625404952, 3.5506817782933937, 3.276926220495223, 2.962770123949709, 2.503998620275558, 2.1044530311552223, 1.650194297760993, 0.8964715438948563, 0.9986704100523627, 0.625188949077815, 0.9928622853199012, -1.174401071663234, -0.2111017320828961, 1.0407600339628005, 1.0954801365979796, -0.88953630850958, -2.3528010962933448, -2.0250353261949585, -0.2671282843910804, 0.7126695883552402, 1.261002753405848, -1.1610475407493281, -0.7418717278492775, -1.8688431917923667, 0.12688050734075376, -0.7979564175916912, 0.8658488071412225, 0.8488166741250807, -0.9467006294870289, -2.1868180284097565, -0.6209187113426422, -0.56132935726618, -0.3273958656962055, 0.17152923222242117, -7.877637477340624e-2, -0.7704623678761756, -0.4835638920069454, 0.9915201127373168, -1.9206403619602208, 1.6424862764765824, 0.813032847570499, 0.8973251724572663, -2.2226768333725273, -4.87944147822636e-2, -0.2899813870680028, 1.0643386844217282, 1.3523249992631667, 0.9000343314091461, -1.9934435378723898, -0.4924863911509145, -0.829284107155518, 0.11672931527971928, 0.5546577916990548, -0.258056892326319, -0.7202372041153399, -0.7503266566519368, -2.688939366714877, 0.21338077010244694, 0.5870936376585544, 1.100259029022734, 0.7285423884968111, -0.9257860346302826, -1.5692040545299173, -1.2534319258911386, 0.11019314786492147, 0.6690681726681439, 1.011569649495747, 3.2382257658429506e-3, 0.3287313429365792, -1.6935529201347566, -1.109722635039173, 0.41392489534055615, 1.3299585448900357, 0.525909376637238, 0.9129300494393516, -1.9946729996500645, 0.5883771475331974, 0.6852795176041122, 0.8158372707346486, 0.38326655684435457, 0.22280024558697004, 1.263258756311632, -0.8673103506046713, 0.5171546539980367, 5.989975084936045e-2, -5.643290832610485e-2, 0.33766573410085, -0.4586789266249449, 0.7859950472888959, 0.21901781522187613, 0.5943342190754187, 0.8401094706946435, 0.9933814835613589, -0.2882439364893211, -0.41801278383984825, -0.673942959528088, 0.3426929977545336, 0.5748595413857921, 1.5912558856465928, -0.7366855924646181, -0.31542947880372985, -1.106935932916383, 0.7333682722587238, -0.3631828141308136, 0.6058458990972638, 0.625162582245705, -0.41546620152650593, -0.38850132873423543, -1.0486953508620092, -0.6045459224070155, 0.35644933761037206, 0.8072255588225116, -8.36673391718337e-3, 0.9931248020291277, -0.858474301840278, -0.4144896677882679, 0.30972804881045635, 0.9959454123225049, 1.0914791770967878, 0.5699484387164017, 1.3611388478809919e-2, 1.098147000515581, -0.2638172827088571, 0.9531367112451122, 0.7237609698475662, 0.9067356518470948, 0.6749365490065963, -0.6586816619534236, -1.2739310800170915, 0.40182379777448674, 0.6258979725743035, 0.5391956993210857, -0.15608872125742157, -0.7675457997120939, -2.0846244504514626, 1.2226147387031292, 0.24444558957077075, 1.2372398217085074, -0.23748000276904513, -3.895081298195796e-2, -0.1399124839545896, -2.217783787105344, -1.01849799827986, 0.835633871786085, 1.2913076562712753, -0.5864425914206024, 1.50794030626973, -0.2580035215117931, -0.19716460287354665, -3.0944773688741108e-2, 1.0968693772597353)
