seed <- 591
log.wt <- 0.0
penalty <- 2.8115950178536287e-8
intervals.send <- c()
intervals.recv <- c(56, 112, 225, 450, 900, 1800, 3600, 7200, 14400, 28800, 57600, 115200, 230400, 460800, 921600, 1843200, 3686400, 7372800, 14745600, 29491200, 58982400)
dev.null <- 358759.0022669336
df.null <- 35567
dev.resid <- 226478.4162397329
df.resid <- 35402
df <- 165
coefs <- c(6.458288195500001, 5.788861411948987, 5.649873601020448, 5.278200462628973, 5.058231378119661, 4.849212781616319, 4.722259448101216, 4.626486872689425, 4.355159215007486, 4.242401702458466, 4.255430682067805, 4.168495341764554, 3.990200979938379, 3.958975651262379, 3.7268872495555048, 3.4757809531588584, 3.225773709114802, 2.90006910876234, 2.517741129410311, 2.0171706487206933, 1.5674923669625183, 0.894720956426832, 0.9580109584558784, 0.2412247766665373, 0.1554430863725721, -1.333861325553994, -0.22723557811265066, 0.9660191570526525, 1.08507151117212, -0.7696886096301013, -2.289990598742111, -2.5356965499996655, -0.511775402406348, 0.7207256806465742, 1.2552239438596655, -0.64398500322587, -0.7887636548597775, -1.5757092588048347, -0.27891820132227835, -0.6426614696643311, 1.0266823218721775, 0.9572380442492852, -0.9653102702648723, -2.126369593553778, -0.6924203714822859, -0.5159009213350855, -0.7426081535262493, 0.38371400917393883, 0.37661817461727704, -0.8204911709484654, -0.654686399935561, 0.8438724764786312, -2.515341895295851, 1.7614386391146137, 0.8898075743025972, 1.2469720082809186, -2.1941385173529744, -0.2210203838899615, -0.7795314755433587, 1.2578220950971162, 1.3447479874714963, 0.9737951365674509, -1.746108446468862, -0.7362585993987996, -0.5536372269236955, -0.4883988394253646, 0.7655420947910163, -0.5194925122036722, -0.8285712320237942, -0.800155140008475, -1.5405350204560022, -0.3072271920501881, 0.7471305347790662, 1.1219902448410868, 0.8038316413880808, -1.4424185974048351, -1.295376239218707, -1.9325823454326128, -4.071267121427641e-2, 0.7411605055260325, 0.9343295729165518, 0.16215937624594667, 8.420586112579216e-2, -1.828604387867068, -9.787124253709135e-2, 0.5670713276676669, 1.2712559363509566, 0.31216242057342397, 0.865610021108111, -2.2011189303413228, 0.24733727308048678, 0.8120928943909044, 0.7121585445315721, 0.4497956867664473, 0.12264064773940894, 1.3076566898388713, -0.37322650313654004, 0.500770024030076, 0.13602965074861303, 0.2875188135828027, 0.3105961413670428, 2.3763130455219852e-2, 0.899415385164887, -6.872803693493679e-2, 0.873462924876279, 0.8197312844778027, 1.054939656143942, -0.47740716460223465, -0.7050582365195073, -1.1527126210420833, 0.5056975728334709, 0.5411058557243681, 1.6188020370706409, -0.4748866650702751, -0.23953396999598436, -0.8055562977847159, 0.7315416335388452, -0.3750445842989273, 0.40482466612026474, 0.6157971131462081, -0.6937739330034144, -0.3452184242627963, -1.0176695662679267, -0.47415353956084155, 0.26347554364633924, 0.8892157521818033, 4.946244349416799e-3, 1.0524836194517506, -0.7648229557798438, -0.41071797824453066, 0.2520231469826759, 0.9835980464407369, 0.8499317497557757, 0.46959430016334525, 0.12370638755657828, 0.9920311970978161, -0.38917707122580636, 1.1099539265105114, 0.6975221802781936, 0.9623266814696229, 0.7580048814401686, -0.6198738560949951, -1.1702704885786226, 0.6363657041646574, 0.18674779496512217, 0.55416825539891, -0.1687249082078965, -0.5025769465953527, -1.9603760611304817, 1.3419939541118993, 6.475407754179004e-2, 1.256888644064859, -0.15122012236487495, -0.10442012069153978, 0.10107625767656295, -2.168954686782713, -1.0019257579049696, 1.0406035119436223, 1.252821911437416, -0.14464076788552543, 1.5436709175581405, -0.21692805672379387, -3.3777319291141715e-2, -1.6081362707309834e-2, 1.1334510441066377)
