seed <- 925
log.wt <- 0.0
penalty <- 2.8115950178536287e-8
intervals.send <- c()
intervals.recv <- c(56, 112, 225, 450, 900, 1800, 3600, 7200, 14400, 28800, 57600, 115200, 230400, 460800, 921600, 1843200, 3686400, 7372800, 14745600, 29491200, 58982400)
dev.null <- 358759.0022669336
df.null <- 35567
dev.resid <- 224936.9359496877
df.resid <- 35402
df <- 165
coefs <- c(6.471867434307611, 5.935698635495126, 5.7293074417435115, 5.3839044492502355, 5.044826349879228, 4.905626322510456, 4.740086455272347, 4.683897073952199, 4.373006304041088, 4.361812036338554, 4.3067372149528556, 4.214771526858817, 4.038500094215982, 3.9858061773669187, 3.77365837021853, 3.572016374695364, 3.2631687450698146, 3.002222684243557, 2.516381706996134, 2.056653310490752, 1.5531360380430475, 0.8754828874889864, 1.1828394392553194, 0.2740076984176695, 0.3205677002962168, -1.304215368160195, -0.3365805504726931, 1.0469755303686838, 1.0819500995612175, -0.9509280333952411, -2.372681029764805, -2.0746823009027793, -0.48599784514582733, 0.7166665535815209, 1.5982978799883274, -0.6525590895455139, -0.5082149270111128, -1.0695706003894092, 0.13056478019220877, -0.7659959086629498, 0.9696791358699194, 1.0596607945122716, -0.8240152731602501, -2.239427172296574, -0.59185333775992, -0.6724347368069014, -1.6921226095027817, -0.23484695456095253, 0.5946741748360354, -0.5723070384333109, 0.11465863201542473, 0.8199057333535072, -2.0024225354166694, 1.721243238350167, 0.7992711488842968, 1.039951404799644, -1.7496826411686561, -0.2531057264203136, -0.4066245255519246, 1.0803279621889759, 0.7929169506229354, 0.7207952726431421, -1.802269080241567, -1.258128945104205, -1.062430782181802, 0.12098779032475933, 0.5650506308182185, -0.18145701231630848, -1.2343754311545805, -0.6086564614491421, -2.2368060001550583, -0.5125932385261649, 0.5022945521748732, 0.9847984979150135, 0.6228869046621714, -0.9161897789836032, -1.359912404776503, -1.4889769321895479, -1.8703540570312666e-2, 0.7871025523068796, 0.9662009146965652, 7.958368775807743e-2, 0.4504601171315969, -1.4585751185695899, -4.553964934882971e-2, 0.40867235203812696, 1.1055089557364448, 0.48666258794153416, 0.9231662908207917, -1.9598534912531416, 0.549704402390299, 0.7607216602807589, 0.6112934877767005, 0.3957609460811861, -8.354961653689082e-2, 1.4545935420268816, -5.196335736773681e-2, 0.7833779166898533, 8.469459781128255e-2, 0.3136111532097146, 0.24963062446954593, -0.6873417048543623, 0.6718165807200183, -0.34787460807660675, 0.8459830944484154, 0.8444944461622435, 1.2485740955979854, 5.469020106793299e-2, -0.16774083390243524, -1.2667714443346412, 0.40144168421769366, 0.7138423074969285, 1.6211265976011298, -0.5059709504840368, -4.8135864581588216e-2, -1.2923556561388807, 0.6571231393926875, -0.24584012213246403, 0.7743722906232665, 0.5133513091122232, -0.6737727833345104, -0.5519219831234756, -1.1666756036927781, -0.39053082169091696, 0.38332332682292747, 0.7010462491673124, -7.143011365920199e-2, 1.028648939667003, -0.4078350441678129, -0.35932762130204726, 0.4052718953997984, 0.7323435931024054, 0.8581877198233694, 0.51882293195153, 4.070276276630369e-2, 1.1091364850996197, -0.36297677652005844, 0.9041912553572303, 0.6988017380268232, 1.0638808285874457, 0.6561920860017494, -0.6495868795568953, -1.2523949641907686, 0.44330092722999814, 0.5664044528739335, 0.5488113033623093, -0.33554359690158453, -0.5248900245645022, -2.065327170912897, 1.2209264537999434, 0.13595792026813072, 1.3088317322228444, -0.3357708751317759, -0.12303697340407828, 1.1681997941187612e-2, -1.6940408319439082, -2.1878139996627373, 0.7995081598410461, 1.1406105139070495, -0.6343983184637776, 1.6241935946626038, -0.1349846693354293, -8.56365993717721e-2, 0.1466596318666109, 1.0687224522124548)
