seed <- 687
log.wt <- 0.0
penalty <- 2.8115950178536287e-8
intervals.send <- c()
intervals.recv <- c(56, 112, 225, 450, 900, 1800, 3600, 7200, 14400, 28800, 57600, 115200, 230400, 460800, 921600, 1843200, 3686400, 7372800, 14745600, 29491200, 58982400)
dev.null <- 358759.0022669336
df.null <- 35567
dev.resid <- 226256.48507654277
df.resid <- 35402
df <- 165
coefs <- c(6.833449316216371, 5.729192697348975, 5.6442339651521145, 5.369022708543952, 5.0750718391098735, 4.857373744787393, 4.705180037690421, 4.628684138558727, 4.323203319582102, 4.288642790752011, 4.285594418404805, 4.160916542358743, 4.051475557165779, 3.917811040861336, 3.7207207287829807, 3.519104318361281, 3.2453658542939396, 2.9276733281737566, 2.488931417616107, 2.0271686159921734, 1.613837086680462, 0.9026741308488745, 1.0156646346935039, 0.35915831774115137, 0.5240614308145458, -1.0247498431772384, -6.1546762240500326e-2, 1.0464533740715338, 1.028695163046518, -0.9038397601574243, -2.7302619589248858, -2.218618252109569, -0.30797062182840734, 0.7327098857537563, 1.2608847898587519, -0.9255648706310733, -0.6072339360262392, -1.460043743009731, -0.25248225622049114, -0.7498361204006302, 1.0005757240806905, 0.5565560561792035, -0.8468298350119332, -1.9737025391917566, -1.2496362256921503, -0.747523232154394, -6.368437143261069e-2, 0.18054483593175916, 0.6213346535014784, -0.46063480825055725, 0.2555863258943102, 0.8995991503417694, -2.972365264025395, 1.7866429223974514, 0.880602264203452, 1.0835583482197695, -1.905799537768791, 6.76406738668277e-2, -0.718210890879467, 1.61528738787938, 1.101044112190468, 0.7881562297519917, -2.1913482127304045, -1.0407141872078223, -0.8681878473292687, 9.55323314207957e-2, 0.7036015375559352, -0.640256600637525, -1.6080116525308157, -0.4905893913850724, -2.8008922397736673, -0.3756393087582503, 0.4166563807030131, 0.9189102154397931, 0.6768202677586892, -0.7305044583456037, -1.167384473543277, -1.53316717581115, -3.0671337945565737e-2, 0.6414721390714992, 1.2343586340183257, 0.11051915435899375, 0.29771092649866565, -1.689558922529296, -0.9719342323396869, 0.400483267575992, 1.2956292144356696, 0.41965783991181127, 0.9488071337929422, -1.9200205277206899, 0.36097148659710393, 0.5799324664891099, 0.8554301443101168, 0.2893972557520317, 6.366967846584061e-2, 1.1765527419708437, -0.11715054984873265, 0.6763340073463694, -0.2080840190323501, 0.16700374361942258, 0.4474452276596657, -0.519537210130555, 0.967079223993415, 0.1556118952979679, 1.021014319393963, 0.8330694723146345, 1.1718730252314775, -0.7277950079593851, -0.7295738966470322, -1.2602848177323667, 0.5970598286780666, 0.8290540058654492, 1.6214488643033445, -0.49629915828086774, -0.1254594207606159, -0.7100244829413889, 0.7609302378862783, -0.29670150547635765, 0.5248908401319715, 0.6109355752838861, -0.6416152316328401, -0.566192303046549, -1.1590191307814852, -0.7160745811172314, 0.3212293258153326, 0.7273332628253192, 5.724295579329656e-2, 0.992104921264091, -0.5837022139728424, -0.480580830329651, 0.23899901432952522, 0.8888471405678368, 0.8282010371390732, 0.536270009158742, 5.591032298114771e-3, 1.1721015102525805, -0.3685200253822651, 1.0663094029345745, 0.7394977506566136, 0.8816221499169213, 0.7844119555792045, -0.8598101457618309, -0.7564457435876112, 0.4146941153078885, 0.25764341040507743, 0.5453103390511453, -0.18357633335133977, -0.8884669053717444, -1.5427317150186772, 1.2545948448258086, 0.17483863923098658, 1.1744461531530086, -0.19435382863799486, -6.080546778777045e-2, -0.23445966353637832, -1.5274620048047463, -0.681433178259125, 0.9064414468923652, 1.2253700452917113, -0.4082733716195173, 1.5509878866002629, -0.11410498848250464, -0.1506113053877219, 3.385380146781954e-2, 1.19332878924305)
