seed <- 264
log.wt <- -13.111292051491375
penalty <- 2.8115950178536287e-8
intervals.send <- c()
intervals.recv <- c(56, 112, 225, 450, 900, 1800, 3600, 7200, 14400, 28800, 57600, 115200, 230400, 460800, 921600, 1843200, 3686400, 7372800, 14745600, 29491200, 58982400)
dev.null <- 358759.0022669336
df.null <- 35567
dev.resid <- 225175.43071668717
df.resid <- 35402
df <- 165
coefs <- c(6.662766334504667, 5.832663091860168, 5.596907552596617, 5.395448156993789, 5.069322602068133, 4.847489963111554, 4.778546003774225, 4.641000467000138, 4.333690071107739, 4.414201539404713, 4.346981560792348, 4.200156519228402, 4.066999302847504, 3.9918545067971767, 3.7625277325612188, 3.5200246645020217, 3.299489876429508, 2.977171349698863, 2.539553370039293, 2.096910082516961, 1.6750225828179872, 0.894226839217176, 1.0496477959822126, 0.31548772164273653, 0.609364672813567, -1.3850710348826798, -0.46094735176898993, 1.0274569717392623, 1.0544003138834426, -1.3251038973245235, -2.535473235959376, -2.001711681988691, -0.5526286182486956, 0.7967309444414997, 1.3095078716956896, -1.1759605675496343, 0.13887664664557958, -1.2247314993302363, 0.3218338541309706, -0.2454317593721987, 0.9199503871115143, 0.9274274893097303, -0.6550447320906684, -2.1342247897968574, -0.9912684564548816, -0.6085028035961404, -0.22540816893485113, 3.7413661179336984e-2, 9.150438328266067e-2, -0.6309033881548496, 4.62300667355796e-2, 0.9797198973077486, -2.6981164544468705, 1.8036791570668544, 0.8884348191781105, 1.0632225846808117, -1.905026911299645, -0.2023162086826804, -0.43961231837297626, 1.4088168515554458, 1.2994572273124836, 0.7705695428708502, -2.1798580970451087, -1.1133553699244876, -0.543895282922875, 0.2275254263030089, 0.5398585759444187, -0.34196110319568884, -1.1564545553032535, -0.5964767028263266, -2.159631685969497, -0.7630590577152071, 0.3772336889485093, 1.0343618838617903, 0.6475341750728139, -0.9698190523580729, -1.1912807242610457, -1.0822752231379629, -0.1361133575278775, 0.6298113450863616, 1.0451851024003465, 8.300264165299512e-2, -9.86388432867211e-3, -1.6727000507596252, -0.15030413714077112, 0.4359278485307283, 1.2917887646976385, 0.3318377856136306, 0.8821047688959058, -2.6149966828039966, 0.3664297808624801, 0.49754953975137184, 0.6683072644489622, 0.32169563948771357, -6.779899044409714e-2, 1.2131697516964528, 0.10871306677175066, 0.10207528213297132, -1.5957362504910307e-2, -0.2460622219867197, 0.3183594053773674, -0.24944786418322185, 0.8497562595774469, -2.507057555083675e-2, 1.1119650412696964, 0.8289240998115364, 1.1642492117651044, 0.17503083599835234, -1.4464260762514165, -0.7736595432077282, 0.3921052277317543, 0.3912092672381286, 1.5834538632253756, -0.813987803831911, -4.521623942604105e-2, -0.8489857529437771, 0.7756433011248327, -0.46470924580758277, 0.500549670823647, 0.4465735309370586, -0.6688344625939959, -0.24062619065235566, -1.2233735260415075, -0.4106922263954306, 0.4478497817171178, 0.9513147505145582, -0.11967706563412091, 0.9693512832815293, -0.7627339056908751, -0.37956100008053906, 0.4103919991189648, 0.7910888287605327, 0.7618507623672681, 0.5117134605214525, 4.963581285257433e-2, 0.9280050339578275, -0.41984345148065844, 1.060143623446103, 0.7304352984779326, 0.9683243072406473, 0.7228504888209946, -0.6061177918392856, -1.2168583621380067, 0.5282464949890571, 0.12262584386938243, 0.4631170148298747, -7.905329197256684e-2, -0.595088463203363, -1.934434931225003, 1.2924355393253864, 0.23912469471854952, 1.2122927916337503, -9.275732194433646e-2, -6.689641177855314e-2, -0.3151731391975333, -1.3041080007345152, -1.2440616160250269, 0.9372266234801988, 1.210061728111697, -7.777986261633156e-2, 1.581452324125564, -0.17671451468408897, -0.12251479812087021, 1.1402051801304281e-2, 1.1369185708767493)
