seed <- 537
log.wt <- 0.0
penalty <- 2.8115950178536287e-8
intervals.send <- c()
intervals.recv <- c(56, 112, 225, 450, 900, 1800, 3600, 7200, 14400, 28800, 57600, 115200, 230400, 460800, 921600, 1843200, 3686400, 7372800, 14745600, 29491200, 58982400)
dev.null <- 358759.0022669336
df.null <- 35567
dev.resid <- 226130.94021949847
df.resid <- 35402
df <- 165
coefs <- c(6.413575283759748, 5.807558244286966, 5.594128219533727, 5.198038958080488, 5.113960901241089, 4.8039873409826965, 4.758948448173546, 4.660437409230569, 4.414368280052521, 4.202732897070605, 4.2620003792040375, 4.160467450682052, 4.029931181940631, 3.96455254644851, 3.7691672680315107, 3.53986485064786, 3.244236340970687, 2.959298892710572, 2.4784314564703664, 2.049483541132036, 1.607137227600178, 0.8532648888617054, 0.9797294136152008, 0.6597998396570942, -0.3414297498491411, -1.4839432932688477, 4.135633842023053e-2, 0.9778890963554203, 1.0810491263429682, -1.2163471257419702, -2.3954125126573937, -2.387318877992178, -0.21251201178486084, 0.7826917922689347, 1.2642692237408415, -1.4440072437931613, 0.2980436121547721, -0.5839459650946176, 0.17360522075791845, -0.37808454820125104, 0.934921825716971, 0.5721654126568325, -0.5783566563979949, -2.407272508182846, -2.2319271931709634, -0.6973892922042685, -0.46584885511436913, 0.22842275740150422, 0.21060375690370395, -1.0609147675403006, -0.25436781660799423, 0.9006356229217961, -2.5370213092887846, 1.7596615781591485, 0.7151751727261415, 1.0830850081790169, -2.3133999601700386, -8.796248784521564e-2, -0.10475158469500341, 1.7152628737771058, 0.7759874607542481, 0.5948020842580162, -1.7933023780483743, -1.322028149815665, -0.4770104347941043, 0.16736859015392475, 0.7903731265268671, -0.5157249863628441, -1.152058384023373, -0.5711858680250075, -2.130831132609051, 0.3164394640241769, 0.7915619988535808, 0.98257356576987, 0.7643818088879161, -0.9174990249605216, -1.4495099431458014, -1.0977174411109318, -5.218772721270034e-2, 0.7402589317205096, 1.2250018105024845, 0.15692418800904787, -9.682294430304873e-2, -1.942604069955482, 8.361738983181159e-2, 0.5639555698949219, 1.2286174543817778, 0.23156706385311468, 0.9289132735547543, -2.5302871946139414, 0.49429859168129076, 0.8573016815818768, 1.0200687419403551, 0.3708872198375713, 5.566547735502973e-2, 1.3542974878245646, -0.6462002877303258, 0.43380486486388975, -9.158494085387915e-2, -2.829068046071947e-2, 0.3689237842629107, 0.12129591369365911, 0.8401495005572592, 0.36326842473133975, 0.8912913398355944, 0.7747391711922049, 1.0302087163814266, -0.9035670472264377, -0.4581866104214964, -1.0934810820350627, 0.4665638969564117, 0.5165126336823737, 1.6078603854418168, -0.63817128537684, -0.17518987966726152, -0.9372985248748095, 0.9340938202831206, -0.4399881413836684, 0.5511756796386736, 0.40559351819757605, -0.5280425623018234, -0.4635735130167272, -1.5780284190484553, -0.4027902923438549, 0.2949163025059376, 0.7738261436447318, -0.1995830988143438, 0.9816733278296578, -0.48795897855362874, -0.46986792775445496, 0.2236218455028219, 0.9296118018136653, 0.836928196231086, 0.5684967488661411, 0.10161599200543034, 1.1966208277426105, -0.36072775911445537, 1.0798767219111576, 0.6788165463195627, 0.990175664541375, 0.9335781102984241, -0.6566579373550288, -1.1912071298418667, 0.6672216935450462, 0.1291673132347763, 0.6347921928446535, -0.26288619996641555, -0.31085727236925015, -1.9722533375511055, 1.2066758951776662, 9.883990060757976e-2, 1.2209309642391493, 1.7030696908810178e-2, -1.5455605601795765e-2, -0.11520870967062079, -1.9864710752657062, -1.1520505176611904, 0.907433594458067, 1.2040290431154264, -0.4636752764040432, 1.5799380860690937, -0.19834720855340676, -0.216922963669009, 1.0920894589699007e-2, 1.3767920079340814)
