seed <- 597
log.wt <- -15.732149601380192
penalty <- 2.8115950178536287e-8
intervals.send <- c()
intervals.recv <- c(56, 112, 225, 450, 900, 1800, 3600, 7200, 14400, 28800, 57600, 115200, 230400, 460800, 921600, 1843200, 3686400, 7372800, 14745600, 29491200, 58982400)
dev.null <- 358759.0022669336
df.null <- 35567
dev.resid <- 226202.56585247992
df.resid <- 35402
df <- 165
coefs <- c(6.6015245407661745, 5.799018414732847, 5.64548297260066, 5.179640149843841, 4.9959651157981755, 4.789481847356152, 4.846643885383086, 4.575978226407222, 4.422898575629965, 4.230315030934524, 4.26466961242256, 4.160650179616, 4.011999156575708, 3.9641652965015544, 3.7457346908808686, 3.5307720582236, 3.2286481718572286, 2.950459222749841, 2.491845637262957, 2.0399085267395742, 1.636048364687469, 0.8783218755211287, 0.9680688148598566, 0.48046136294376157, 0.24966619079868996, -1.3253450347481621, -0.30969736664776326, 0.9348966131762242, 1.0495645989500153, -1.5344396223740229, -1.9453166095291325, -2.147865932043899, -0.2734701530680402, 0.7445453247313067, 1.3030354159565984, -1.1181754795928425, -0.7221338810286585, -1.5710719430050115, -6.589732751405648e-2, -2.887938021342727e-2, 0.9009902874123209, 0.9695075942732189, -0.7842204324836762, -2.324650059664357, -0.8670006840189973, -0.688018638357462, -0.3285782927706355, 0.4927146353407808, 0.6940176464844934, -0.9283914510538726, -6.2478558680670204e-2, 0.791968770369392, -2.5028039002916045, 1.8080964758677605, 0.7679008048593604, 1.11108346862492, -2.096419834419292, -0.17949887013148477, -0.4005694360183009, 1.3869189720398971, 1.3427809643664135, 0.7386884509639006, -1.5617867956084168, -1.0752475693818766, -0.6038235762695454, 9.587452759153042e-2, 0.5829408631549012, -0.45354644201343725, -1.4180273795801126, -0.6540441587213018, -1.785755321821342, -0.54110897933262, 0.8260274873591599, 1.051215060321608, 0.6700275575920274, -1.2041451093298638, -1.48191481075151, -1.442837160836487, -4.4634994159223444e-2, 0.7651887131542388, 1.1851820477359334, 6.791487578803758e-2, 0.12824817961617851, -1.8439110258055424, -1.1201335918283533, 0.6174626970887414, 1.3034294852134416, 0.2565149085794252, 0.9178525881253304, -2.3757991746346954, 0.4989724426692882, 0.7552376007528606, 0.8211219450232063, 0.31452079189626253, -0.15040067056954862, 1.4692863772840619, -0.31623190938738815, 0.8133558716385779, -9.810405591408698e-2, -6.093336956978811e-2, 0.4289095821897366, -0.21438723357222175, 0.6631121976757294, 0.1647258562270006, 0.6080910536325199, 0.8776125737984531, 1.0656881202545327, -0.8571695314949108, -0.9265883840330483, -1.3616632632922896, 0.4004437135704266, 0.6863217370277035, 1.5751428928691598, -0.5031096387879618, -0.48236251623577875, -1.0143799216048663, 0.8051195811415587, -0.23753507095270263, 0.38908403388871043, 0.41447880242545093, -0.40120256955161376, -0.13664616818526315, -1.3195736156801792, -0.4449247803069856, 0.27698619057380036, 0.9250486719831078, -3.403976997095109e-2, 1.043177543524873, -0.5930918060981356, -0.39222404401051075, 0.21800961611224076, 0.9627330431043826, 0.9163880576059619, 0.45536967949974927, -2.331174454317176e-2, 1.1201141980190836, -0.36431063042216877, 1.120084965089883, 0.7408959876720161, 0.9613063418506037, 0.7948989360363056, -0.6032702987244506, -1.321020648385035, 0.6132070954343588, 0.5098172597805736, 0.5994904945347459, -0.14556175759931742, -0.3490613815401792, -1.7545392432383728, 1.3373092148268384, 0.17647008868404288, 1.2334663441960947, -0.17427641900616933, -0.12832436083737658, -8.580981112326282e-2, -1.4594352723467938, -1.0524072705662548, 1.0475356062371912, 1.2125104658117583, -0.6266246368296919, 1.5579460208527973, -0.18534861942703906, -0.13971806233651227, -9.374351300401802e-2, 1.2078727126211615)
