seed <- 848
log.wt <- -14.892522640389465
penalty <- 2.8115950178536287e-8
intervals.send <- c()
intervals.recv <- c(56, 112, 225, 450, 900, 1800, 3600, 7200, 14400, 28800, 57600, 115200, 230400, 460800, 921600, 1843200, 3686400, 7372800, 14745600, 29491200, 58982400)
dev.null <- 358759.0022669336
df.null <- 35567
dev.resid <- 226356.09268995665
df.resid <- 35402
df <- 165
coefs <- c(6.640143012617755, 5.722287430146693, 5.785825894677088, 5.30672237058752, 5.093414362483041, 4.863873935881581, 4.747862542633813, 4.646231082462614, 4.380947367553758, 4.234981606099863, 4.312042091830495, 4.152844309162862, 3.9683809540123876, 3.93724616599543, 3.745816490398413, 3.504612209668332, 3.1881330434266997, 2.916310356239066, 2.4796149829339407, 2.033378581329575, 1.6021809501972875, 0.9182399501594908, 1.026188247263583, 0.44758535718733705, -0.1327210050998626, -1.2337451744091652, -0.19317367351443102, 0.8878337107847849, 1.0599897028738274, -0.7825345966199854, -2.643129717148902, -1.7948997922411294, -0.2909156657717183, 0.8150330263779643, 1.3712059875255576, -1.4961149877908695, 0.2690207033158463, -0.5474897247303234, 7.699278889435693e-2, -1.174131204565314, 0.901489567725663, 0.767926921593392, -0.7233326391647412, -2.3096333503207434, -0.8451343403964786, -0.7177625986497969, -0.5567246579683157, 0.4893714343797, 0.4800067613625399, -0.540228200314512, -3.66100984661734e-3, 0.7785978281046182, -2.207092577187612, 1.6860596684947244, 0.9067195535114075, 0.8680579246088512, -2.2302328454495224, -7.113221908782537e-2, -0.17554631743200935, 1.6219907081781826, 0.9907525029479148, 0.5782944968920652, -1.3691512147579996, -0.4387625546080641, -0.6150681341839942, 0.32845140419449087, 0.7441747505779498, -0.7347583224706222, -1.4653447866035845, -0.7337712502436815, -1.9314182069938008, -0.26598606764098515, 0.5418633756746563, 0.9487856348883053, 0.6476122965966296, -0.7528568187697731, -1.3581131699613291, -1.080752221816857, 2.4378854632992768e-2, 0.6423154187230024, 1.1268200885439164, 0.18876586080108662, 5.9366043461938564e-2, -2.1979832530638217, -0.4532275016223924, 0.4157702371013864, 1.165116617914686, 0.42931723127093174, 0.861820966267328, -2.8378457042991743, 0.5628324283309646, 0.814686334706179, 0.7927588820294117, 0.360775403238139, -0.48843618655846227, 1.2995146182791288, -0.7792910264048574, 0.29098934827530526, -9.959970301389386e-2, 1.8230314786286048e-2, 0.23048540292082761, -0.27186875820619805, 0.7945743755008325, 0.5482956322635323, 0.806751501571624, 0.8857000176850726, 1.1093746859507496, -0.29126905334855885, -0.3023861498238049, -1.3724128798149162, 0.2657341412424315, 0.6538799313304153, 1.580782793449349, -0.5847505668645914, -0.2009303193644597, -0.9161633590844357, 0.7691801834894321, -0.2891101595622763, 0.4348734914784593, 0.6881924788627592, -0.3653965017873338, -0.3133937003581407, -1.2810172510168536, -8.997612767206131e-2, 0.2850921853862534, 0.8132083238685253, -3.465275714027993e-2, 0.9018017681492827, -0.5864210464282756, -0.47262407882896484, 0.24090766129361557, 0.9903525674718028, 0.6241509828659595, 0.30391838594082554, -8.348349077623901e-2, 0.9328939378247489, -0.3994026025335643, 0.9788260542068516, 0.7291563130496286, 0.9122063834106511, 0.8249892730734163, -0.8148736009883254, -1.2114531999820006, 0.7358510201262856, -5.965425426791709e-2, 0.5420273982595464, -0.20406379607577735, -0.5396262589958276, -1.8584435262627106, 1.2047753914471226, 0.1964648831951146, 1.1318614530262343, -0.16036554672810688, -6.924035090120559e-2, 0.12166245196070026, -2.0215048226409214, -0.8131178871607623, 0.9274841782695997, 1.078694294353581, -0.7053999894907738, 1.5184593915058846, -0.22149591599839405, -0.3562557259804958, -6.377009077075274e-2, 1.2579143026697863)
