seed <- 1039
log.wt <- 0.0
penalty <- 2.8115950178536287e-8
intervals.send <- c()
intervals.recv <- c(56, 112, 225, 450, 900, 1800, 3600, 7200, 14400, 28800, 57600, 115200, 230400, 460800, 921600, 1843200, 3686400, 7372800, 14745600, 29491200, 58982400)
dev.null <- 358759.0022669336
df.null <- 35567
dev.resid <- 225765.7178851269
df.resid <- 35402
df <- 165
coefs <- c(6.550410431401813, 5.860264601879592, 5.750540100986288, 5.263827602931357, 4.970300791521253, 4.766753820124287, 4.814906342743521, 4.604740842730084, 4.324598029196111, 4.2205099088333515, 4.337878859368578, 4.156783535499592, 4.001143374585466, 3.980273841296418, 3.7448928683380336, 3.504001071697635, 3.2076033968442137, 2.942859477928347, 2.437904783420623, 2.0458099492072703, 1.6285772628538402, 0.8724146290885377, 0.9942308708995633, 0.7243954204689317, 0.2668269410448518, -1.1506059779647853, -4.2408986982696614e-2, 0.9223787095137026, 1.0658221808974542, -0.9963750088804931, -2.7357629414353677, -2.3107596930973577, -0.4032837007529905, 0.787728717541001, 1.1736869480457879, -0.8470135517077031, 0.11688963415556682, -1.6189609430626781, -0.2826877355227415, -0.7757028537775019, 0.9068381234606513, 0.849852234520939, -0.6631918315773461, -2.0507216393053596, -1.0065465369963085, -0.6013279736807272, -5.1179343390386545e-2, 0.2235802570539045, 0.3001355443740026, -0.6852848147088783, 1.0468890387868784e-2, 1.0300583398229484, -2.2442354441511423, 1.7470348314599056, 0.8104715867286588, 1.0690735926564692, -1.8251665535563768, -0.1276849854848758, -0.622519594466719, 1.4782139056572132, 0.28843153674507593, 0.9661245512808116, -1.5298667980777485, -1.041044145889211, -0.6415618917475793, -0.6867738458293173, 0.594574056639033, -0.4448090125134008, -1.4008975269141313, -0.8606151598707528, -1.782165786206922, -0.377748664547282, 0.47463240359125963, 0.9923503198568894, 0.6503387677581609, -1.0077871876056261, -1.4422291526530637, -1.3843523195898677, -6.699074407556209e-3, 0.7623620168945406, 1.140994657621696, 0.1546745933475722, 0.16613608309900524, -1.6017128311592672, -5.100362477905514e-2, 0.5352611297879885, 1.2027254257738387, 0.4837569839868293, 0.8028119403783748, -1.7585380678829132, 0.5835927308220916, 0.7672573647928708, 0.8121684420363207, 0.45968165781400766, -1.5145086408998072e-2, 1.204497231759797, -0.39747268888833476, 0.6079186153884997, -7.09579223462175e-2, -4.9153232042046316e-2, 0.38819564494036035, 4.7030269130370776e-2, 0.8725679006402094, -0.21067916708375195, 0.8147019670960683, 0.8724533025298425, 1.0759892146130494, -0.6747325507464822, -0.584185037822073, -0.7372930168537974, 0.46324756561756114, 0.5750454510920336, 1.6030859686130932, -0.4842355708785328, -0.15492175970185365, -0.6375686903785821, 0.7869973767840233, -0.2171356473933082, 0.26297303568329367, 8.807660466383814e-2, -0.20210678231715803, -0.5465170792240616, -1.1857221041391401, -0.31539490205093523, 0.3484849879677706, 0.7374270123621588, -4.7515171224991375e-2, 0.9607667896318579, -0.7142031852784774, -0.49133822643926733, 0.28080459765959087, 0.9039443921120305, 0.6303092304426219, 0.41782380451262824, -0.189437334443033, 1.1303696443241706, -0.29879928793545796, 1.0100089493948239, 0.7584092298466968, 0.9700659798080234, 0.730596720595344, -0.7414560100630617, -1.2269377825468801, 0.5428673053717544, 4.567883960501846e-2, 0.4724616338284416, -0.3070837105052568, -0.2131687817133466, -2.0060336535446006, 1.2185317624569587, 0.18081832267825249, 1.2322963981686308, -0.17117737209977557, -0.10739489738905991, -0.255873156980297, -1.664367518926745, -0.8881359961517695, 0.7467217771589458, 1.2813839424793576, -0.7393580256609836, 1.5176205837745254, -0.29961024626414523, -0.19234304900780702, -0.10728393957387797, 1.2358157114645985)
