seed <- 404
log.wt <- 0.0
penalty <- 2.8115950178536287e-8
intervals.send <- c()
intervals.recv <- c(56, 112, 225, 450, 900, 1800, 3600, 7200, 14400, 28800, 57600, 115200, 230400, 460800, 921600, 1843200, 3686400, 7372800, 14745600, 29491200, 58982400)
dev.null <- 358759.0022669336
df.null <- 35567
dev.resid <- 225819.78755344477
df.resid <- 35402
df <- 165
coefs <- c(6.419077817435077, 6.055476213023659, 5.743636239170413, 5.298825477823607, 5.061340380071477, 4.903086797068637, 4.8266856820729265, 4.577136892805741, 4.380738000653209, 4.267375639187207, 4.2890601756783555, 4.159053705277995, 4.019914434981617, 3.962659952974667, 3.792062054256175, 3.534119594828252, 3.23794315646293, 2.9278209682674072, 2.445096728582961, 2.0091453616943196, 1.5885675445961034, 0.9008749485804145, 0.9257343579494063, 0.3578408668371499, 0.21291607348661273, -0.6176782012813048, -0.2076127734795692, 1.0554293778176476, 1.1049810657594434, -1.044559432967389, -2.194078055463928, -2.4090575947885826, -0.733357182006472, 0.7350929766178957, 1.3560276257679553, -1.0174306503584902, -1.0042010829662003, -1.4860944248176724, 0.25266541145923666, -0.7917815407409546, 1.002522461735616, 1.0020044714794814, -0.6062280075743375, -2.182208129290227, -1.6922348448742217, -0.6616685102453269, -0.9062698396389126, 0.294494030994077, 0.5897584540682228, -0.5111427195569417, 2.7453143563321673e-2, 0.9031656233238673, -3.027790858789666, 1.7061391474470862, 0.8364603696908702, 1.0681256093275242, -1.6979587637107765, -0.19405193188154612, -0.3635622155855609, 1.2122060488607582, 1.7775470048970319, 0.9162538846742484, -2.2776617689533203, -1.8179963253774594, -0.7965155777447142, 0.24784119869662724, 0.6436407664561761, -0.5094472996603162, -1.102493975939749, -0.7582255203478029, -2.4850903212191775, 1.8227970036039768e-2, 0.7248876657170317, 0.988630375468448, 0.6769763698286159, -0.6082344738151649, -0.998977261986349, -0.9801675748460325, -8.895955853623136e-2, 0.776704879557112, 1.2162106031432587, 0.12311082599571561, 0.26568388806573967, -1.8100783180103839, -0.6321958778970866, 0.4284651521514873, 1.2277728777309564, 0.6715119081449803, 0.8943364140099153, -2.7691081691479265, 0.3649456312730454, 0.6577014599769538, 0.802531060859122, 0.3193902640249497, 0.3961061014107317, 1.274153101523972, -0.5941137512081812, 0.2342748413487333, -0.17516868365736898, -0.30483565088946785, 0.3609470643355685, -0.6761436048810603, 0.7998724653751198, 0.29792386132735216, 0.8340154660660988, 0.855348037991908, 1.0950158847331495, 0.22175713719257553, -0.728480744188471, -1.1927641312182746, 0.38140702257160763, 0.8478111969643354, 1.6281255496479161, -0.3045214339454937, -0.16106424716330098, -0.8801372545029394, 0.8250639178935818, -0.4010746691682226, 0.6703692294936898, 0.3927476877206497, -0.7763034462327056, -0.5489835854662382, -1.043268315362991, -0.5587381295509734, 0.3497760039277785, 0.7159917264226225, -6.424256408227431e-2, 1.01507912519942, -0.36807453730818024, -0.34295990527208847, 0.31523976275046545, 0.6494414705142834, 1.048578069398098, 0.43541321739374367, 4.687962947514705e-2, 1.1459789953701809, -0.4759338781729626, 1.067136196984911, 0.7027263300594162, 0.962840389343134, 0.7428675105707269, -0.5543343267824139, -1.205994065778316, 0.5136795181631765, 0.5766365996610185, 0.5982836822905302, -0.15591680366085015, -0.4460291323751629, -1.6483540135277688, 1.2617615704321066, 3.895867250528497e-2, 1.2228350177636866, -6.802816634746107e-2, -2.1502189513480784e-2, -6.326040794911468e-2, -2.1070388634737833, -1.1950289647353813, 0.7553419090132618, 1.2464738904850003, -9.628184887183673e-2, 1.6068830308051956, -0.22637409567499847, -0.27203180253982634, -2.0360064253159695e-2, 1.241458911654043)
