seed <- 221
log.wt <- 0.0
penalty <- 2.8115950178536287e-8
intervals.send <- c()
intervals.recv <- c(56, 112, 225, 450, 900, 1800, 3600, 7200, 14400, 28800, 57600, 115200, 230400, 460800, 921600, 1843200, 3686400, 7372800, 14745600, 29491200, 58982400)
dev.null <- 358759.0022669336
df.null <- 35567
dev.resid <- 225387.5110953164
df.resid <- 35402
df <- 165
coefs <- c(6.63518911952231, 5.646136873333721, 5.747591812366313, 5.306053846668255, 5.149901959417295, 4.936068820273184, 4.842693478153625, 4.6467952171583695, 4.323448797997992, 4.294214350162602, 4.308501255368744, 4.178107393281, 4.048286612156281, 3.9650849203716345, 3.7689327900142136, 3.544914180742631, 3.2153684870329453, 2.950457321836241, 2.4734453809731973, 2.0716984946256245, 1.666989159034239, 0.9419980308453212, 0.8926616303666778, 0.499653527853025, 0.3624182654295882, -1.1633791522227315, -0.1003666439777424, 0.8586665402353554, 1.142344268157944, -1.382443439604475, -2.6190745091360994, -1.9540088583994004, -0.5038270568482656, 0.7796883772494599, 1.2350871817719047, -1.6705813471392694, 6.166378492321877e-2, -0.5719128215635354, 0.13839927403737656, -1.5180889945010847, 0.9929547530250719, 0.9966392696378549, -0.6711872652917399, -2.603792994615404, -0.8652149224101036, -0.9115073912980928, -1.1194430989695592, 0.54222910905673, -0.1335350335001472, -0.31137605902550375, -8.49293459513276e-2, 0.8127302740374297, -3.3344895158868955, 1.7835228804037546, 0.83922183906978, 1.1102599760551728, -2.1255767898072495, -0.21279153416095015, -0.18030675820227718, 1.4397174759075493, 0.9570754173039787, 0.7792915891247447, -1.9549274833481436, -0.3305863380940591, -0.38054509867763636, 0.1585165191980529, 0.6577723331300311, -0.3474325226978212, -1.1277213326197866, -0.5878198551194882, -1.6234678910140683, -0.8622276969386284, 0.5558593407666168, 0.9115497986377249, 0.74603130682886, -1.325825692577728, -1.3495330978320084, -1.2647288378807868, -1.4207458536804024e-2, 0.7748650702715352, 1.0971475626277247, 0.20638819079580598, 0.17963355201811226, -1.755543833662848, -0.551271125981422, 0.39313671406209993, 1.203255523142262, 0.5266340316020683, 0.8847648744634785, -3.122448270494084, 0.5199520226094476, 0.8502027994343524, 0.7958570887914824, 0.42766703865338734, 0.19106668982861139, 1.3750247525244443, -0.7851517486514485, -0.15860735713924545, -0.15857474288829027, -0.12954354315427538, 0.5141397164988573, -4.738504781053555e-2, 0.8624566820435451, -3.919184794698715e-2, 0.9009498018113096, 0.810475989172976, 1.1114659411131298, -0.17404897842246214, -0.5905957490346487, -0.9936270987094292, 0.3131389396134023, 0.6835526139057687, 1.6196726061159648, -0.6305468278305587, -0.19523057817167508, -1.2080675944899488, 0.7817093652256522, -0.2627527372251328, 0.32825115837894964, 0.6741885189363132, -0.4304759971747798, -0.5910957778763608, -1.0858438105874766, -0.2085760031240433, 0.40998976146636146, 0.9670298887300506, -3.3254500010833445e-2, 1.0806909276968268, -0.7099617962483888, -0.48123596618912406, 0.2888898506595861, 0.9971054415188803, 0.7899117056382968, 0.3781243457031282, -0.13032686126412246, 1.0986204860775601, -0.32785473239810503, 1.125658768745857, 0.7621972160099522, 0.9085814482917305, 0.7437244251531642, -0.660939956809015, -1.0541753827285312, 0.7510914738038559, 0.3012275125485532, 0.440690292506348, -0.11417386544549878, -0.3242728737917804, -1.7670838518769383, 1.3748840144523993, 4.966365585799381e-3, 1.2478843905257704, -0.1437326372190334, -4.917018591523662e-2, -0.24966287322246603, -1.8166084434375795, -0.5371263722678264, 0.887205526502665, 1.228317709840539, -0.14331050061522296, 1.5956403169439346, 4.130108245250647e-2, -0.11361214730137208, 0.18000920587420965, 1.156646291543469)
