seed <- 776
log.wt <- -10.94297150917438
penalty <- 2.8115950178536287e-8
intervals.send <- c()
intervals.recv <- c(56, 112, 225, 450, 900, 1800, 3600, 7200, 14400, 28800, 57600, 115200, 230400, 460800, 921600, 1843200, 3686400, 7372800, 14745600, 29491200, 58982400)
dev.null <- 358759.0022669336
df.null <- 35567
dev.resid <- 225959.8342328317
df.resid <- 35402
df <- 165
coefs <- c(6.712565653684635, 5.873844163192776, 5.7580976008358835, 5.236528249614027, 5.124398816011404, 4.878702779177889, 4.842023146492213, 4.65081951579943, 4.381747186035863, 4.273315067235073, 4.33509546482288, 4.145811073005118, 4.020525095114179, 3.9906496059136773, 3.799616941158421, 3.5226836625599005, 3.2486459071877842, 2.973603368347073, 2.5200677488611847, 2.0975440733089745, 1.5831268826272542, 0.8594320565479406, 1.0326880462562396, 0.4836154516665046, 0.3882178510045993, -1.112820858235504, -4.991507715471061e-2, 0.969654920001334, 1.086761950760755, -1.214676980507351, -2.828320641939703, -1.553504136857202, -0.32415616423602667, 0.7507948411075067, 1.3603458354340607, -1.7619500647320303, -0.640793603820532, -0.6260050721028275, 0.22612062667702568, -0.7010566164648666, 0.9754809078759872, 0.9875678383931386, -0.7467197202849228, -2.5999788778607242, -0.6371786760937308, -0.9266025350779077, -0.6838085933580951, 0.24685692855243963, 0.665295253824423, -0.7270100342952585, 1.217970890560947e-2, 0.6927015356548081, -3.073764408048855, 1.733654705040646, 0.8930462150028897, 1.1185578425125202, -2.4350308608443845, -0.10034256578522387, -0.6550722910068363, 1.4343618020410158, 0.9893072326545094, 0.7742852198517719, -2.578323837570613, -0.4004176951130102, -0.5692049837274392, 0.1310580679355389, 0.6893509280650206, -0.3289469929037641, -1.2744706754487634, -0.7212727037252619, -1.4679026576564558, 6.919194684413442e-2, 0.6322059028606144, 0.9558255197287203, 0.8078187689160353, -0.641958906755073, -1.1534445506585873, -1.1716297511678677, 4.642053313860902e-2, 0.7389243188785897, 1.1283048890033864, 0.11877139735200389, 1.4121963320496233e-2, -2.229071934971416, -0.26538339346307116, 0.26683510802950866, 1.22368549612558, 0.47091812541837275, 0.9333910115897107, -1.4119482493067672, 0.5291395146433097, 0.9457363140546883, 0.8503786525626515, 0.3006726923044128, -9.529846969500887e-2, 1.5472410956915756, -1.1586521636271705, 0.15081038378471426, 0.16812112139910085, 0.1858459704056787, 0.36009080824170125, -1.2636986670005954, 0.8778660738870342, -0.2944255178893751, 0.8825449940702963, 0.8320248888494388, 1.0283343344634555, 0.3109027610316609, -1.0255342172943331, -1.3513385147747436, 0.42237401549809606, 0.5735692259573383, 1.606594509891815, -0.6575484261104249, -0.26049616866824266, -1.4898991789646754, 0.8372428989162298, -0.21868364495833992, 0.5327446537435252, 0.6935445570001817, -0.4358848480033364, -0.2570504633893653, -1.11921603898755, -0.8974577422819843, 0.3644107952582231, 0.7968049223898674, -6.268005997615756e-3, 1.037644649911207, -0.6828492586248646, -0.2944330248131965, 0.4302873561771837, 0.9008621027642211, 0.829411527766082, 0.5140416188537174, -6.900365653278583e-2, 0.9820106677210793, -0.3092393720521997, 1.1049447214378199, 0.7738379185420416, 1.1028630413022786, 0.7803414137425045, -0.6356786515708658, -1.3528666461984429, 0.5509299771668551, 0.4736393017188474, 0.5626919744491751, -0.2239178918073497, -0.9397993954815357, -1.759692322243729, 1.38675387357296, 0.19824244457045276, 1.2851520016663815, -0.3420093069921117, 3.531724976905225e-2, -0.14357353148019406, -2.2464846230551747, -0.45182884362061543, 0.8497351181000703, 1.1800767645314887, -0.29401008906215687, 1.538615653112544, -0.4212820546770537, -0.1660990909587631, 3.787653615001594e-2, 1.2168820939447282)
