seed <- 646
log.wt <- -15.442701427874354
penalty <- 2.8115950178536287e-8
intervals.send <- c()
intervals.recv <- c(56, 112, 225, 450, 900, 1800, 3600, 7200, 14400, 28800, 57600, 115200, 230400, 460800, 921600, 1843200, 3686400, 7372800, 14745600, 29491200, 58982400)
dev.null <- 358759.0022669336
df.null <- 35567
dev.resid <- 225415.27395447018
df.resid <- 35402
df <- 165
coefs <- c(6.6952326737323435, 5.830753479681625, 5.664385628195125, 5.377660650419392, 5.149203981024595, 4.8616968932927245, 4.670723978537949, 4.758246908539805, 4.402593496165566, 4.294357121440153, 4.352332662284205, 4.1527385358582585, 4.008136066716363, 3.9475368940514453, 3.759565949672069, 3.518037504479625, 3.2867415099931168, 2.9905011595242237, 2.463665116957796, 2.0605267559603746, 1.5697104414817853, 0.8969548661616578, 1.0936868962563924, 0.45556968278866006, 0.6307394881043431, -0.3170111233362475, -0.24698491279094628, 0.9185375101141078, 1.0221049315583943, -1.0353484343903263, -2.7020707017592343, -2.369331657717067, -0.7449303774517292, 0.6949323087025051, 1.3772849397586542, -1.3215374721426452, -0.3093359257560481, -1.261389369420083, 0.19321873405810155, -1.0156015403384773, 0.9337016444943583, 0.8276371388412126, -0.8053988082198326, -2.344017880204286, -1.0815752192388695, -0.7438102576602962, -1.3687789819639153, 0.20667683887450322, 0.7218454557429632, -0.6055267379073123, -0.4557494845080469, 0.728284805416771, -2.3000196779243245, 1.595981442092971, 0.9093370918441274, 1.0589197488605617, -1.640674058114005, 6.70821598900333e-2, -0.25331335786533976, 1.2039204910138732, 1.2047801587048665, 0.7997677397413931, -1.6858160291466955, -0.8836335111141518, -0.7804516187826231, -0.1493506486002753, 0.57498132144226, -0.4354529269314103, -1.2525137176425263, -0.6205932818057323, -2.1822901927593525, 0.2459457281797593, 0.5396110733415213, 0.911310575218565, 0.6927400438587731, -0.49212050586935324, -1.4083404987763326, -1.2186400467817955, -0.12197221852835675, 0.7349349677214921, 1.1705183058525521, 6.706089551500245e-2, 0.3204515390486525, -1.8131154614818377, -0.8817749450079595, 0.3802395311938951, 1.3688755258839123, 0.2661572382074415, 0.8360053097999478, -1.8195104392980477, 0.4820547933789081, 0.8308613439152147, 0.7831045386509229, 0.31544331882893006, 0.46246314315743675, 1.4306039049354384, -0.58482624640076, -2.9359105830287075e-2, -6.956437826791118e-2, 0.22349725590892225, 0.5310640296052735, -0.28766429635252927, 0.7628921187188855, 0.37623565257988717, 0.9220231021337681, 0.8526664306403174, 1.154705974752235, -0.6372498277042251, -0.787617397055489, -1.2722778849848624, 0.4274332050372139, 0.6870383169034866, 1.5335103814087467, -0.4526848216776944, -8.20805847220034e-2, -0.9789656272210272, 0.8197645768817163, -0.3696389535112887, 0.41769721457518455, 0.4659375195807827, -0.2709472951056486, -0.47609313625404265, -1.5212010466293595, -0.42868688071806665, 0.2866196860725589, 0.7641126862544066, -1.6342608997567457e-2, 0.9361568384053123, -0.6369628644660508, -0.3973329471595765, 0.37636619994679615, 1.0377754983291068, 0.9684885350786342, 0.4402147569968214, 0.15077852857433693, 1.1397870822948306, -0.3715989266414408, 1.0021583678370665, 0.8164741255414794, 0.851341088433488, 0.84356965834612, -0.7344026722994638, -1.119664648898519, 0.5924136558328535, 0.3797090913977275, 0.530295083518025, -0.13667758275164613, -0.6829196435075198, -1.8067992655590155, 1.1679181032547408, 0.26701389741054465, 1.2088101647519904, -0.34440863514881415, -2.8361867302264133e-2, -0.27860872600827064, -1.866940558206294, -1.6106719930441642, 0.8998296710641273, 1.2829473966822278, -0.4603401272979492, 1.5242040047444323, -0.39460905117971523, -8.48884261092308e-2, 0.13050828740586007, 1.1620846901968735)
