seed <- 399
log.wt <- 0.0
penalty <- 2.8115950178536287e-8
intervals.send <- c()
intervals.recv <- c(56, 112, 225, 450, 900, 1800, 3600, 7200, 14400, 28800, 57600, 115200, 230400, 460800, 921600, 1843200, 3686400, 7372800, 14745600, 29491200, 58982400)
dev.null <- 358759.0022669336
df.null <- 35567
dev.resid <- 226563.95736587
df.resid <- 35402
df <- 165
coefs <- c(6.496622477180762, 5.777434084824245, 5.815791655530363, 5.223500492047638, 5.048689130930284, 4.88041594134831, 4.706660070503914, 4.617491390650087, 4.346382316531865, 4.233380471681151, 4.255842865646847, 4.132988744380794, 4.003868484174702, 3.94750888401331, 3.7478484476768124, 3.51840490270843, 3.268282887688429, 2.9277261444497977, 2.4892422874244455, 2.058189182460052, 1.5923678330722684, 0.8872152246502707, 1.10398579913503, 0.44632681190669515, 7.535529963982898e-2, -0.9390009599006853, -0.26000635045752796, 0.9924571431806807, 1.12538570779894, -0.8275616744139047, -2.3526568395411354, -2.2038119533552814, -0.3634340073003913, 0.7678283758970069, 1.2242298404857737, -1.739827850845362, -0.6503620013586978, -0.947916874798097, 0.38368361310584287, -1.194141046228422, 0.9968400750832237, 0.7598726752217788, -0.5239221828832645, -2.6651760712414965, -0.897246409332607, -0.5690574584311588, -0.8290663700505595, 0.3117879402960254, 0.41686221045309196, -0.6247407885466423, -0.9469178705908075, 1.049700387645907, -2.9919951118571833, 1.6363103147446236, 0.8058904982286139, 1.055887884724127, -2.7712920240901844, -0.23341141954453193, -0.5324839872305793, 1.4644879117794511, 1.0195721011600993, 0.6763770502309956, -2.755693038091478, -0.9369183588853993, -0.340246870506863, 0.16055498174869942, 0.5858179311456204, -0.3010442458810948, -0.8316891891293099, -0.6808579301578891, -1.6909608761949666, 0.2863404366613658, 0.5261001031548938, 1.0503888610511996, 0.8137044980102233, -0.4959954531783741, -1.379731010864931, -0.9858443518551665, -0.14887711531557146, 0.7523140818427517, 1.132642223794182, 0.20632218398264193, 0.22853485169237567, -1.854887288294682, -0.29310899659699546, 0.3702399374377767, 1.4118540939808435, 0.47074426172328354, 1.0364001791206263, -2.390985057187627, 0.4227920209319201, 0.6871616521232605, 0.9082957938022616, 0.3557074273354632, -0.22278157258475045, 1.2505590149267587, 0.2043702545375488, 0.26542297253549635, 0.19583518653751258, -0.5841700079214807, 0.5538837881287967, -1.265548356316109e-2, 0.9643485087565937, 0.5060380873318195, 0.7945554398840512, 0.816404900669071, 1.1148490301754956, -8.028756885892337e-2, -1.0317105939578188, -0.9532113964764584, 0.5586000832062594, 0.6229303070749895, 1.6632778592570792, -1.1198003282096383, -0.3616711093791945, -1.0779280746146398, 0.7922029394236116, -0.28639707479061405, 0.6002338544125041, 0.5642614883185496, -0.1479664449132188, -0.5126720341055611, -1.0410911105457175, -0.5379652860301691, 0.3384419273423443, 0.7818086336523687, -7.610527332663795e-2, 0.97467049883976, -0.5192768133995483, -0.42126101225805634, 0.2876098909923423, 0.9965583445676449, 0.742353258371695, 0.35685531700247297, 0.26568402678044517, 1.0864516648984277, -0.250810647911679, 1.083182148634289, 0.6829571213762198, 0.9977754814992661, 0.77094950990224, -0.7410532594120658, -1.0071274107668744, 0.5814510858253634, 0.46544129529222716, 0.5897505555336235, 1.564339548882532e-2, -0.22869903656232593, -2.399794476199131, 1.3015623514515327, 0.14476499577902535, 1.2512493304598722, -0.197505457459731, -0.10143995794011482, -0.27702305006570116, -2.226770326282926, -1.3269064857826616, 0.6685073600358261, 1.3587034725754705, -0.2443945757170946, 1.6483485806086897, -0.38644421022371944, -0.14333855577213486, 2.2863328271654913e-2, 1.181797993905359)
