seed <- 648
log.wt <- 0.0
penalty <- 2.8115950178536287e-8
intervals.send <- c()
intervals.recv <- c(56, 112, 225, 450, 900, 1800, 3600, 7200, 14400, 28800, 57600, 115200, 230400, 460800, 921600, 1843200, 3686400, 7372800, 14745600, 29491200, 58982400)
dev.null <- 358759.0022669336
df.null <- 35567
dev.resid <- 225765.77848533375
df.resid <- 35402
df <- 165
coefs <- c(6.489529251890368, 5.704157031169916, 5.766596261433858, 5.363294036455781, 5.150505707528528, 4.808211739713606, 4.748335268780905, 4.6679424854791, 4.445448734590338, 4.287206065802688, 4.427084659178581, 4.1754857525623, 4.022009345099283, 3.978243234254707, 3.7532748755981364, 3.5246384432106086, 3.2419823579578533, 2.9281293910590933, 2.4992127792212453, 2.0447478895221765, 1.577474032280213, 0.8505209866067409, 0.96716425153768, 0.21397146045204118, -0.1110414287694716, -1.1239110812998616, -0.2634491780189394, 0.8588213767556241, 1.097698415541912, -1.6862563142493356, -2.4406196309051595, -2.566443176957498, -0.44145691564941764, 0.7654414121828702, 1.3035350729651916, -1.4581246322055017, -0.7540307826701325, -0.8723174513377346, -0.2784651290611497, -0.6220548336261551, 0.9743173483149309, 1.0929610459731784, -0.7114466326613103, -1.7320240785789696, -0.8049899426336472, -0.6665378451620889, -0.20580552681552794, 0.134975591187686, 0.23675355499075795, -0.6092240578597, -6.595442611526736e-2, 0.8727578829782965, -2.7251316755295427, 1.8211371859936025, 0.8183879676497512, 1.1500382890764431, -2.0840895578418057, -0.14647462431790895, -0.7786097145473732, 1.370252493113649, 1.4651619873885997, 0.730326191873141, -2.219348700578145, -0.547444751174264, -0.6216581135490377, 4.687938467003637e-3, 0.653648932556819, -0.27483064662199347, -1.74610532998245, -0.5850908755591995, -1.6561326727211545, -0.5217823708444441, 0.5581837662805305, 0.902938865702885, 0.7373729160048544, -1.038557794087255, -0.9356605195601914, -1.2773951486506465, -5.533377834049483e-2, 0.687060731209535, 1.2499691817872973, 4.749778234934388e-2, 0.23609740787559627, -1.2764887641738267, -0.6427530022410951, 0.26534285393385953, 1.21931978145077, 0.4768693558191166, 0.9257899018759616, -2.2202074251486685, 0.4843549671766144, 0.7164588023612758, 0.9335136679072161, 0.37320560731836566, -0.20468917097827108, 1.1830561107067268, -0.31913171387078654, 0.25242680542682194, -0.1520980536782881, -0.10971665968800773, 0.4601575302936619, -0.5630859195048334, 0.693428413929493, 0.2362020183728574, 0.980256663672547, 0.8505485032421779, 1.0614785226489691, 0.3653647497540166, 5.989510862999239e-2, -0.6790407964811942, 0.38472452572834764, 0.6144368216645875, 1.5872213344474722, -0.3122173322634352, -0.17537278336162423, -1.3789558448374724, 0.8768357975239347, -0.3787503181494161, 0.24495636679974697, 0.36769226566351915, -0.38745151557187113, -0.40671714152905564, -0.6672802641606677, -0.5559535512600057, 0.49662574746162486, 0.853602540101557, -8.32928853275038e-2, 0.9477604630183685, -0.8797536022501417, -0.331611411820137, 0.15705431577670162, 0.8034105200268974, 0.9854174048530369, 0.3869225195045838, 0.15217159312491962, 1.0526912796405645, -0.38568220383543655, 1.1673142887491799, 0.7373122520384913, 0.9363247132464027, 0.7581394280067382, -0.6284509215634935, -0.9925607912937078, 0.5819453638831804, 0.5029851467807969, 0.4357690302329784, -4.540567800158152e-2, -0.4655173026176948, -2.4071086192934965, 1.2588860708685832, 0.17613776605708306, 1.2164232946062496, -0.10988100541558776, -0.1502982951274982, -0.13248806124781157, -1.76427278756398, -1.59398852580036, 0.717484261833286, 1.1984126133050081, -0.5363318244048348, 1.533430853832335, -0.13942693033635437, -9.72045888120952e-2, 6.198543510479465e-2, 1.2675616148752638)
