seed <- 395
log.wt <- 0.0
penalty <- 2.8115950178536287e-8
intervals.send <- c()
intervals.recv <- c(56, 112, 225, 450, 900, 1800, 3600, 7200, 14400, 28800, 57600, 115200, 230400, 460800, 921600, 1843200, 3686400, 7372800, 14745600, 29491200, 58982400)
dev.null <- 358759.0022669336
df.null <- 35567
dev.resid <- 225780.28351826483
df.resid <- 35402
df <- 165
coefs <- c(6.760495129155688, 5.78775660141179, 5.7101483273136235, 5.17502772285957, 4.977203353996295, 4.820124830361772, 4.681677260253088, 4.621731304492848, 4.384151100717701, 4.21072582102923, 4.375306383290862, 4.1737546619593076, 4.003379858477348, 3.9629240253410423, 3.754645513785753, 3.535321023436582, 3.253514188488439, 2.921911242456478, 2.482387516796622, 2.059034917002089, 1.6077560739243653, 0.9266394375191401, 1.12871357804069, 0.219160259714651, 0.23565755685366493, -0.9104277520034012, -0.18927139753277575, 0.9997554646878368, 1.0542855338988635, -1.0888943050639315, -2.741765419219941, -1.590022800387348, -0.382272902129585, 0.8019289719602101, 1.3054388362113503, -1.1612851795834298, -0.4049091016144685, -0.15310780769860868, 0.2270084379608105, -0.9988662174645829, 1.0068043027902045, 0.9342554633627892, -0.6754639626627451, -1.9427436311209894, -0.7645686779002504, -0.6811007597566913, -0.48711584632152277, 6.451840015925517e-2, 0.5443434827726332, -0.8210922586855315, -0.38830846526108725, 0.8733116495040482, -2.6714123280128224, 1.6009491049802818, 0.9389904300828681, 1.1412159435245819, -2.1456403061882585, -9.855551363064417e-2, -0.7880978374720967, 1.1632482803775905, 1.1946941905747905, 0.6350908819294191, -1.549551043794239, -0.6505678642943187, -0.6371718856329776, -3.2393030871569466e-2, 0.5306664692154384, -0.5625794919542589, -1.475248144647095, -0.7129880464167331, -2.5326968071349496, -0.435359902023095, 0.6303362671200169, 0.8870904335895424, 0.6438190950552537, -0.907294561692747, -1.3909302109210224, -1.0719153922693085, 0.12363557062140036, 0.6494331031002659, 1.1634586325717822, 0.19842103819302975, 0.30250772228050116, -1.668399945662764, -0.7690430490444851, 0.2894721514067532, 1.2661325856836392, 0.19620304868447613, 0.9314319240265176, -1.8787319889214429, 0.4880010590317809, 0.6596551329912399, 0.8028033015442719, 0.386733287105592, -2.5900967692805282e-2, 1.0998456489802464, -0.1596014438195929, -3.213919368691391e-2, -5.456105390859476e-2, -0.10745379411968829, 0.41735507814490497, -0.18497860906762573, 0.8055088243982168, 0.16195836192978863, 0.7771172247070846, 0.8830902118360648, 1.1541418262540124, 0.25082739580624386, -0.5361274466604025, -1.0230246847535978, 0.4177542797469422, 0.5703373805971853, 1.6479344661249666, -0.6690131489975535, -0.22639213239911585, -1.436047710995454, 0.6930265721709143, -0.3147158091748245, 0.3515671940382596, 0.24219974368329342, -0.5024850241382766, -0.47805702216809287, -1.4829256144791643, -0.25402528793689283, 0.35961203251725354, 0.7326371435217868, -0.12860099041240367, 0.8690762863329546, -0.41488902202971595, -0.4163333133334414, 0.3698181556870914, 0.8651054092765919, 0.7179831934243502, 0.291462318513032, 6.344080677009954e-2, 1.1970498847200592, -0.4227006652828554, 0.9238047412634206, 0.7189465469174994, 0.9209854674897874, 0.7508985261330342, -0.7863019559346986, -0.7430722785594558, 0.49854986962934966, 6.290051985018093e-3, 0.5061338069887017, -0.1724204758382906, -0.619580002626837, -1.8931443321169206, 1.109634847101954, 0.2159233374417026, 1.1410809955900054, -0.13887362174741588, -0.18681754836707903, -3.530357533106659e-2, -1.138409980357974, -0.9571386774532545, 0.8085991265687125, 1.218882845597328, -0.2988697000585349, 1.5979360844637063, -0.3753548250389289, -4.944973301480379e-2, -1.2011656500661862e-2, 1.1341884175152455)
