seed <- 778
log.wt <- -14.68368819191207
penalty <- 2.8115950178536287e-8
intervals.send <- c()
intervals.recv <- c(56, 112, 225, 450, 900, 1800, 3600, 7200, 14400, 28800, 57600, 115200, 230400, 460800, 921600, 1843200, 3686400, 7372800, 14745600, 29491200, 58982400)
dev.null <- 358759.0022669336
df.null <- 35567
dev.resid <- 226328.22360859587
df.resid <- 35402
df <- 165
coefs <- c(6.47387578557133, 5.749744327400255, 5.653740092026917, 5.237796288751389, 5.109607609071286, 4.889504651411186, 4.764993394248034, 4.585570575478407, 4.3490283631234306, 4.2271642615877845, 4.245776243787164, 4.191093552450936, 4.008428498335881, 3.964394921265774, 3.743490479478119, 3.5214302624652922, 3.2481602536608025, 2.9396735130639158, 2.4809386048197966, 2.0130452488877806, 1.52758247737511, 0.9028161064168169, 0.9052678655999813, 0.12022086977435184, -0.26566245930078625, -1.0846978336230255, -0.3669632634614284, 1.0809151176430043, 1.0199116167134674, -1.6885704596472468, -2.5974973642354566, -1.4338311016284198, -0.44831276198667314, 0.7864151073083795, 1.1387310131433521, -1.1616118082732847, 0.17781282820971517, -0.3974452956777322, 0.3088769748405265, -1.2421362769248911, 0.9311441000946793, 0.8960704567642747, -0.8550935413485948, -2.259383226349309, -0.637156247769302, -0.705716071742276, -5.217881512113806e-2, 0.5653501874043675, 0.4222377239324199, -1.8412530008818948, -0.20210177857696177, 0.9487833562549817, -2.5531439320356277, 1.808294274868311, 0.7747686840625972, 1.0193857830330793, -1.8643266471322189, -0.21532609760528965, -0.7975878685248953, 1.5858894530989511, 1.0418002336336873, 0.8157817102562842, -1.4358394739391183, -1.042669094380622, -0.6907101865711135, 0.21934675005136534, 0.6594102215950816, -0.45214805018329823, -2.163186231445937, -0.6901396890337052, -1.637550246818904, -0.42003110889576417, 0.40818444820826555, 0.9955943166829593, 0.6002116101997153, -1.0976677323852018, -1.237602655851308, -1.271361837585264, -2.610749195755785e-2, 0.604751413871807, 1.2507883765226435, 0.12243744391914996, 0.11199194608525259, -1.8877372703975703, -0.541111536113289, 0.5419420568214232, 1.201676413582792, 0.6465916301057281, 0.9018227846045503, -2.4095901685331578, 0.5483191069160919, 0.6989275577452464, 0.9340000449955781, 0.3759351710532558, 0.27807250313706583, 1.519666591639391, -0.40133955624639805, 0.3786513518236428, 0.1966744436348933, 0.2478966257850618, 0.42733889927385144, -0.11816437692035986, 0.7002303288997539, -5.0205787698898795e-2, 0.7700812861448938, 0.8569387713506081, 0.9481865828231091, -0.5085056417176682, 0.12663641370364417, -0.9067389207868936, 0.2939458109697868, 0.8662709845515785, 1.5574384553786613, -0.5485501571824437, -9.423206884988487e-2, -0.7769125715107563, 0.8288528056084383, -0.2542301179228155, 0.3091715630754416, 0.6112435179386596, -0.32088671602999186, -0.42670467332521933, -1.5291176858945434, -0.519303321341579, 0.3810566392683218, 0.917971528049157, -3.5993416808969135e-2, 0.7984709493888752, -0.6834082250161108, -0.45827799742157, 5.2451299872650306e-2, 0.9388091927204079, 0.8766537294211739, 0.5741766910446392, -4.059365622278302e-2, 1.144911606231751, -0.33515239617998155, 1.113189030257438, 0.789052529113983, 0.9123229428785506, 0.9271927877127817, -0.6695948406255698, -1.1938319757026596, 0.5994706511783848, 2.8744207419974452e-2, 0.4910990980701449, -0.2400782444490454, -0.6862344878196365, -1.9509014291633342, 1.335762864631846, 0.2239306486352726, 1.030270299151311, -0.20154772476743701, -5.125778569713687e-2, -6.272386756933417e-2, -1.9627646344702225, -1.5530693168384202, 0.859594499595681, 1.2133088493161606, -0.3473584077201717, 1.5487981044680479, -0.2543979047540429, -8.678763602224737e-2, -9.164820869816412e-2, 1.2870225371332573)
