seed <- 145
log.wt <- -14.393008321670287
penalty <- 2.8115950178536287e-8
intervals.send <- c()
intervals.recv <- c(56, 112, 225, 450, 900, 1800, 3600, 7200, 14400, 28800, 57600, 115200, 230400, 460800, 921600, 1843200, 3686400, 7372800, 14745600, 29491200, 58982400)
dev.null <- 358759.0022669336
df.null <- 35567
dev.resid <- 226461.24326937378
df.resid <- 35402
df <- 165
coefs <- c(6.472739005312466, 5.840356530874324, 5.6391840829925455, 5.306687694615509, 5.00702010669506, 4.83468081678186, 4.669904549314104, 4.541450488198219, 4.302082040027461, 4.221742382087324, 4.295676979786187, 4.130962156703748, 3.9521078674620034, 3.943126996862375, 3.734381418245079, 3.489581889511197, 3.2000780939361713, 2.8515797155202547, 2.409558414180454, 2.0507218068385002, 1.508147710043103, 0.969056942169425, 1.1054187915954754, 0.7309709719122206, 3.82160321464181e-2, -1.1016970265533859, -0.2676280272775743, 1.0526839308928684, 1.1279146443271535, -1.1051023618605456, -2.250317210740521, -2.5681036573038316, -0.2342216331481302, 0.8530231878866112, 1.2955348416241634, -0.84992648377629, -0.8767794509310833, -1.0134886619160643, 0.21345319233120028, -1.3299677356938386, 1.0299106775423552, 1.080932102741292, -0.7655815338692282, -2.3935904031900708, -1.387304663862535, -0.7731724492353491, 0.1846635446174313, 0.3625973046716959, 0.1382285543569511, -0.80214418566699, -0.1011345703262564, 1.144988023485982, -2.3188048874240357, 1.7536621473786869, 0.8767029655735147, 1.0590457342055928, -1.3740398539353018, -0.3709962101271833, -0.6290465761267262, 1.1070037932246026, 1.6074603068959963, 0.688613630218691, -2.29740824585963, -0.8989815432780204, -1.15058567808345, 0.2699035301919121, 0.7742443557879256, -0.40039321358154345, -1.3381346074580165, -0.7446429597508198, -2.249549234357397, -0.4564106795170625, 0.34589888734273055, 1.038788518687597, 0.657139014679948, -0.9014080448703025, -1.3005329195390867, -1.346964833470134, -4.480414328936903e-2, 0.7885269813624027, 1.1540777279833825, 9.501783695337422e-2, 3.943006487532857e-2, -1.5939078496722587, -0.522720956056775, 0.6243205025315454, 1.2847879819665489, 0.44750479132461174, 0.9688286239762419, -3.14084340959187, 0.288617301440517, 0.8755709082742185, 0.8545385388842538, 0.3771660609932727, -0.22698910157641106, 1.3677388851210202, -0.3851272355191512, -0.16356152155792492, -2.17506882784016e-2, 0.20908747251641865, 0.4815042025835527, -0.42978733842050154, 0.8251801163889778, -0.6901402756986885, 0.8006117163216874, 0.8769674723605964, 1.1856657575074805, -1.2900516358415237, -0.2237478232594947, -1.0373754124447985, 0.4868923230719958, 0.675887228468768, 1.6627552728203379, -0.3190061534621239, -0.28997664361927084, -0.47327090519918763, 0.7585185428206244, -0.18618525944469774, 0.3412087339754282, 0.884728602798286, -0.4773627595629613, -0.4497196841270297, -0.9636394156408863, -0.5739491526685817, 0.3699455330533409, 0.9496973233797295, -3.105851825369657e-2, 1.1314559185357047, -0.8520211345533485, -0.35926307275617136, 0.2686373994820381, 0.9449646470760267, 0.9141437027470651, 0.5347956273101678, -0.14133838356295086, 1.0880569114437535, -0.3923493413764421, 1.1586606723851194, 0.6536355601472492, 1.056879245722923, 0.7118629173189115, -0.6637300405732748, -1.216299237496807, 0.7299559035241722, 0.214210179332555, 0.6451976821399471, -6.72747716078493e-2, -0.5906829053099453, -2.064129929673953, 1.368297844489225, 7.302928832349888e-2, 1.29799141088219, -0.2234024393977014, -7.324150847573618e-2, -9.867498412005957e-2, -1.9376634595208948, -0.7724194374922727, 1.036270531378315, 1.2179015905037394, -0.3232189763117573, 1.5855438017940144, -0.2394495237608801, -0.1096715378895333, 0.316028255990403, 1.1295148890261828)
