seed <- 378
log.wt <- 0.0
penalty <- 2.8115950178536287e-8
intervals.send <- c()
intervals.recv <- c(56, 112, 225, 450, 900, 1800, 3600, 7200, 14400, 28800, 57600, 115200, 230400, 460800, 921600, 1843200, 3686400, 7372800, 14745600, 29491200, 58982400)
dev.null <- 358759.0022669336
df.null <- 35567
dev.resid <- 226749.5429283091
df.resid <- 35402
df <- 165
coefs <- c(6.787918875507287, 5.663865766971524, 5.702478809059691, 5.2357958902290465, 5.0999008329650275, 4.713344523953898, 4.756886893652098, 4.593489306976032, 4.30464641258111, 4.2523021379866135, 4.295710865348323, 4.107568548882239, 3.9814522178260137, 3.9526797870237416, 3.7241035222170042, 3.5168557217192933, 3.249251079766757, 2.9171375630178433, 2.4679620081816616, 2.0432332105325366, 1.629976735450564, 0.9207304978795123, 0.9543030867080555, 0.26025090364339154, 0.5804980571736094, -1.323932658447874, -0.18927032540030986, 0.9927938242418246, 1.072937539538437, -0.8282157649452977, -2.2928815561191827, -1.7001296328249074, -0.6748864204105787, 0.7379599310543604, 1.2525898905533197, -1.403268706452166, -0.2430361154318972, -0.9355555516875785, -5.857527854680166e-2, -0.8414389439363674, 0.9639112316460393, 1.1221810152959364, -1.0634496373404334, -2.6085840743793183, -0.71731209689828, -0.5493280307749587, -0.33469121674714064, 0.4386950525157401, 0.26716371716081827, -0.4106704455447355, -0.29019477594123394, 0.9900549805543933, -2.498782904149531, 1.7760165823743073, 0.8811964872831323, 0.9714998069276797, -1.7173852245695758, -0.4583505456176284, -2.2240404609228222e-2, 1.3615192823600701, 1.3263863313933104, 0.7629851936001494, -1.579590210321249, -0.7201347725649666, -0.48651436496001077, 0.1313317772955067, 0.7053339313174339, -0.3759693584388927, -1.1658723361356549, -0.4894257167114361, -2.4326800651468803, -0.44393075625222106, 0.39215585371056066, 0.9607614716639509, 0.6447944380427244, -1.0431836205386784, -1.3331797779030914, -1.6233373724798805, 7.346001377847104e-2, 0.6922488252750681, 1.171044846603596, 0.1864917639388073, 2.8268470696553645e-2, -1.4084178926808302, -1.0212681719182675, 0.3767926771500387, 1.1785439572015932, 0.19274365987018496, 0.860236630135184, -2.461275136850594, 0.3765683162671155, 0.6664028368770514, 0.7827903198977009, 0.37019507053836775, 0.11691933883683767, 1.4174346185934783, 0.32000523607691655, 0.41528309895131915, -0.18932208662752406, 0.12085571724181596, 0.4749940685740594, -0.6300920952931108, 0.8392871263251175, 5.84809441630831e-2, 0.7205496998549079, 0.8002220227150474, 1.1311724839350026, -0.4960136083374543, -0.341304987003033, -1.4982762297909962, 0.5951368227764559, 0.6412483899335942, 1.6502100737616336, -0.5377041183143357, -0.21568203207822745, -0.9783031868930944, 0.757186259716171, -0.3854215156036029, 0.49740674699594567, 0.3851698385030233, -1.0415389692881236, -0.12496668628948344, -1.0674654815444706, -0.6006512995786795, 0.29673635724884034, 0.9483460668094377, -2.268091831226863e-2, 1.112395530972253, -0.758584155993211, -0.5367126429165289, 0.3173695117869501, 0.957039547947587, 0.6195837493295254, 0.4596511931526122, -0.13186851372864622, 0.9918328964718275, -0.32534522283985995, 1.018041763328848, 0.7017622309827071, 0.8848373882657969, 0.7034642204878957, -0.6253130194448014, -1.1715637376405403, 0.6397229366253653, 0.26502207505315706, 0.5613651316515607, -0.1617595264754386, -0.47435718865952103, -2.240228819195416, 1.2395548031249137, 0.1413641432745818, 1.2017293012472163, -0.2610378817873661, 2.8952184942648652e-2, -0.3368541053688505, -1.7082012164659859, -1.1236667762565735, 0.7565628055909935, 1.2495709805649322, -0.24976364303542803, 1.565025188143665, -0.15484752034585725, -0.12427810537845156, 7.539161880816461e-2, 1.1600427692342896)
