seed <- 731
log.wt <- 0.0
penalty <- 2.8115950178536287e-8
intervals.send <- c()
intervals.recv <- c(56, 112, 225, 450, 900, 1800, 3600, 7200, 14400, 28800, 57600, 115200, 230400, 460800, 921600, 1843200, 3686400, 7372800, 14745600, 29491200, 58982400)
dev.null <- 358759.0022669336
df.null <- 35567
dev.resid <- 226266.01621214065
df.resid <- 35402
df <- 165
coefs <- c(6.563807491005254, 5.886066248155161, 5.762585886882215, 5.283843416457611, 4.919809536850684, 4.784869282543739, 4.766482267970787, 4.65106977981592, 4.312810608759268, 4.258712346779237, 4.293861256463928, 4.17449868722463, 4.060014885145819, 3.9512341657316576, 3.7672552865093984, 3.546263610992469, 3.2473768312813522, 2.9627411147775486, 2.5187265981887497, 1.9916304755678882, 1.5956524888430414, 0.8965296314440652, 1.0792135059046342, 0.3486164683466874, 1.679169452846353e-2, -1.7268681418780458, -0.5044811905397623, 0.9790980592502493, 0.9904328168050895, -1.2186163366872427, -2.100570517718761, -2.2288577001745358, -0.6440897220050799, 0.695038961583303, 1.2892293987917174, -0.7627318555727257, -0.33387931343757243, -0.9954394908612937, -4.283041580267587e-2, -1.2110547953175506, 0.8643111564794388, 1.1088799777438536, -1.1522277470118112, -1.7600847259914973, -1.3058443976820058, -0.7026772629090117, -0.9920443773522359, 0.17148416485053955, 0.6188838221870847, -0.5860858826457612, 9.3851323232687e-2, 1.1554741693455353, -2.287581033686852, 1.6771902768280247, 0.707945854369119, 0.9522767170256143, -1.8342811225691893, -9.57412513820672e-2, -0.7576777777486542, 1.3876569805430596, 1.3617169554645943, 0.7910769558290492, -1.351660973658129, -1.0436045060171177, -0.4686279462243697, 1.9585082736640974e-2, 0.6032923202528517, -0.4202121456782284, -0.890397043948138, -0.5627448083682568, -2.0137612880625158, -0.7136107685898817, 0.628682557716403, 0.9789482842899755, 0.8535160882874296, -0.8515082094016014, -1.2819490969037908, -1.3850690881806151, 5.651022933045792e-2, 0.6259019915483937, 1.1857199832537875, 0.11941778444761453, 0.35577401804042447, -1.8965550770881738, -0.6926928601337203, 0.5383437671351029, 1.2812590796076748, 0.6001114271739539, 0.7842364395596495, -1.8932923575860094, 0.4612133271294439, 0.5457549907352811, 0.7164687860532827, 0.4066104901010187, 0.45713030565019835, 1.389055049648393, -0.3554520125865398, 0.5167886742165164, -0.10029478946075399, 0.14292762024676126, 0.23579842492199068, -0.24020476612411648, 0.7018173173254438, 0.3600023685257318, 0.9790568935354033, 0.7792631772797299, 1.0628630427321233, -0.9650151777140091, -0.4555871453607995, -1.294540472847461, 0.3196384940104462, 0.5699585390181834, 1.5114198042970515, -0.7241338887402541, -3.074559611739183e-2, -0.7605197291638953, 0.6865242623807942, -0.2944473585336081, 0.5236295459112024, 0.7886423663046387, -0.2063923699254012, -0.3497891824519909, -1.4118954552935872, -0.4312119279372868, 0.2466682627525553, 0.8685590492221191, 5.9026107083426704e-2, 0.8319634600446092, -0.5016063884566221, -0.5146578271631141, 0.3186105015137298, 1.0405085312286608, 0.7724476446953178, 0.5807514193110024, -4.920195497362834e-2, 1.0614685282469842, -0.46254993061093747, 0.9246786163280516, 0.730682898859709, 0.8283938385414882, 0.8083784325402138, -0.6784860456060279, -1.2597250304384717, 0.7468264570990774, 0.2728444540644705, 0.6416977655278778, -0.29975420806665287, -0.6289133592722379, -1.6012041954410068, 1.249338271569422, 0.20921704006522737, 1.1187486611917972, -0.333863104550474, -4.810549089368228e-2, -6.324184494215858e-2, -1.5348771390562765, -1.6273634272123207, 0.9051163043750349, 1.2118540026569031, -0.34274554533585067, 1.469045298051353, -0.3869148371099943, -0.24616123356762365, -9.33677266047127e-2, 1.133933421448041)
