seed <- 272
log.wt <- 0.0
penalty <- 2.8115950178536287e-8
intervals.send <- c()
intervals.recv <- c(56, 112, 225, 450, 900, 1800, 3600, 7200, 14400, 28800, 57600, 115200, 230400, 460800, 921600, 1843200, 3686400, 7372800, 14745600, 29491200, 58982400)
dev.null <- 358759.0022669336
df.null <- 35567
dev.resid <- 226762.8292980991
df.resid <- 35402
df <- 165
coefs <- c(6.565496465893954, 5.895089344100779, 5.659273989558366, 5.358599598824139, 5.091318229800197, 4.857499373043105, 4.681102328261127, 4.632757617844498, 4.363241710904923, 4.180967902883708, 4.225444712144356, 4.114376221842504, 3.9529131250755714, 3.9425516934773492, 3.7130828202030117, 3.506899189309275, 3.2206655871762644, 2.9052679145855786, 2.5233839701225143, 2.071069542330318, 1.4301954487197972, 0.9152609855595014, 1.1460965433103014, 0.4812231821202749, 0.6600475783481806, -1.065325075646758, -0.3908132107810523, 0.9429642379753083, 1.0881612116737494, -1.145999897166572, -2.32198837017751, -1.8706543311127775, -0.46489102430496393, 0.7809504998349726, 1.4117799769409387, -1.0745591286428366, -0.2836404280836104, -2.036438630739936, 0.22952019419317052, -1.0586671136822083, 0.8725421870799133, 0.9372933834488324, -0.6897890018078252, -2.4095909249208076, -1.1043949161749178, -0.6629430542221896, -0.6423327287396278, -7.124201260751241e-2, 0.6907388981489758, -0.35127243564943705, 0.16585890189190897, 0.9920621617984167, -2.3112279571765373, 1.7241213927533647, 0.8340200893940102, 0.9571417944866937, -2.1398467846839346, 0.15354380361311393, -0.5906775735953512, 1.2860143766209415, 1.0062697311967306, 0.5961737020834922, -1.7709781896303882, -1.1175111135270315, -0.707399794010194, 0.4459930365356798, 0.542384796713595, -0.47362464684930733, -0.7704734843413473, -0.746285969578917, -2.358262526162656, -0.7272722014703177, 0.7866962305202065, 1.118268224174749, 0.6380023062989507, -0.6603032949747663, -1.2638964421228969, -1.1031239806105535, -3.0662151349709482e-2, 0.5786019403276345, 1.1338476707558756, 9.238440160174183e-2, 0.18517746648356334, -1.524673722420738, -0.8925268068044646, 0.4266212572392485, 1.266565025320326, 0.47754890370420777, 0.9052781927784751, -2.4373565508242074, 0.5233318127863926, 0.7810560727660827, 0.7501890361109492, 0.2871710886680135, 0.2650236833850191, 1.187049197216349, -0.3232433893296004, 0.18133887039323404, -0.4714375478776917, 0.12921879215749632, 0.2489849611122438, -0.1565894980556751, 0.7493464166001985, 0.12415327145297692, 0.7009884721922712, 0.8636622065912476, 1.1964585172191862, -0.2156195999291156, -0.2375019459998251, -0.6544854528418356, 0.4567189339207747, 0.6642117336727364, 1.6179796787643064, -1.1929119197071645, -0.1818520706368213, -0.9330693680179815, 0.8048716553838303, -0.3379853073978237, 0.4883921338925344, 0.6501813154529937, -1.1755321659412699, -0.3057562990573016, -1.3295469588057978, -0.5741138371486004, 0.3516240175401379, 0.9272389253571006, -2.4195994208833484e-2, 0.9032696852353367, -0.7882726243123247, -0.5503667854105676, 0.2746987745281913, 1.047071630883958, 0.9399955228878013, 0.5360800539056482, 0.1824790730634599, 1.0516808651407532, -0.349496284750203, 1.0532178366397986, 0.6916954242292741, 1.0284191730863814, 0.8384420306512181, -0.7280908585894718, -1.2763880658878033, 0.8140301201185698, 0.4275032414657133, 0.607623281533227, -0.17227628045189017, -0.7745590605518217, -2.0040824106785564, 1.3020549162458939, 8.419277417394912e-2, 1.1870929139158326, -0.13134412958200956, -6.730101066982998e-2, -9.996620137432191e-2, -1.8522031573425706, -1.5988064664088626, 0.9471725046057299, 1.1959077528581084, -7.253227456446688e-2, 1.5515326397893312, -0.35393764461660326, -0.17648372571669455, 0.12720441962995085, 1.170884098305351)
