seed <- 247
log.wt <- 0.0
penalty <- 2.8115950178536287e-8
intervals.send <- c()
intervals.recv <- c(56, 112, 225, 450, 900, 1800, 3600, 7200, 14400, 28800, 57600, 115200, 230400, 460800, 921600, 1843200, 3686400, 7372800, 14745600, 29491200, 58982400)
dev.null <- 358759.0022669336
df.null <- 35567
dev.resid <- 226770.5587081832
df.resid <- 35402
df <- 165
coefs <- c(6.72960298426523, 5.980238061364898, 5.551581954045414, 5.320221210344231, 5.1572874206547255, 4.890823096126157, 4.709005087885623, 4.610168975579826, 4.3409459093657965, 4.251606722484382, 4.339881227362271, 4.184772140297325, 3.9916162226525813, 3.9389682889562816, 3.748640827530844, 3.53278749973893, 3.2225846502199476, 2.9355043577330515, 2.5031248432650486, 2.0240893195086818, 1.6940382941626355, 0.8107683818208099, 1.1028888549494869, 0.5778719708443757, -0.2223782151467034, -0.9662426816068135, -0.2679284574133167, 0.7806197571311277, 1.1515008734075167, -1.1440729888758088, -2.4704757256899628, -2.353005478364934, -0.31915900277555276, 0.7467014623730991, 1.260770059844896, -1.1475448631991227, -0.4661774351345759, -1.6894050194863606, -1.503564913211513e-2, -0.9005813521738224, 0.9463255272326647, 0.6750800925289796, -0.6097377434477055, -2.3725684331597834, -0.7412557565198844, -0.6157544869542227, -1.2149983442125383, 0.11021190843835864, 0.7049231507559023, -0.5194270936119213, -0.6450332005171869, 0.9584062701278404, -3.009592784856388, 1.66883514562144, 0.7644509176258071, 1.1058100662356716, -2.229634769377368, -8.840878470312873e-2, -1.604896319407502e-2, 1.43526920618689, 1.1167411866550119, 0.8791804688981687, -1.5650046266818554, -2.6399173675235463e-2, -0.4715521212635992, 0.25179774786947756, 0.6175894415531412, -0.6369642032413041, -1.0765260268172727, -0.5175583833593128, -2.608590500319075, -2.3502927969900847e-2, 0.8951546834082484, 0.9914614074101983, 0.7993904945639619, -0.9670155935953164, -1.2659010505555153, -1.0084255476221289, -0.1662613812089698, 0.7226198057559493, 1.1203429107202945, -7.140280372757111e-3, 9.677393316398286e-2, -1.8970165239477481, -0.8804365107810452, 0.3692315053773884, 1.3552423078122144, 0.16330195001583295, 0.8525396691766035, -2.3426070124727, 0.6354918101102313, 0.6887417423821071, 0.7667397511261065, 0.44662342942163397, 0.2660959237687625, 1.3038426516339716, -0.5951935831689267, 0.5512905483754628, -9.126724610747536e-2, -4.905231886261018e-3, 0.4725700873406376, -0.1717162546201987, 0.8138159157887828, 0.3313265733772047, 0.7154214952985134, 0.8119544090611182, 1.1952623408521093, -0.8746866504118034, 2.734157509147145e-2, -1.0263378044309759, 0.5092193342868576, 0.510458796453102, 1.6160336944661893, -0.6591684219438172, -0.21095516562665834, -0.9830342876306793, 0.6980660898197184, -0.3435931987033266, 0.3942795022335807, 0.6837571811637218, -5.42710287853601e-2, -0.42071548642471, -1.1967870956373048, -0.42519571726985556, 0.32460494218831526, 0.7558392117888916, -0.1137279574760213, 1.0529047049769515, -0.5601089756717175, -0.4303275702401181, 0.46676921271285315, 0.9621120386820086, 1.0168837739814773, 0.49248456638121646, 5.62434018693616e-2, 1.0247337937454535, -0.36756081322392503, 1.0166336452592848, 0.6860262722303734, 1.020370112598627, 0.7443224227274873, -0.700876654592399, -1.0183742205419226, 0.5881763120084358, 0.45860106615820684, 0.5352392063407091, -0.15953577080332193, -0.5979190202320992, -1.842356762586088, 1.2509395500762859, 0.23871133209583556, 1.2796148346146234, -0.2169159254373673, -0.1123883237514952, 7.51722007419683e-2, -1.7184903034291916, -2.001188663033716, 0.8032403827775597, 1.2204965077601446, -0.5155044786407545, 1.5933887386736976, -0.2931351676097731, -0.18492771595480617, 0.14418456245554248, 1.098707786907071)
