seed <- 118
log.wt <- 0.0
penalty <- 2.8115950178536287e-8
intervals.send <- c()
intervals.recv <- c(56, 112, 225, 450, 900, 1800, 3600, 7200, 14400, 28800, 57600, 115200, 230400, 460800, 921600, 1843200, 3686400, 7372800, 14745600, 29491200, 58982400)
dev.null <- 358759.0022669336
df.null <- 35567
dev.resid <- 225246.1759584395
df.resid <- 35402
df <- 165
coefs <- c(6.749839783601545, 5.9814054654229345, 5.696543981861058, 5.3578648522037255, 5.070791397425103, 4.866146664396606, 4.837455532235924, 4.638391811231509, 4.38082419282684, 4.284482088160348, 4.362100455347272, 4.180106118827482, 4.016626379819157, 3.943699964836588, 3.798267586147483, 3.5584252540480965, 3.2645089647187033, 2.9762043173420594, 2.5159686661315512, 2.0569163531009553, 1.5652393983604946, 0.886248643375428, 0.9171768651380977, 0.2573064879130204, 0.6233548755910416, -1.5960739853067218, -4.916661150221459e-2, 1.0650716946723369, 1.0480767009117253, -1.4160237213950084, -2.2444925468387167, -2.1874123810966073, -0.5117839102012316, 0.7823711556613463, 1.2101924425332007, -0.8398320849067213, -0.9574154993610557, -0.17834173366645825, 0.13478713219869093, -1.213434091676173, 0.9380046205911873, 0.9938158900665489, -0.7703550884907949, -2.3805915084236013, -0.7792313249240166, -0.7124807579185305, -0.20980022916681595, -3.446386065367872e-2, 0.1991963204022092, -0.5074107973097117, 5.2100140852737585e-2, 1.0569213609417116, -2.0907965345079678, 1.7718173104679211, 0.7201003392551826, 1.14737653695232, -1.8449876910790592, -0.24846724711290907, -0.46336075829889417, 0.7029217785617005, 1.3089423177845556, 0.752376857490281, -1.9672601774446288, -0.8138202659612768, -0.5304465645850687, 0.42924531557172246, 0.566136242785235, -0.8000708150407291, -1.9406770096165782, -0.6388639340582837, -1.7829387079923316, -0.296281144308316, 0.915222212024964, 0.8908593579229606, 0.7866095664057695, -1.0706791051748188, -1.4201721636891935, -1.0496594484806516, 0.1259110430986171, 0.6267361491699573, 1.1991472795592224, 3.620998546804246e-2, 0.2371730705507357, -1.352033613135639, -4.22097298715218e-3, 0.3111942327167535, 1.2260277336645513, 0.581923995869071, 0.8367097815506167, -2.395449692894122, 0.5856374096996875, 0.8689387277567968, 0.8011386364414421, 0.4011016532507071, -0.3171143119099822, 1.1664090606635915, -0.8617974454887202, 8.794328505992816e-4, -1.5252208722281375e-2, -0.570421081905872, 0.20589920007284795, -0.8417629124816473, 0.6523492913712282, 0.1440546673806256, 0.7433073706413996, 0.8563577825184725, 1.0597405670712616, 3.572605905642993e-2, -0.6223739615246275, -1.0643290410427124, 0.4412055702457476, 0.7314685032163466, 1.5763052665077562, -0.7118153146597542, -0.14770977696881296, -0.5646336434138283, 0.8124612575360559, -0.26186296955047406, 0.568994580970086, 0.6433474645143421, -0.39533762672187267, -0.34810262977707473, -1.577607440073949, -0.556176141438303, 0.2923129678002604, 0.9942362372189038, -6.131796935529477e-2, 1.0089647611496035, -0.49616525128530137, -0.3977412957313357, 0.19679801331350213, 0.9648691702164248, 0.9275279610412882, 0.4380319828353399, -8.931767088214018e-2, 1.1501359310329455, -0.40885521599659064, 1.095185540101268, 0.7315171950388407, 1.00471323148425, 0.8057451756069666, -0.6081818426720331, -1.3791812196340159, 0.6113034864794034, 0.4369482756167156, 0.5138449289875607, -0.1867677965440926, -0.4399282167189339, -2.021195493993927, 1.325289280156248, 0.11577212146356071, 1.141428926048483, -7.616086906989306e-2, -9.469117323051855e-2, -3.7680312574890636e-2, -1.8592728044005606, -1.5700464563773364, 0.7870713942992074, 1.2446417618017682, 7.893741714295323e-2, 1.574157435338353, -0.19487848367149654, -0.2735482610586669, -9.504651967290752e-3, 1.2872063363908963)
