seed <- 463
log.wt <- 0.0
penalty <- 2.8115950178536287e-8
intervals.send <- c()
intervals.recv <- c(56, 112, 225, 450, 900, 1800, 3600, 7200, 14400, 28800, 57600, 115200, 230400, 460800, 921600, 1843200, 3686400, 7372800, 14745600, 29491200, 58982400)
dev.null <- 358759.0022669336
df.null <- 35567
dev.resid <- 226063.12793286113
df.resid <- 35402
df <- 165
coefs <- c(6.635112739630707, 5.66199913459466, 5.682537110189035, 5.3216082912468075, 5.077575975762084, 4.913199311097355, 4.825012643374545, 4.653826521225183, 4.342228455433994, 4.243577839398673, 4.257537960406004, 4.184474573691965, 4.003343287187072, 3.9704142286127992, 3.7821654305626162, 3.517014387128019, 3.2598595549237808, 2.96612791793645, 2.4892484171897533, 2.0614355457861504, 1.355794995589105, 0.8858339992139973, 1.1277904815767112, 0.31548779868658267, 0.7960767062262527, -1.009006079538134, -0.12532678409959175, 0.8862133413407794, 1.1167742169369106, -1.2612676478170384, -2.395344480569115, -2.168126486688385, -0.28464650273387393, 0.7117246938047556, 1.266924332794977, -0.8901468437853256, -0.6010301326302522, -0.45140602974449784, 7.676051554135044e-2, -0.5899221662383295, 1.0216174187695313, 0.9423388055186994, -0.7914704657394191, -1.7349306707278753, -0.8310813683447944, -0.9608281298841395, -0.4846557753047764, 0.5459678186507539, 0.45766027974944473, -0.9489167580429233, -0.39077589096086446, 1.1058032150304806, -2.7176690831708226, 1.6769156118774728, 0.7687437605193225, 1.0497983471681016, -2.1197919103840563, -7.498171721500224e-2, -3.154401184952983e-2, 1.2903120755792825, 1.0719841501103997, 0.7694886025318257, -2.2394165496142584, -0.8866248969746902, -0.8900548640020078, 0.10227120845125123, 0.674011894443868, -0.8709196552965244, -1.5836096252342726, -0.5421495139684724, -2.5669339961271875, -0.37467717704004, 0.5015168799360483, 0.8950368261467946, 0.7725346482226544, -1.1877954145274943, -1.3323568001902537, -1.110592136915143, -0.12829790460142193, 0.6126218244511302, 1.1939819152297781, 1.9895738151085526e-2, 0.4369335790704742, -1.3898722833429586, 8.091458810975875e-2, 0.28351474817685574, 1.311567528399591, 0.45356032807383145, 0.8926633535503378, -1.827487796834756, 0.47812223489452876, 0.7463737810041989, 0.8592389264979606, 0.30818029080998377, -0.5035999955615795, 1.379809806342274, -0.935338917305974, 0.33669752284711624, 0.11153423257820527, 0.22696175185743014, 0.4336439430932466, -0.1736728298258988, 0.8618484037021397, 8.350956586357943e-3, 0.5719648524484297, 0.8452859455348809, 1.1580525830144586, -1.0906492078371663, -0.22265463154417695, -1.059466731207255, 0.4083379833868706, 0.6425072890638344, 1.6255345843068951, -0.9407904049786828, -3.102713372666704e-3, -0.9688556620273415, 0.7913298316927172, -0.22175834863192279, 0.5338764081840527, 0.8161358774581604, -0.6050125834505191, -0.6135815467048767, -1.0886479476764015, -0.5987374780913144, 0.3315248773670834, 0.7497505086408072, -3.327928342868516e-2, 1.0576410097631623, -0.6568833422469569, -0.41693603788801836, 0.4169921056950569, 0.9045732332881018, 0.849758703765809, 0.41125070471340947, 0.1812274187849195, 1.164714565597664, -0.276849914960834, 0.9350613851367362, 0.665628895392481, 0.917608463680447, 0.8099858698232046, -0.5682649009856405, -1.2376265967354991, 0.6784318476146197, 0.31355231023542113, 0.5754759993273797, -0.17317045082605245, -0.5372177419840954, -1.8188272518531188, 1.2024917556720882, 0.11783040648373831, 1.1911516812158773, -1.59129936235786e-2, 1.3997981058540864e-2, -0.11620911475723893, -2.185372945614333, -1.707427353202238, 0.8109127414942298, 1.155375296263463, -0.6794627931481055, 1.6139995201531656, -0.29501845892563217, -0.21469074772469224, 0.1592864108708882, 1.265424346875468)
