seed <- 266
log.wt <- 0.0
penalty <- 2.8115950178536287e-8
intervals.send <- c()
intervals.recv <- c(56, 112, 225, 450, 900, 1800, 3600, 7200, 14400, 28800, 57600, 115200, 230400, 460800, 921600, 1843200, 3686400, 7372800, 14745600, 29491200, 58982400)
dev.null <- 358759.0022669336
df.null <- 35567
dev.resid <- 225472.3943441972
df.resid <- 35402
df <- 165
coefs <- c(6.624776871116541, 5.800476938188483, 5.775685950373351, 5.331933513293831, 5.048360196395684, 4.8036889736305675, 4.807596451378362, 4.668324410990442, 4.333754604501887, 4.269224036367204, 4.302253100717013, 4.1915532569034175, 4.06808654101538, 3.972207736053021, 3.807235652527227, 3.5325601615865123, 3.255795928613257, 2.948259984165659, 2.5030370443448553, 2.1448613248593653, 1.4627611913286314, 0.8817467778043598, 1.1230693695039107, 0.4210880187156641, 0.7766971639712755, -0.8543778190895714, -0.301347515721667, 0.742049434628659, 1.097595704130666, -1.4912066206067385, -2.989306500910842, -2.1859705203130666, -0.3023740971532965, 0.7010230806429343, 1.4150535820955674, -0.9044070779804019, -0.43612906570489707, -1.2240365054560807, -0.2201728104612237, -0.4404614471330928, 1.0739798088742787, 1.1406522445292617, -0.725028786936072, -1.7358822921247348, -0.8242509792029847, -0.7533490907569317, -0.19745127517887578, 0.36173349267530597, 0.727733320616002, -0.7814595370588328, -0.24284796324790248, 0.6177007259843538, -2.6644394646131424, 1.7097151036307698, 0.9130124121482668, 1.1312058863559908, -1.908668131305718, -1.498752495866325e-2, -0.6740029823396426, 1.1373240746818727, 0.780921784345719, 0.8230753094348383, -1.0432155531531953, -0.7548317283670414, -1.2003459265700933, 2.14781963077441e-2, 0.6522907542755798, -0.21347852487321659, -1.8098362824878482, -0.49765905893062645, -3.1926826841849967, 0.22367836918045936, 0.7155531747100577, 1.0170533421056556, 0.7525291963923215, -0.4640027733282002, -1.2566471411448707, -0.9819399827943003, -3.365707977566186e-2, 0.7289456901417741, 1.171335898409182, 9.856630567644054e-2, 0.38100411472761686, -1.8459073737086933, -0.582071299101807, 0.42465010477757403, 1.2455813500737338, 0.4895970384317587, 0.9723566713204792, -2.4748072766421125, 0.4870018285896996, 0.5737228958661172, 0.771232009892769, 0.3256580737002216, 2.078305508418368e-2, 1.091896785948805, -0.6868404142062867, 0.2794235753306621, 5.1330170213558495e-3, -0.7048241349779841, 0.5788812893115864, 9.829304221979425e-2, 1.0112741646451449, -0.10404908151735257, 0.8496512405090944, 0.80778945641804, 1.1802662365843715, -0.8761777294830344, -0.33791549351033234, -1.2278376994138558, 0.35021063308873435, 0.5743654401350242, 1.6412858614903065, -0.868954832090923, -0.16385160915862265, -1.1912126710837319, 0.7689875040061662, -0.23807730419107753, 0.5915223388092774, 0.8061447928245142, -0.6325197968703327, -0.3934558974243493, -1.804875798916724, -0.32841010321445047, 0.36539700528235136, 0.9277818981517346, 4.0523236304637174e-2, 0.8756473544447416, -0.6016238346628968, -0.4442029876692092, 0.33995882500261065, 0.8668524086482228, 0.5415995963158596, 0.47901229631314757, 0.1159307072623295, 1.0980556533051844, -0.364886830505879, 1.0257656668555093, 0.7475637491108518, 0.893081641844645, 0.7706430095975304, -0.7157590033133737, -1.0827553136758161, 0.6386680747607013, 0.11367572904535234, 0.5802690965601848, -3.832774054444196e-2, -0.47002040747840146, -1.8886785586179813, 1.2547464983301382, 0.20445628686881998, 1.210114976881223, -5.838614708096872e-2, -0.150748724421965, 9.523473357177971e-2, -1.9208938362634007, -0.980704699610616, 0.8776837339206299, 1.1814024782065575, -0.3592176979857904, 1.6455015810424878, -0.3615239378910356, -0.14427845516187393, 1.7874644377567063e-2, 1.1732898094789266)
