seed <- 614
log.wt <- 0.0
penalty <- 2.8115950178536287e-8
intervals.send <- c()
intervals.recv <- c(56, 112, 225, 450, 900, 1800, 3600, 7200, 14400, 28800, 57600, 115200, 230400, 460800, 921600, 1843200, 3686400, 7372800, 14745600, 29491200, 58982400)
dev.null <- 358759.0022669336
df.null <- 35567
dev.resid <- 226182.72241729483
df.resid <- 35402
df <- 165
coefs <- c(6.4337386598160675, 5.884564682619177, 5.7100880117239825, 5.29675486944589, 5.061918910110581, 4.847058477266412, 4.725513128840364, 4.657067133465086, 4.328237243346672, 4.249030900342748, 4.299870850418678, 4.177367939414306, 4.0114112518726825, 3.980768417172824, 3.7688378915960112, 3.537504785407766, 3.2090422641948138, 2.9598215320814356, 2.4769603852925157, 2.058689858947808, 1.5921141660114553, 0.8816959835776988, 0.9506227637945442, 0.1528259592753567, 0.6357854549172388, -1.1420718618926344, -0.15588381191179365, 1.0167659502853152, 0.9720593196413032, -1.0962369105497125, -2.0115373132179704, -2.5732368383707507, -0.24961229838663532, 0.778249217927727, 1.311972524931364, -0.9279641636137775, -0.5632118537957884, -1.2727225967799234, -0.18590809609743794, -1.024964416406562, 0.8840704851938762, 0.8435065634520312, -0.8474092825030038, -1.2533959987874208, -0.7499353479484686, -0.45400383012271883, -0.34146293735798555, 0.17218481695171503, 0.45129151377690013, -0.7620650214147141, -2.8573449888207574e-2, 0.8235180587231715, -1.9784358065737278, 1.719930175969098, 0.7258921002316572, 1.0189581811039676, -1.6836636154088929, -0.2291046841127155, -0.35490675912529396, 1.360761531586562, 1.2495916802275948, 0.5482060514219751, -1.787621310524469, -0.5194022161563078, -0.35551309203067594, 6.664523190424147e-2, 0.7038305158059683, -0.7964096756363311, -1.6192175863927776, -0.729712080884647, -2.0858316731115, -1.1641453421614965e-2, 0.632853574865151, 0.9185684549863378, 0.5797831438140528, -0.4877474279773615, -1.1487047537055692, -1.7669370118750412, 4.835951103159947e-2, 0.6226825686494724, 1.181027024333084, 1.106314446991072e-2, 0.14619129279580528, -1.882481141813428, -0.9228662828349687, 0.4082409601383525, 1.2252515453215445, 0.3181141893805075, 0.8374451274051951, -1.9753128265807984, 0.4308576912256549, 0.7906355238683763, 0.7825187920401645, 0.24896740932849012, -0.15140941642208858, 1.3435944105791486, 0.37804605079667747, 0.5466985382824018, -4.841304358459212e-2, -0.5095609479298271, 0.35108171316856335, -0.4156098205382465, 0.7383667073376238, 0.372568345122141, 0.7569149444071414, 0.841639367947288, 0.99419262155306, 1.702870700940496e-2, -0.337191157487123, -0.7248420524622847, 0.3806468815459573, 0.48109426736732447, 1.532070568134034, -0.6501414174940309, -0.24807195094679077, -1.1688123090731188, 0.7204675702602048, -0.17125484214060782, 0.4867565458575915, 0.387377294067661, -0.41209793023655455, -0.32348796545711295, -0.9493600182201587, -0.5216379468123978, 9.7108437269936e-2, 0.8947403264205507, -3.0605069626606432e-2, 0.872285828558392, -0.6918885636932233, -0.3420090192781745, 0.4043046353229798, 0.7389724027061019, 0.8223653148606995, 0.4069317506542471, 1.2008438892316245e-2, 1.076683335120852, -0.5028964318976195, 1.1662779451892744, 0.6694649724739492, 0.8271976846893779, 0.7117312223309213, -0.7313670171212517, -1.0854959968490376, 0.6061748845299072, 0.31955007087164206, 0.5539766918522296, -0.1878717373111662, -0.45437795598946495, -2.1296137423933326, 1.3428885015541878, 3.4974878036296446e-2, 1.155724280363118, -0.3334870327280724, -0.10416364959121938, -0.2749336013895254, -1.956833247857069, -2.254116435961503, 0.8425670506711298, 1.1459414579639786, -0.1984848896052674, 1.4413281757879342, -0.12975075745167516, -0.21412275984825402, 0.13180240951258457, 1.1751448911864375)
