seed <- 1051
log.wt <- 0.0
penalty <- 2.8115950178536287e-8
intervals.send <- c()
intervals.recv <- c(56, 112, 225, 450, 900, 1800, 3600, 7200, 14400, 28800, 57600, 115200, 230400, 460800, 921600, 1843200, 3686400, 7372800, 14745600, 29491200, 58982400)
dev.null <- 358759.0022669336
df.null <- 35567
dev.resid <- 226304.12647349428
df.resid <- 35402
df <- 165
coefs <- c(6.470832135272217, 5.962491933970026, 5.475201113620047, 5.3460716377167445, 5.1088576922425, 4.815496130542599, 4.733788747813633, 4.647408466722065, 4.416530713705408, 4.285693052207522, 4.311676343354158, 4.1606529870796525, 3.9953490228602684, 3.9227312369678695, 3.7820599908833548, 3.541587367176839, 3.220825111771105, 2.9225603126082604, 2.495403973502458, 2.036915965507149, 1.5537109899672465, 0.8934365742086108, 0.9750603694951617, 0.5073521979664048, -0.277922138862502, -0.6519717881319288, -0.16347117029204106, 0.98794010866384, 0.9452601102141575, -1.1474826718639553, -2.2318919148696734, -1.9406295054927605, -0.2756873453195444, 0.7802307858236698, 1.2515570452904972, -1.3783828927969504, 0.4744296640801335, -1.418773774231075, -0.12971391814081845, -0.3908818383358458, 0.8458549173790677, 0.6716847461159511, -0.7665295591152651, -2.070835941523967, -1.3055374040419725, -0.7900254216086205, -0.41670967284612676, 0.32242533590973566, -0.21727440257951225, -0.6605597999462252, 0.36028829302290294, 0.9297787424630508, -2.1392652638939236, 1.7591963239553634, 0.7056818548995296, 1.1633842265398673, -2.061127433770175, -0.21262223322740922, -0.3493558692145283, 1.5082741340004204, 1.0134111684107703, 0.6847143846218413, -2.1622303465511257, -0.874716105177041, -0.5480986977774912, 0.14908159212032285, 0.6315492055909135, -0.6887304330924028, -1.5520624469617659, -0.7681120292693858, -2.211694022857116, -0.441383443527248, 0.4655315003787053, 1.0499403922915354, 0.5808369157816784, -0.5991858888541445, -1.5782289001048662, -1.3867830025434844, -7.161580412664718e-3, 0.7577446462649172, 1.1771334748044293, 0.14122210345376626, 0.2680020457400743, -1.6369441619216731, -0.3503412733087596, 0.41963824170270425, 1.2984048171968847, 0.45559774490422295, 0.8075782700531486, -2.111403316934645, 0.48399433312845497, 0.7693259666997049, 0.8838475669691269, 0.3144952278391408, -0.18074909126309913, 1.4508661499824906, 9.511372442208528e-2, 0.4097853802965997, -0.31199926680505197, -0.2605022034112048, 0.4679335609993691, -0.16009300003965812, 0.8218718744265677, -4.827041965608294e-2, 0.9252390580414227, 0.8682541811095558, 1.1324999283703658, -0.492924126133211, -1.0885370680925233, -0.9989660188420904, 0.4058133334681638, 0.5800446039651579, 1.539686709191803, -0.3658802994084265, -0.23556756738474155, -1.2409080262117624, 0.8266630219589641, -0.35792151011867873, 0.4077524636206509, 0.6233915300064014, -2.9795313872957516e-2, -0.7638380573063615, -1.0490466258094289, -0.574905704949052, 0.3753246372834669, 0.8427130184463743, -9.080149929977067e-2, 0.9957371273944393, -0.48594304131183935, -0.22056328522322927, 0.2999588161442545, 0.8646632260793956, 0.7325810755803879, 0.43661100319315294, 0.14732618253869156, 1.0976531161786394, -0.33721073860014894, 0.9289991598001315, 0.7356379057993457, 0.9865491783901126, 0.8323901935454355, -0.5747876564652695, -1.1205718251657233, 0.5892451301054379, 0.140489773503197, 0.5485941776326425, -0.20172827902520105, -0.7058289022420018, -1.8905811571386832, 1.232848681081366, 3.757556890423411e-2, 1.219914954154981, -0.23245388557804997, -7.360673652210421e-2, -5.575018731444019e-2, -1.9165830796712293, -0.9576867096590291, 0.9448258587191714, 1.2255200646153166, -0.6449936732056007, 1.511746552394, -0.4128812307294132, -8.435862166700255e-2, 9.671822653304012e-2, 1.2675382416638472)
