seed <- 441
log.wt <- -12.232195474725778
penalty <- 2.8115950178536287e-8
intervals.send <- c()
intervals.recv <- c(56, 112, 225, 450, 900, 1800, 3600, 7200, 14400, 28800, 57600, 115200, 230400, 460800, 921600, 1843200, 3686400, 7372800, 14745600, 29491200, 58982400)
dev.null <- 358759.0022669336
df.null <- 35567
dev.resid <- 226477.8344287967
df.resid <- 35402
df <- 165
coefs <- c(6.665613846680589, 5.880964803343532, 5.569052590000734, 5.278742016684102, 5.0404595153818805, 4.843439322724975, 4.75816083991662, 4.580486776417546, 4.3169749045163, 4.181391963994521, 4.305091682632284, 4.118396761575409, 3.994915144315282, 3.970019060143872, 3.7575437227527226, 3.5063991390884794, 3.252311858585135, 2.9401043440230934, 2.467564757743266, 2.0828040295363555, 1.629075770181108, 0.8959280237223736, 0.8526120898815593, 0.4745828690393557, 0.5320800683650554, -0.5761284948764988, -0.32725066906190703, 0.8694051922273381, 1.1070745191738287, -1.2722301164372198, -2.2240109907553864, -2.390144922620015, -0.30409387402409643, 0.7754457433704706, 1.156500794557463, -1.4427637033856462, -0.5879349052088428, -1.0920995030134442, 0.3824011136041072, -0.4514890117033458, 1.0050856377213404, 0.7709739863965425, -0.8852368621988295, -1.5725723565139256, -1.0767926386667388, -0.5672644812646583, -0.2233488962692538, 0.253682449590603, 0.40808003288316086, -1.2365406502204561, 2.2271578508776924e-2, 0.6581462745952582, -2.522122893273504, 1.6498202607971353, 0.7840191498944552, 1.2184238699748557, -2.1496566480432664, -0.38624014637352105, -0.2691949641947035, 1.4768564287177648, 1.3666993866995214, 0.8132482847792027, -2.012471929853482, -0.41696775149924675, -0.350674177920176, 0.35769157969349985, 0.6408709475840193, -0.4755472061010715, -0.7450297422165875, -0.7170044350918372, -1.415268383011356, -0.214045927578704, 0.5278685767337526, 0.9410025855447034, 0.5749911408461479, -0.6870809715626004, -1.3160515826539707, -1.0110723032374243, -6.603435726244235e-2, 0.7135871363416484, 1.145274620202038, 0.18314626661218972, 0.1402273109719188, -1.898138189233942, -0.9509537578994912, 0.42620606033946284, 1.2702936713415596, 0.2217885245622869, 0.9376904781196161, -2.48835371609207, 0.49393759814267074, 0.8052231105950542, 0.8100560360513901, 0.39117966025402207, 0.2016558578803095, 1.27254009103228, -8.305187903801461e-2, 0.512625730655881, -0.4122637253313663, -0.2354278971448287, 0.21630420124555352, -0.5109395042431772, 0.7584776902652184, 0.13678275584611438, 0.5946021603006958, 0.8812785828651356, 1.0293292564712078, -0.14665160705052294, -0.849949426849689, -1.5692957677580408, 0.5598352743732948, 0.6309370981106923, 1.6197906496982921, -0.5210640331530455, -0.2558849348703837, -1.3014332570897196, 0.8741409734283112, -0.17403116766581248, 0.1793682612944541, 0.6184863694937404, -0.468552820030028, -0.2015278382929631, -1.1095576982036472, -0.7890783993678452, 0.3462682193166264, 0.7893476073320299, -0.11166505404802406, 0.9900087162991261, -0.8272006776477175, -0.466216221602174, 0.13359874598255497, 0.9512358727482287, 0.8696553336222194, 0.4726299624177119, 3.769432848353871e-2, 1.0224909955213413, -0.25184797043354396, 1.0798060266683984, 0.7160858974229443, 0.8271723311137715, 0.7305606095658845, -0.6424949888319204, -1.578305720016149, 0.6232924579573145, 0.39027706625379827, 0.5559084020124346, -0.1809739585002622, -0.3657867223414233, -2.3550588576830913, 1.3128044022035559, 0.20738877226232078, 1.1917909519006704, -0.2681731980789697, -0.17372683599450287, -0.2071743535480391, -1.9690771113305043, -1.1542176755314573, 0.9539712284120275, 1.1950308737931465, -0.4569373313976486, 1.5635417766891724, -0.1567841899282842, -5.794785643658458e-2, -0.14329112974647357, 1.216312379128981)
