seed <- 961
log.wt <- -12.646836237138068
penalty <- 2.8115950178536287e-8
intervals.send <- c()
intervals.recv <- c(56, 112, 225, 450, 900, 1800, 3600, 7200, 14400, 28800, 57600, 115200, 230400, 460800, 921600, 1843200, 3686400, 7372800, 14745600, 29491200, 58982400)
dev.null <- 358759.0022669336
df.null <- 35567
dev.resid <- 225384.63839316388
df.resid <- 35402
df <- 165
coefs <- c(6.557524391263618, 5.645434152414888, 5.766776242019805, 5.427008597102016, 5.113711225843789, 4.818815237694435, 4.793004813143382, 4.7011272555399675, 4.402886915899781, 4.271847345877482, 4.346835856505114, 4.213563326067205, 4.11231288850503, 3.9511557291718358, 3.789400673001108, 3.552312316655815, 3.2724326902581558, 2.974149308214461, 2.540525078125982, 2.1498656257370756, 1.7002179952118464, 0.8657876830689124, 1.0442517999810856, 0.4929904732213658, 0.3098698473144486, -1.0667996933054322, -0.4232401518755443, 0.9119650079576245, 1.0002727836302157, -1.3589916461309002, -2.5122205521747984, -1.866126188623092, -0.39581662790384503, 0.7618483666509149, 1.2302657962197072, -0.6847472957621615, -0.13138533934051455, -1.0977778287745525, 4.1629045578407235e-2, -0.6354000152708638, 0.861067751382025, 0.914344774180609, -0.9313017511212721, -1.7535254514251284, -1.1409924174223542, -0.7135489284881348, -0.38988952756321554, 0.31128189492609337, 0.16249541160650083, -0.36343387024740537, -0.29438937849018676, 0.59286887134728, -2.9132165785611384, 1.586582227623139, 0.7379367317569325, 0.9331257916708088, -1.9512825879080407, -0.25282342659868684, -0.48778504305027776, 1.4467921487070923, 1.0870033782949389, 0.7647922153820491, -1.3898383844949564, -0.5714748461811466, -0.5061031046536301, 0.19990189298841046, 0.7569159532542808, -0.588966107100884, -1.8268199157422906, -0.6832268414887154, -2.3539991104615967, -0.6172608281098886, 0.7422455555000306, 0.9229458229449422, 0.6159233060599163, -1.0898375422738287, -0.919554178823071, -0.9392042204309434, -7.325825062701265e-2, 0.5832030644638476, 1.2425632552703514, 0.12127622482520199, 3.4283327857852264e-2, -1.4456020340155542, -9.711780668250657e-2, 0.531401505285518, 1.2103742165837008, 0.3328337038219664, 0.8139197134142128, -2.1526090990494953, 0.6352469452648296, 0.5726482779812346, 0.9508990482660462, 0.4270952092461329, 0.20563521251080794, 1.3729583811595942, -0.3536899025849693, 1.2715543852002964e-2, 3.162009435597309e-2, 0.23344686489706154, 0.45792145133685364, -8.033040524275142e-2, 0.7957338151250635, 7.52770104094084e-2, 0.5095180120519844, 0.8097046985470534, 1.0908964174755853, -0.7016395292496331, -0.7264257412070906, -0.80149369423988, 0.29665888650837796, 0.5497320657003121, 1.5724141092048722, -0.5769731235895438, -0.2597831487111362, -0.9713377298152404, 0.8876349375061044, -0.11735184246355232, 0.2585400715222507, 0.47396425525296987, -0.6196458217257841, -0.5831908578038778, -1.0793595076164177, -0.329724752837241, 0.31730859455547644, 0.7862172031485308, 1.0920283282703985e-2, 0.9466239650272452, -0.5128448857045466, -0.4522507443773037, 0.42477460826617097, 0.7327347814098651, 0.8156477343976924, 0.3607468202583328, 1.8605855395697934e-2, 0.9374477617997957, -0.3326278028860296, 0.9829037034403769, 0.7470039533038101, 0.9315862932699177, 0.8614434301257122, -0.6672304179990278, -0.9057996316004754, 0.5264432598979766, 0.10588522717920923, 0.5453738754969134, -0.20658541564049038, -0.484599245307927, -1.8615186861759223, 1.1374738383162273, 0.20928098190096683, 1.1155849087569245, 2.121246819008843e-2, -9.927998092291805e-2, -0.15117392115783823, -1.9079155074376988, -1.29488254275197, 0.7747201611514141, 1.1786014336354316, -0.44725787365302644, 1.51011594757635, -0.4993151452537425, -0.1164749612543628, 2.1906165384980924e-2, 1.3544852832706455)
