seed <- 664
log.wt <- -16.351053167848466
penalty <- 2.8115950178536287e-8
intervals.send <- c()
intervals.recv <- c(56, 112, 225, 450, 900, 1800, 3600, 7200, 14400, 28800, 57600, 115200, 230400, 460800, 921600, 1843200, 3686400, 7372800, 14745600, 29491200, 58982400)
dev.null <- 358759.0022669336
df.null <- 35567
dev.resid <- 226637.33495719047
df.resid <- 35402
df <- 165
coefs <- c(6.455344577628207, 5.823445017702094, 5.648157465166147, 5.229484441237799, 5.101342328382608, 4.813818209440655, 4.730280138964787, 4.637703016811636, 4.375969330889214, 4.242386204885202, 4.319054573212489, 4.179351506161981, 3.9813479026453953, 3.9426243001573806, 3.75555140395051, 3.51730467559117, 3.2529707329611717, 2.9280403686878596, 2.529420143262509, 2.0631902570169913, 1.4866120164325218, 0.8878778975367652, 0.9962407118619286, 0.37291740978505483, 0.5317973486765651, -0.9728765974141682, -0.19046986535696644, 1.136811136404499, 1.1196053203304182, -1.6569097445271583, -2.0844941333286626, -1.8375700345804677, -0.6296534729052328, 0.7286895056077326, 1.2923518284750253, -1.6908663434850792, -1.286457722097841, -0.3281203095113312, 0.17556846520672165, -0.8632555572595311, 1.014319325247922, 1.2227036280196422, -1.004949521578347, -2.384006689811875, -1.1002865108194801, -0.8166541247965025, -0.2192982474656575, 0.5964281288913021, 0.28154775975199525, -1.1202891127372252, -0.831486802683157, 0.9080251479813817, -3.028627073761599, 1.7023164174992307, 0.6293757750508087, 1.0486602536999567, -1.5846551697821585, 5.488711355616085e-2, -0.6788806233422677, 1.5879676547185415, 1.1864889536976821, 0.30994707864432947, -1.6511107430331755, -1.772218145644837, -0.7703904188831758, 0.33956460527647964, 0.6290839086556134, -0.4882832075807447, -1.4682488904805355, -0.4568810459017815, -1.9393571760036075, -2.8009527722439587e-2, 0.6836347308296642, 1.008536783147276, 0.6311001630838746, -0.42586402368408405, -1.2350955401421397, -0.9859070337467901, 0.11776548136893672, 0.7507293369817761, 1.1773205519255734, 7.723513269601086e-2, -4.7985081607800344e-2, -2.420598342241532, -0.5376725277503436, 0.4192018568443559, 1.3049415655742749, 0.16484626094359003, 0.8975103138822256, -3.1686748604437276, 0.3994214472402773, 0.5812161720444886, 0.8560722291915832, 0.2994793503010799, 0.27289930845949484, 1.436829994198131, -0.11223649874787087, 0.5378053955220324, -0.157754493381467, 0.10838403887114373, 0.272683122979881, -0.4067256690175426, 0.7680610934169612, 9.961387588796139e-2, 0.876219496971236, 0.8302775301845079, 1.0450057088798839, -0.36499321655407996, -0.4183459609846565, -1.1010048461281594, 0.49875250576986346, 0.6768480133304772, 1.6319520294234084, -0.22406929600265935, -0.1454206360393683, -1.004651324015357, 0.7392250930302209, -0.35955490211650193, 0.2894781561865456, 0.8435528886651305, -0.557317435982221, -0.6157013789281384, -0.8965403951543229, -0.47977955016418256, 0.3433569738239038, 0.895386813969012, -8.793480238745735e-2, 1.01774051656191, -0.5493091727387024, -0.4211714125602872, 0.2138838699838003, 1.062881613014739, 0.7435748543311823, 0.4900384874934264, 0.1240430912163056, 1.1872164999201034, -0.27232250743609804, 1.1218575565813798, 0.7135981354667469, 0.9250053884800451, 0.7651234915053862, -0.7095235272069044, -1.1481175160053971, 0.7503631051021109, 0.32366593919594316, 0.5443675546569607, -0.23713471990484525, -0.34148514584950435, -1.566053376737213, 1.343795925490796, 0.10921806544716037, 1.1562792833790363, -0.20316810467527444, -0.11466151730008543, -7.622093942199014e-2, -2.1464733643718983, -0.8386794409201276, 0.8280950884105962, 1.2300912286627488, -0.29952867484902634, 1.5930618312724425, -0.18333834309875466, -4.372481331263296e-2, 0.1352664289530045, 1.1213604587774486)
