seed <- 902
log.wt <- -16.259670963800474
penalty <- 2.8115950178536287e-8
intervals.send <- c()
intervals.recv <- c(56, 112, 225, 450, 900, 1800, 3600, 7200, 14400, 28800, 57600, 115200, 230400, 460800, 921600, 1843200, 3686400, 7372800, 14745600, 29491200, 58982400)
dev.null <- 358759.0022669336
df.null <- 35567
dev.resid <- 225196.89507406764
df.resid <- 35402
df <- 165
coefs <- c(6.649009015777556, 5.893782607514819, 5.612699123868497, 5.44834013410738, 5.013152581445796, 4.860911550712039, 4.752261713965581, 4.576023734164884, 4.365157426533328, 4.330879890002782, 4.231270827064572, 4.173643937625282, 4.015788990945947, 3.9304566904057956, 3.749751562450433, 3.5239146227515152, 3.2324620627772385, 2.934929610755923, 2.498902670880588, 2.0334120490377363, 1.5561290395086353, 0.9332556793141807, 1.20183766163701, 0.5594481675823216, -3.9496675992318764e-2, -0.6765421935301069, -0.2715099949731956, 0.8492391657324054, 1.0278603106998223, -1.187430882167252, -3.1429044686867527, -3.234075343894501, -0.5925028656261636, 0.7599766795950733, 1.495361967585008, -0.836455607595118, 0.16853206129111556, -1.4027217265675855, 0.3045419522370505, -0.6565546161351045, 0.8873139573109746, 0.9699052354588419, -0.6874794409202029, -2.3641858001803615, -0.8506457166856582, -0.7133820603364891, -0.13916374273390247, 0.3845197662568194, 0.28903097200913336, -1.3147803763072525, 9.711857114466052e-2, 1.0663226709099733, -1.995381196764091, 1.7778021020345016, 0.8652750132766287, 1.1946745367112264, -2.2099677618152707, -0.2285877514899925, -1.2557449741611446, 1.4059162153102527, 0.8509736847433165, 0.8467283701924321, -1.9810914876568257, -0.41149293381884083, -0.6992744175356428, 0.1878358932567178, 0.7369540387128136, -0.19976174304670705, -1.1732186569994498, -0.7052037081700857, -2.3272042329100304, -0.30637185575794135, 0.4085719931437142, 1.0698166110981673, 0.673059105689879, -0.9314729178626466, -1.2870471927345455, -1.1961533108047075, 3.699312947738604e-3, 0.8393757111306632, 1.190767892086493, 0.15015919162610245, -7.247097626549179e-2, -1.8305326496299457, -0.572280630610813, 0.3897109277755101, 1.3183818148993731, 0.27776132935927744, 0.8106027132925309, -2.7328631702670783, 0.62863109455444, 0.8420303592337758, 0.7755049972123957, 0.4200348757192258, -0.3288382822120507, 1.4352874179587052, 0.10326424725936767, 0.43859468341969354, -0.5260098625750936, 3.28566578926364e-2, 0.211046068809761, -0.11254336664850031, 0.8910849224752072, 0.11447946576172381, 1.0057100362362523, 0.8516934755081806, 1.2444161620277057, -1.2705968074353562, -0.4288302222698208, -1.0937257965937013, 0.44257885291935933, 0.4224856902668965, 1.5649530307336985, -0.5213078160432765, -0.18901465759837516, -0.906586068452582, 0.7321575042749316, -0.2017923608526891, 0.5743674132312124, 0.7390205224420285, -0.45592501413963504, -0.4141184234159118, -1.2556392244844612, -0.5017562054288313, 0.22074754165721838, 0.8154593690511347, 5.109431829276683e-3, 1.1814565466604134, -0.5767403705536022, -0.39769060382893956, 0.4257968621315312, 1.1204565844472498, 0.7235298765121564, 0.516413419251469, -5.4178010205843424e-2, 1.0838349318303744, -0.3913418235819539, 1.028015787063233, 0.8000278920033497, 1.0916963060180565, 0.641939128443911, -0.7906977303162913, -0.9524768691160053, 0.7600853488576842, 0.21711408414400574, 0.6873777849400072, -8.40776587425985e-2, -0.6803387669128748, -1.8700808403037383, 1.289442971746764, 0.15314537115282637, 1.3312804600720438, -0.1514743004677933, -7.776568676817729e-2, 0.1341190107860963, -2.1607771024367097, -1.2644843760902333, 0.9532467197372635, 1.3368259417475954, -0.5508850058332779, 1.520601848415875, -0.31816281268047525, -6.452850974697445e-2, 0.10961556998611174, 1.208470113893843)
