seed <- 255
log.wt <- -14.791499021036252
penalty <- 2.8115950178536287e-8
intervals.send <- c()
intervals.recv <- c(56, 112, 225, 450, 900, 1800, 3600, 7200, 14400, 28800, 57600, 115200, 230400, 460800, 921600, 1843200, 3686400, 7372800, 14745600, 29491200, 58982400)
dev.null <- 358759.0022669336
df.null <- 35567
dev.resid <- 225510.03344809127
df.resid <- 35402
df <- 165
coefs <- c(6.537326651816937, 5.685871339790998, 5.713447657894827, 5.452047900357989, 5.028730654513669, 4.875248983368263, 4.86558616327775, 4.6646989788177455, 4.393365041047035, 4.23072100988321, 4.3271758252467105, 4.2036363040931874, 4.009574287661284, 3.9676183711840847, 3.7402875102890243, 3.545619379021731, 3.2549994079103617, 2.975439499935913, 2.471877495061835, 2.099851250055936, 1.7709361735958973, 0.8540750141269933, 1.032563051438489, 0.3134622421878451, 0.45605078648991654, -1.3788593315750253, -0.2954650619168797, 0.9894560586707524, 1.1218321758834167, -1.0221116204642038, -2.5173823281261503, -1.6569925130458234, -8.729132396769346e-2, 0.8046087805830531, 1.355659875663575, -1.11405313471871, 0.16445366716058582, -1.3703105224558705, 0.2592844537828433, -0.7185357242884932, 0.9632536720892088, 0.8706066409881865, -0.9952248156278163, -2.0776864973732425, -0.8619963080795117, -0.6400444368029251, -0.6285970837211324, 0.3062691573409085, 0.5806213544368409, -0.4601776193432385, 0.20344318284165847, 1.173945135361705, -2.629193361034339, 1.713109532738721, 0.9201800712984421, 1.0863487424400422, -2.0018550157229407, -0.1998692395843968, -0.7807821963005384, 1.100222284500808, 0.6330959076063958, 0.7851171750129676, -1.7650642279666966, -0.9965989667528633, -0.48896468423580636, 0.2863090530263401, 0.6667062768496519, -0.6817787805448209, -1.8771373770511297, -0.6986954876875724, -2.1405103658942575, -0.24152659217169886, 0.62616853538367, 1.0297431191162036, 0.7656228652916407, -1.285186206977201, -1.3843066396453598, -1.618561049313622, 7.274241895254147e-3, 0.6780111936916271, 1.1541383903409304, 0.1299281701969143, 0.18489468840982531, -1.3209770315719624, -0.17590842523285996, 0.4291771574216839, 1.2368589638106953, 0.5107083323373152, 0.944930422311239, -2.2350720412154894, 0.3169017249656388, 0.7898192453560777, 0.8838104948742709, 0.34418373197845836, -0.15892554043539472, 0.9146349752453456, -0.2684046630367602, 0.5502059310036471, -0.2601826450979924, -1.0193356573527157, 0.27975595910646994, -0.21520201348795914, 0.9254038391296874, -0.3080103174590591, 0.528420478421234, 0.8389490859383597, 1.1647657957120032, -0.8479989705173876, -1.413600917805648, -1.2369811603748262, 0.36352683540015995, 0.7472574588438926, 1.6128963386671114, -0.4878012552448666, -0.14719403235647396, -1.0351550670675744, 0.9263765039632783, -0.3890731106205345, 0.4075932577550308, 0.769724349523919, -0.842235439816906, -0.32026959687878, -1.280890816025715, -0.2659450974499739, 0.19062246000940145, 0.837604882389226, 3.7822574267565544e-3, 1.0302335546990276, -0.6562609913983798, -0.3912463280469513, 0.32949577306790734, 0.8228993405837819, 0.9634151894484017, 0.5911011427740225, -0.12799780184430457, 1.1983478285650555, -0.3704179328366041, 1.0487790588969996, 0.7246853772048615, 0.9994953600916637, 0.8766382582094282, -0.619930067661964, -0.660732132496214, 0.713350802900183, 0.6079340034400532, 0.6280724561628633, -0.25670029869108146, -0.27499455046549764, -1.8489072388357617, 1.2585239178099834, 0.2010404867650151, 1.152503715839307, -0.16607145459876232, -3.288611241940672e-2, -0.1054251231993111, -1.416007423303047, -1.3315899980736965, 0.7531812491362686, 1.1575645504155843, -5.911861049195783e-2, 1.6084988285211617, -0.4361851061233611, -0.10617309942486022, 2.3211363372729325e-2, 1.2812283450092528)
