seed <- 265
log.wt <- -16.39193248314546
penalty <- 2.8115950178536287e-8
intervals.send <- c()
intervals.recv <- c(56, 112, 225, 450, 900, 1800, 3600, 7200, 14400, 28800, 57600, 115200, 230400, 460800, 921600, 1843200, 3686400, 7372800, 14745600, 29491200, 58982400)
dev.null <- 358759.0022669336
df.null <- 35567
dev.resid <- 225098.058489954
df.resid <- 35402
df <- 165
coefs <- c(6.589882613908876, 5.966234181197127, 5.576074626045157, 5.280274227142064, 5.079459107330463, 4.895842510368546, 4.7995279871772825, 4.632100347576353, 4.373086741043988, 4.290339004776705, 4.2968098699484685, 4.177608418554919, 4.047825176013105, 3.969119217400665, 3.793046608420806, 3.5479239012852535, 3.2583294184777447, 2.9790063763132943, 2.5050518121415952, 2.0547940705505865, 1.5781516938201938, 0.9090518130860327, 1.0747348336648137, 0.20308018932691999, -0.1090059113593938, -1.0377280098507833, -0.4325629199363551, 1.0267539727142554, 1.055477742106528, -1.528863207648171, -2.3696512260178846, -1.9320369191377165, -0.54995149951119, 0.7223893851259927, 1.1682835638088398, -0.8703761703754594, -0.6841398157160385, -0.9107776958100483, 3.758994586905791e-2, -0.3846261505504557, 0.90364282814143, 1.03300584559643, -0.7905536489424771, -2.021439558141891, -1.0320065777093148, -0.6258833775052796, -0.23761388212403994, 0.46402898318079555, -0.15143806641894692, -1.0218740786360483, -0.10359600410160084, 0.9321627333152644, -2.046289594237914, 1.6955317202350684, 0.7890342187953567, 1.1545752367602504, -1.4095176897979926, 0.10623581580664139, -0.5317776475559648, 1.381855901625373, 1.495517521897549, 0.6699126011778642, -1.2950667693963744, -1.4484228670114798, -0.5886605768809038, -2.9055458244400097e-2, 0.48531032760406256, -0.31944649989921037, -1.5427487778282982, -0.6463427845236243, -1.9540682307358004, -0.8647460821834885, 0.6137338427419514, 0.9190554935054631, 0.5460165827226875, -1.0785234026770494, -1.2763712200291877, -1.2614003597056922, 0.17879007500638658, 0.6666046322968665, 1.0645104627397324, 3.913714857371453e-2, 5.813974745644962e-2, -0.8514343488263942, -0.19459252423239276, 0.45823009330125664, 1.1229757815471852, 0.4530989973021666, 0.7798520641669106, -2.0739679366345634, 0.5319818834832164, 0.7569417644589977, 0.8154375795953682, 0.3152030782792837, -0.22718245514719534, 1.2556327391451019, -0.28739631479619376, 0.6307863208624305, 4.3175213425529456e-2, -0.5096087680944981, 0.11588680960441188, 2.681898543670935e-2, 0.7819765904715318, 9.28341168423719e-2, 0.6104309193731187, 0.8572932917093047, 1.1582396828296608, -0.5283366253994074, -0.890187106699408, -1.0092361338796187, 0.29462267980501566, 0.6380550581555237, 1.5405915495786329, -0.5007516835444904, -0.265489761760018, -1.6002033314292885, 0.7259013021415703, -0.37176027392949157, 0.6144651501470322, 0.5640663908082109, -0.2244633828534131, -0.5513926896857545, -0.8901851160928704, -0.23813095165066814, 0.23865555317303136, 0.7816571536855662, 4.324188180249185e-2, 1.0175679239968083, -0.566132893167543, -0.521400402118974, 0.2540077096747871, 0.8101069877225623, 1.0342541252350455, 0.41134549383320806, -0.12161251282485548, 0.9790580495789301, -0.39364520064373604, 1.0400434980539777, 0.7333135408937249, 1.0118466732196154, 0.7827977068532863, -0.6697762168322297, -1.2605264967973575, 0.5071462349903691, 0.28978262011468975, 0.5639367803453635, -0.2648880048139304, -0.20859577428042966, -1.8554693684383303, 1.1435193863528752, 0.125055492882724, 1.1907890226981268, -8.53147184223842e-2, -0.1141474776713258, -0.1167019752212544, -2.0710242000146106, -0.8920649879134542, 0.8777418248367187, 1.0635311237964788, -0.16122089680154195, 1.5263294134591405, -0.3265379435834203, -0.2430093742190892, -1.80330616650012e-2, 1.186594185733622)
