seed <- 528
log.wt <- -13.660377740679726
penalty <- 2.8115950178536287e-8
intervals.send <- c()
intervals.recv <- c(56, 112, 225, 450, 900, 1800, 3600, 7200, 14400, 28800, 57600, 115200, 230400, 460800, 921600, 1843200, 3686400, 7372800, 14745600, 29491200, 58982400)
dev.null <- 358759.0022669336
df.null <- 35567
dev.resid <- 225696.5790806042
df.resid <- 35402
df <- 165
coefs <- c(6.515138932710266, 5.8023316985937345, 5.635782643469247, 5.382374303775474, 5.095078849283451, 4.833282024045811, 4.7294396629497975, 4.591240908219991, 4.36936534418729, 4.276114179661707, 4.370139034586242, 4.164807407584225, 3.9879775379403375, 3.965694398855794, 3.7652577646690104, 3.5382062836331944, 3.2485427198574857, 2.9723195394114343, 2.5088323957526018, 2.002356101902096, 1.6646912179806401, 0.8910450120588771, 1.1356972086341763, 0.3316506084127351, -8.259350057490791e-2, -1.420409244883254, -4.806637275441368e-2, 0.8664129418081405, 0.9790008835990844, -1.1454463754215272, -2.209753542617005, -2.016953262241878, -0.4547885229202629, 0.8073201310792358, 1.3931631600016683, -1.0799699727049548, -0.37312903141942627, -0.926389967411015, 0.2802065378171795, -0.7651452480190954, 0.9225858062535021, 1.1378359758611107, -0.9427753305071077, -2.1462257553227717, -1.1308967752549635, -0.6733376823665805, -0.9508555566372511, 0.3614688152846362, -0.1447330912412917, -0.8206906422583992, -5.9754350711050744e-2, 0.5370788005898229, -1.777620893750115, 1.931202427540302, 0.7201531524178001, 0.9811113813276668, -1.844390778278589, -0.5143203271412364, -1.0162316283306463, 1.020305394342403, 1.3237366409233045, 0.9610853289140378, -1.5651947068569259, -0.4870460531790254, -0.6411516461502227, -0.3343419334836604, 0.5657643656220416, -0.6702437242150343, -1.2264127541864216, -0.6701893609006041, -1.6735957388645224, -0.37549010957678264, 0.2877074786978903, 0.9879088313820652, 0.6619758333309653, -0.8664668057817663, -1.6252080103610897, -1.3084724187364356, -6.516069784654853e-2, 0.6586078902305559, 1.197575982055561, 0.1892298439160235, 0.40997630333459, -1.787251164469881, 0.34838766695652207, 0.4173425547113062, 1.2297164767842177, 0.5508538558593536, 0.8765083780502507, -2.758971612362868, 0.5247365840734456, 0.7248457145679168, 0.8761079250446128, 0.4428484466237217, 0.11901579301330875, 1.3362107707684845, -0.3659197922699421, 0.293166461073459, -0.18376196398602768, -0.33522595797410326, 0.33281330363314043, -0.16752339561876345, 0.802301098773283, 0.24099438334771686, 0.5218619032164327, 0.8434286790147169, 1.152206764009223, -0.2525114073453191, -1.5203427141675958e-2, -0.83175567711025, 0.34873342206011027, 0.6610602161957151, 1.5382975430447137, -0.6139625181214478, -0.2539413406244504, -0.8820317424242409, 0.855196286479669, -0.2329668095196385, 0.4181003174738583, 0.629447457001788, -0.5315510926851407, -0.4774373862205802, -1.7006457889418982, -0.49115376714515296, 0.2599928263584781, 0.966365005133571, -8.793578147764793e-3, 0.9769743804175283, -0.7332561371644692, -0.4713963062546382, 0.3848897436616002, 1.029483010113593, 0.6527412437094037, 0.5442402817125155, 4.440254250258777e-2, 1.2298440798945205, -0.4469778979434485, 1.1767766416453642, 0.7554721341742432, 0.9359971570821313, 0.7986691116810223, -0.5906741277884638, -1.34247799921422, 0.6494661439363274, 0.5955779850523933, 0.4404433743688404, -0.2368155302780883, -0.7226787729849913, -1.9389085569728342, 1.3391052762250522, 0.16741802638870512, 1.178780776296492, -6.655202278659333e-2, -2.0987498721461106e-2, -2.9888367081758252e-2, -1.8628095457630423, -1.6950210800071528, 0.8324960857213087, 1.2292039010332978, -0.1775332892633956, 1.5206682642386065, -0.22256707266070544, -5.5420871706562194e-2, 1.814280093405389e-2, 1.2068857821138588)
