seed <- 242
log.wt <- -14.888306944107633
penalty <- 2.8115950178536287e-8
intervals.send <- c()
intervals.recv <- c(56, 112, 225, 450, 900, 1800, 3600, 7200, 14400, 28800, 57600, 115200, 230400, 460800, 921600, 1843200, 3686400, 7372800, 14745600, 29491200, 58982400)
dev.null <- 358759.0022669336
df.null <- 35567
dev.resid <- 225535.19784514935
df.resid <- 35402
df <- 165
coefs <- c(6.507549895060901, 6.015972598682453, 5.611048239565663, 5.310953620515426, 5.008725738354872, 4.8127924522039365, 4.68211446106756, 4.63308259575988, 4.4155282493808565, 4.263136868094546, 4.287140953506011, 4.180773431841617, 4.044784903519195, 3.959260491835273, 3.7590635091256748, 3.537869602682003, 3.2490193539858536, 2.9017405714083058, 2.500064853974474, 2.0664207997146873, 1.4940526869844286, 0.9366889148120721, 1.0129262992342927, 0.2468490724078697, 0.619461983181879, -0.8598710340889084, -0.12411298672847515, 0.9353472023264786, 1.1241075722787328, -0.9315584975926784, -2.342617603825523, -2.6120775543250794, -0.4080695016629128, 0.8089448621095778, 1.2819179973321924, -0.9792043855259481, -0.2602604067766872, -0.9146454684146823, 4.374778625735229e-2, -1.080165745792402, 1.0115421502524375, 0.9347848313007076, -1.030171962302472, -1.4438156151569386, -1.0081370233411526, -0.6509388216582894, -0.49406609361807924, 0.4998545662905304, 5.170477246451408e-2, -0.7139284845358872, -0.25134518920524784, 0.9586036034191582, -2.026098968540009, 1.5942353371898432, 0.8467519370092622, 1.0959737467687583, -2.1677619321465302, -0.14510911543431382, -0.895245920193209, 1.0786157588051983, 1.339102079300069, 0.504050944815, -1.756320812242502, -0.550334585790475, -0.5766690941112875, 4.47861133990751e-2, 0.7373449223410651, -0.6375196061007219, -0.8092891036050052, -0.6276698133416848, -2.174184521094409, 0.2046324813506108, 0.44308216792008787, 0.8257621272347399, 0.6184575476430924, -0.8843680497115756, -1.9956868265402667, -1.2406945748314, 2.252430061016899e-3, 0.6376581337499053, 1.1318317766019435, 0.12372119087301822, 0.37824862978856316, -1.9409395877018005, 0.12139295025278175, 0.3125212084099588, 1.2337340114872606, 0.3003216144334123, 0.9796207883953733, -1.8619359670159281, 0.47950595598173, 0.8281223740130957, 0.8276229297079678, 0.35693905496069117, -2.3445799317254424e-2, 1.252439054781662, -0.9835080174265547, 0.5741278254718957, 0.1564823740420577, -0.42129844438727393, 0.5886661787447907, -0.5001223199583268, 0.8872908761669536, 0.2789817516296626, 0.7606250388392838, 0.8321662861230605, 1.1779694416480224, -0.12676937323147908, -0.5953181398724727, -0.907810681072625, 0.44306186597877645, 0.65418738575231, 1.651496031799819, -0.587839528756788, -0.25080550620736464, -1.0941422607761517, 0.6823622920805135, -0.32685310434996373, 0.45225245064757197, 0.5983102113136397, -0.8223285056419812, -0.3710513139496483, -1.5710836388647778, -0.2439210231846385, 0.3553339234461732, 0.7182206718428741, 3.112488732609717e-3, 0.9048182382333544, -0.5776751846423925, -0.40831478664822857, 0.4877203463521155, 0.6370511057306232, 0.5938644683896945, 0.3383672246667255, -5.691226560413846e-2, 0.9750863200424512, -0.36959107557296283, 1.0166938412008892, 0.7538292055771264, 0.82433698035927, 0.6960017885123092, -0.8014638184181979, -1.2126565333214339, 0.5497371741930085, 0.1614904398104638, 0.3785599319902603, -8.657706273257187e-3, -0.3833032579126335, -2.3487587571840804, 1.1002514016788558, 0.1222282185007005, 1.1140159487016987, -0.2557134956208428, -9.811084902779038e-2, 8.563702541574734e-3, -2.02057607841392, -0.6686837916017861, 0.833917719473146, 1.2729490135097967, -0.260155019194804, 1.6060380770311606, -0.28682130845727694, -0.20872096203511276, 0.10364786290317411, 1.128202415276736)
