seed <- 177
log.wt <- 0.0
penalty <- 2.8115950178536287e-8
intervals.send <- c()
intervals.recv <- c(56, 112, 225, 450, 900, 1800, 3600, 7200, 14400, 28800, 57600, 115200, 230400, 460800, 921600, 1843200, 3686400, 7372800, 14745600, 29491200, 58982400)
dev.null <- 358759.0022669336
df.null <- 35567
dev.resid <- 226745.53260854344
df.resid <- 35402
df <- 165
coefs <- c(6.530983627270239, 5.804679099688194, 5.586495911494393, 5.224616818550828, 5.017828436514154, 4.89445099407905, 4.80150795995191, 4.560022154266643, 4.370430164688827, 4.241247208306676, 4.2922046080460685, 4.140668177834337, 3.980512619188742, 3.957837459125554, 3.736047758448664, 3.489886228819341, 3.1901489736905777, 2.9259053319436914, 2.5053586788633013, 2.026788677425535, 1.5519535125981956, 0.9300061452663854, 0.9361786631794882, 0.1847577772136045, 0.6094279271987774, -0.8974639713705544, -0.12702648442731473, 1.0020929316503728, 1.0903075893264131, -0.9846230696370523, -2.5229175132140336, -2.3709125050036617, -0.4244657745763616, 0.7896561542757156, 1.1161289731732948, -1.1537649971386246, -0.18753092353971032, -0.7496342825047276, 0.3132462698557668, -0.39940646690667014, 0.9364641325211704, 0.8333975691023164, -0.7694862655217238, -2.1615988359273315, -1.1258779138612398, -1.041829892808766, -0.18336611080008927, 0.2554332112768336, -0.18938432994855547, -1.0090132545959847, -0.3840530807467741, 1.1168778723180701, -2.547865018767498, 1.7974819070291268, 0.9076438314294093, 1.2403231246138537, -1.9283353842242656, 3.411567589409963e-2, -0.6616848653820939, 1.088087500133773, 0.705805121339699, 0.682243288615807, -1.9629099524939113, -0.351682010021083, -0.6559791184917535, -3.869750787318922e-3, 0.5678408689686242, -0.5276995995682248, -0.7905193754014714, -0.670660896976545, -1.7162235518502702, -8.253685677256963e-2, 0.4632015159091705, 0.8761520033267621, 0.6976007479944403, -0.5452785829687997, -1.1082578122402327, -1.753409869609198, 5.686960356977407e-2, 0.6163718860125489, 1.047731915715836, 1.7565420707265852e-2, 0.2680838531907482, -1.3965113306535986, -0.9762538172197555, 0.3966074641032628, 1.2918379749262539, 0.33623843809929155, 0.8246125775208624, -2.775365229879124, 0.3904763220364779, 0.766265715055916, 0.7172306500502114, 0.3044796679525029, 0.17967932105219495, 1.3572544768044446, 0.11893347678967217, 0.21990350241427833, -9.818620641223767e-2, -1.119006856384728, 0.544317182884125, 8.068905006280332e-2, 0.7327684972026018, -0.11306096944468651, 0.6068156223595288, 0.8817450953613246, 1.0419998945659485, -0.5151869756132279, -0.4137030837034019, -0.5400373701218101, 0.3837701878281952, 0.6483156680022502, 1.576481044689889, -0.6237055304320903, -0.19746556200296855, -0.6598560018211972, 0.7291149789287699, -0.22264637604541587, 0.3674889338054713, 0.4087284522394615, -0.35366830171700103, -0.6532857886275131, -1.2963122699229364, -0.7347405832171525, 0.1828975327967792, 1.053256003518944, 1.0142683481065062e-2, 1.007402180982304, -0.6325353105706144, -0.3225911716057594, 0.10934380608049353, 0.8156691984887503, 0.7461041150281211, 0.46412981235061973, 7.350628556483546e-2, 1.0350430074384243, -0.5138398575062071, 1.1372027692076394, 0.7571126427058161, 0.97405656214811, 0.7616804044102038, -0.6345644346151557, -1.2412234079060662, 0.750192996500798, 0.19823598988259342, 0.3893014951233548, -0.15577804547430624, -0.5554058620526854, -1.839066107062832, 1.3977138418752686, 0.1740237729955153, 1.2026013276672385, -0.14491293072772404, -6.52753874056605e-2, -0.21640550910915532, -1.7121234524796585, -0.7211676900196161, 0.8210971012865345, 1.2643045733079732, -0.43304755595729105, 1.5099278543292496, -0.15876769045138375, -0.10700888165052452, 2.6107115285131943e-2, 1.1840731178971273)
