seed <- 728
log.wt <- -15.953162498052485
penalty <- 2.8115950178536287e-8
intervals.send <- c()
intervals.recv <- c(56, 112, 225, 450, 900, 1800, 3600, 7200, 14400, 28800, 57600, 115200, 230400, 460800, 921600, 1843200, 3686400, 7372800, 14745600, 29491200, 58982400)
dev.null <- 358759.0022669336
df.null <- 35567
dev.resid <- 226985.162681283
df.resid <- 35402
df <- 165
coefs <- c(6.614596852182552, 5.80661810984687, 5.591182900853654, 5.199146715919593, 5.036719166626103, 4.829409618503955, 4.705828794535122, 4.568242546121648, 4.38260138235062, 4.242686449258618, 4.23986363910821, 4.131013826865439, 4.0137703623384695, 3.906681312862943, 3.707789490574288, 3.4736652068067166, 3.232545253089727, 2.9141003595461834, 2.430163377680437, 2.061635727774914, 1.6122253459561315, 0.9259293410083999, 1.0952084291335051, 0.6676659247671148, 4.4027829229877094e-2, -1.1313309430300853, -2.8980768854813228e-2, 1.1674850877405347, 0.971863345171616, -0.858405050901001, -2.5507621760012396, -2.03807788918331, -0.7787199634561742, 0.7759601522237584, 1.3380551599166393, -1.4411544103924632, -0.7545274464955803, -0.34566332842443453, 0.3202477520466988, -1.3185660811830777, 0.8621032470551876, 1.0950901467394787, -0.713731655715085, -1.7739484651495183, -1.276780911920495, -0.7594263278855768, -1.066434334139925, 0.5785840144335805, 0.3569609240927732, -0.7044690816219866, -0.39650269606479427, 1.072665188300985, -1.707107844022639, 1.7663257276659767, 0.73665432812914, 1.0367877516450807, -2.1443999760251757, -5.200079286275503e-2, -3.7150004460665624e-2, 1.1118531885350498, 1.4554111172152626, 0.622040179537721, -2.5084141772313435, -0.6864712640580931, -0.7516241482855575, 0.24652062833631463, 0.7359530089138766, -0.6513956551542457, -1.3933422600760805, -0.560946573433387, -2.2679075179326196, -0.1650761803505248, 0.7784510121339983, 0.8918581184663038, 0.6285805499849267, -1.0755370079084623, -1.4680801319087216, -1.6516940452002657, -2.4301668291958112e-2, 0.6963378192564514, 1.3161085707492113, 0.15654027149016272, 6.014081515167955e-2, -1.8963695898049293, -0.6632562956611058, 0.34752069076676123, 1.3386085064514657, 0.6334474362156041, 0.7893925579386226, -2.225620692113554, 0.6209414498150222, 0.6681488254782204, 0.8015773747488854, 0.3864101496415647, 0.32694043866160377, 1.459823784486107, -0.6133865690951147, 0.3375322098521261, -0.22264311602040215, 0.25576493669841927, 0.29646006010518494, -0.6902009762040858, 0.7824496253312122, 0.2404156777149906, 0.9303648416666906, 0.8651181706014709, 1.123724410787214, -0.6589948148610083, -0.21520793727931473, -0.9663084876165082, 0.4561142949594595, 0.54724498703043, 1.511224995146143, -0.8544298511886995, -0.17698517194867802, -1.1354090468828928, 0.8965913695577296, -0.4898428820972597, 0.5321265171996905, 0.7569260795607531, -0.9798714118462024, -0.6828244437752359, -0.874882682685756, -0.5389263640822148, 0.27649028001247067, 0.8786076147042133, -0.10165297626990774, 0.9576927757044383, -0.317996455743118, -0.46660249934368586, 0.3102686119160394, 0.9046965985080295, 0.9464053568485602, 0.4142285124515574, 0.11385785381362147, 1.0544949905416572, -0.47285735864496836, 1.157249072623495, 0.6873874227014926, 0.9069739149656342, 0.8592512944039081, -0.6580294519331998, -1.3260292946674666, 0.6618887418075197, 0.5502460390152294, 0.33404177228499743, -6.955783239187505e-2, -0.5974205030150475, -1.8083373533910039, 1.3560227347902516, 0.19292177597712865, 1.216320476380815, -0.17966442253510614, -0.12310955740982936, -8.894323156575087e-2, -1.9798433366892376, -0.9052526181583849, 0.8833748011087816, 1.2435723159928034, -0.514181406280693, 1.5004723508233953, -0.21946530925230995, -0.18887396264093012, -0.1238461847756285, 1.287010538629808)
