seed <- 933
log.wt <- -14.727736051908686
penalty <- 2.8115950178536287e-8
intervals.send <- c()
intervals.recv <- c(56, 112, 225, 450, 900, 1800, 3600, 7200, 14400, 28800, 57600, 115200, 230400, 460800, 921600, 1843200, 3686400, 7372800, 14745600, 29491200, 58982400)
dev.null <- 358759.0022669336
df.null <- 35567
dev.resid <- 225092.56570730667
df.resid <- 35402
df <- 165
coefs <- c(6.402736796378156, 5.8049750757520435, 5.71786006835088, 5.199638258521165, 5.1373732785194415, 4.962473014369091, 4.772597234850311, 4.66718512880662, 4.335194521401091, 4.236798814285884, 4.276217944691241, 4.175372979831176, 4.012075684021368, 3.9627098028797993, 3.760045694597733, 3.5475546377245273, 3.260279768238938, 2.9281749157754917, 2.514738516414599, 2.048029139752952, 1.5550614035331816, 0.9268867868273772, 1.1083934519144938, 0.5722377374074983, 0.8622718130633329, -1.3076884155669555, -0.11928598963735193, 0.9472584687489563, 1.185396851149917, -1.3964038890022898, -2.2521133470781063, -1.8591824594193391, -0.10553421917813836, 0.7945212921439145, 1.437181969869653, -1.3532032611229454, -1.003737356551011, -0.5113018204884413, 0.13284253792228418, -0.848255346934762, 1.0235208243695326, 0.9468083260568838, -0.7945061625599664, -2.1636404646079925, -1.3194838878718211, -0.7220358385212488, -0.47531128611484724, 0.5244060292518526, 0.19575869179485458, -1.238122474542134, -0.2323835685048203, 1.0599868966103645, -2.644326940977367, 1.7104065240157071, 0.8462374146246705, 1.1065804617059654, -2.1110569392571534, -0.16793070399542123, -0.3575660831406235, 1.3540093578720915, 1.2042614353639436, 0.8874802260786474, -1.8331593758234568, -0.5523977663421875, -1.0344367697455674, 0.1840527204761841, 0.6009368492239964, -0.418375467388841, -1.5861750172461802, -0.6443109078400908, -2.3409122491445187, -0.7273517025692051, 0.6270366043579565, 0.9769271017913275, 0.6441695219927289, -0.6192982708235117, -1.0926799008212598, -1.1621823811928305, 2.5342803811216348e-2, 0.685408040158428, 1.2060968917546615, 0.13941502500133074, 2.0516824212978086e-2, -1.5443620457248455, -0.414399544304998, 0.4452990232037634, 1.2025007920717226, 0.3353753458724631, 0.955478194050231, -1.7761461301768813, 0.43044081047275257, 0.9130764254416913, 0.8111103321480302, 0.3729100068991139, -1.5516194411122295e-2, 1.4569548037763393, -3.287693778710049e-2, 0.30294801531398796, -8.895276809060153e-2, -0.43093254710004986, 0.31697474651867674, -6.273588023996544e-2, 0.8192010862304043, 0.20378379698705265, 0.9600882234123809, 0.8921913305504899, 1.1640112064561596, -0.5901785259155659, -1.3023057713599246, -0.9208116747939629, 0.34659014350692335, 0.41461576690992, 1.6763275179692911, -1.2380647008073449, -0.2564175744789101, -1.3077323501453273, 0.8380002241729582, -0.4471219432029651, 0.45360538163245273, 0.5532071009880999, -1.712542204595342e-2, -0.40167432746072995, -0.8718701818797209, -0.5605563174869207, 0.3991557652792698, 0.8157017422106668, -0.1000392688592248, 0.922069810492098, -0.6520437558869535, -0.3739027383858512, 0.4398803848150575, 0.9661029341665636, 0.9473303075578912, 0.286373756997419, 9.05283809321447e-3, 1.0191640940696889, -0.3632223004686296, 1.0200970372115568, 0.651796597871895, 0.8891827288090316, 0.8234909988230916, -0.6767874970759374, -1.2700940837117052, 0.8982888443593074, 0.5301663225877414, 0.5888390736405016, -0.31376403234667466, -0.4013883183191668, -2.07691625926911, 1.2015306519762197, 0.14836511912218328, 1.174059428687254, -6.861346225620239e-2, -9.383481240077533e-2, -0.16418932237791484, -2.110111272489216, -1.5963801426767594, 0.8917315158265972, 1.1242600826957503, -0.36357200520479244, 1.6547282719451222, -0.2430640205279416, -0.11924432838093829, -0.145229950720168, 1.2041206113852827)
