seed <- 486
log.wt <- 0.0
penalty <- 2.8115950178536287e-8
intervals.send <- c()
intervals.recv <- c(56, 112, 225, 450, 900, 1800, 3600, 7200, 14400, 28800, 57600, 115200, 230400, 460800, 921600, 1843200, 3686400, 7372800, 14745600, 29491200, 58982400)
dev.null <- 358759.0022669336
df.null <- 35567
dev.resid <- 226118.15298131623
df.resid <- 35402
df <- 165
coefs <- c(6.698240539205183, 5.907709604575341, 5.705537807022405, 5.379461897051802, 5.162276670141674, 4.819211933614861, 4.763963389913041, 4.652470424628246, 4.367551076114166, 4.258437491094066, 4.270487012151257, 4.170334650945558, 3.9903953277710866, 3.959720987640236, 3.7363105459139594, 3.550425251153461, 3.2131072309785638, 2.9900572179438494, 2.464522426569394, 2.009188427880037, 1.5737024601700305, 0.883031063691208, 1.0872073952313819, 0.36245584262502656, 0.36532517655109903, -0.6731640213464289, -0.20295028162391723, 0.8141469436119068, 1.073599851910095, -0.8069995182061629, -2.5009341756000913, -2.316971234494041, -0.38030082271981286, 0.7798673736662025, 1.2584929805366445, -1.1643976084012466, -0.608754754928572, -1.5761085849465852, 0.1712539330159574, -1.5515257371842925, 0.931311047156868, 0.8449250445790603, -1.0003855941576638, -1.6701492737424803, -0.9185375385078839, -0.595819450942811, -0.38942790581699027, -4.4907514787192696e-2, 0.5901642528801021, -0.8237286094606812, 0.120416401498746, 0.9337619722207202, -2.7415075103781072, 1.6840513538826474, 0.7935631781093467, 1.0033263909180374, -1.8942988327035748, -0.24105152030310306, -0.2199798189368861, 1.2468926468038148, 1.2883588992842203, 0.8030431903699067, -2.059615466907656, -1.1224993016748512, -0.6929820355016157, 0.16811250819991502, 0.6765779377527426, -0.5002178775134787, -1.4264278885713657, -0.6364195549592346, -2.3998678755881495, -0.18412308181941256, 0.6957421682274684, 1.1064726259520872, 0.6157994245498007, -0.5643010780664918, -1.239083585356563, -1.3224448993641384, 7.047954281177694e-2, 0.7515666489151552, 1.0788453747611024, 0.10901163207827479, 2.863211751902678e-2, -1.683693190262827, -0.1620339521875831, 0.6033207168291123, 1.188928838996335, 0.552750630344996, 0.9763673803031987, -2.452858960961445, 0.465094298976822, 0.8456559820346563, 0.8880782420609159, 0.2449513989352401, -6.856690181940331e-2, 1.317668224534655, -0.6795158134107815, -7.274411333476264e-3, -0.12972704533154134, 3.346815477483704e-2, 0.4947243694978247, -0.37697943660162736, 0.8189707716480735, -0.3781515116098934, 0.5413423521544256, 0.8871545748628555, 1.1073184570650196, -5.787209953364303e-2, -0.19292484439339094, -0.9255039874319136, 0.38674293068288246, 0.6363501705874371, 1.6076055927501394, -0.8461467334476206, -0.27349329942611234, -0.9627021521149717, 0.8151881447462669, -0.25777244621392154, 0.5836283201884231, 0.5727283746058187, -0.3904050406250448, -0.6415211719994792, -1.1637696564398126, -0.4380053939542792, 0.4371552667889665, 0.886606860518609, 8.085877721444021e-2, 1.0068460441362486, -0.5343509288274777, -0.30678338005732714, 0.4316314786262322, 0.7691787252822373, 0.7183233576035967, 0.6301746360224817, 0.10102020892135369, 1.2064841054195428, -0.4066899822340456, 1.0782518374156123, 0.7767241579322963, 0.9971001698294258, 0.8324822486015223, -0.7057035797711528, -1.3117515273461489, 0.6101312934577865, 0.12874227087463638, 0.5970011046102967, -0.14129867242364594, -0.1816370894200859, -2.0137641250441827, 1.292592123337494, 0.20753114023406333, 1.3015266293937495, -0.21438303659871807, -0.16046611098608646, -0.10731671965906786, -1.7440616125050459, -1.7530217198757463, 0.9072885127347112, 1.1131993850614095, -0.3189933766594412, 1.5732637301070516, -0.14911017935237011, -0.11498673549569269, -7.782981575236453e-2, 1.2123626856045802)
