seed <- 745
log.wt <- 0.0
penalty <- 2.8115950178536287e-8
intervals.send <- c()
intervals.recv <- c(56, 112, 225, 450, 900, 1800, 3600, 7200, 14400, 28800, 57600, 115200, 230400, 460800, 921600, 1843200, 3686400, 7372800, 14745600, 29491200, 58982400)
dev.null <- 358759.0022669336
df.null <- 35567
dev.resid <- 225798.66677615157
df.resid <- 35402
df <- 165
coefs <- c(6.698830077872722, 5.6060122444228355, 5.593524215276662, 5.335912824386602, 5.1812146679959366, 4.894712521355498, 4.805810414960845, 4.602524698703394, 4.343442064935058, 4.268397140360005, 4.298173835986214, 4.190043369352558, 3.989494918227109, 3.9366255146174156, 3.766526120122318, 3.5406877640332204, 3.255821219177823, 2.930972792801329, 2.4572103314912557, 2.0752096951061696, 1.660321074551857, 0.9385872143533198, 1.0241400777951768, 0.5705119736099068, -0.2326236240940686, -1.8237625283410879, -0.17022192703434774, 0.8233022844253107, 1.1534744154368746, -1.390901388995405, -2.0833809269519192, -2.3604431294260375, -0.3675469624061101, 0.7510864938235889, 1.307695916726588, -0.7193471438531566, -0.9862642355265392, -0.9363315483827128, -0.21946493142450163, -1.3568186181701258, 0.9727384018215363, 0.8622691169603084, -0.9513712392911521, -2.137915523067879, -0.9386456458291685, -0.6534781024975095, -0.24579456956078954, 0.24859502554915736, 0.522137185793135, -0.41887895662281505, -0.5456191446401608, 0.9265875446240128, -2.6854280561916446, 1.5078755144401597, 0.8303415313246767, 0.852395399554341, -2.071857627439071, -0.3238656928639448, -0.6934388793762555, 1.4785677553681602, 1.3505703977746288, 0.7000341873663617, -1.0771907886770937, -0.7819556726907221, -0.31036205639902464, -5.965358645635757e-4, 0.6253307392175252, -0.35701536601766276, -1.7328899659979498, -0.5159135760360061, -2.3541867964366787, -0.33269069596798956, 0.5806230100568783, 1.0292685856245187, 0.6969956819751282, -0.6325516232648014, -1.609586340231665, -1.4345260895312646, 7.346185070804737e-2, 0.7152273137249512, 1.2191792241679855, 0.11032539195442276, 0.3306983181055994, -1.506483819271256, -5.50048090101563e-3, 0.564101949332803, 1.2531040460789158, 0.5006077951234609, 0.9061821357518413, -2.0841351951005493, 0.34641345669349227, 0.6893975315200317, 0.9080074278753533, 0.38204137257552484, 7.264990337945823e-2, 1.1055631733376516, -0.5765867675117662, 0.11268429854515165, -0.2528581779711945, 0.19004733217962633, 0.5299534892220624, 0.1743964069607201, 0.825722746764105, 0.5171375690728679, 0.5895421117324862, 0.8134214385152532, 1.1984241142112766, -0.39541675014463634, -0.31976756386019056, -0.6778594664849557, 0.35320167343225845, 0.4908276551117041, 1.6324144949371227, -0.5583849083972936, -0.32049451450109445, -1.2852680749437846, 0.8824513519360849, -0.44477103959879305, 0.23291868135541952, 0.3403118083322169, -0.7019852794799495, -0.30480441128618824, -0.9820784713703268, -0.5083733144434059, 0.29781445425636793, 0.8344694328491279, -8.788096739520744e-2, 0.9723066769216742, -0.5315026778872325, -0.3548640767123624, 0.43022217504520754, 0.7545466759352738, 0.9864707384381496, 0.5565881848361229, -2.5990695819946497e-2, 0.9790491974415149, -0.316439556237192, 1.0556813910135874, 0.7018862050926097, 0.9832008596293614, 0.8411218890326723, -0.5817637359586286, -1.2361627844692273, 0.45804358222213826, 0.581800594286031, 0.43554297833249195, -0.20643617037535805, -0.25778138638889936, -2.166320610163873, 1.3092352551660729, 7.284966050813967e-2, 1.2286861548875812, -5.190998278425293e-2, -0.1208056875549837, -6.716615677585791e-2, -2.0022015851174855, -1.1988739749753223, 0.7634167270803303, 1.1765589058265926, -0.37294119394763475, 1.5955592277975565, -0.2753829995010473, -3.287854216919527e-2, 0.18229058814457633, 1.2540508575991018)
