seed <- 821
log.wt <- -14.276700909068527
penalty <- 2.8115950178536287e-8
intervals.send <- c()
intervals.recv <- c(56, 112, 225, 450, 900, 1800, 3600, 7200, 14400, 28800, 57600, 115200, 230400, 460800, 921600, 1843200, 3686400, 7372800, 14745600, 29491200, 58982400)
dev.null <- 358759.0022669336
df.null <- 35567
dev.resid <- 227128.52029555224
df.resid <- 35402
df <- 165
coefs <- c(6.46918538707822, 5.896457892380965, 5.567351090033228, 5.395248484032207, 5.078632438269725, 4.85677836146382, 4.722450945890364, 4.601930675825759, 4.337277731221943, 4.243806305941339, 4.234537839520624, 4.158404084048665, 3.9530878303768033, 3.9240106947227633, 3.7094777609479173, 3.4856564254721785, 3.2221755375477774, 2.9132137576717057, 2.480441404777366, 2.0318904987562147, 1.5122213727495273, 0.8701627686960689, 0.9534518786235329, 0.4675092809700116, 0.5040648602692599, -1.1599889525163116, -0.3273521068997833, 1.122158374003659, 1.1437258942388269, -1.690150680381746, -1.9516290196237176, -2.605771321334899, -0.3351913679140792, 0.7866267664899718, 1.2620712039712885, -0.9472384325179328, -0.10365632031991831, -0.8323388238164177, -5.731001699225128e-2, -1.0020648380648578, 0.9281874025804533, 1.1068302568789217, -0.7936134353600434, -1.968670679731103, -0.9675975979943079, -0.5786732160716994, -1.0791280284769065, 0.40811356902806284, 0.4953248805119513, -0.945266154710702, -3.485059094587155e-2, 1.1785060761295725, -3.0284425260103007, 1.7892084854312333, 0.6944981245393098, 0.9847390807876502, -2.1700740975766193, -0.19530658117321373, -0.7511290720015393, 1.3030714165296997, 1.291389906072511, 1.0102393556103186, -2.242863713733465, -0.26213743075320556, -0.43368586267281917, 0.33381923294208204, 0.5848785875564165, -0.27124614701511146, -1.6154573362880582, -0.5460142665436712, -1.5218102884049516, -0.2585841622040503, 0.45829048610536993, 0.9162320437496663, 0.7897954840356917, -1.4492524254212273, -1.271526438837593, -1.1144783418957251, 2.256693932149018e-2, 0.772859572362209, 1.2423580568078307, 9.361071528425495e-2, 0.3151230033993045, -1.2702887455361653, -0.6817335844777358, 0.3429997223862152, 1.3768595638440402, 0.5193281784669657, 0.9362547906527924, -2.8873674798635403, 0.5430908069426157, 0.5369646551890883, 0.8762022501155327, 0.3667762459677975, 0.10067936410190344, 1.3344435531380578, -0.6230268242302983, 7.77900974605365e-2, 5.4114828587846074e-2, 4.134220896672206e-2, 0.4532671019880209, 5.073944163369476e-2, 0.7046916764587935, 0.2203653706618854, 0.7944900135493739, 0.8288637489274279, 1.1070728668538883, -0.7307776141064644, -0.13511563536164417, -0.7589772206015686, 0.47499396893528156, 0.5853562403875772, 1.6264250836888388, -0.7115799170782166, -0.3046568892841129, -0.8880579201940882, 0.8361185906256535, -0.372324287699489, 0.5201031036669538, 0.5764565087696784, -1.1848538845159469, -0.3169383115258036, -1.2140683943800723, -1.2922490665740758, 0.38310394915715584, 0.8936143327522614, -0.13290428036255145, 0.9796617631436876, -0.5285204482261832, -0.48377319096427784, 0.3326126098198446, 0.8416090593974703, 1.0263268763322606, 0.4032681273300098, 1.0255911898814763e-2, 1.1846128731352161, -0.39013418079658374, 1.1741225681957919, 0.7403045310717569, 1.0275699066103303, 0.8305269431963266, -0.6532800460732079, -1.2062253465936292, 0.5559462235323923, 0.41297336388929423, 0.46934853121403763, -7.153119254974606e-2, -0.15250256137586374, -1.973558784397526, 1.3562707857292011, 5.126483055769653e-2, 1.2375710693930302, -0.20522421142049932, -0.11666865684029594, -3.282129495957107e-2, -2.280260657000765, -1.4599841242751033, 0.7936315854199689, 1.2419562581994856, -0.4730976289004876, 1.6263835704087326, -0.30102868434409696, -0.15849187181758992, -2.5985349872644312e-2, 1.2423692051249293)
