seed <- 1027
log.wt <- -12.37739011348754
penalty <- 2.8115950178536287e-8
intervals.send <- c()
intervals.recv <- c(56, 112, 225, 450, 900, 1800, 3600, 7200, 14400, 28800, 57600, 115200, 230400, 460800, 921600, 1843200, 3686400, 7372800, 14745600, 29491200, 58982400)
dev.null <- 358759.0022669336
df.null <- 35567
dev.resid <- 226900.11271571254
df.resid <- 35402
df <- 165
coefs <- c(6.759314033836497, 5.8499244609229075, 5.640091344569525, 5.197401521546709, 5.0303842690098195, 4.860602849178385, 4.798774770742718, 4.660265337319584, 4.2840555093369534, 4.322498123046758, 4.308388021172701, 4.194079606975991, 4.020971530227079, 3.949070939709626, 3.6961090980746656, 3.487541802700714, 3.2372127921749443, 2.9110165726015125, 2.5235580201432417, 2.079856915207024, 1.5710655378561438, 0.8923726202472295, 0.9613126175366952, 0.24578746429001014, 9.423678346462412e-2, -1.0768404277310637, -0.4244417086499833, 1.0150245001839708, 1.115591785314651, -1.4411170610984871, -2.0695260963128685, -1.7358141243494063, -0.2747225073786819, 0.7543180838695283, 1.2487322290013194, -0.9133936745595619, 9.502421820228367e-3, -1.114630655985447, 4.639533534097878e-2, -0.3443221912875145, 0.9953996173936804, 1.099244615313971, -0.980079076232569, -2.132494236939854, -1.0462179335154624, -0.9149652611179554, -0.30461344995829176, 0.18591151756224236, -0.17087512890155906, -0.6350710791225649, -7.067991543471026e-2, 1.0406357834990174, -2.3974201957401036, 1.7330364569617207, 0.7587032054148197, 0.9553755005656245, -1.9050998665260952, -0.15897729421691228, -0.16648181325576114, 1.3888992226343428, 1.1222952059761175, 0.7292197827718825, -1.606635992564722, -0.8183002152664789, -0.7068999994368449, 0.1812742731359053, 0.5532713042126104, -0.3384162763704007, -0.7396007919328894, -0.5638272208864938, -2.3640992511523975, 4.726127234425508e-2, 0.5061340186792059, 0.904657791168095, 0.7195965621601165, -0.7037224398553747, -1.4421430961443797, -1.1009492324775014, -5.459477263700816e-2, 0.6445181597860089, 1.0786489603803873, 0.17511667117697036, 0.514822340002383, -1.617985095108244, -0.5043114921510197, 0.39181612673271227, 1.146464716678663, 0.34407994325026037, 0.889880578116002, -2.5596493331032244, 0.29701315192776767, 0.7197878005737771, 0.7290827121042943, 0.3567615097641559, -0.744152712967478, 1.1626896682569456, 0.3315338271049995, 0.47129353942560603, 3.399567391669969e-2, -0.8761252924418393, 0.22575302816682818, -0.4672679234299899, 0.9083110565102056, -8.146874473544867e-2, 0.6604514218136022, 0.8489191966183394, 1.1208274474893267, -0.39502898533160535, -0.6228734265861352, -0.9245566400263467, 0.3205298854783861, 0.7758145915579601, 1.646768246969879, -0.5886572164316042, -0.15218221754765657, -0.9684284672963177, 0.6804028880345616, -0.3417254217867348, 0.5001267326120441, 0.19219896393942051, -0.5665229470756974, -0.5350021483043874, -1.0344901985122688, -0.588291361537566, 0.34288288438371173, 0.9172153938803216, -2.5102429738770103e-2, 0.9122937001163974, -0.7094415217006886, -0.39294401877982116, 0.3224259060039013, 0.8447183934863721, 0.7761754102046611, 0.5084448392278551, -2.0083868944499227e-2, 1.1128043707065518, -0.3719229559095079, 1.1065495770602853, 0.7170298668256112, 0.8747003096554659, 0.6287623372561227, -0.673258420230478, -0.9574587349689406, 0.5645715075413142, 0.21181153879489625, 0.4933785103830953, -0.2451987118299592, -0.4776202523824405, -1.8910915095675704, 1.3011214852538908, 0.17353816809362788, 1.142192040643426, -0.2090470728700327, 1.8209555341912733e-2, -0.13144131034277134, -1.7056302550554934, -1.1871062113303505, 0.7872903614605693, 1.1345482223612708, -0.47997743642658086, 1.5932016164537062, -0.18080103506532053, -0.1263821605157999, 7.754338350708441e-3, 1.106781374334801)
