seed <- 903
log.wt <- 0.0
penalty <- 2.8115950178536287e-8
intervals.send <- c()
intervals.recv <- c(56, 112, 225, 450, 900, 1800, 3600, 7200, 14400, 28800, 57600, 115200, 230400, 460800, 921600, 1843200, 3686400, 7372800, 14745600, 29491200, 58982400)
dev.null <- 358759.0022669336
df.null <- 35567
dev.resid <- 225399.74946176852
df.resid <- 35402
df <- 165
coefs <- c(6.623182165829688, 5.962729617623979, 5.669752958540023, 5.3338781734941465, 5.1564010851905175, 4.948991808243085, 4.860323769655147, 4.6184920214467455, 4.408727420713806, 4.296599607098982, 4.290358678180333, 4.165773464979817, 4.0413749957112355, 3.963323797292847, 3.787252704187191, 3.5423488381502164, 3.309618983671571, 2.953114438589659, 2.5099433933885416, 2.070652616953682, 1.6075958700338953, 0.8994539405868023, 0.893740269424074, 0.334437681413972, 0.4325809337230635, -0.8320568018156138, -0.45532712832946703, 0.967551076088582, 1.0891093344089693, -1.1251755189965604, -2.2545030639440355, -2.2593050850523255, -9.572042508661865e-2, 0.7380341088879862, 1.1264584425539659, -0.5834901257003801, -2.126761925372439e-3, -0.6422907028060159, 0.27933705469718884, -0.5313908289125288, 0.9456641940310901, 0.5102183270198773, -0.8152012804600272, -1.4684928597062328, -0.5964202033284318, -0.787871473917516, -0.12998165808082007, 0.4515068949392667, 0.32040851214446264, -0.6794651366226729, -0.19884789520926133, 0.7131800489930574, -1.9799819353884056, 1.668436516870391, 0.7731072090286674, 1.1522919235099318, -1.462105997104614, -8.754433204763898e-2, -0.6071934492718842, 0.7313756854950122, 0.8506891251975106, 0.5905560532698337, -1.67578267963747, -1.1865450519765313, -0.557179936241881, 0.13664721693445617, 0.6931447796682365, -0.6337465178984961, -1.7645084699699825, -0.5900735712714842, -2.3274023977002685, -0.3314599993633034, 0.24403410177971, 0.8885460949254688, 0.6851851545291074, -0.5991433605920636, -1.5839512213868239, -0.9428841444352526, -5.705141994724461e-2, 0.7029478788721704, 1.125135391191842, 4.448750587452047e-2, 0.25216694609825785, -1.4731397029302962, -0.12080540840611517, 0.35446692892680676, 1.1757709136823296, 0.5622109927047533, 0.8703172843940981, -1.8562650024973972, 0.569224125500101, 0.605091182036558, 0.6327937766971077, 0.3696609267989361, 0.15424036428016732, 1.2839984663937467, -0.32632685011050117, 0.2411513602090531, -0.10499784448876741, 2.013945310950528e-2, 0.22788945824735427, -0.31069528442535693, 0.8749776342780102, 0.31875986087496283, 0.7516776688843293, 0.8184230361599981, 1.0546513482426276, -0.9894753292042514, -0.5877220750340338, -1.3478001254852792, 0.4247625864330418, 0.4030254899771654, 1.5968663606122848, -0.9622652228968471, -0.3891179382080225, -1.509826297542044, 0.7439421966360855, -0.3344284137081303, 0.41827211245026097, 0.664113140213679, -0.7508928943918919, -0.5496991376406823, -1.1404726286572542, -0.45785430310213576, 0.316458017170139, 0.8706270349566859, -0.12205666294824896, 0.9103555671772638, -0.8487347904280618, -0.3839453706877467, 0.4404741918124203, 0.886004645098731, 0.8382540267150478, 0.4550561720057889, -1.1429448299484713e-2, 1.1937482740412027, -0.4125534871691698, 1.000987694198938, 0.671828944546465, 0.9445756472984729, 0.6473672683564149, -0.7244831954392201, -1.3383258440325363, 0.5717967185104065, 0.2562245334933188, 0.5531201862754737, -0.13901077515897906, -0.7962763959094482, -2.013971633930299, 1.2756118117213413, 0.18888704317130528, 1.1920719139014317, -0.22947784480142305, 3.828683876329796e-2, 6.289967422371767e-2, -1.5456680748666127, -1.1543172431851902, 0.9684151087578475, 1.1608126904389642, -0.2886453944215093, 1.501333565252508, -0.2652434284503002, -0.13323937068522224, 4.527678652819918e-2, 1.0960514289533556)
