seed <- 405
log.wt <- 0.0
penalty <- 2.8115950178536287e-8
intervals.send <- c()
intervals.recv <- c(56, 112, 225, 450, 900, 1800, 3600, 7200, 14400, 28800, 57600, 115200, 230400, 460800, 921600, 1843200, 3686400, 7372800, 14745600, 29491200, 58982400)
dev.null <- 358759.0022669336
df.null <- 35567
dev.resid <- 225966.51263640812
df.resid <- 35402
df <- 165
coefs <- c(6.59119024075179, 5.69330305453212, 5.6551598695615395, 5.194099918707477, 5.113205911571788, 4.892210794890903, 4.697646113711924, 4.618233959534006, 4.40250966649216, 4.208823010502415, 4.356825059560242, 4.149659269444058, 4.001809609007661, 3.9512753846537434, 3.7820427732135826, 3.557182856288789, 3.1900001548281316, 2.9099054111742775, 2.5152358431114816, 2.01922546855476, 1.6332664786650146, 0.9029720372803144, 1.0328884403653065, 0.1431291804352063, 0.20912203033673887, -0.9838747291044997, -8.206366553827588e-2, 0.9727826191222068, 1.0617242190669072, -1.171404618707701, -2.2281153439837627, -1.9744487484889712, -0.15955509975350363, 0.7361671903936206, 1.4083446465971565, -1.1281196398648003, -0.6000779600944346, -1.6731652521426394, 6.59198334007462e-2, -0.19028116086335822, 0.9092843237940562, 1.0846696103209903, -0.873431308032669, -1.8950269829555022, -1.198190333438387, -0.5771392269094905, -0.820270510202016, 0.4887796860091146, -0.5622877367625868, -0.14131250183458463, -0.4940322218226625, 0.978751031161175, -2.098600831953712, 1.744831733165982, 0.7983201507958548, 0.9295875752848205, -2.3002557865038566, -0.2331627842979828, -0.6181047146095833, 1.2990602282763415, 1.214336637670448, 0.8733811017076715, -2.140221420217662, -0.8556462432382963, -0.7357383687609719, -0.21556336974463644, 0.6141678246562957, -0.330021884983021, -1.5458066391691143, -0.5899356480693837, -2.1812342227400707, 2.5130303805565548e-2, 0.25812571805337653, 0.9246200403591716, 0.6783606478792994, -1.0609642674279853, -1.3163757045754898, -1.0477482824919808, -6.321091299724296e-2, 0.6169500420539069, 1.2008165471288155, 0.12336900980721849, 0.14408374824967005, -1.8120451266125666, 4.3333353354544565e-2, 0.44214809675624706, 1.3039299100438877, 0.5588901096673928, 0.9126558981330164, -1.9653418413336896, 0.5533477972720827, 0.6631744072745493, 0.919080408158607, 0.4164964520963873, 0.25366418694298104, 1.278676315336848, -0.11397853414031796, 0.5768397365804662, -0.26086990335431764, -0.7593910417180783, 0.428806568567074, -0.6533001932515778, 0.7572364890448178, -0.19350547765853382, 0.9440646742895527, 0.8003089324504111, 1.1604403102402765, -1.0803927230813448, -0.38292028543766693, -1.292266295673919, 0.4962640827215212, 0.7038799769315277, 1.584581814825283, -1.0220537533338674, -0.27113997856190103, -1.1784092205043455, 0.7747852718422266, -0.36800778062686257, 0.4133100787777751, 0.6056142858243264, -0.3727064364404759, -0.5106550139732525, -0.8133745671870697, -0.43505889112527973, 0.2958843514906378, 1.0065280138370938, -8.202126448815976e-2, 0.9726472231551804, -0.7610827143945545, -0.42516928882424654, 0.34317162816691693, 0.9226531296941887, 0.8398790643514583, 0.452913901458078, 8.197828023536288e-2, 1.0508164239746682, -0.4065457394986089, 1.0870196912631311, 0.7250702496719078, 0.9615560906182657, 0.8813489395603424, -0.610206309491318, -1.0499287493764229, 0.7156818718042735, 0.2673862802809252, 0.47789450927341026, -0.12055818718221793, -0.7569365762606856, -2.1531012985546947, 1.3713271188611285, 0.1279727146189631, 1.2408628017955732, -1.4384865994654888e-2, -0.17569258380871605, -8.636484241199492e-2, -1.4581675116271693, -0.8002121311720275, 0.8534764065938374, 1.2846672110213866, -0.20684198022325717, 1.5174247674666537, -0.2189641085849421, -5.819641799625893e-2, 0.18663417440803162, 1.2591795982745058)
