seed <- 756
log.wt <- 0.0
penalty <- 2.8115950178536287e-8
intervals.send <- c()
intervals.recv <- c(56, 112, 225, 450, 900, 1800, 3600, 7200, 14400, 28800, 57600, 115200, 230400, 460800, 921600, 1843200, 3686400, 7372800, 14745600, 29491200, 58982400)
dev.null <- 358759.0022669336
df.null <- 35567
dev.resid <- 227067.22705886862
df.resid <- 35402
df <- 165
coefs <- c(6.249491455725185, 5.645501966866093, 5.785547200118673, 5.314287502312622, 5.089116279835493, 4.915137189323104, 4.750231795021968, 4.661346070757701, 4.357187996207678, 4.277111883873043, 4.324559200049994, 4.177517659273252, 3.9804766449916675, 3.9137472223148047, 3.7155694544090943, 3.5201486985176373, 3.225787570654435, 2.9272554651658518, 2.46863279019991, 2.0441999428479787, 1.6415710372866106, 0.9130807508037246, 1.0379723071495794, 0.5581319998747434, 0.349539885419242, -0.8594018556937308, -5.764415452418986e-2, 1.1492603383712359, 1.071550753169907, -1.4946320117086624, -2.518328865511931, -2.4516134155182696, -0.2833459106667957, 0.7388496652994844, 1.3896167563953241, -1.3234401606934314, -1.2075287742241831, -1.3683347085165027, -0.3691251947680255, -0.7898678826781854, 1.0219992620044365, 0.855288560411701, -0.9399732812927912, -2.348320602146971, -0.9406872814725751, -0.7347673977899256, 9.90607679358641e-2, 4.8420985972533664e-2, 0.6818841452653505, -0.6455177832347623, 0.2665422161252609, 1.1881604342948133, -3.3084681751070706, 1.5700317453027444, 0.7731485659414223, 1.0969673829340005, -2.3815510893403156, -0.2732119101713062, -0.5912216365021191, 1.1584001010710354, 1.3615512896154869, 0.47283756526644616, -2.1706338862395618, -1.3727422329755814, -0.5642312964524487, 0.39374082804568294, 0.5756785669332511, -0.2571807282369808, -1.256971448538338, -0.4023560200482276, -3.279706777282416, -0.21808315515904708, 0.5638909219504135, 0.9299080385936537, 0.5716610292096044, -0.7795408790939011, -1.1123395665816114, -1.10377143707071, 5.802965752527465e-2, 0.7562224847630443, 1.159688217858524, 7.747416738178353e-2, 0.23062518553619768, -0.8448929253748242, -0.21766504028728673, 0.5358576418792845, 1.2802265366303083, 0.6358235639496542, 0.9749636233280018, -2.1693498776023494, 0.536471211383751, 0.8794990745209932, 0.8622932935579621, 0.22677163123953975, -7.386925748324778e-2, 1.375442438179551, -1.1026132622621276, 0.1352360121492571, -1.5334062829866284e-2, -0.8180903226334629, 0.3834144976351809, -0.3268516610743695, 0.8565503736712266, 0.23588978345392903, 0.8186519133672462, 0.8339343137348364, 1.1291162246540556, -0.4660516933518887, -0.577399069092545, -0.46546161880206804, 0.5990243656342195, 0.7015868741068682, 1.6364443439319478, -0.4730605913007913, -8.985627145509453e-2, -0.9262968625209888, 0.7406453003571648, -0.2264064058355294, 0.6136246625513113, 0.44244111017284343, -0.5565610159331608, -0.5311343642786981, -1.237125912056861, -0.35687236828672764, 0.3390976351067408, 0.8153934165302366, -5.3323393557411586e-2, 1.0370519580244457, -0.6399070503887466, -0.44997887652162805, 0.4401421659875491, 0.904311221833121, 0.9430222016312624, 0.5227541429836982, 1.0402514413536044e-2, 1.2034099624341463, -0.367862661506767, 1.1035642240791816, 0.7372930032685334, 0.9024363395977762, 0.8177170013319828, -0.684126304115717, -1.0083107885454061, 0.5427249678488753, 0.5019304284286101, 0.43508502035954205, -0.10433454084777403, -0.44829485004673947, -1.676318595609574, 1.1846755310906205, 0.16173439075149754, 1.173876409679365, -0.10894509531272657, -1.9263613977067502e-2, 1.2950389603318211e-2, -2.1774048903734915, -0.740051710511079, 0.838171909293895, 1.226341089253317, -0.3128326374420492, 1.6017501800811111, -0.35502872670357494, -9.742395765763341e-2, -9.853182455019369e-2, 1.2124121492465518)
