seed <- 354
log.wt <- -12.497540187526104
penalty <- 2.8115950178536287e-8
intervals.send <- c()
intervals.recv <- c(56, 112, 225, 450, 900, 1800, 3600, 7200, 14400, 28800, 57600, 115200, 230400, 460800, 921600, 1843200, 3686400, 7372800, 14745600, 29491200, 58982400)
dev.null <- 358759.0022669336
df.null <- 35567
dev.resid <- 226265.880833212
df.resid <- 35402
df <- 165
coefs <- c(6.641879184348579, 5.864193714578569, 5.589732727230984, 5.317614458754609, 5.066853000177262, 4.933972579675965, 4.863256134167734, 4.639424240930166, 4.378211918595185, 4.282786190668536, 4.311675185589676, 4.169125859147207, 4.0208729870626225, 3.9474194331414756, 3.7435435315107792, 3.5087159611065757, 3.272763425531518, 2.9506175105088754, 2.5028993574503358, 2.061009739264092, 1.5277661387674977, 0.903597942225091, 1.1091466403613213, 0.2872056326748875, 0.16783004952572453, -1.077038661587052, -4.249378334301571e-2, 1.1733665138736658, 1.0642979589271655, -1.3063473575684035, -2.2702525869045296, -1.8076028938678583, -0.5445632334438535, 0.7744155892439617, 1.3587592012237377, -1.2522817048583308, 0.15347018693935074, -1.3555305447248738, 0.11315539464489068, -1.2514937691409203, 0.8945877853760549, 1.099429876027446, -0.9449188040974627, -2.39217981078032, -1.1199091687006328, -0.7214941712272026, -0.6733591686251216, -0.37234497321256615, 0.7519783150633299, -0.5210003107281466, 0.18354763218438544, 0.8869074401025047, -2.5728005279769737, 1.609587347730675, 0.791867548295676, 1.3185793337763865, -1.9728645071500375, -8.209995068987927e-2, -2.3609518683864985e-2, 1.2798391913599827, 0.9824966292411365, 0.7925226069593995, -2.5973592675349226, -1.041214612733249, -0.6248340561075282, 0.1475716974989871, 0.6253176194868196, -0.6867901577041495, -0.8943358223746335, -0.7394218125898697, -3.0786200835747852, 5.326642508724637e-2, 0.38371573475830806, 0.8313350618350135, 0.6801376678047005, -0.9033157182557554, -1.248835789450066, -1.224370333830861, 4.6813300613534906e-2, 0.754396080647629, 1.0508214654941392, 0.10264462909562823, 0.28990857871555353, -1.3204342783335759, -0.37296605874553174, 0.5155079950542204, 1.1638581005606548, 0.5551333397029583, 0.881530513962108, -2.548337002735889, 0.5486419984871944, 0.704371279395943, 0.8428284136573857, 0.30574841100474254, 0.18645242238590687, 1.1339157323792382, 0.10300448492775119, 0.47026961131816614, 4.185573292232013e-2, -3.744480037366649e-2, 0.3615523151799669, 6.420721408194753e-2, 0.9003240862414602, -0.26695820439453155, 0.6946705883167339, 0.7986877799033737, 1.1973557433327664, 3.373180134741714e-2, -1.1106634478226212, -0.9066484074596617, 0.2856650592593217, 0.7901035895270716, 1.601795971207424, -0.6554621354447394, -0.41568678884863797, -0.8519893209916186, 0.7150833538437915, -0.26143984107247115, 0.3115056978652822, 0.4304581971422989, -0.6075438959434293, -0.48896158688273106, -0.8665009144042265, -0.5372318562069712, 0.41259268774095836, 0.8310816024586555, -0.10215042023198896, 0.9613033473079864, -0.5393488099493112, -0.2711364329147025, 0.2618907330558597, 0.7471000265036436, 0.6962261121506408, 0.35601842242433307, 0.13451848639871106, 1.2058819444686197, -0.24268818257917152, 1.0244680178069745, 0.7636672979819913, 0.9993684987555189, 0.7844268564079336, -0.7537548537788521, -0.8842593108896833, 0.5692013875878692, 0.2836043564898273, 0.536476049398141, -0.2436027805695526, -0.2559534165405694, -2.088483943638091, 1.26668654075734, 0.11400484492751928, 1.2616308155872447, -0.16577432465931205, -5.574728920006333e-2, -5.51709351670364e-2, -1.5896574376781, -1.4311524665844997, 0.8470497643932264, 1.1472186720766828, -0.5847386544236644, 1.5612852673580502, -0.3085154667822536, -5.762809595152043e-2, 5.8710322678414955e-3, 1.14896518855766)
