seed <- 526
log.wt <- 0.0
penalty <- 2.8115950178536287e-8
intervals.send <- c()
intervals.recv <- c(56, 112, 225, 450, 900, 1800, 3600, 7200, 14400, 28800, 57600, 115200, 230400, 460800, 921600, 1843200, 3686400, 7372800, 14745600, 29491200, 58982400)
dev.null <- 358759.0022669336
df.null <- 35567
dev.resid <- 225473.77937206713
df.resid <- 35402
df <- 165
coefs <- c(6.846299389926832, 5.932541916373319, 5.86958204919692, 5.410354267916874, 5.040626439040676, 4.995478847855854, 4.721092144496084, 4.674282812728659, 4.394301174969548, 4.264749124237536, 4.389945414676594, 4.174458503474152, 3.977042846717476, 3.951117747967982, 3.765453903920019, 3.514531637720113, 3.229782736914688, 2.9337604604028122, 2.5238096856730463, 2.08836228217738, 1.5458626197862444, 0.8917997238711458, 1.0643699020854573, 0.5177130116050545, 0.30963780683599307, -0.8113025581221772, -0.17176794135228346, 0.9734472375450008, 1.1156356697026548, -1.2994198721089478, -2.44352821553524, -1.8975527514832715, -0.10655492697338408, 0.7500196702123916, 1.2629446153453048, -1.10393190787976, -0.5546326514149572, -1.1566357330266905, -5.6832586988041126e-2, -1.2913982309632053, 0.995682624342303, 0.7628283738882197, -0.9900009920930712, -1.436163711135186, -0.5940832257319233, -0.5881092846041891, -0.1641744227082357, 0.4690938238110623, 0.44778120568253776, -0.7255872056205366, -0.1035633972236409, 1.120796314725925, -2.7088636765197043, 1.6646265591865064, 0.769166593062401, 0.9460610980803538, -1.924141416310097, -0.2824224893017779, -0.34116775061593957, 1.0436059756340899, 1.1556596239100922, 0.7018755280140866, -1.9581434278378458, -1.0910351216358045, -0.5481756518995061, 3.911314113282755e-2, 0.6776952738228482, -0.6129110343348358, -2.4529834124319745, -0.48712826781384017, -2.4141373045386976, -0.14275893727077207, 0.43605979583746374, 0.896634744523576, 0.7492335492496205, -1.229397839703069, -1.4244289299563657, -0.9583874016182191, -1.711467199436508e-2, 0.5787683894016489, 1.2112373704123343, -5.2384186194711135e-2, 2.6894828870222428e-2, -1.592883848938702, -0.4449141899364438, 0.4088652329436657, 1.3367823421289198, 0.6646369947010913, 0.9375870882773452, -1.9507780043863971, 0.5758401627696703, 0.6864255791584286, 0.8023723039351388, 0.3802420738206358, 0.1295364378610739, 1.5298753520911001, -0.33347258534679663, 0.2960435593315757, -0.41855712704151926, 1.9505789767975627e-2, 0.4358369323569478, -0.6542953400037699, 0.8231607744136514, 0.1545458310470539, 0.7238544363577641, 0.7736918094162757, 1.1514368329324536, -0.8130208991570236, -0.8054218671991903, -0.9144442932525605, 0.46893405721293857, 0.8515510606262854, 1.649726755208919, -0.6038367524552329, -0.11718070634793284, -1.352068951878931, 0.8219736741931378, -0.24134453304710995, 0.4060820437828242, 0.5063300102862877, -0.4535787680259601, -0.39866037056983367, -1.0577061836702368, -0.398283921896767, 0.30165164820460516, 0.9148120751356864, -5.4983705070019574e-2, 0.9763493615699477, -0.29899506398919684, -0.38696002182511824, 0.2558401638308588, 1.0192218353439366, 0.9947106849404592, 0.32965477825947004, -2.9477087661076563e-3, 0.9995306957646274, -0.29731731786838894, 0.9827398014060859, 0.7192374470150965, 0.8221763685762523, 0.7846977682922959, -0.607543463675992, -1.1902885622254118, 0.7157511548115226, 0.3630617284548533, 0.4888023064735266, -5.377814798903996e-2, -0.6606333086103956, -2.0794336328375214, 1.2442196667870606, 0.1705629604610239, 1.15646153994547, -0.22959187006180873, -0.14986103085798597, -0.18733678461993258, -2.148995570336798, -1.1148907837380535, 0.8847540110458793, 1.2683465722772331, 4.128032967835335e-2, 1.6220984909886644, -0.14162224696392475, -0.11285492050399516, -2.2091718947019057e-2, 1.2622143623076632)
