seed <- 766
log.wt <- -14.73967233350661
penalty <- 2.8115950178536287e-8
intervals.send <- c()
intervals.recv <- c(56, 112, 225, 450, 900, 1800, 3600, 7200, 14400, 28800, 57600, 115200, 230400, 460800, 921600, 1843200, 3686400, 7372800, 14745600, 29491200, 58982400)
dev.null <- 358759.0022669336
df.null <- 35567
dev.resid <- 224571.16447973688
df.resid <- 35402
df <- 165
coefs <- c(6.629006803059784, 6.064648618537459, 5.640912413855856, 5.4295005604334845, 5.064021766574424, 4.902292108341421, 4.72425900365929, 4.658173819039677, 4.430199368577879, 4.259598606770809, 4.3632411130725, 4.179421601404945, 4.033847169442616, 3.9881271667346008, 3.7839410831880116, 3.553375642496485, 3.303102937328451, 2.928520097088971, 2.5110742777630817, 2.1311638766820384, 1.6391223249461742, 0.8773940169935218, 1.0593151298906365, 0.6428379504552177, 0.6419224438692812, -0.9099279353550366, -0.35760355510481034, 0.8280722832345409, 1.1422926379674, -1.701932892407417, -3.0450037708655424, -1.886920439554059, -0.3993692994939425, 0.7941874944940518, 1.270310891968756, -0.8314175425609206, -0.8256426987452041, -1.1777646379226037, -7.74228152561128e-2, -0.8077284350798888, 1.0423375931842047, 0.8116336511038935, -1.2550552670704207, -2.1649033031187863, -1.2519428269495583, -0.7222649011946792, -0.6583332432992207, 3.0979040943228627e-2, -0.14687884531598783, -0.36797745389697756, 0.10192129003429183, 0.7873838841427216, -2.8506799869264334, 1.7837329808849216, 0.9218346676740535, 0.9239560295426067, -2.074979464586607, -0.1887528330467291, -0.4731586933108201, 1.1336578714116816, 1.3109124506697982, 0.927404376655275, -1.7631938659346829, -1.0967940629667243, -0.5174464291676002, 0.41256106493254396, 0.7707457175901142, -0.5208250492681217, -1.094414906949016, -0.5854012894124928, -1.4736919160892636, -0.7963087144081921, 0.5302861745283067, 0.8398475246707415, 0.5733388281198545, -1.1547337642335862, -1.0226943634210688, -1.6798991394977583, 0.13256126723340086, 0.7372029261229035, 1.1363680679997494, 0.13553133528061934, 0.11133558477956049, -0.9781104570332715, 8.356807066895518e-2, 0.31009240095022106, 1.2236057803668823, 0.44532774251888935, 0.9229735553764875, -2.223739010025255, 0.5699956378464003, 0.6942487621616874, 0.7592232849537817, 0.3393530583921858, -0.4678786588823542, 1.278424577716118, -0.6253296174172056, 0.14717206995872165, 0.14889837864893476, 0.2668644967637445, 0.1786320113602199, 7.98046586836588e-2, 0.9477144667731677, 0.5065979216723611, 0.7360814161121797, 0.835499704621504, 1.0971637927379365, -0.6042423508960213, -0.35694638184114347, -0.9595706967037475, 0.35310994386396755, 0.6525801678882588, 1.685790255071498, -0.46369081624310315, -0.18511449605261568, -1.1582839952508843, 0.7970333283700142, -0.27865455546708195, 0.38987228847676836, 0.4367682201522129, -5.6328223217256314e-2, -0.32936972465214903, -1.2481487530999618, -0.7047991648621807, 0.37904964013599546, 0.8537468426873966, 5.6061592283866674e-2, 0.8279880155621737, -0.4726992833000995, -0.40599464614623115, 0.21733558431970038, 0.9525448569351581, 0.8064643277108632, 0.3052975588583666, -6.432038333486592e-2, 1.1178768732110567, -0.28966756007750194, 1.0885996692048903, 0.8592604111173758, 0.8388299364940978, 0.7780595359972434, -0.7066097024423047, -1.0164482516419848, 0.5923448041801997, 0.31369702650964937, 0.41422893013952966, -0.13027525009912652, -0.2918763395247179, -2.2838600618248712, 1.324750409568222, 0.25049452892606316, 1.1763571151346222, -0.1418707729364103, -9.42876820725145e-2, -5.582250894971587e-2, -1.8574782568954333, -1.6757247274200597, 0.8005675872977229, 1.2400904017956274, -4.217368109212733e-2, 1.6132727083215508, -0.2855674188921017, -2.349475545591947e-2, 2.5752080501512627e-2, 1.2285109207826594)
