seed <- 386
log.wt <- -13.040784138203929
penalty <- 2.8115950178536287e-8
intervals.send <- c()
intervals.recv <- c(56, 112, 225, 450, 900, 1800, 3600, 7200, 14400, 28800, 57600, 115200, 230400, 460800, 921600, 1843200, 3686400, 7372800, 14745600, 29491200, 58982400)
dev.null <- 358759.0022669336
df.null <- 35567
dev.resid <- 225445.23206981516
df.resid <- 35402
df <- 165
coefs <- c(6.592328523943691, 5.758141984601506, 5.647802163912232, 5.351390370955859, 5.014409724762711, 4.842300029973377, 4.776940086971996, 4.579519649841989, 4.313788543238219, 4.255951558548783, 4.348343240048267, 4.140598459916289, 3.9883503296411402, 3.9723349267672665, 3.7691791537073662, 3.522660907589122, 3.2543492711232425, 2.9589800688591397, 2.5024746552192747, 2.0660894644230337, 1.5586189894526494, 0.8945815298634419, 1.1530997863423182, 0.4959472170660119, 0.7289705931820251, -1.412246384689295, -0.31244251797479494, 1.1108626840593638, 1.0588399554721668, -0.8956321361975067, -2.1685107799733956, -2.593702761969797, -0.4627206648423169, 0.7512688695980227, 1.4653875254133162, -1.1458945878573426, -0.3675824020925781, -1.2811452076626064, 0.2683697681702484, -1.2836331785244695, 0.9572225237338884, 1.186240371140107, -0.8869541184467522, -2.41479364419979, -0.5385452149286385, -0.5955416424951854, -1.3528546405778707, 0.26477990684630087, 0.12252065872045553, -0.8091645261918677, -9.018941533043526e-2, 1.1834459812133789, -1.9500269441492957, 1.7873948051186035, 0.8044211201584449, 1.1867537241118775, -1.9207216011073434, -6.879918041676986e-2, -0.8459623797160319, 1.5428367366345697, 1.479360258706065, 0.8344652904341356, -1.8468694795437688, -1.0661233410395208, -0.7234772481459096, 0.3265275824841124, 0.49172063533474825, -0.7016284190586382, -1.2705621464468333, -0.6444267346859147, -1.9618881918322568, -0.4815112228309935, 0.5773600403774378, 0.9747899797025434, 0.6494879939345201, -1.190768150700869, -1.5944874038700607, -1.0150156822307095, -5.907828147893558e-2, 0.8532527845522805, 1.2353529135928396, 5.049974822866076e-2, 0.40474779354514656, -1.877200964246602, -0.4951261023880207, 0.43580874955593424, 1.1889470567848839, 0.55825557532279, 0.8884931874089967, -3.1141352154154474, 0.5774564325507503, 0.721153156770743, 0.850241823509248, 0.361627884842002, 0.12193548400080541, 1.3696718509647727, -0.9509606668377837, 0.5783539174778493, 8.083910133047646e-2, -0.32162329256051314, 0.5027719756796749, -0.987437954191, 0.7966711738286218, 0.4588969266002977, 0.5414006848771558, 0.83337592829154, 1.2288598001294686, -0.6342439062473826, -0.11527405968785999, -0.8462323008686545, 0.4360895727161203, 0.8173027746963754, 1.5959922459514626, -0.7436764284332243, -0.24776568786323944, -0.8136427262940468, 0.7982543768911969, -0.28281880302562395, 0.5393131669087657, 0.6895272562927361, -0.672708549830898, -0.42836096494142806, -1.2640655828425449, -0.5142532256972644, 0.15658267825881664, 0.8766992176346549, 1.1271212286423452e-2, 1.0126205956457834, -1.0631261468337008, -0.43722597817354647, 0.49332113601297395, 1.0285726546277074, 0.8052628679714284, 0.502951152561711, -6.672579206996386e-2, 1.079076850196681, -0.3379817114341404, 1.2390187611248065, 0.7358806334460578, 0.9456471109426702, 0.8691649032002354, -0.7515810316999332, -1.2528332719354283, 0.6882278721945861, 0.407515544285842, 0.5138125533716756, -0.25910254373685937, -0.33071974520221936, -2.080346656660511, 1.403057101134902, 9.550940690133754e-2, 1.254411160079609, -0.24245675355595, -0.11096059032671467, 6.8737917087977355e-3, -1.9407128134443812, -1.519338182406138, 0.9369677412500571, 1.215661838562016, -4.182293176375285e-2, 1.5264173977549909, -6.30404221693698e-2, -0.1506217467441013, 9.10320928189328e-2, 1.2037178256441017)
