seed <- 901
log.wt <- 0.0
penalty <- 2.8115950178536287e-8
intervals.send <- c()
intervals.recv <- c(56, 112, 225, 450, 900, 1800, 3600, 7200, 14400, 28800, 57600, 115200, 230400, 460800, 921600, 1843200, 3686400, 7372800, 14745600, 29491200, 58982400)
dev.null <- 358759.0022669336
df.null <- 35567
dev.resid <- 225509.42713488825
df.resid <- 35402
df <- 165
coefs <- c(6.610894418249424, 5.936728869409448, 5.781457363127545, 5.311660166820498, 5.126057874185189, 4.829773348464035, 4.774178892185832, 4.671049867795397, 4.376498578857502, 4.277864490363625, 4.3462525700776355, 4.157051584689555, 3.974701719807633, 3.9563449153500434, 3.7765302448836997, 3.5658132658170603, 3.2590025938288636, 2.975085025537537, 2.5327822596140903, 2.0374672112109264, 1.6175366750609235, 0.8966793232591911, 1.0884743478344174, 0.55979470848561, 0.7018242968266591, -0.9106102366353069, -0.36042773778271303, 0.8957416533205678, 1.0712033252635318, -1.3221703313867805, -2.0952412180716764, -2.3184134626808977, -0.18570116016555316, 0.6779951437672577, 1.3449840636449002, -1.091202072851369, -0.5525360188027281, -1.4214451490580355, 7.382920868803407e-2, -0.4011966419146862, 0.8973093290102413, 1.031117225760119, -0.8373268754254898, -1.5036175448326923, -1.1051152441364498, -0.6115898568372645, -0.963204460654055, 0.1972735167823458, 0.6828915225179923, -0.8103508862442037, 0.1302948202196999, 1.0339031451664, -2.713047491814487, 1.7229372736217754, 0.6362042519348959, 1.0569825565088358, -2.095075285390838, 3.86838133404852e-2, -0.15822835951743808, 1.2583028760846708, 1.0571857042851884, 0.7292742602799396, -1.8040977267207443, -1.3032273845729252, -0.4071418929699223, 6.270331354943408e-2, 0.5975585207560772, -0.6894742991831998, -1.2740029508169255, -0.7115695594663557, -2.5206004654416634, -0.2017255861694993, 0.7143714074348496, 0.9434831169295795, 0.5927120781625014, -0.6343869776449035, -1.2949802196616098, -1.22419372655171, -7.613204049797881e-2, 0.6936792915898905, 1.1596368871966534, 0.12542192031547436, 0.2459470011076538, -1.16804496044399, -0.28840258625413995, 0.6877820239078353, 1.248426274312185, 0.38084150771768416, 0.9112819037026181, -1.8554324638084663, 0.4314257338677527, 0.6934018265265053, 0.8343364093182042, 0.3951027243898705, -0.2088302703659036, 1.25638172208387, 0.3789019998001464, 0.44285603556627406, 0.1283475251216869, -0.2959292203629839, 0.2694739695283369, -0.15415634684089485, 0.8894701683628976, 1.3964355655082583e-2, 0.7592276378774723, 0.8525895656193246, 1.1739648276603547, -1.0440953839986826, -1.190604923613149, -1.3168768105029858, 0.30919863820199933, 0.7071014790980972, 1.5546484071177669, -1.4013031580136739, -0.17489492642604526, -1.0950650223820988, 0.7451776597072077, -0.2977987984737928, 0.49519978889236993, 0.4665167569741005, -0.34375759703549774, -0.2400279994426991, -1.1566933621729356, -0.27910255483312485, 0.3020452405994923, 0.8818626328053304, 3.5230766724481166e-2, 0.9058652391612382, -0.5861560040520096, -0.5287909565037826, 0.46622184196777033, 0.9131747307403932, 0.7739811236674924, 0.45814509146143384, -7.930175277197017e-2, 1.0504657926320846, -0.39202903385331767, 1.1062343643744037, 0.6669400757801389, 0.994073288880951, 0.7183078364579594, -0.7876113685061691, -0.8455746424135185, 0.7223052557770084, 0.3361292328419388, 0.5124721632768654, -0.2523537844723965, -0.8285706368448991, -1.7469220468289357, 1.271234603549285, 8.937131625206826e-2, 1.237420885383137, -0.1547247507212294, -4.911195090414471e-2, -0.11835367271483202, -1.8686815634644847, -2.269984161668765, 0.9252983904612686, 1.1700658192145879, -0.3256401617613006, 1.5481585099064235, -0.11883338705888179, -0.16260577325715825, 1.1182885373323997e-2, 1.1840889647254929)
