seed <- 146
log.wt <- 0.0
penalty <- 2.8115950178536287e-8
intervals.send <- c()
intervals.recv <- c(56, 112, 225, 450, 900, 1800, 3600, 7200, 14400, 28800, 57600, 115200, 230400, 460800, 921600, 1843200, 3686400, 7372800, 14745600, 29491200, 58982400)
dev.null <- 358759.0022669336
df.null <- 35567
dev.resid <- 226395.45769160806
df.resid <- 35402
df <- 165
coefs <- c(6.706997251604757, 5.614118406591837, 5.641311693996645, 5.314915704221363, 5.087975441282259, 4.848760673204705, 4.772359703636705, 4.638655836414053, 4.3631817456611675, 4.258915250093024, 4.290682220702304, 4.178851515483783, 3.996666604985999, 3.966868332608053, 3.756604865249698, 3.5019192970105313, 3.2232962742756883, 2.957183108774464, 2.471094107753791, 2.0381434771412668, 1.592862572524084, 0.9294773167849162, 1.0856497247621626, 0.4937222429043189, 0.5793361184965804, -1.2092252469903881, -0.5049544661778693, 0.9028503316395567, 0.9845732665901271, -1.5762972083533076, -2.3312940092119305, -2.172438600975811, -0.4158806223628829, 0.8111809047571057, 1.367427970211733, -0.8618103307648336, 0.2919015882342156, -0.922400550971136, -4.4985724616006764e-2, -0.43081145381417724, 0.919805983787082, 0.7940898243741958, -0.7987911637938542, -2.110571162197001, -0.7529484005834155, -0.6357353059752544, -0.8240077932555228, 0.26883732837859403, 9.478209961495898e-2, -0.5914175620697045, 0.29515875034347344, 1.0707065954631225, -2.319848329872633, 1.7752635904090615, 0.5853625111306874, 0.8600355394717233, -1.9330727045474263, -1.4506060850161893e-2, -0.39456880098307967, 1.3638982490997373, 1.143977477402942, 0.7909640510305828, -0.9303942599813402, -0.9136068934889223, -0.5719535830350507, 0.29107243417413414, 0.6541228983874932, -0.36761566336857077, -0.834220338083118, -0.7411329942535716, -2.360391018254246, 0.24219459251869713, 0.9258187543534937, 0.9200264878863271, 0.4414741951671994, -0.4201403375165049, -1.3809030672920215, -1.5895337616086531, -0.1339524598873227, 0.7299251137362432, 1.048520045291944, 0.11396528096954843, 0.19131300007866386, -2.0339004857900997, -0.4668853709926806, 0.5191346809870467, 1.0870797469602704, 0.434999275254563, 0.9166936591541446, -2.035694798433943, 0.5116086396609436, 0.7622733902120934, 0.738203496528082, 0.23684139007356472, -6.1072985192244855e-2, 1.3084703520829457, -0.8849389554033573, 0.3480569514875124, -0.2936008105650909, -0.552621079197509, 0.35242335351980497, -0.35559673824134247, 0.9090925522565801, 0.20299498013943007, 0.7940506052260246, 0.8006733483325228, 1.079455060098415, -1.5230511438043681, -0.8501150390890001, -1.1619033218359396, 0.3661752641227041, 0.5854788301657328, 1.5284308615648203, -0.3336779848369161, -0.27291579601441013, -1.0421608594634997, 0.7010839729848566, -0.2868993538461534, 0.5169453658918547, 0.5010799255641978, -0.2483656631577895, -0.5851389559945845, -0.9655729388458912, -0.7671713184749932, 0.38573516295783855, 0.9038238634545975, -3.850708126410785e-2, 0.9133393111510912, -0.8842715165677761, -0.4485636325108571, 0.4176667499010839, 0.8860827451608221, 0.8044313378011014, 0.460594383911332, -0.14291117093261602, 0.9939138525116737, -0.34522518886873604, 1.1086278543692718, 0.8222600083182675, 0.9339641109238064, 0.619564122290784, -0.6538838054013265, -1.1200786887784293, 0.8005541882897241, 0.23677922414468952, 0.5559839177236781, -0.3918513291683052, -0.28564996374721646, -1.9720430318336233, 1.237028644270417, 0.17737520089710468, 1.2219084118985462, -0.20744957665389202, -0.11141708808055502, 0.1016614155195172, -1.446077663639769, -1.626721571405178, 0.8753251648352115, 1.084382743693365, -0.6179478387953379, 1.502310913328152, -0.21910571957755848, -8.436130047947873e-2, 6.834542847203373e-2, 1.1264209164768066)
