seed <- 364
log.wt <- 0.0
penalty <- 2.8115950178536287e-8
intervals.send <- c()
intervals.recv <- c(56, 112, 225, 450, 900, 1800, 3600, 7200, 14400, 28800, 57600, 115200, 230400, 460800, 921600, 1843200, 3686400, 7372800, 14745600, 29491200, 58982400)
dev.null <- 358759.0022669336
df.null <- 35567
dev.resid <- 226321.349106868
df.resid <- 35402
df <- 165
coefs <- c(6.599595756642072, 5.832970391735264, 5.70700714231259, 5.28668305269025, 5.053162256486258, 4.841817374479411, 4.707935366947982, 4.666447352770043, 4.289535113362057, 4.230398130718391, 4.299131224962499, 4.141924611661483, 3.9765786296562444, 3.937423116603272, 3.749154006235757, 3.484843640260574, 3.2302241814196213, 2.9228581592679403, 2.487417379357026, 2.0275940219387802, 1.5475871726989667, 0.9053178935492665, 0.9336150471885053, 0.2739542523425288, 0.2944044208950572, -1.4254782815255962, -0.15739194730887265, 1.0586641083522657, 1.1409998799352905, -1.06435144168399, -2.2600095240538702, -2.5617576572845535, -0.3874719113878465, 0.818385461297743, 1.3127691957700696, -1.2221160260374673, -0.3445057732301476, -0.7880542393974539, 0.26405963867094806, -0.5541837489984988, 0.9764239146216911, 0.8173302952065572, -0.7097835143340706, -2.1495440832562305, -0.5392885683013645, -0.850605473061047, -0.4626908778181558, 0.3260899933155288, 0.4418604096042637, -0.5831415173248155, 0.2678618805224289, 0.8933087320870307, -2.76387281463929, 1.8241422431821785, 0.7998984199146653, 1.1944067903674933, -2.0232377807377806, -6.310842521459091e-2, -0.5166155366709037, 1.3075842687236607, 1.2049227488870684, 0.710699164729577, -2.297324449043054, -1.2994143204564612, -0.4581555867777531, -0.42494451539397754, 0.5233584548017532, -0.326363957985953, -1.37872331869972, -0.6312519710733573, -2.116432963111882, -4.450186151745865e-2, 0.5117046920275383, 0.9769097642809623, 0.6862672023732693, -0.9756711787620113, -1.2256785867219804, -1.2417512501196055, -0.12978151547649097, 0.8022459623910667, 1.1295919351876489, 7.819616209668905e-2, -2.815844093072615e-2, -2.220059216891781, -0.27180520480895004, 0.3878455943921851, 1.2613468548337279, 0.6334345637855527, 0.9475660643735649, -1.4390921751957468, 0.44974544092564855, 0.7966899832169504, 0.7397076373543552, 0.4523318234852881, 0.411679340675867, 1.500162386388564, -0.6390446301290325, 0.3083536452950259, -0.1200542721370934, -0.8936598415802256, 0.2155655067082052, -0.4628632147087184, 1.0075903432979645, 0.21636950161034463, 0.8258200554478514, 0.850719315713467, 1.1232301887627265, -0.3984909758625562, -8.406099898323052e-2, -1.07818644876882, 0.5166582847086476, 0.6932439674491503, 1.6409117736885102, -0.9904226731037937, -0.15375491197428004, -1.3398792318002797, 0.7254586100166678, -0.3858485693967238, 0.2969833214795325, 0.5334861685470258, -0.2969502923495313, -0.4493565010944812, -1.2784703754933842, -0.46597341247083396, 0.35382530422168434, 0.9116985510660298, -6.0047885751579766e-2, 1.0749773966949983, -0.5129465459215358, -0.3754949208434946, 0.312437777409486, 0.7493962760583353, 0.9558889351138263, 0.5295442428092872, -0.13255677303989305, 1.1764720234538275, -0.31796589525789365, 1.051331215046729, 0.6646278708136811, 0.9578845295865612, 0.7034898065578089, -0.6943219941919713, -1.0913613623773875, 0.5639528949577888, 0.3297814245538688, 0.49928965054656027, -0.18045543235897457, -0.2548539364348831, -2.100159330509895, 1.236177164226352, 6.899727010360283e-2, 1.27464206938896, -0.40043381363232633, -0.10431930236139092, -0.17545569037718892, -1.369458160024187, -2.102195731580751, 0.9115749260574559, 1.1700593882721548, -1.1366956424901264e-2, 1.5905397703579214, -0.2172541985220311, -0.20084044826702951, 6.0328697070514144e-2, 1.118033894116131)
