seed <- 864
log.wt <- 0.0
penalty <- 2.8115950178536287e-8
intervals.send <- c()
intervals.recv <- c(56, 112, 225, 450, 900, 1800, 3600, 7200, 14400, 28800, 57600, 115200, 230400, 460800, 921600, 1843200, 3686400, 7372800, 14745600, 29491200, 58982400)
dev.null <- 358759.0022669336
df.null <- 35567
dev.resid <- 225530.90779517026
df.resid <- 35402
df <- 165
coefs <- c(6.3938849705668845, 5.872452880883795, 5.752603503720812, 5.284058132032617, 5.081255603333577, 4.9461253177248965, 4.835507419377279, 4.615626835855243, 4.424741902822414, 4.322744535870281, 4.293908968293349, 4.193596422903021, 4.022633056012735, 3.951331876808732, 3.765494462215506, 3.536894050498096, 3.2328970897946854, 2.9770580067593913, 2.511488477451068, 2.0371223775111864, 1.5883135226572846, 0.8606000782857138, 0.9862837201363358, 0.5309356582221932, 0.804974595494749, -0.8309101000869711, -0.4146612914607548, 0.9609860379165761, 1.0289569038654793, -1.4681142810880514, -2.5328722707648503, -2.5441306835590227, -0.3924103048933465, 0.7292868484522598, 1.351719153685499, -1.3739294406348779, -0.6297710580721287, -0.9614645777482539, -5.838239910891939e-2, -1.0124860297424791, 1.0040521718280286, 0.7968814785559385, -0.720592825421694, -1.3442879418620142, -1.1333657782853181, -0.7683013513825673, -0.4054463613911669, 1.870348064421678e-3, 0.11204731191065101, -1.0451676050116658, -0.30251322964921107, 0.7591154312113549, -2.4874140387770063, 1.7220755311927354, 0.7942073970937591, 1.0913895886692255, -1.85057465865436, -5.498008673267302e-2, -0.6565353322727059, 1.59909644105672, 1.0087550794418065, 0.6111327699050153, -1.2500170146324794, -0.5001222945362505, -0.38809323567285325, 0.17083340873611014, 0.5597054201194653, -0.11583497183865325, -1.392180260257831, -0.6084918468535963, -2.2170101996697085, -0.17000121382505196, 0.38755918414592705, 0.8452497836168559, 0.6760200463354691, -0.8028876572278022, -1.5689143863629398, -1.2364229224964705, -6.092406902191529e-2, 0.7917831947040943, 1.201118991995227, 0.10185750200263356, 0.2385870584807123, -1.6061442379752222, -0.540348908387461, 0.5575134538187904, 1.225235854621515, 0.7119655491370006, 0.9328191444207447, -2.049671044558214, 0.3742656325357187, 0.6865798151604989, 0.874461567498573, 0.3188970096700001, 0.27499151710636416, 1.3287840652269507, -0.38830690458642886, 0.42036451884675957, -3.73834230981228e-2, -0.3697146671223068, 0.41748100599383337, -8.679570477278971e-2, 0.9347565704158508, -0.29994902337739043, 0.7912841868908469, 0.8280625874113698, 1.101826281923828, -0.4533355090493903, -0.5334400036535512, -1.0204418968861941, 0.3349373228950099, 0.5911526082762987, 1.5927247208843431, -0.706749684521399, -0.2546415995733851, -1.3678332365117674, 0.8025810436284315, -0.25909296947477933, 0.4438468701790898, 0.6532579463575645, -0.41190382882429916, -0.35461548903160406, -1.2026728087367193, -0.8164536768684029, 0.3230292420305117, 0.8634598168152003, 5.487496514442964e-2, 0.8971260932986617, -0.5698269896031416, -0.46504466432675745, 0.32923590724155105, 0.951955704200124, 0.7283466758695041, 0.4366976297790885, 7.900701383871447e-2, 1.1124598968006736, -0.5031008410338382, 0.9918368952570628, 0.6638893699657024, 0.8907595572753333, 0.819524409632886, -0.6133173702516491, -1.325660790737023, 0.6695158400473135, 0.1880318744431238, 0.5469305986269217, -0.1966590980483312, -0.3173014526943359, -1.9126868011706712, 1.3389967669407508, 0.2713416658476641, 1.2014961801490087, -0.38276443566308527, -6.94757368001476e-2, -0.12183782468267393, -2.1320056016907625, -0.7259440177819035, 0.7947109141712408, 1.1470890270438217, -0.31671374515029144, 1.5611461139944756, -0.336330260060936, -8.401025634072944e-2, 0.11290142789196075, 1.232152227711083)
