seed <- 810
log.wt <- -12.44344686034794
penalty <- 2.8115950178536287e-8
intervals.send <- c()
intervals.recv <- c(56, 112, 225, 450, 900, 1800, 3600, 7200, 14400, 28800, 57600, 115200, 230400, 460800, 921600, 1843200, 3686400, 7372800, 14745600, 29491200, 58982400)
dev.null <- 358759.0022669336
df.null <- 35567
dev.resid <- 226370.00456223328
df.resid <- 35402
df <- 165
coefs <- c(6.274642560975816, 5.798849585995137, 5.70124948971201, 5.398123009780034, 4.989285748147646, 5.001955187236446, 4.841804139581745, 4.659311664951292, 4.328122859782705, 4.279102645189219, 4.282400409189528, 4.188484373938491, 4.0098274268408245, 3.9863543455768786, 3.7601253953925218, 3.527755533622938, 3.2641636315297977, 2.9319327720644184, 2.52996148542706, 2.0757973470152122, 1.6194555827718151, 0.8733109973241351, 1.0185472086622716, 0.515002304454204, 0.48785920389580195, -1.3764078863581293, -0.3171959366837661, 0.8270999082474796, 1.0047691930232618, -1.638320093507197, -2.046551940539783, -1.875685366574459, -0.17185861821809878, 0.7201646192776219, 1.1527205328029984, -1.3463571327131962, -0.15432630922494378, -1.4023446704501346, -3.3621288102759555e-3, -1.0445285181057509, 0.838548331351012, 0.8002876621016025, -1.0543411204853668, -1.5684546516921405, -1.2686529732170793, -0.5792188697978532, -0.50597099218195, 0.36868083432884335, 2.592279827591602e-3, -0.617022252298817, -0.4207060656806879, 0.8505646277776299, -2.307397988951501, 1.6134600266692094, 0.8379578482155975, 1.0324647405096499, -1.6634249558970946, -0.17363829599475883, -0.8026320471822975, 0.4173468516859171, 1.0472732189509226, 0.8518841549672935, -1.7655839542607386, -0.9035016455216035, -0.7041118744542048, 0.45547430556855695, 0.6707084873630537, -0.5236955110568832, -1.4263604646017285, -0.6344530130537823, -1.7042619645861992, -0.29778652060104366, 0.47433641479255856, 0.9623053709944585, 0.7051214868483399, -0.848441004914295, -1.1105923193502025, -1.094683666397998, -0.14060044989838946, 0.708412207832639, 1.0755081629082486, 2.6651272346963063e-2, 0.14092336550777637, -1.784398108211334, -1.156749022117948, 0.4549425120644852, 1.1931669396120919, 0.3661514819820928, 0.8458520411445273, -2.0958212272223857, 0.4795414625835344, 0.5343360253920169, 0.8352683571005683, 0.36898047324598354, -4.714558877241095e-3, 1.3616999760760313, -9.554732098330566e-2, 0.5588695245345561, 0.14155843076309685, -0.20308589142529257, 0.3123029190819459, -0.5372173840196588, 0.7105315884441524, 0.40835470135416824, 0.8230734332631595, 0.790939690310716, 1.1667283350289335, 3.9322885416300433e-2, 0.21322303614361687, -1.037467284682912, 0.31988167064913325, 0.5977387434274046, 1.554662959406271, -0.22328677751049528, -0.21886935281407777, -1.5576370752455302, 0.7610731278898419, -0.2679238530307882, 0.6173551738824956, 0.6662393573889396, -0.8303628467660158, -0.45396865731189145, -0.9193900672027572, -0.27307343867203643, 0.3609187495878028, 0.8461362539015586, -3.7574755452224746e-4, 0.809354475082012, -0.6809716459748084, -0.4492829003861375, 0.2138485134481476, 0.902917709204651, 0.8100580257567077, 0.5935894283947998, 8.47261727505772e-2, 1.0729216665162855, -0.4339231976808767, 0.9945443064963693, 0.7211217054467284, 0.9157688440659295, 0.7714452832115897, -0.6658471908477889, -1.0893583369947462, 0.5702450881288872, 0.35578039868309946, 0.5443078165810459, -0.21268452963057816, -0.35209041668573493, -1.8384685155698004, 1.2319839494779063, 0.16499314738782306, 1.1412418654559098, -0.19300798009375605, -9.68292939467761e-3, -0.2031852295101422, -1.4129132451582036, -1.1541370789580958, 0.9213119435652346, 1.1944679816455654, -8.975551262619137e-2, 1.4774397024118855, -0.3525573555574829, -0.12411562814876398, -2.446025512343664e-2, 1.137908273629058)
