seed <- 1014
log.wt <- 0.0
penalty <- 2.8115950178536287e-8
intervals.send <- c()
intervals.recv <- c(56, 112, 225, 450, 900, 1800, 3600, 7200, 14400, 28800, 57600, 115200, 230400, 460800, 921600, 1843200, 3686400, 7372800, 14745600, 29491200, 58982400)
dev.null <- 358759.0022669336
df.null <- 35567
dev.resid <- 225846.92109754373
df.resid <- 35402
df <- 165
coefs <- c(6.540202176296551, 5.71589985954534, 5.607459631764395, 5.249396673396129, 4.996019960670752, 4.842083514451279, 4.763125066493639, 4.637890984030242, 4.407681648287244, 4.318556165963992, 4.33484775271902, 4.174283149304336, 3.998101937985678, 3.965090583671819, 3.7465318501221687, 3.544266850540476, 3.2458664634343504, 2.957445485114773, 2.529501232674378, 2.0772988285544747, 1.5914305801684856, 0.8824336551488081, 1.1343905095976288, -0.13168235134584558, 0.44381881648422317, -0.7414762360484481, -0.4112883603920634, 0.9872870039460928, 1.1397949905370246, -0.7676681549789498, -2.4616748195557583, -1.9163901497871423, -0.3709089103507756, 0.7552388716467671, 1.2778574636758735, -1.1270732463453765, -0.49278679390826735, -1.3081079085720508, 0.11356109389340795, -0.6202352498586057, 0.9961151201566101, 0.8250336442020082, -0.7050488558563839, -1.4645069530301404, -0.4841547363484085, -0.7842844609778078, -0.9192920387506647, 0.28387703608231135, 8.571093580687086e-2, -0.7199354262047206, -6.196433922030027e-3, 0.881892192450095, -2.019450784137441, 1.6560715800246657, 0.7983764746517397, 1.097251697354553, -2.268390308087291, -8.945582640204477e-2, -0.37806766339452846, 1.61144917560503, 1.4171201759868626, 0.6695255158364898, -1.4693457859452153, -0.5475061539401794, -0.5585374893134964, 0.2156802072997767, 0.5899958195291433, -0.5464908498863624, -2.1207912578919785, -0.8720701290242674, -2.27885583480381, -0.32678822984073524, 0.6423043845991441, 0.8187053203077518, 0.671206283700698, -0.908409033712901, -2.024165384116075, -1.3173842662738486, -6.705785825474693e-3, 0.6859768816181903, 1.2121799105630715, 0.18705455194869372, 0.3626974749557123, -1.5417917576494506, -0.8445913658535753, 0.4056631537386379, 1.1254164097695807, 0.44120524681055423, 0.8512669217530464, -2.2819588899947814, 0.5471730650613558, 0.7629569437996244, 0.8473061795777798, 0.36046814578585534, -0.2690892904039598, 1.0123142516029862, -0.5661711767196022, 0.6949496477835195, -6.55195649811166e-2, -7.793251231723564e-2, 0.4437698011712397, -0.5555680059584154, 0.8735679365744362, -0.14116818752075547, 0.9930650163870514, 0.8608513335565033, 1.2275332407137587, -0.498904778145313, -1.2714982063463138, -1.2186562634059483, 0.35061277421631154, 0.587142583108894, 1.6300864167026603, -0.3726180257762206, -0.24885347584680279, -1.8449851852707895, 0.839716096810931, -0.18065188955729047, 0.6802531762258293, 0.7161787709273397, -8.198498092999046e-2, -0.37385658679872874, -1.0493079822167404, -0.8382118098657635, 0.34304781984788096, 0.7900142981116142, -5.636399621710875e-2, 1.0557712681534253, -0.5678367438468529, -0.4122827547318484, 0.3216550561341184, 0.9028770429167942, 0.9673188516440712, 0.5225870077767351, -0.1350890535568695, 0.9000196733157984, -0.3030409402292163, 1.0228336227765185, 0.6957768256032245, 0.918144030786685, 0.8641570829191783, -0.7676042328516499, -0.9529506334871708, 0.7387206253503384, 0.4747524957896956, 0.44659349016574623, -0.19544773618321593, -0.5467485023071641, -2.051704436826718, 1.2025421699417365, 0.12052703524532239, 1.277847455797325, -0.2244164053101063, 6.030273545842862e-2, -0.20613146046273975, -1.6391765391581061, -0.7739931365531182, 0.8040082854210888, 1.0713983556170936, -0.2585034376295632, 1.5528179644543103, -0.41697817937408477, -0.1467702233636613, 0.11559304798523937, 1.2800740755774138)
