seed <- 374
log.wt <- -14.10238868556627
penalty <- 2.8115950178536287e-8
intervals.send <- c()
intervals.recv <- c(56, 112, 225, 450, 900, 1800, 3600, 7200, 14400, 28800, 57600, 115200, 230400, 460800, 921600, 1843200, 3686400, 7372800, 14745600, 29491200, 58982400)
dev.null <- 358759.0022669336
df.null <- 35567
dev.resid <- 226343.79045398146
df.resid <- 35402
df <- 165
coefs <- c(6.51101698256343, 5.767864628446458, 5.627596694413049, 5.346492522962654, 5.0592286994621904, 4.876358477225591, 4.692516913873589, 4.6151936041361745, 4.406149825194913, 4.260427676193483, 4.34610368058529, 4.1542913486261694, 4.009584843982786, 3.956638936163833, 3.7424858678328214, 3.5291588789534116, 3.217067197080776, 2.953129571318832, 2.455114299383736, 2.0942594471150255, 1.5311444039907207, 0.8905141207941311, 1.10198655237994, 0.34332087041323717, 0.3416760795929435, -1.0658931093707609, -7.515096937770016e-2, 0.7620093846695322, 1.0966365532653921, -1.5402027497549375, -2.9939542111744997, -2.143821703301002, -0.29125832122288864, 0.8099621439004834, 1.360774884098369, -0.9066935496010288, -0.608454327183281, -0.96652022048376, 8.673804244235095e-2, -1.3579811794282648, 1.0202781495495374, 0.7857727552904694, -0.4964835267359688, -2.3617268229150894, -0.5697460456064188, -0.7658971356963978, -0.219649933646636, 0.34595488064861774, 0.30691932596941585, -0.5586124578439569, -0.2012835638309973, 0.8494372435548104, -2.5217607090532472, 1.702087835310931, 0.7354804591580517, 0.949484814543747, -2.17107016916145, -0.20286784669314487, -0.49738738604066846, 1.444524236581763, 1.2043318825992892, 0.8758364066249548, -1.9462499038868892, -0.5911250495927923, -0.9730435782012542, 0.20715603790362275, 0.6405266827867803, -0.14015949908481767, -1.8269770519522341, -0.4900205587163237, -2.0102776459428875, -1.1551800260284175, 0.3859313859647169, 0.9716310499811659, 0.6100379592394323, -0.5703576607080404, -1.4023668136546235, -1.244157016409168, 4.0651831639298905e-2, 0.7517662889681703, 1.1942134782248142, -2.4744516918408985e-2, 0.3193998307423516, -2.1340672267616214, -0.2950389395998702, 0.39919423182492714, 1.3035407279131501, 0.5665612108968164, 0.9315788877320599, -1.977953105769889, 0.4440732201151415, 0.6067889802541956, 0.8736888808936724, 0.4290304545700283, -0.8148840780939346, 1.418935473191867, -0.36466736350745943, 0.26380121609952395, -0.34140588641035474, 0.22368927247503811, 0.47613248293098853, 0.10447294163163863, 0.8132776076040401, 0.14115354610492906, 0.8028037324988933, 0.8324306279311258, 1.1754380149746413, 0.3723592804891662, -0.2346134792918576, -0.9716213851036455, 0.5850953628172351, 0.5591123939481503, 1.5821506490433979, -0.7199770975436959, -0.11712834618938166, -1.4525387290508518, 0.7623117369395337, -0.15508459257020502, 0.4337940332143439, 0.6267749069961285, -0.2633740083757456, -0.7269171509870219, -1.3257985233033742, -0.21041963510249811, 0.38984878261133254, 0.7459648493593296, 3.7900000593172614e-4, 1.1213417393246854, -0.6477520353495291, -0.4933591028959552, 0.2615629811796983, 0.8889971359678351, 0.8478338850390806, 0.4485118353712304, -2.782429151112746e-3, 1.0870182287374668, -0.3492283905492988, 1.0351439565934848, 0.7711735524869463, 1.0310917528233203, 0.7988612007735523, -0.7393922406555071, -1.1481265996969363, 0.7160677912776904, 0.3835935622166319, 0.47005426642650755, -2.138712269040483e-3, -0.6844865892617553, -1.8221149578352216, 1.1870394379630973, 0.258315662668404, 1.2422635080665947, -0.12536854299089198, -9.057135304995406e-2, 3.736934683175087e-2, -1.9609937731752474, -1.7041380034238647, 0.8605353174607873, 1.3093978958172146, -0.6334576201884635, 1.5718889441607486, -0.28534784457498474, -9.631193236481402e-2, 0.25435612426607035, 1.2002931369528538)
