seed <- 180
log.wt <- 0.0
penalty <- 2.8115950178536287e-8
intervals.send <- c()
intervals.recv <- c(56, 112, 225, 450, 900, 1800, 3600, 7200, 14400, 28800, 57600, 115200, 230400, 460800, 921600, 1843200, 3686400, 7372800, 14745600, 29491200, 58982400)
dev.null <- 358759.0022669336
df.null <- 35567
dev.resid <- 226155.496592608
df.resid <- 35402
df <- 165
coefs <- c(6.566216596999716, 5.834858635034938, 5.659886504373714, 5.248781407641838, 5.0140864650576, 4.853892164593854, 4.815644564446683, 4.644254007039123, 4.315652374367007, 4.207021852345838, 4.296611851924155, 4.152713201918912, 3.9574746892782025, 3.913384393096548, 3.7641740120372, 3.5395850359771086, 3.246218684116639, 2.949773221970312, 2.480153387283836, 2.056707062866143, 1.530906441870097, 0.9081722085984075, 1.056678456566999, 0.3903937685090492, -0.2203020024722151, -1.9197112036876998, -9.504770049055217e-2, 0.9470335267364749, 1.170355240489727, -1.4543720808634668, -2.0535728268810405, -2.031470210605101, -0.5741918781409449, 0.8086450245766067, 1.2707960727644232, -1.3267029095589378, -0.3642285225218883, -0.6019730215684469, 0.1720779813203623, -0.944713238825919, 1.020149431801678, 0.9071665165730531, -0.7106899815325664, -2.1190404664235536, -0.5286552851967368, -0.7701537697089781, -0.6787633280328124, 0.1660450638640256, 0.5017336206927688, -0.7868270086476153, -3.8983137410288733e-3, 0.7969203569877746, -2.579947026951266, 1.6852453428698317, 0.7184046735991994, 0.9580511725470773, -1.489464667892961, -1.596702730605119e-2, -0.42353260321084885, 1.4715670301123078, 1.243588242320738, 0.8364170415314508, -1.728445601984343, -0.6249177471476599, -1.0067245563825271, 0.18136072345578474, 0.6388540297076013, -0.16281821982231773, -1.4573579852031582, -0.5642732362156391, -2.011865436417433, -0.33894969227502103, 0.3101770318500745, 1.0988850999377546, 0.7678130976595364, -1.2246576113278316, -1.208392245516091, -2.0860957847626045, 7.251247171053374e-2, 0.644251377440709, 0.965247723607987, 1.8069252951931635e-2, 0.20314831399881392, -1.5653122459117035, -0.12516573537834244, 0.5054130823475229, 1.2471669311577445, 0.48417606569187127, 0.9095659711129649, -1.8489185561558135, 0.38037024309204936, 0.7067908631220062, 0.7211500703593627, 0.3716098142750772, 5.968552773258447e-2, 1.2623787896996044, -0.34887614861058697, 0.46511542571245995, -0.16052405725353552, -0.1006925941426362, 0.391888787696317, -7.900753843072345e-3, 0.8155421747546671, 0.31884007486186894, 0.5840488762154861, 0.8299514453484994, 1.1185741948071253, -0.6662579939887012, -0.455103157172387, -0.9742234417042648, 0.48311360917752727, 0.861620691000974, 1.6486335599004383, -0.3022824225361065, -0.3141911786256103, -1.1778273224893534, 0.7553807496672299, -0.3174471343552403, 0.4176615193605524, 0.5084186641855541, -0.7264174086552911, -0.47030516084984686, -1.719793276487686, -0.42127827414405766, 0.40091192050353247, 0.8206483368413433, -9.288977661798879e-2, 0.8888718079935537, -0.6236587077434744, -0.4960077222080247, 0.24613973494307223, 0.8976054915073699, 0.8022962296398007, 0.38000756212421405, 9.206011175948937e-2, 1.1773388759082672, -0.3652223713278334, 1.0944264147664595, 0.6995258388933635, 0.871722321219823, 0.7537153041374043, -0.6692754792547807, -1.0602377621225538, 0.6319334608999226, 0.3998141386062749, 0.556829088041255, -0.15373763956084163, -0.5111822053112386, -1.9813600643953264, 1.320564857470779, 9.55033128579777e-2, 1.1457630723462109, -0.24297588552153443, -0.10332337670207345, -0.19828469038989793, -1.4311194270434946, -1.0175162882989546, 0.9103725367631619, 1.099214858443304, -0.43964784542598984, 1.600141353068234, -0.3098425938162616, -0.24936898095826912, -4.313447019092191e-2, 1.1367616857113771)
