seed <- 232
log.wt <- 0.0
penalty <- 2.8115950178536287e-8
intervals.send <- c()
intervals.recv <- c(56, 112, 225, 450, 900, 1800, 3600, 7200, 14400, 28800, 57600, 115200, 230400, 460800, 921600, 1843200, 3686400, 7372800, 14745600, 29491200, 58982400)
dev.null <- 358759.0022669336
df.null <- 35567
dev.resid <- 225727.61411854936
df.resid <- 35402
df <- 165
coefs <- c(6.427529955226273, 5.859156588102619, 5.622949718249458, 5.460166708749018, 5.192005214332516, 4.913479365716205, 4.7511823036597844, 4.683030088582071, 4.329180722928072, 4.340915332273349, 4.313938456842671, 4.20176389599345, 4.003474730021031, 3.981645773195239, 3.755738090986142, 3.5801309056261794, 3.2251394580756427, 2.968519969638071, 2.5013700387577757, 2.028158834634786, 1.6599009641795153, 0.8653037643195767, 1.0179545805009391, 0.7003864310435349, 0.683872647224883, -1.0795061891894728, -0.21400060426266315, 0.9709581908680617, 1.018216748808887, -1.274839735054823, -2.1110178901260053, -2.973293088979713, -0.25855584484268745, 0.7134563267767873, 1.2823743324980668, -1.3560753363200302, 0.4092567563044467, -0.8449285740666457, 0.3307493000856382, -0.5840774533346383, 0.8791694728418706, 0.858034716295094, -0.8421219683942106, -2.1082154253940657, -0.7701814459974236, -0.7882925867270931, 1.4702801630505595e-2, 0.3109494736269857, 0.5016127355211275, -0.4553735134927257, -0.3955715936041782, 1.0075075294848825, -2.377755384772386, 1.691442905936283, 0.710731425442176, 1.125076749216641, -2.3859252243490046, -7.292974406860525e-2, -0.6716668818797854, 1.1145762188115687, 1.0772121940306765, 0.5993364005751425, -2.033622914734411, -1.0977732008976921, -0.6299099604249009, 9.495867212196765e-2, 0.5333359169997787, -0.3727049293195425, -1.5972615428963823, -0.5458958282737284, -2.0818532108598573, -0.5720623297263777, 0.5852556338338477, 0.885538015928257, 0.8117299107764132, -0.97289572898486, -1.205635821827163, -1.34419740870967, -6.638611547354298e-2, 0.7636268034459859, 1.2364261479758716, 0.10948622885299826, -0.11545849938859194, -2.0687629145225523, -0.5106622299561627, 0.3285473955801506, 1.2863741087296292, 0.5402679059033181, 0.7664381553762355, -1.6208750353290238, 0.4213813072496271, 0.7785900106481568, 0.7902046233794858, 0.4149038997893581, -0.11404306323041317, 1.3998386495710573, -0.37072184325802887, 0.5980514651539923, -8.84278776622902e-2, -0.239890938867955, 0.32054320303809913, -0.7775322938055249, 0.7702095940318306, 0.2604622252265271, 0.8036200755404596, 0.7927236978209132, 1.0568304460862148, -0.3692143455355708, -1.4201906058647158, -1.3060963985006528, 0.29740505806019507, 0.543363102491043, 1.5384344099188079, -0.6294589220878988, -0.22803240288173732, -1.0922660369830126, 0.8222326789598904, -0.28556571420977067, 0.5264930776811777, 0.689880865264967, -0.3520400193370817, -0.5068405148396228, -1.0347053253636458, -0.33872787188379894, 0.35662517631815016, 0.9043323833147981, 2.990427240723388e-2, 1.1011757844993921, -0.6270368091835923, -0.42306484719109105, 0.36218047060731473, 1.0333151915361711, 0.8244988747467107, 0.42454662510414565, -3.60852296540415e-2, 1.1280022481376897, -0.4779553759500184, 1.0458792315465155, 0.7057509949905506, 1.0575793252652694, 0.8564120246611784, -0.7118658570673223, -1.068400153795758, 0.7496597048879701, 0.2892813528984933, 0.48152957440359334, -0.11834684793734668, -0.6861344385197722, -1.7147361249516062, 1.1988053871912392, 0.16735165539057437, 1.3370013247047625, -0.12743464388605652, -6.8259340022184e-2, -0.20911389984973675, -1.6324916086377455, -1.7173754961442116, 0.8751957133438769, 1.1945020155666304, -0.2705993443962843, 1.5265655016238897, -0.14654990141904045, -9.110678963627292e-2, 0.12296725766959671, 1.257499960638262)
