seed <- 156
log.wt <- 0.0
penalty <- 2.8115950178536287e-8
intervals.send <- c()
intervals.recv <- c(56, 112, 225, 450, 900, 1800, 3600, 7200, 14400, 28800, 57600, 115200, 230400, 460800, 921600, 1843200, 3686400, 7372800, 14745600, 29491200, 58982400)
dev.null <- 358759.0022669336
df.null <- 35567
dev.resid <- 224930.59100142674
df.resid <- 35402
df <- 165
coefs <- c(6.58967112997812, 5.9081230706123335, 5.648012844799544, 5.417734225196756, 5.1816434439462, 4.912427763338423, 4.818695336330744, 4.656985716785295, 4.424835500300569, 4.244849353226472, 4.35240649469474, 4.172441391182303, 4.05487843908711, 3.9678661235801305, 3.797288061761219, 3.5479952598319677, 3.260944444363024, 2.9894802959084408, 2.5203226569894412, 2.0257078253718466, 1.51548549488063, 0.8907076832345708, 1.0271597242959263, 0.5469983195454466, 0.29391585011616694, -0.8608859382686036, -0.3664300660853649, 0.9905378227106858, 1.092401870965946, -1.0888997397376945, -2.7121858662439933, -2.011693593823409, -0.33821771437548076, 0.7041851934395976, 1.252718601989205, -1.1428161870816853, -0.5476094710506813, -1.3622559606284186, 0.27309968304968385, -0.8181794423419871, 0.8854287398447436, 0.6853988407255708, -0.7778066685211964, -2.1517451821639817, -0.7079952898110736, -0.8150115141262012, -0.8218860922072699, 0.35690662010646323, 0.49632991168730484, -1.153835236651491, 3.875861427029556e-2, 0.7603898411622644, -2.5018233876082805, 1.676798258131181, 0.8660476499829115, 1.0897711868130222, -2.3317604789685027, 5.4437253182109756e-2, -0.8211649497822479, 1.4022364970782517, 1.3596906693677722, 0.9236875732472705, -1.6573678216268304, -1.3354898217561555, -0.6946797118684982, 0.44734975934832627, 0.3736260409553261, -0.20859376957920486, -1.3911753952682941, -0.6084996635352453, -1.8688042452076548, -0.20024992432183653, 0.5318303616871214, 1.0576353833885948, 0.6598056141919026, -0.6503302222342113, -1.2721128429505153, -1.333357632574788, -8.486298183080268e-3, 0.6901308995975114, 1.2356429306087577, 0.10947274676296755, 0.12333323847134582, -2.139530406803184, -0.9269574960277023, 0.5015835842896944, 1.2162095781693851, 0.40844911233678993, 0.8727727038714551, -1.8219949938406999, 0.671285573051017, 0.6320243204741026, 0.8235067149866822, 0.24744262630271344, 9.7922144516248e-2, 1.4066197972291918, -0.3441889019778916, 0.5277263727994431, 9.181504268588615e-2, 7.97153245039561e-2, 0.34949689800947586, -0.26255282221628246, 0.9372338391487277, 0.14955023894167566, 0.8090153110325006, 0.8142137329547592, 1.1217015757690159, -0.8763977737648548, -0.29612651324347633, -1.1760001658189445, 0.391176455153309, 0.6225102919013669, 1.57852183281837, -0.7936320775625385, -0.2736422786231171, -1.1959868458535845, 0.8951816752602271, -0.30484901048381546, 0.34756234323865653, 0.6454920406706623, -0.785856973235225, -0.6545624775554573, -1.1710645736888672, -0.5913756621545677, 0.3385050946070128, 0.7592547112535982, -4.275103247221126e-2, 0.905218359293844, -0.7928725534188106, -0.3440240106866375, 0.37146238901134093, 0.8778644973076667, 0.8090133429505336, 0.6040067218922599, -0.1868805592509024, 1.0765450037455861, -0.2922493962085346, 0.9646296948692444, 0.7512849762587608, 0.967536533098471, 0.8049289004066446, -0.6535259725631395, -0.7943969919584365, 0.5978242011371454, 0.5366301966061688, 0.667947463033121, -0.39993771369849546, -0.42469362049472703, -1.9406254518543808, 1.1619850808794756, 0.26126210631882624, 1.1934406419791057, -0.2692942759578836, -9.454906448164065e-2, -3.560773813617298e-2, -1.4749476811032727, -1.1266709768801073, 0.9249526802725555, 1.1108157468299857, -0.118078627378988, 1.5843636503731333, -0.3949790792754003, -4.586804167195068e-2, -5.9652788777572574e-2, 1.263040175505222)
