seed <- 684
log.wt <- 0.0
penalty <- 2.8115950178536287e-8
intervals.send <- c()
intervals.recv <- c(56, 112, 225, 450, 900, 1800, 3600, 7200, 14400, 28800, 57600, 115200, 230400, 460800, 921600, 1843200, 3686400, 7372800, 14745600, 29491200, 58982400)
dev.null <- 358759.0022669336
df.null <- 35567
dev.resid <- 226459.39850380836
df.resid <- 35402
df <- 165
coefs <- c(6.601716034241176, 5.853578898618435, 5.707363078417287, 5.305106406119038, 5.067275697922348, 4.877419967632007, 4.663199913695763, 4.567479071790374, 4.338775182090032, 4.237015074490442, 4.309129594617687, 4.141325971415, 3.977078477023096, 3.93985605400519, 3.7405608282909455, 3.5251357114074655, 3.2322798029208846, 2.9225368051019913, 2.4297255329469936, 2.0106273802138825, 1.4782337124797142, 0.9422755646841624, 0.9772432170277748, 0.4961544225715377, 0.31334483146404907, -1.2388314498516249, -0.20040320391431143, 0.8569296252751952, 1.0564912199344703, -0.9896701920327992, -2.3364531819038534, -2.8110291506893303, -0.4421451140261802, 0.8333257087043763, 1.2583002714151492, -1.1433229992597427, 0.14388528160528272, -0.8152557601458914, 0.2564439662714147, -0.8438302463274818, 0.8794683328645608, 0.929159349193278, -1.0205276907912266, -1.740386993976632, -0.5922491222399469, -0.6831960772590979, -0.3976793259816684, 0.6444482721087607, 0.3267806878450739, -0.2117564098624792, -0.31677604812725263, 1.0368605338567538, -2.1731253164879276, 1.65163929792498, 0.8757951603488983, 1.069621503304628, -2.232921214838786, -0.4519054380159033, -0.8127870286021324, 1.4871294513232693, 1.216423861921719, 0.8873586574216937, -1.624342171753864, -0.5428697081680802, -0.5750806917853869, 0.14565158087410565, 0.6723088276744045, -0.266476548684627, -1.2191023274710153, -0.6968936585093127, -2.0482735779938657, -0.1758283569288169, 0.5289784191815939, 0.9737031417673389, 0.714712774091679, -0.7571465419682089, -1.0942130039894624, -1.0964782166994393, -5.676246130929872e-2, 0.797209178066328, 1.0685186321545375, 0.18989849785534138, 0.20132094297362058, -2.123273965101132, 0.12204726164676827, 0.39298286055526266, 1.1859562968578579, 0.23466334495038238, 0.8985497605812365, -2.65933335829428, 0.4953245417050134, 0.5739909000473655, 0.7562820180244382, 0.3647809574498713, -0.14135609894404935, 1.4194587058414199, -0.7040755084245351, -0.12568182300673378, -0.501125430078636, 9.553752355980057e-3, 0.4602521433238453, 7.628868985232946e-2, 0.8547187247240345, 6.513735354422906e-2, 0.7957310439688892, 0.8753918095791241, 1.1560002124830382, -0.886895576607063, -0.3551624828027414, -1.1121492598323832, 0.4141045809761261, 0.60497581639704, 1.5630793940021006, -1.0930250046313537, -0.3155320153403879, -0.5977470765921047, 0.7694998435896326, -0.2907891791173163, 0.4087140008332682, 0.5658725678401333, -0.4494960903049488, -0.5257962761542063, -0.9323702478247783, -0.35034545860946287, 0.2563080457040437, 0.9231707581184392, 3.483171019199834e-2, 1.0171356420693913, -0.4151557052192009, -0.3862674652008192, 0.46455033277177143, 0.9224778790491901, 0.5834745647515512, 0.49374772744285805, 5.799618798487454e-2, 1.1120336044123087, -0.4372450868700846, 1.0952612391282557, 0.7580242535732513, 0.9467538317593762, 0.6797743162378769, -0.5894998821529078, -1.132080985368922, 0.7584628577750052, 0.276060625332498, 0.4308358984225725, -0.23138850651281379, -1.0405602702806778, -2.331816484646691, 1.337670360016023, 0.16111247906971132, 1.2438331837418182, -0.30088767776006986, -0.10712083801762795, 6.604803938591941e-2, -1.9646832586125713, -2.0022614522163162, 0.8508426932436456, 1.1771918020296015, -0.32026445189373504, 1.4973316873694464, -0.32033450344971653, -0.12284034794253079, -0.29804182259046186, 1.1326553075797943)
