seed <- 551
log.wt <- 0.0
penalty <- 2.8115950178536287e-8
intervals.send <- c()
intervals.recv <- c(56, 112, 225, 450, 900, 1800, 3600, 7200, 14400, 28800, 57600, 115200, 230400, 460800, 921600, 1843200, 3686400, 7372800, 14745600, 29491200, 58982400)
dev.null <- 358759.0022669336
df.null <- 35567
dev.resid <- 226290.5457470869
df.resid <- 35402
df <- 165
coefs <- c(6.637649520783402, 5.644943301471645, 5.661333453244449, 5.439419728647723, 5.176408086512014, 4.788395411427033, 4.701061818242095, 4.6802016663257335, 4.43238979865382, 4.301064693427274, 4.291797013032138, 4.157177454563296, 3.9861769195104935, 3.959327091084943, 3.785554382302817, 3.5340068267729974, 3.230671271812427, 2.9426426410429167, 2.4947318941243344, 2.1133436509730825, 1.6206596453973194, 0.866249220852502, 0.939836358649597, 0.37428007275372377, 0.4939356596308298, -0.7592947581724843, -0.33328936610829213, 0.8550794683956844, 0.9861016099051918, -1.61949072933929, -2.290473027368411, -1.500401757224548, -0.25854879225985317, 0.7327813751524932, 1.3256810551514644, -0.9196993332448528, -0.7857884775129023, -1.6286093352543658, -0.10734406057389588, -0.46084949566686156, 0.8311740316862513, 0.9415507002543183, -0.7324494972379397, -1.9796532770225386, -1.149692416094533, -0.6691687641172878, -0.5655263121498881, 0.1936616539556631, 0.7312021071834968, -0.5885099864716146, 6.580795342398224e-2, 0.8740037739596404, -1.79129591414374, 1.6153231648365138, 0.8027823201896903, 1.1239613366989853, -2.32739078256764, -3.260361876790342e-2, -0.7635937609641958, 1.336629319405017, 1.1970930861691098, 0.7568148006232661, -1.4106347877261125, -0.5785698813095886, -0.621353636421407, 0.41999111899821057, 0.5280645384536987, -0.3823569042388262, -1.2498646843176933, -0.665021747935644, -2.231193244480188, -0.2972058737857814, 0.3080403218154392, 1.0139902288107858, 0.6516770809430408, -1.0152883241469113, -1.4395059131321235, -1.150881958728883, 2.0400888762972517e-2, 0.6242017521994503, 1.1118954497113065, 9.646250296651777e-2, 0.3686418168721712, -1.894783522166804, -0.8820988818414301, 0.44910668699640843, 1.2057569497607146, 0.1704219287157736, 0.8346943025791298, -2.269418955522803, 0.4413724418525152, 0.6307698164066188, 0.8195780249274657, 0.3397607180704161, 0.4572886045346188, 1.3321429267048204, -5.175208312967685e-2, 0.64228171559195, -3.611797855387418e-2, -0.16585040494920675, 0.28334615155515025, -0.218956701425975, 0.7365684214661571, -1.4100837542419805e-2, 0.8643980089821819, 0.7983444991988383, 1.113847290011033, -6.130913987012567e-2, -0.9340048436025865, -1.352916739575296, 0.2969740382688472, 0.5063727446777908, 1.544208724110871, -0.6470537746899104, -0.24204274847396615, -1.2742617595838308, 0.7663622291635864, -0.2462548079807357, 0.3305338173971513, 0.5845208118155608, -0.534495207168269, -0.2980916185736285, -1.2797781694495562, -0.28061841635595824, 0.3552069440956286, 0.8800620466679907, -5.9944385524415465e-2, 0.808020548555254, -0.5413139379208989, -0.4387135873857207, 0.24417227516982168, 0.8143775739748044, 0.9294336914013038, 0.3117347603455058, -9.202113526239437e-2, 0.964377971874276, -0.4157460468090558, 1.018819064524442, 0.7665146757376959, 0.770139574309775, 0.8306430117361506, -0.6422793788922904, -0.9902151069725412, 0.4854568318350424, 0.6147531574293114, 0.5591320082184368, -0.1756086953664392, -0.5444910711292708, -2.0161711276402525, 1.24090282194483, 0.10552416138476516, 1.1177883790806278, -6.75094343274037e-2, -0.13955641116092962, -0.2294727932190961, -1.9480713213770944, -1.0863185303746263, 0.8943622374610373, 1.214578170643978, -0.3245882940653415, 1.4493408742144702, -0.21084679751961807, -7.631778924280687e-2, 7.589312836131054e-2, 1.2014433229673236)
