seed <- 607
log.wt <- 0.0
penalty <- 2.8115950178536287e-8
intervals.send <- c()
intervals.recv <- c(56, 112, 225, 450, 900, 1800, 3600, 7200, 14400, 28800, 57600, 115200, 230400, 460800, 921600, 1843200, 3686400, 7372800, 14745600, 29491200, 58982400)
dev.null <- 358759.0022669336
df.null <- 35567
dev.resid <- 225343.0975285166
df.resid <- 35402
df <- 165
coefs <- c(6.48453599813873, 5.859006589686138, 5.699373864319952, 5.341170400079759, 5.0793640028452005, 4.86420935415019, 4.869939303382803, 4.635962634965811, 4.385318511074622, 4.238156352762997, 4.293456939805103, 4.17707425450387, 4.0439610613522685, 3.9802643406142986, 3.786452049913055, 3.5445785640208487, 3.2386603062270254, 2.9244924412936837, 2.4877269258431665, 2.0539106534638263, 1.5381363718169654, 0.8632953858736928, 1.1268667925336364, 0.5235997537450702, -1.5305027515806863e-2, -1.3465054397899205, -0.13170290752068378, 0.8870717190766356, 1.083174583466209, -1.3225457053148721, -2.283437146795098, -1.988216821667937, -0.29602623384377297, 0.7472939081571796, 1.5251097399079667, -1.6104629025651325, -0.22633889485374586, -2.0054893406536407, 0.4414992903285205, -1.1580105595654537, 1.0146884230870277, 1.0154423435396907, -0.7448115214121006, -2.0278300945388934, -1.0805804731023867, -0.5650306929271441, -0.5477526898898466, 0.40106472363988144, 0.5973877405620006, -0.6140441326412535, -0.6137722361928587, 1.1270700817093389, -2.6570697312188214, 1.679847193873378, 0.8636543859961507, 1.0758345040307304, -2.636318321372034, -0.1528845938342104, -0.5149370393859818, 1.468761948817037, 1.0806971731024206, 0.9485747408798069, -1.8391429993588528, -0.4716337341816491, -0.25119367005662513, 0.4585201637672967, 0.5351843713159676, -0.5194002636345161, -1.1839841114844092, -0.7196432763696474, -2.5933994142823122, -0.8073938336587777, 0.6831054520567698, 0.9952933909403872, 0.867090551105692, -1.5845302707163336, -1.7495351698734423, -1.5628553400295395, 6.182753213537603e-2, 0.7314596128894248, 1.3160184372807153, 0.1021714942544128, 0.30211424482852073, -2.0229451765060658, -0.14337976718007595, 0.41052238885548475, 1.2057383895765281, 0.43469874095546734, 0.9444911673462961, -2.0658290122368776, 0.5008364539476869, 0.6324672377368933, 0.9098863487701723, 0.4253718825270431, 0.16399994426884906, 1.5435138767378893, -1.0561448287114326, 0.45528174167105856, -0.11884153006139231, -0.19982375828276838, 0.20193216126238028, -0.4422172009166132, 0.6865697763500256, 3.550813527091472e-2, 0.7997053878349978, 0.8113325718074735, 1.2484629438948274, 3.780424821966563e-2, -0.8507489562638633, -0.8002146191683134, 0.4283943943328502, 0.6916307097722845, 1.6263720870493648, -0.8619171829397554, -0.2777905593546364, -1.0576078196329086, 0.7814338200178226, -0.3570886152992897, 0.5958954573094946, 0.7893697899013462, -0.1692346144376206, -3.9173816871246554e-2, -1.5060596148256058, -0.32652407699449176, 0.3331703441142022, 0.878267947557867, -5.582456051667967e-2, 0.9341315694812209, -0.4794202146327044, -0.42545740499109436, 0.48447776202663884, 1.0693177299864125, 1.0074456714913942, 0.5177766948986199, 9.375221860844564e-2, 1.0569760391640737, -0.39530084856048897, 1.0275206626321953, 0.7126827270475679, 0.9405417505231648, 0.8504997860379292, -0.6569714834490079, -1.625267876711727, 0.6792410085570292, 0.671874749513954, 0.5708174751360837, -8.398291197217675e-2, 6.0000854069462234e-2, -1.7104371394618862, 1.315109278620232, 0.18069314987847657, 1.1893576332606286, -0.24497097423756756, -7.23891757495465e-2, -0.16556986450004924, -2.071871166874367, -1.57935869776404, 0.9071609167429391, 1.257027355979322, -0.5169257450064992, 1.5597077928457057, -0.11934314855304326, -0.1795846085926105, 5.375455628117614e-2, 1.263756548731196)
