seed <- 306
log.wt <- -16.37313233581662
penalty <- 2.8115950178536287e-8
intervals.send <- c()
intervals.recv <- c(56, 112, 225, 450, 900, 1800, 3600, 7200, 14400, 28800, 57600, 115200, 230400, 460800, 921600, 1843200, 3686400, 7372800, 14745600, 29491200, 58982400)
dev.null <- 358759.0022669336
df.null <- 35567
dev.resid <- 226286.32324658602
df.resid <- 35402
df <- 165
coefs <- c(6.657844283670102, 5.569892192066541, 5.782881380733349, 5.3603478107460285, 5.1008288096557015, 4.822605701923051, 4.747149278437454, 4.637002369404192, 4.366240634123829, 4.2193580575853895, 4.299629168139648, 4.108815479364182, 4.001254883317901, 3.9442982693743214, 3.7400284370975685, 3.499477605538624, 3.196041526881277, 2.9370267426182592, 2.486728081167266, 2.09089201557397, 1.5974714733363584, 0.9066923998152833, 1.0022477926592863, 0.6411479680549946, 0.7683734518919997, -1.0862804355680296, -0.2334208840829139, 0.7920822495830693, 1.0310103337404501, -2.1118230506872813, -2.454159630686524, -1.6290085089854416, -0.6470569374779499, 0.7675988724231393, 1.2110152484663426, -1.5017502707187844, -0.5698591166686557, -1.6018133028275705, 9.179432824394868e-2, -0.26753955813502817, 0.8903003615611477, 1.037753019381867, -0.6558889276163155, -2.5107408735954033, -0.8482198403985362, -0.7883656648832703, -8.84766698152736e-2, 0.24340955219115462, 0.1824882657177397, -0.7702264901209172, -0.6980418102848532, 1.1442941984034605, -2.6653254481667434, 1.830506637094018, 0.9078302457105878, 1.0511249985026907, -2.2524500879702236, -0.17909992634315008, -0.28426901721686665, 1.3545128929743973, 1.0866296100233832, 0.8904171364436951, -1.076825422244728, -1.4738811639890075, -0.26607141797325873, -0.1547036744777832, 0.6794797838639841, -0.38574589008715465, -1.393788041942202, -0.5349189314846943, -1.6641450606921415, -0.8044716471152207, 0.6907582600433011, 1.206930564415619, 0.7610494773088665, -1.2089715696497725, -1.3357367329921894, -1.3121382475035606, -3.5175067833271366e-2, 0.7127777316748419, 1.2120111383480352, 2.109508389155592e-3, 0.1911922588462906, -1.5983696952853086, -0.44841243226705174, 0.4709098681478856, 1.2319065884138707, 0.35720199059814706, 0.838030990856783, -1.9822591066067474, 0.46916213317035377, 0.8385883566254999, 0.8316553583483615, 0.38589203358954505, -0.3378622167414435, 1.347776081097307, -0.3534242865666876, 0.4624301799427647, 0.1442355083679805, 0.304197310725574, 0.5282734922887559, -8.440362279682735e-2, 0.8515811742931021, 0.2114199608835757, 0.9023666651814056, 0.8524763390941306, 1.032895489719225, -0.13286371651703416, -0.7823132647024557, -1.2394611924926136, 0.3635625344815586, 0.5784795349921681, 1.5839408754622495, -0.5092090989458848, -0.45644366631271965, -1.7103335271114413, 0.8340999048827032, -0.2770270968929827, 0.25923530050872934, 0.7529881044048634, -0.1813565311990912, -0.47411236612080093, -1.4204421778445264, -0.38887241432747216, 0.24948360379679224, 1.0297471743124358, -5.3843381190628155e-2, 0.946199373635721, -0.6418441781656742, -0.34589310465646667, 0.19143281490189637, 1.0588517261397206, 0.953531041524961, 0.5457894137166168, -2.090235658476891e-2, 0.9784903274809519, -0.4837610537107477, 1.2191333508579187, 0.7441575930828189, 1.0325629355055008, 0.7778202471244997, -0.6273698759997902, -1.2945009440141098, 0.9091488569617437, 0.3119447568460803, 0.6647904002021762, -0.3206017505810338, -0.41315841887544635, -1.9105486678952284, 1.4019316989495132, 0.12249846922242151, 1.2106320234962553, -3.960921774598924e-2, -0.16209455305109002, -0.21876499662185878, -2.270379852187848, -1.658359754643529, 0.9306262242611998, 1.177685964806541, -0.40232248680660165, 1.540403663031932, -0.3645350795776668, -0.11919872570385073, 0.23252341945537297, 1.2650149898155585)
