seed <- 862
log.wt <- -14.179992398560945
penalty <- 2.8115950178536287e-8
intervals.send <- c()
intervals.recv <- c(56, 112, 225, 450, 900, 1800, 3600, 7200, 14400, 28800, 57600, 115200, 230400, 460800, 921600, 1843200, 3686400, 7372800, 14745600, 29491200, 58982400)
dev.null <- 358759.0022669336
df.null <- 35567
dev.resid <- 226218.59833383092
df.resid <- 35402
df <- 165
coefs <- c(6.702441408658557, 5.811212683318607, 5.535737634291445, 5.3332831300076915, 5.015991650581803, 4.847246236834391, 4.768425049080601, 4.585956572674785, 4.361257926611122, 4.266582429764399, 4.3362529042842, 4.145328399201671, 3.952912005936324, 3.969469427655798, 3.745824129415669, 3.5214356724445492, 3.2469983495050547, 2.9147286887778803, 2.4638962026692153, 2.030372709276367, 1.5927353606276107, 0.9232295303088178, 1.066599325971868, 0.27624843171551905, -0.21526972610697628, -1.2978162268913993, -0.2245250235000702, 1.037401409233264, 1.0570753728563849, -1.7930265736130075, -2.1540655385412415, -2.3696408278044645, -0.7324004161719744, 0.7563225785742912, 1.3939483284796148, -1.1268165783225432, 0.38899603418646095, -1.56173861736919, -0.3855106305182525, -1.2913188947418075, 0.9244344569515531, 0.8923943024723304, -0.7371754231136021, -1.7325951851872106, -0.8386721158119385, -0.7617911430214482, -0.6784670524677721, 0.278439715918103, 0.4982294460420536, -0.8720345196633227, 4.8765398641780665e-2, 0.9404489216245205, -3.0303028954150113, 1.8339455801391453, 0.6213193408184402, 1.1514179164645564, -1.5595049776977843, -6.776716652203543e-2, -0.27515024728705045, 1.3794714797810266, 0.963564082641562, 0.8313951167437906, -1.4591350459243266, -1.898643686905854e-2, -0.6992011088949721, 4.227491464228002e-2, 0.7046441036126706, -0.6240882016716075, -1.059242582011413, -0.6750246159479761, -2.05148464318815, 3.3327686983734936e-2, 0.44655703991393575, 1.1448063763238399, 0.6880950185100967, -1.3783711426793743, -1.102160023326944, -1.2280223065710303, -4.457851403386605e-2, 0.7532385954177498, 1.2043462447422915, 0.12067108696794021, 0.2467748627251338, -2.0914389691854436, -0.7426044189162723, 0.5201592297482879, 1.2450386355447292, 0.5907963872395053, 0.8644606418758192, -1.9871638801350737, 0.5834600789090192, 0.6440011072585339, 0.6403428868210833, 0.32578496327814976, 8.07146608991659e-3, 1.5522591089431141, 0.6091583976155488, 0.6609546415748889, -0.19366569749636217, -0.2165023883095805, 0.4207605472460826, -0.16702107681256098, 0.7239289991567617, -0.3072375577870053, 0.6755518833971091, 0.8213696319491411, 1.1466476006731274, -0.8407352875497003, -0.7296822677386173, -1.472786354181742, 0.41258780680551504, 0.6300117580667266, 1.6036541437286853, -0.685254152679462, -0.28993688127293604, -0.7858013443049595, 0.7484167366173863, -0.31934126506466215, 0.48520935708985397, 0.6661659726926648, -0.5510792511621809, -0.21913827607576883, -0.9636924501114792, -0.40162065633368776, 0.29878565305164584, 1.00469157164481, 2.6780818177127994e-2, 0.9984504424722211, -0.5979562967114589, -0.3766416135251604, 0.22259991463883969, 1.0038588514038742, 0.7593580196508207, 0.5716036691356726, -0.1389214892748149, 1.1374968534464662, -0.2770583818864896, 1.151050561491294, 0.6610199453114387, 0.9304229651438694, 0.683504014040444, -0.6871618568248573, -1.3193553776969795, 0.7950824463957926, 0.47756298213446013, 0.6821267835437628, -0.17554932502069898, -0.4693025011096716, -1.6512171283908963, 1.3836177560525655, 0.12740222427179146, 1.210999153238993, -0.29604700856957533, -5.9650130172027575e-2, -0.2453935350284439, -1.9258628587761504, -1.90479033826079, 1.012468177111171, 1.146512802343917, -0.5600533095673073, 1.5907687222043065, -0.4474866966313527, -0.22279915329558214, 0.130832936759392, 1.1316616313559253)
