seed <- 606
log.wt <- -12.585903338543334
penalty <- 2.8115950178536287e-8
intervals.send <- c()
intervals.recv <- c(56, 112, 225, 450, 900, 1800, 3600, 7200, 14400, 28800, 57600, 115200, 230400, 460800, 921600, 1843200, 3686400, 7372800, 14745600, 29491200, 58982400)
dev.null <- 358759.0022669336
df.null <- 35567
dev.resid <- 226051.00700249325
df.resid <- 35402
df <- 165
coefs <- c(6.620093834966101, 5.593057299756069, 5.72417806584139, 5.129147590803506, 5.109893665517941, 4.768495642460887, 4.803260816827481, 4.630505063757174, 4.345494411171759, 4.261111614130373, 4.31385671329498, 4.143164995695787, 3.974863432530721, 3.9625043319062794, 3.750861909855333, 3.52225514104174, 3.2404996549674374, 2.927427625026119, 2.4715743332060462, 2.0797552922094247, 1.4983041433073063, 0.9150266372861695, 0.9538383433275638, 0.5664014410582214, 0.4434334716172129, -1.5522175727736953, -0.25553943279513375, 1.1348739713953342, 1.126002455971452, -1.172783064715714, -2.1493236565615166, -2.092389470255838, -0.3569370307812869, 0.8016494734288654, 1.1412703099862762, -1.6926859212527434, -0.6600272631585823, -1.209667970457688, 6.532287211304681e-2, -1.4554123566705257, 0.9806830094837004, 0.9125566195358971, -1.4360261625068218, -1.4703067559598821, -0.9166538995842521, -0.8286129432284715, -0.591329267643371, 0.4370907538432118, 0.5690695014352374, -0.7184949333596004, 2.326661334014924e-2, 1.0424452183868558, -3.004988564827595, 1.6918110098254036, 0.8461694605072686, 0.9554180547486395, -2.392004700855548, -1.4938660107538648e-2, -0.20193545406746546, 1.4086995530016346, 1.188385658078537, 0.8922608775721663, -1.0101423287227693, -1.1223251703107286, -0.7196916005799183, 2.1652691509849987e-2, 0.6192662106263291, -0.3140807066654683, -1.2368271691124366, -0.6964004943122666, -1.774598683572983, 0.11654513549582837, 0.2949005365566112, 1.0873534477525202, 0.5454209149070091, -1.1382000235051222, -1.1101053823495557, -1.0472550839490353, -0.12523593180370837, 0.526129572035178, 1.2699222108286643, 4.5318464715120355e-2, 0.1730473319500309, -2.4625944230599965, -0.7669476738447574, 0.6971306265073652, 1.176771866514727, 0.6115229323829502, 0.9578462349638619, -1.8189435616439111, 0.5312027628273999, 0.6433523875573359, 0.7981046268407193, 0.4629587410028804, 4.5212697049024565e-2, 1.4704756391243232, -0.40009587309271855, -6.020619248435865e-3, -0.2938093976313776, -2.0442575210746675e-2, 0.31881793436778155, -0.2636517378514669, 0.9838637422632673, -0.19915254810792313, 0.6056187260351829, 0.8014594968591391, 1.0827058459524128, -0.20775734115835295, -0.3470506301803486, -0.8021227898352794, 0.346161928478942, 0.6208632597122142, 1.6583811451186012, -0.7239521316085826, -0.12720770315682123, -0.756350886856454, 0.8016285500373853, -0.29115757566899086, 0.2865748721701343, 0.5552848711422533, -0.720070719212519, -0.5092047461021807, -1.2406889809285704, -9.481813769781362e-2, 0.3378776842295013, 0.7096076101035218, 1.363813408276263e-2, 0.890771253544377, -0.4197010143369367, -0.4066712598871221, 0.29613377639102617, 1.0383719851135091, 0.9178015338652419, 0.5527570284036601, -0.10198772490729101, 1.1976175324535643, -0.43103938032048433, 1.0300664506388386, 0.7332007388526055, 0.8210800395224779, 0.8350301111471876, -0.7027219530602365, -1.2289848385664954, 0.6300352645838968, 0.42372631654278403, 0.60460607333795, -0.335952005915186, -0.3941314766575881, -1.6939399826978925, 1.1918295286266976, 0.20250425928513935, 1.10664610189162, -0.20376462659916653, -8.590992702768893e-2, -0.1819349329761355, -1.8598669578918234, -0.9431248586067082, 0.9636205782033, 1.0811756755464619, -0.3819931742783694, 1.5801564466403175, -0.5309383304717286, -9.205185441606513e-2, -0.11111704145396475, 1.2155842163804864)
