seed <- 834
log.wt <- 0.0
penalty <- 2.8115950178536287e-8
intervals.send <- c()
intervals.recv <- c(56, 112, 225, 450, 900, 1800, 3600, 7200, 14400, 28800, 57600, 115200, 230400, 460800, 921600, 1843200, 3686400, 7372800, 14745600, 29491200, 58982400)
dev.null <- 358759.0022669336
df.null <- 35567
dev.resid <- 226494.8677114692
df.resid <- 35402
df <- 165
coefs <- c(6.513823889137392, 5.785481494123249, 5.7187682671903834, 5.2350665388424105, 5.119897725763395, 4.879790823203227, 4.7790933696231415, 4.665964785868307, 4.369846516129822, 4.289868385363941, 4.386890214515553, 4.14299838079258, 4.00233430963389, 3.9740425202467757, 3.741729563573966, 3.5164698164998205, 3.218533962364431, 2.944790252250978, 2.5208276804735514, 2.0759952624263596, 1.5486356567529564, 0.858347181297286, 1.1687303820240442, 0.380449296747501, 0.8366049768584652, -1.015580792995555, -0.2633517423057789, 0.7726431697779428, 1.0011202084090594, -1.315646933810391, -2.064826818836127, -1.6465772164662449, -0.32982923717937784, 0.6642440690706342, 1.4155942775563863, -1.2012462534763975, -0.1550599507310864, -1.1639043995064664, 1.4419784878489017e-2, -0.12052383903743201, 0.9293905820587387, 0.6915958123487073, -0.9293207181610325, -2.3255100183209776, -0.8249437463677665, -0.6931901558804863, -0.9241837376207949, 0.3105664591588338, 0.7125166912014899, -0.6680577394674333, 6.090280674080273e-2, 0.8289887125774859, -2.517640946396312, 1.6239515314020185, 0.7644290180120833, 0.8830477800646205, -1.8975314519915378, -0.2393745646441922, -0.8314572093832013, 1.6214848874305765, 0.8604645063607432, 0.7260182651040957, -2.022260791430458, -0.7793063707261391, -0.4327510643612977, -1.8601278652459634e-2, 0.6285360321235752, -0.5050943527893781, -1.6105218640984578, -0.600802792120535, -2.6989915833181164, 0.10601865241999268, 0.540646541128556, 0.9316372801963252, 0.7296608292113758, -0.7024633833152479, -1.5347165356124723, -1.0164521514874079, -8.353459467192846e-2, 0.7370654828603229, 1.2097109526222471, 0.32803774865517854, 0.19082931748679038, -1.6820676377321917, -1.1743831001594127, 0.5438343782455458, 1.1872205413793724, 0.46141319865650554, 0.8449770684288906, -1.7877559292652836, 0.3966039249426745, 0.9304271660051578, 0.7474212188225672, 0.2680183063593976, 0.2585917581186647, 1.148038355714538, -9.457047513180972e-2, 0.4928363211723344, -3.0914955781218403e-2, 9.490976078595079e-2, 0.4229496649006713, -0.32962501260938976, 0.7165310222343477, -0.14873981389659424, 0.7245447063823036, 0.8522660565525152, 1.255719682953889, -0.5608148806753319, -0.8465523572819046, -0.9941492315629624, 0.4077086937448599, 0.5600986237381289, 1.6008730471278505, -0.6687324425171742, -0.1795480577694038, -1.2436332259399945, 0.7328250498897628, -0.21935793142298035, 0.5399449143252455, 0.44845071259749353, -0.8322970577511825, -0.33511102387337083, -1.0359934031763223, -1.0963377583540375, 0.27345986852905935, 0.8796976383060011, -2.4407719673488855e-3, 1.0582907299860074, -0.6272896703852608, -0.46016174427511386, 0.4137139763295002, 0.7780241815968058, 0.9156648433731995, 0.29378662574546927, -9.131968954891194e-2, 0.9752942452026803, -0.3082792065014433, 0.9571947555902212, 0.707734631486536, 0.9507656184844688, 0.8254834293074038, -0.6663373051044164, -1.0697786461172654, 0.6328826000090033, 0.11886809479611078, 0.4166814382109155, -0.1364417472328622, -0.6185125649650541, -1.8092204685580908, 1.253215596597395, 0.10386770996983284, 1.2475587673580781, -0.14991994181033422, -9.168886848727638e-2, 0.28128686764491045, -1.981786373790869, -0.8819027126631671, 0.7720088787311056, 1.1803696735205387, -0.37620379434081763, 1.5298377819752536, -0.2688415859024051, -5.803137736320398e-2, 6.2399082654535386e-2, 1.200050554808398)
