seed <- 203
log.wt <- -14.525993077245237
penalty <- 2.8115950178536287e-8
intervals.send <- c()
intervals.recv <- c(56, 112, 225, 450, 900, 1800, 3600, 7200, 14400, 28800, 57600, 115200, 230400, 460800, 921600, 1843200, 3686400, 7372800, 14745600, 29491200, 58982400)
dev.null <- 358759.0022669336
df.null <- 35567
dev.resid <- 225699.67150315057
df.resid <- 35402
df <- 165
coefs <- c(6.509060613511902, 5.883176456462282, 5.769817390138473, 5.364478222905539, 4.9317758391218085, 4.788877162224383, 4.74263104481203, 4.621800114262664, 4.397673387241572, 4.317605359098688, 4.2575882029767405, 4.182119283130727, 4.012636071368649, 3.9355280647175332, 3.778567516313576, 3.5496704681457714, 3.2648077628093093, 2.944296843873746, 2.4803733702708453, 1.992339610281066, 1.5767680471543193, 0.9079062542765552, 1.012479963706246, 0.22814674880360294, 0.4813716105938728, -1.3203584942272244, -0.2290776669525965, 1.0980390539460259, 1.0519329059737126, -1.0147376031329225, -2.4153002430100394, -2.0925775187017197, -0.5117388885361778, 0.75237012893886, 1.4016195153923359, -1.4326700239504655, -0.3842082600012793, -0.6703609175965597, 0.27196474674340737, -1.2801336404922954, 1.0023629379700498, 1.1774263676284922, -1.0681316151989244, -2.0297742930529683, -0.9272277360033826, -0.7783014345253022, -1.0256187079894705, 0.24522391350952522, 0.23541141112473632, -1.1302131439967664, -0.4015961182217487, 0.976810417185336, -2.573303536469358, 1.7367221269578295, 0.8512470048341766, 1.007197435921665, -1.87751234509627, -7.473847809520559e-2, -0.5576151302181194, 1.3676148031070232, 0.8801441052571913, 0.8338819571121665, -2.26613608946546, -0.85622703990815, -0.49657095712547966, 0.10961113685821525, 0.5819349046404633, -7.45609542852673e-2, -1.7566442474877442, -0.6243006990775258, -1.1737071982439495, -0.42198154447272046, 0.1429955043022107, 1.0322778469873453, 0.6645557480641113, -0.5971564035329474, -1.377565681408807, -1.1907989779847752, 4.919888668795824e-2, 0.6208883548228015, 1.2196457398377638, 0.11080341967596896, 0.10500306950439485, -1.4379709231453723, -0.7293382261237789, 0.425083473809004, 1.3020496752645467, 0.4808144092329186, 0.8984060900637315, -2.9444201565730292, 0.4875243776926276, 0.6388720774730956, 0.8857474223013752, 0.38020071544788064, -0.24747150187723463, 1.393361505925445, -0.36725897237181065, -7.34506963304484e-2, 5.730318371889986e-2, -0.5671825621673606, 8.086509858383456e-2, -0.10762066575709181, 0.9264443607517492, -0.2700110340600102, 0.5266099081899022, 0.8318214181893697, 1.1139640639969794, -0.1467040285354126, 3.030754318047092e-2, -1.0668184045889078, 0.5084763402100699, 0.7841957915640613, 1.5798517745944982, -0.7272074315621286, -0.27653989139132407, -0.705077115351296, 0.9234782524588051, -0.41203476378069553, 0.5283051020654101, 0.5604940380187279, -0.5310110439979343, -0.1997227410470216, -0.9238237293486968, -0.27451105529108555, 0.35015326146152603, 0.8909332915304531, 3.594621127810841e-2, 0.9311757797647309, -0.4999837935277013, -0.41770859602169286, 0.24741330572418876, 0.9342159942103613, 0.9647405952220317, 0.60646709569477, -6.0974191068397165e-3, 1.1526088919645243, -0.42182265187594825, 1.0360139700360236, 0.7278527583614739, 0.8750910944488924, 0.907098903194386, -0.5913359426194545, -1.3929781913054382, 0.6805135500095137, 0.19537408097508377, 0.6582152117225414, -0.1896867122605726, -0.5185662087111088, -1.6040043398324888, 1.2759124443590808, 0.21813575661680099, 1.1088040362875582, -0.14903233009537722, -8.46820224085377e-2, -1.1394290755335728e-2, -1.9702440334802298, -0.9185283481608041, 0.904998812461095, 1.2120680413547398, -0.39869165378993116, 1.5096950980643804, -0.24183450236028042, -0.1183125112631141, -1.0027863267407443e-2, 1.2595591147643812)
