seed <- 257
log.wt <- 0.0
penalty <- 2.8115950178536287e-8
intervals.send <- c()
intervals.recv <- c(56, 112, 225, 450, 900, 1800, 3600, 7200, 14400, 28800, 57600, 115200, 230400, 460800, 921600, 1843200, 3686400, 7372800, 14745600, 29491200, 58982400)
dev.null <- 358759.0022669336
df.null <- 35567
dev.resid <- 226015.06857109696
df.resid <- 35402
df <- 165
coefs <- c(6.581365020951378, 5.958267614340691, 5.662447996826635, 5.452553771122668, 5.0132456322000385, 4.896382571254898, 4.6600378977005645, 4.642645405496346, 4.3625608280544474, 4.293122513344021, 4.349112495096953, 4.169313092991597, 3.9663974943810176, 3.979265311546329, 3.75081529347027, 3.508764341074079, 3.234850843396656, 2.943270279864456, 2.4919774473068554, 2.1243140794250284, 1.6382108105317483, 0.8937347839772367, 1.0847942327090532, 0.5314591550780234, 0.3031987190204306, -0.8188047201992484, -0.33937647686385036, 1.0706380004978917, 1.0475951045182823, -1.428710708555136, -2.4515859293892244, -2.033034636382663, -0.38260330995997915, 0.7793747376331599, 1.307015813031637, -0.6813732359488535, -0.5859746973251933, -2.124543531202797, -0.23115684599215425, -1.2702729580525192, 0.9140859302362208, 0.8662025125480197, -0.6571645774535707, -1.9850428178842716, -0.7853469270948118, -0.7098581954573291, -0.4001700868595734, 0.3277059161946272, 0.24103955106091815, -0.6854714478534261, -2.136295345539953e-2, 1.2465670705041112, -2.5916593336628964, 1.756184475336915, 0.750712398828401, 0.925831109905694, -2.213408525304116, -5.01515484388624e-2, -0.27203898888143585, 1.3570739324455752, 0.9932354752447808, 0.7271668773074104, -2.2454242779276314, -0.44339134163772204, -0.3943273921821081, -0.24015012454597776, 0.4166913611948952, -0.38467549970101617, -1.317558808397489, -0.6958510482242694, -2.6442577183406955, -0.12949552860634622, 0.5190320515524786, 0.9982530481197228, 0.6473733376659313, -0.8582004750974105, -1.0420643926438435, -1.1299596230512485, -1.836164216916047e-2, 0.7047810546011272, 1.1220856744498662, 8.977590953510148e-2, 3.6713993487959874e-2, -2.1769429120155395, -0.4807896808414162, 0.46750099702650894, 1.3782136477121325, 0.4002174440991309, 0.8533785510474305, -1.8802974705987305, 0.511677677626031, 0.6302655529569916, 0.774901331700788, 0.26735110369020565, 0.2852509255158627, 1.2657988578436319, -0.6399139641858343, 0.5925818634445553, 0.27277398119768964, 8.811206383660659e-3, 0.15594974413886062, -0.44451210059604246, 0.7774010410038007, -1.7012429075775878e-2, 0.7334892792764829, 0.8422833639826566, 1.1320605699812192, -0.8971867907886987, -0.7054003990583446, -0.9468768901463637, 0.45773277527299894, 0.5194736829374743, 1.6051756296322306, -0.4281051619141508, -9.95670618845094e-2, -0.9033184550580676, 0.796803383283764, -0.25410348941406213, 0.3993663498187039, 0.6232881746482227, 4.3780770251788136e-2, -0.3786354263223383, -1.010013792896217, -1.0020872834727297, 0.3003007720668891, 0.9447771308548446, -1.9527700134116397e-2, 0.9603692190850346, -0.5370586016968714, -0.4260699447168168, 0.3372089834239548, 0.8847943670947966, 0.794897902954607, 0.6264618604992309, 0.10613649920199177, 1.212123576955152, -0.32768256074004787, 1.089639797081458, 0.7374043177401803, 0.9862146555993063, 0.7917464230452931, -0.7218643925195043, -1.207959008914985, 0.6440678610375848, 0.5173009053941484, 0.5823327946695275, -0.2756651232117521, -0.5419764755719205, -2.0553285941986323, 1.3457555769681404, 0.16657441491642783, 1.208920989185623, -0.1482485748838941, -1.4621280047717632e-2, -5.7985064971746325e-2, -1.7491897969830421, -1.0004066340683493, 0.9600345746572129, 1.260769229296144, -0.3419024475451241, 1.5345765417873993, -0.4508243035281573, -0.11425430027917875, -9.329874323191463e-2, 1.1651986555809342)
