seed <- 830
log.wt <- 0.0
penalty <- 2.8115950178536287e-8
intervals.send <- c()
intervals.recv <- c(56, 112, 225, 450, 900, 1800, 3600, 7200, 14400, 28800, 57600, 115200, 230400, 460800, 921600, 1843200, 3686400, 7372800, 14745600, 29491200, 58982400)
dev.null <- 358759.0022669336
df.null <- 35567
dev.resid <- 225591.66525459915
df.resid <- 35402
df <- 165
coefs <- c(6.8807769953367055, 5.745955539310916, 5.801918358190729, 5.3734093481360725, 5.017780083501115, 4.944993576240459, 4.788881130382377, 4.670087117435756, 4.340326017838006, 4.300285012081809, 4.262778300881085, 4.166042905558655, 4.010078763645591, 3.968477669495503, 3.7681555366897137, 3.5122894265084974, 3.235426771482896, 2.9328359017818793, 2.4763669201693213, 2.0435764185704484, 1.5987274800924136, 0.897184331693087, 1.0343195187874392, 0.6648763809418242, 0.6041837166709634, -0.8519868461905225, -0.39588735761180055, 1.0863958030548677, 1.1060835952103176, -1.5906250905502393, -2.813197165075103, -2.4432817353649767, -0.5393588753342057, 0.7022586546857266, 1.2314160323195011, -1.4682107830460973, -0.610175238265059, -0.39674712295656306, 0.31166360123105735, -0.16288767619109393, 0.9216239870781859, 0.8749205920288277, -1.0832181314201934, -2.0112938159919422, -0.8203330464198318, -0.6868461979400601, -0.40119097775806795, 0.34855314984691094, 0.5134204411893223, -0.9836237072990429, 0.10256420247887879, 0.773179265358256, -3.031069328878124, 1.7609069744125931, 0.975546461450587, 1.0477709624411207, -2.4559286057282037, -2.9108039483495777e-2, -0.9571911879805487, 1.6974787496790065, 0.9155794544023511, 0.7433100637235477, -1.684375987496856, -1.3265525207839048, -0.5036545061156905, 0.15251725194189628, 0.5668594330374904, -0.5877914519449715, -0.8655295999055682, -0.670680537120481, -1.9102467312553697, -0.26280340139968067, 0.5118028210993328, 0.930108473824544, 0.6539560593797008, -1.256703158743944, -1.474650128472457, -1.0859613322650463, 1.8294663299384464e-2, 0.7554515642934757, 1.154222997545291, 4.266978921605472e-2, 3.9648893068429315e-2, -1.9333482045943247, 6.805355917670895e-2, 0.17664023975138804, 1.0945799943238281, 0.4418256205647741, 0.931360353094796, -2.2785973078868538, 0.7100893694458571, 0.7158018290906456, 0.8238807087619573, 0.3335859377150464, 0.22902665179193277, 1.406151734815497, -0.38163972296113374, 0.33342728411601125, -0.18083363352407006, -0.19551782408190144, 0.48373530701401374, -0.4651568526725684, 0.9500430543791567, 0.5245467351308922, 0.8807948150419843, 0.8658556145022583, 1.1140381618600406, -0.880307956900394, -0.34575971719319826, -0.9797618166722308, 0.41117278773575416, 0.5496462557454885, 1.6773913879507838, -0.2914539830815883, -0.10865748995742427, -1.056117579531024, 0.7503818110729272, -0.24787075873919584, 0.3811901323320393, 0.51171672533502, -0.987263137212774, -0.6161652208119648, -1.179188548180024, -0.3426643783056926, 0.36789264214745093, 0.820037234549543, -9.220497710047759e-2, 0.8404568408672689, -0.7628178961865574, -0.391771719857263, 0.36955810944513184, 0.904657613492964, 0.8599534403982699, 0.5288010158207581, 4.52951597020707e-3, 1.1648690798852233, -0.25706859450584774, 1.0747699412856513, 0.8113088775496786, 0.9702673106401787, 0.8556524884170817, -0.7464354370817164, -1.1704918603357872, 0.7564865759660779, 0.21717125074019292, 0.43372470130258184, -0.3015765040114194, -0.2511306566430511, -1.8079930513946019, 1.3575472016373316, 0.17684783102394352, 1.182630111495088, -0.23002959105838344, -6.88416375901397e-2, 3.9923257725310704e-2, -1.7452505841367956, -1.3653268680449557, 0.682272935391473, 1.1633958697046178, -0.48045980985899206, 1.5863483368709599, -0.3289046293996376, -0.11171192663284499, 6.1559228874155617e-2, 1.2090647937934988)
