seed <- 594
log.wt <- 0.0
penalty <- 2.8115950178536287e-8
intervals.send <- c()
intervals.recv <- c(56, 112, 225, 450, 900, 1800, 3600, 7200, 14400, 28800, 57600, 115200, 230400, 460800, 921600, 1843200, 3686400, 7372800, 14745600, 29491200, 58982400)
dev.null <- 358759.0022669336
df.null <- 35567
dev.resid <- 225682.51681637
df.resid <- 35402
df <- 165
coefs <- c(6.332084200230635, 5.810793331039621, 5.802040790721797, 5.29532768364252, 5.058818669714559, 4.87668483395894, 4.765844767388296, 4.638291325505449, 4.331933664609769, 4.248914712813658, 4.318527731945471, 4.1621027628764455, 4.010223914083388, 3.9544359768298043, 3.748841227390506, 3.542140395160225, 3.25479456667189, 2.940480693509521, 2.469315800606154, 2.074641479162388, 1.5554416164421756, 0.9126270535837637, 0.976691330630337, 0.36994218241518717, 0.11785431592625877, -1.1906409155869895, -0.23170814143539908, 0.9193402807409989, 1.145676726787002, -1.1911740985747592, -2.8185077365203193, -2.1572921901658177, -0.4113496068969242, 0.7380815941084704, 1.1292798998519895, -1.1620113849475178, -0.3869479170501602, -1.5654619772662577, 1.5216350697156126e-2, -0.8429184451473145, 1.0285037670415174, 1.082354546130431, -0.837579283220434, -2.1351362449054103, -0.9199650107825366, -0.8081360449704614, -0.28494851177518926, 0.41006194991770833, 0.5035806488669848, -0.281398712423597, 0.23910849461608966, 0.802550149475499, -2.67325072826182, 1.8798794230573468, 0.864588900263634, 1.1770314082680142, -2.3695184966628675, -0.16238725210325675, -0.3382427612589939, 1.3904601987706666, 1.1038815658671892, 0.8130813416447705, -1.7808569342679463, -0.7278805793374015, -0.7211885033817493, 0.18793457027205557, 0.738560994411338, -0.3650966886766399, -1.1135158267763556, -0.6818583077833653, -2.0505864095014767, -0.6814462364552999, 0.49330457171267944, 1.1419162153875417, 0.6526790707648248, -0.8963437093893971, -1.5114669653716437, -0.940144678183356, 7.762993054691116e-3, 0.7393934943311335, 1.1839446702963115, 0.1453289436058091, 0.37103971407550007, -1.624908908212116, -0.5269327095062556, 0.5793793487469425, 1.1685653867370713, 0.4284086656474363, 0.954094799191021, -2.6172727326561986, 0.49198896857458596, 0.8371319323442858, 0.8803423291891412, 0.4106067923792787, -0.3730640824135989, 1.2374633906151353, -0.38302638069921585, 0.4449368372906975, -0.4157094385665646, 0.36587522385896026, 0.42468642179490323, -0.543138116543164, 0.7574219205315685, 0.12228487673429203, 0.5790838575884569, 0.8754269181725467, 1.133252084192722, -0.15520473875831448, -7.597739438216743e-2, -1.9243693735841845, 0.3444672880422024, 0.47725409191890233, 1.6767086221454046, -0.937723915370665, -0.26603226055657303, -1.4716265325485935, 0.7974274925232802, -0.3234434865760404, 0.587956323360761, 0.570141863389189, -0.37430436667165945, -0.2530700287159521, -1.053436234182984, -0.4204889101229145, 0.44767672197769287, 0.9327542510691192, 7.051593368584985e-2, 0.9644370435073661, -0.4480113892906171, -0.4458437483543075, 0.28995760068461374, 0.8405269145054619, 0.7973761816061832, 0.547754749917009, 6.757128621908097e-2, 1.1232427071639322, -0.1955820410305806, 1.0848485520378057, 0.8076054899101642, 0.975110366152097, 0.7898128497999797, -0.572895237482485, -1.3706662133952094, 0.7504468856217963, 0.2613229082763344, 0.6072892193059573, -0.3096666121045745, -0.561770176746463, -2.169628956521406, 1.351533547490988, 0.22295688367375824, 1.2203441744578583, -0.1796638644498771, -8.750722458007115e-2, -7.066897445143487e-2, -1.9454721168619011, -1.5301314239461863, 1.0805832952840575, 1.3037694834809277, -0.6672692980622297, 1.5937701356296587, -0.28985134872978835, -3.928280380812761e-2, 9.341836050142045e-2, 1.211412995462017)
