seed <- 200
log.wt <- -14.13543770188749
penalty <- 2.8115950178536287e-8
intervals.send <- c()
intervals.recv <- c(56, 112, 225, 450, 900, 1800, 3600, 7200, 14400, 28800, 57600, 115200, 230400, 460800, 921600, 1843200, 3686400, 7372800, 14745600, 29491200, 58982400)
dev.null <- 358759.0022669336
df.null <- 35567
dev.resid <- 224856.09684592512
df.resid <- 35402
df <- 165
coefs <- c(6.555136284105169, 5.712643005542055, 5.586553683838726, 5.324136703702384, 5.11153816512064, 4.823747276385975, 4.768976145641401, 4.678935886091294, 4.3837015724039485, 4.319994703383222, 4.440063495088101, 4.185236254271601, 4.010754810075434, 3.979524764820041, 3.766518495190156, 3.5606810867340073, 3.260253370056204, 2.9827044353901813, 2.5350217761110785, 2.0634499619165108, 1.5304541672828098, 0.939161757276438, 1.0277151809914769, 0.2941695569801347, -2.444848855580721e-2, -1.3241420348207076, -0.2848253016490622, 1.1038617505001935, 1.0010976601293382, -1.032384336799014, -2.6943633344899927, -2.591929536657732, -0.37958398449581465, 0.8072368229673355, 1.3308231950443192, -0.928602988691646, -0.4148825253337381, -0.7842276569299168, 0.1817659980090029, -1.5443177440850722, 0.8819330307964257, 0.87836345407137, -0.807634132851367, -2.415246398972609, -0.704891173901658, -0.4980473147171431, -0.4117110986876796, 0.3000183036070428, 8.503197590876793e-2, -0.7459359198370952, 0.19862517893912532, 0.7576496761714641, -2.3529637526295746, 1.5255675994225772, 0.759124376786177, 1.092537262869857, -2.1539741060785547, -0.4335428395086693, -0.5149538320869925, 1.2456512621273252, 1.3352989424273363, 0.7266071993583187, -2.0472169370459454, -1.08523646869755, -0.5369172521451123, -1.1454079560291153e-2, 0.5592184040040621, -0.6060116944750485, -0.8908659446136995, -0.5223237154643601, -1.910504686229581, -0.7399979809793846, 0.9518438178057068, 0.9202053017248708, 0.6248470136575554, -0.7950893306884826, -1.180571356099652, -1.0117592420528043, 6.1047994341422857e-2, 0.7196738989059027, 1.1549176125422764, 0.11543543205621701, -3.637285703031476e-2, -1.2719548776272624, -0.8196354950597983, 0.299305261528822, 1.1258972455764733, 0.901132416978082, 0.7526952064000021, -2.000092950531754, 0.4856615626486614, 0.7191711787128735, 0.7814778442167655, 0.34181587749616715, 0.2629234623158998, 1.259143392849066, -0.8615046239025732, 0.425174569530834, -0.23554902639287073, 0.24767335281125125, 0.4091480180937779, -0.5878046886679791, 0.8722003324702754, 0.47408927240178195, 0.49840942516348447, 0.8634583775370392, 1.070573584301381, -0.35994669765549003, 5.687752315942801e-2, -1.0147695658953155, 0.3682146624048386, 0.5640360878895329, 1.537374769545514, -0.1883217131985244, -0.22830462346925834, -0.6587714338733531, 0.7568610034851893, -0.4614063403155014, 0.4833547335480413, 0.39232608701280897, -0.6311905840237075, -0.3364265470114101, -0.9391110216296271, -0.30525784027702063, 0.35117066345184866, 0.761075268593621, -5.058481031721403e-2, 1.050936230700117, -0.6283868817083358, -0.40871001415869523, 0.21809487692913998, 0.8520882126526234, 1.1352712240846983, 0.3321480278152373, -3.198228469753565e-3, 1.0996236750758839, -0.34459325888989717, 0.9773944915612146, 0.8247232691236359, 0.9630495535971445, 0.6388868461391101, -0.6241343917547394, -1.35345412250286, 0.47781201418305697, 0.3203302396524168, 0.5946415492670913, -0.19287751869835024, -0.5247436963319742, -2.0264238251329867, 1.1995748607422934, 0.25987944203591107, 1.1992201299297156, -0.2556795200602997, -0.11894365141443619, -0.16648843659297433, -1.5207062844583004, -1.132992006162725, 0.9074198152692263, 1.2034279352985608, -0.41933187934633587, 1.5080500964801646, -0.5101586635808523, -4.096848028231941e-2, 5.328153686124816e-2, 1.1828288793114188)
