seed <- 385
log.wt <- 0.0
penalty <- 2.8115950178536287e-8
intervals.send <- c()
intervals.recv <- c(56, 112, 225, 450, 900, 1800, 3600, 7200, 14400, 28800, 57600, 115200, 230400, 460800, 921600, 1843200, 3686400, 7372800, 14745600, 29491200, 58982400)
dev.null <- 358759.0022669336
df.null <- 35567
dev.resid <- 226722.48567023606
df.resid <- 35402
df <- 165
coefs <- c(6.344432057941783, 6.046561153316295, 5.641802135067977, 5.304281757340971, 5.107425631064665, 4.800317480037933, 4.738627641731648, 4.628664609498497, 4.3582858346181474, 4.284525189905982, 4.318247885207379, 4.130659326925378, 4.001587194012162, 3.9784195656372767, 3.724128877088248, 3.5252846272874776, 3.2311419553247016, 2.9570310863543883, 2.493880248728579, 2.0377960153712573, 1.655469395253162, 0.9037006237175749, 0.9578333912893171, 0.2147552949883725, 0.45806568893432703, -1.227123486104936, -0.39690941422042353, 1.1761033883293308, 1.0131193760816284, -1.1389292020764283, -2.63051547155793, -2.4049796342303424, -0.4563086210975277, 0.8507325764003969, 1.1730705842602795, -1.0901661814143508, -0.3077877711444569, -1.250315222467254, -0.3143113708292766, -1.394738830005397, 0.8432946082931992, 0.9219687051263632, -0.6589334185171164, -2.168476079465572, -0.8624511561608147, -0.9192685279006549, -0.2240738454389651, 0.22462392309414655, 0.15105086335682927, -0.5934374880708202, 6.748037006904765e-2, 1.0370238860625849, -2.3292553768124162, 1.7004161443927843, 0.7840014713243575, 0.9346750913094297, -1.3524645393134787, -6.380939464188218e-2, -0.9940803003849277, 0.964375165565867, 0.7096925736280032, 0.605752924631895, -1.0850789978454856, -0.5657475176791383, -0.5172447010693016, 0.10276471401927247, 0.6844457164683826, -0.3871232643426151, -1.2034965066699645, -0.5665369824840057, -1.65510687240064, -6.599521330478934e-2, 0.44190205573459856, 0.9720980067037108, 0.6410867839804777, -1.0734310723095137, -1.4820066987579683, -1.3100095112799273, 4.694017457053517e-2, 0.6621124421620113, 1.0751006237405756, 0.19238957893288108, 0.2463734938329803, -1.7853015690571357, -0.4450776080092502, 0.37246935774186296, 1.1970039695878036, 0.4418298235717777, 0.8699291397348506, -1.9307661707504185, 0.6034322951998903, 0.7807111260103006, 0.7081763615820502, 0.28778376445007214, 0.10832948041666862, 1.3258097894385514, -6.1972143544997825e-2, 0.39110483765834336, -0.3574126250817393, 7.928319424530615e-2, 0.40014611369728575, -9.173195337417558e-2, 0.64755990238995, 0.27909541432941054, 0.6232276041404091, 0.8968866793890565, 1.069563122209954, -1.1255855150036912e-2, -0.8111619911986608, -0.7245140333765254, 0.38807781020202076, 0.6308152088170196, 1.5309648089355492, -0.8415458158774186, -0.30963509034491943, -0.7485481204013795, 0.730163107666556, -0.3249167411506154, 0.38465062268150135, 0.5115557374147613, -0.25970441871266137, -0.37907192928414973, -1.154570798492388, -0.7115210091773326, 0.3775453548399262, 0.8636553427113617, -8.025262245505496e-2, 0.8422336748120655, -0.683699957998951, -0.3544988538738479, 0.3510797533502984, 0.9493126028091328, 0.9207270923145106, 0.4338629005203623, 5.588324136777198e-2, 1.2899789311327485, -0.49868978259789465, 0.9428532509497687, 0.7276085931954015, 0.9046094355026, 0.7018196012040021, -0.7195810071106321, -1.2187676003528607, 0.6319466097368924, 0.32407576271531074, 0.5893469925949958, -0.2186493120622724, -0.5663063545564698, -1.6506614140970868, 1.2305936700795432, 0.30911674413172313, 1.133692798776477, -0.35141213124119924, -0.18288171572843812, -0.19887182946370485, -1.8696603041214177, -1.1198101040735635, 0.8098271394524322, 1.1774003433243971, -0.34328964843090576, 1.442858571751951, -0.4492691739207129, -0.12376829440524546, 0.17199711553753863, 1.0713456141483357)
