seed <- 202
log.wt <- -14.880529677303041
penalty <- 2.8115950178536287e-8
intervals.send <- c()
intervals.recv <- c(56, 112, 225, 450, 900, 1800, 3600, 7200, 14400, 28800, 57600, 115200, 230400, 460800, 921600, 1843200, 3686400, 7372800, 14745600, 29491200, 58982400)
dev.null <- 358759.0022669336
df.null <- 35567
dev.resid <- 225915.9721160957
df.resid <- 35402
df <- 165
coefs <- c(6.70718919528516, 5.7000957445690785, 5.765921835411912, 5.215494521855801, 5.163417825615497, 4.912484476427435, 4.756226746116759, 4.639786823811435, 4.385978968075603, 4.334086533283527, 4.289751236239579, 4.16998711595508, 4.015751841706273, 3.9721801822379583, 3.756214895949818, 3.503267765770844, 3.270709166846264, 2.9477137475281534, 2.533225115755591, 2.070239009225174, 1.6635809008223899, 0.8433558677147905, 1.0268901831937316, 0.4741212402373151, 0.4824875997809071, -1.179065382092584, -0.36401752435228096, 0.8377453137925696, 1.145592309923255, -1.1851827663492591, -2.1153613559809115, -2.7615736983798125, -0.16953044378612206, 0.7106320993726913, 1.2884239717023849, -1.1528306201987568, -0.8486989758526393, -1.2646391181348302, -0.45839719347826957, -0.3877451923094244, 1.0489305543480651, 0.9046489942917585, -0.758268640371594, -1.7194831632118628, -0.5864187405127269, -0.5558141130643716, -0.8164462216857136, 8.003610834801396e-2, 0.1928101228370454, -0.6520280993467076, 0.17167782312661015, 0.9118876350256934, -2.7299031665266105, 1.6224070724099404, 0.7011697731868025, 0.9946190606575872, -1.9814427127504095, -2.1406243777193152e-2, -0.30139220570074066, 1.3511553285761004, 0.9223314229579478, 0.7565313226829055, -1.6006771466952114, -1.3394184050511113, -0.4802843630784352, 0.24507490702078413, 0.5826437950382884, -0.7455359930216551, -1.346173919259985, -0.6257654780040718, -2.020679952706267, 7.903276319587973e-2, 0.31261968835766474, 0.8688696564819572, 0.667243948987955, -0.9482546333684286, -1.4828234522187962, -1.2389310255559598, 1.5939599187067853e-2, 0.735927618809575, 1.0998137345672894, 0.15035170563198116, -0.22993003386104213, -1.8399375777789733, -0.10156462677761001, 0.5654321275188718, 1.2023687387489976, 0.4851551152572111, 0.9360532740444792, -1.7065938670388523, 0.531232512057452, 0.8643729122657389, 0.7752846823557735, 0.34225369763059577, 6.476690953443669e-2, 1.1464068713092248, -0.36398481313416525, 9.13649939601867e-2, 1.77747575740428e-2, -0.5168532641108534, 0.32739894828833804, -0.3003210592088452, 0.8259531422725106, -5.39721436774542e-2, 0.7995752469470483, 0.8214630440392741, 1.1739907559082616, -0.44754520337081444, -0.4685812066047409, -0.8343358007131015, 0.3886188811892544, 0.6187842722146204, 1.63880430818585, -0.8957839865814156, -0.2965738186638131, -0.7158346309748552, 0.6847192023175857, -0.2948193368605359, 0.5871756993836968, 0.7934044501997718, -0.4432327990960662, -0.3581496870065864, -1.1852456797266488, -0.5106582840792006, 0.3330537988174904, 0.8327149845752415, -7.837749774196064e-2, 1.0381680854731141, -0.8300316073418836, -0.4823752895936131, 0.4148687578047418, 0.9357963938685107, 0.8345068664024073, 0.4546907960386935, 5.905995018116966e-2, 1.13519548448034, -0.5274631662257763, 0.9574789319377014, 0.6624751624337659, 0.9989975974389003, 0.6581199460996527, -0.7178889626637542, -1.1405778036001666, 0.7540971143253027, 0.38855857716386333, 0.568504482663926, -0.1275396665394328, -0.35178084186615377, -1.779781935266674, 1.1124719596680255, 0.1207395031153882, 1.256011865608818, -0.24236555638235108, -0.16998699042596985, -4.7090059973302144e-2, -2.173736868711623, -0.9072518560346264, 0.9828247079472611, 1.2291331109837296, 6.594280001475528e-2, 1.5704228897089583, -0.34798414516926446, -0.191572174533026, 0.10830248901189868, 1.138450167746114)
