seed <- 421
log.wt <- 0.0
penalty <- 2.8115950178536287e-8
intervals.send <- c()
intervals.recv <- c(56, 112, 225, 450, 900, 1800, 3600, 7200, 14400, 28800, 57600, 115200, 230400, 460800, 921600, 1843200, 3686400, 7372800, 14745600, 29491200, 58982400)
dev.null <- 358759.0022669336
df.null <- 35567
dev.resid <- 225411.14590080822
df.resid <- 35402
df <- 165
coefs <- c(6.499510407503637, 5.632983976039156, 5.70742888129097, 5.43370680474358, 5.06586534781928, 4.9236421246081274, 4.767026740141957, 4.705913560559214, 4.443870960474659, 4.307841598526932, 4.285814361844631, 4.199681303939004, 4.050037062561639, 3.9927691863364294, 3.737083165451671, 3.5702544282172046, 3.227736665688492, 2.9812997813036684, 2.540218005054856, 2.0681114131244276, 1.5695702434577106, 0.9268552209721442, 1.0299638953406351, 0.4409693472471091, 0.7867747811246404, -0.7550729580853035, -0.3278701265593234, 0.959604890551291, 1.044571165166448, -1.132873586405624, -2.7347587204150816, -2.362347103010723, -0.27302907016841665, 0.7987160216135181, 1.2935628895139502, -1.3955525346220279, -0.6102807436612473, -0.7496913853223109, 0.31554583196394564, -1.0119037425116202, 0.8605084811483147, 0.8812151497815954, -0.6946566628943293, -2.387861356769461, -1.145218007877533, -0.5598233223185958, -0.6853199019856094, 0.4131386318398699, 0.4258312870080967, -0.4070488769789675, -0.4424027465843976, 1.050900554761525, -2.5738463474258526, 1.726890861913375, 0.7123829630911898, 1.131706952849351, -1.5288827887218768, -2.2938349945871066e-2, -0.483526285077577, 1.4875241109296742, 1.1807766735231267, 0.5981637432462069, -1.275601479990464, -0.8576555535493594, -0.5640903008320228, 7.807968676865149e-2, 0.6762770195135029, -0.5652397394024494, -1.1721279517971934, -0.9975305715404398, -2.238279426569279, -0.565839811928119, 0.5059820077156154, 0.9053226586525477, 0.6408408070894024, -0.7265738991252016, -1.400384148871721, -1.2295169921117668, 8.419848121866069e-2, 0.7357337273421973, 1.1140372265378788, 0.14800847762113875, 0.29255630550674083, -1.7967380488743772, -0.1053417831741887, 0.2728373874696695, 1.1612672543567608, 0.2805836239129929, 0.9305627248049732, -2.7367311611158067, 0.4834847902564467, 0.7560288796184452, 0.7475235618236866, 0.2569167615905272, 0.23668281997178178, 1.4149243788427541, -0.6565889365566141, 0.5690212890550023, -0.3309847823810681, -0.4596012712736053, 0.3887532492252778, -6.518791607155313e-3, 0.7677748120174003, 0.24181828398776606, 0.975989820586086, 0.8135381372047853, 1.0876498134454329, -0.5976708754098375, -0.601209422614174, -1.2822303298553048, 0.4126826655432736, 0.7014186464959422, 1.4973295502126822, -0.4392840609328067, -8.102179241811258e-2, -0.6699603790054056, 0.6707174488794294, -0.2942901468411183, 0.4297954343943777, 0.8996799270954804, -0.343976707175776, -0.6530633726762171, -0.992325138695042, -0.510164852932094, 0.19777889311657867, 0.7601441387327251, 8.277796598316135e-2, 0.981725319966079, -0.920545702912452, -0.37635698412996527, 0.3038708947999544, 0.8885944010445272, 0.7659959437497409, 0.30731402613805087, -1.2498707824792048e-2, 1.1721139422258127, -0.4294528325622224, 0.9830455848556816, 0.7773200981673847, 1.0699331065103312, 0.659128785038636, -0.5695634697938675, -1.1361402404771712, 0.9428400971496164, 0.37089095460295246, 0.49242627381574494, -0.28008323097422233, -0.4677325092302364, -1.4866342913718127, 1.2651996851305918, 7.339985789573619e-2, 1.2326228923883462, -0.2578409271762228, -0.12353177443224274, -0.13081619886321688, -2.131869623314676, -1.7188540545421933, 0.7020215445408574, 1.1314296540558868, -0.13098982932540418, 1.5349038573896496, -0.14965051500952709, -0.14717881241590908, -0.16416058447443949, 1.1302476057880142)
