seed <- 742
log.wt <- -14.988785358186675
penalty <- 2.8115950178536287e-8
intervals.send <- c()
intervals.recv <- c(56, 112, 225, 450, 900, 1800, 3600, 7200, 14400, 28800, 57600, 115200, 230400, 460800, 921600, 1843200, 3686400, 7372800, 14745600, 29491200, 58982400)
dev.null <- 358759.0022669336
df.null <- 35567
dev.resid <- 225410.7909738912
df.resid <- 35402
df <- 165
coefs <- c(6.593648237613987, 5.792678937072638, 5.821530994782314, 5.286635581568938, 5.023738912113932, 4.940844291879352, 4.744057933064241, 4.641244166624909, 4.40177979969687, 4.249007562123341, 4.3135720018994865, 4.165040012539162, 4.012144451335376, 3.9740645516836115, 3.7537776574381168, 3.550796169266589, 3.291036418373923, 2.944858435959191, 2.498411901925426, 2.1125934694391395, 1.6348073766585356, 0.8924962465101492, 1.0665629847934974, 0.4939349194263325, 0.14335218451148843, -1.2650706964642762, -0.4380948349130864, 1.1491673770557356, 1.0665044893158788, -1.1770922233212233, -2.373721317142856, -2.612989615257598, -0.2964676242072436, 0.794942891257669, 1.3512934457279095, -1.2233444127222568, 0.14274714429170382, -0.7279659844357829, -9.029402256172826e-2, -1.3181729654627645, 0.9956761821932689, 0.8333384309056487, -1.2328346658041178, -1.38654315406087, -1.0138697460206212, -0.6380600574287346, -0.8110964899686259, 0.1354587969787414, -0.27035828280471164, -0.9840265402793422, -0.38741093158812256, 1.1647045887319118, -2.3454889665478666, 1.6305291413393013, 0.7931508729204053, 1.1252146693664802, -2.231609463603169, -8.495641060316307e-3, -0.3197968288388016, 1.4068533814807187, 1.109614765456904, 0.6022739587736368, -1.8529221472673871, -1.8577243681499598, -0.6363503677834166, 0.1317577759322876, 0.5662734496756421, -0.679540854475795, -0.8763547456711276, -0.7376687677901237, -2.4150594897513664, -0.32036811200454596, 0.4676745729967622, 0.9139162763905486, 0.7627347210091489, -0.623095327363732, -1.6022388309851479, -1.5071238743704725, -9.252030977119807e-2, 0.668506169485459, 1.0575209130510024, 9.883290090853601e-2, 0.38789658468446636, -1.9951903793864711, -0.19602054993638063, 0.2988903705833461, 1.2981781382931983, 0.5213627737691079, 0.9513328340374331, -2.054657485428439, 0.5434996587188, 0.8019220770641347, 0.8743071536561311, 0.29217039404705225, -0.4261872115249714, 1.387208431001677, 9.353763289909593e-2, 0.4666838902401267, 7.749863632916856e-2, 0.11259624880962492, 0.4274588684606747, 6.187341242817898e-2, 0.8587876563569421, -0.5582501665774926, 0.8213265606461174, 0.8220148754088548, 1.1705014277573684, 0.28465210436189764, -0.7422055964988222, -0.6647360900307343, 0.5475862362198983, 0.7056462583915111, 1.6345591542593183, -0.5287424646591699, -8.877629953410839e-2, -0.6693871765445848, 0.8229869582762782, -0.29070628709938684, 0.6003469082179737, 0.6317445709564248, -0.5452746065275119, -0.33457010667046544, -0.9775761091160879, -0.3238022442265126, 0.3157443836683395, 0.7931868905411698, 1.6972201028801606e-2, 1.0018879198500408, -0.8296835194304708, -0.534863070776669, 0.3867692978252251, 0.9387481249691352, 0.6180750673591007, 0.3701757638570723, -1.2337837771260248e-3, 1.2004637635500837, -0.36670881859504184, 0.946745767130706, 0.7865579061754373, 0.9688842235183031, 0.7216897093855608, -0.6072668621354856, -0.9849996680579997, 0.5583407127977468, 0.19576659197855684, 0.4573187597334408, -0.10016974407025078, -0.3787732672412749, -2.023192772853503, 1.1693276545555715, 0.21573571324102303, 1.2321488546215373, -0.213621753338889, -8.339662184130603e-2, -6.230960864690309e-3, -2.2980381378593724, -1.0169089237262126, 0.8671103983024862, 1.1617038414423368, -0.3523728378636984, 1.5827038448303241, -0.2991430250535667, 6.875134135234043e-3, 0.10814705301032235, 1.1637755572565003)
