seed <- 1060
log.wt <- -15.506418877444592
penalty <- 2.8115950178536287e-8
intervals.send <- c()
intervals.recv <- c(56, 112, 225, 450, 900, 1800, 3600, 7200, 14400, 28800, 57600, 115200, 230400, 460800, 921600, 1843200, 3686400, 7372800, 14745600, 29491200, 58982400)
dev.null <- 358759.0022669336
df.null <- 35567
dev.resid <- 225922.22176516496
df.resid <- 35402
df <- 165
coefs <- c(6.6657918530017195, 5.7519931125947, 5.767387202533712, 5.2722001328764465, 5.034637712590525, 4.861053390398001, 4.857272669186168, 4.6278538583080016, 4.415733129364498, 4.253323048676757, 4.336376156024619, 4.150896335457227, 4.044188668434718, 3.974709921467924, 3.7302928619792803, 3.5791021598898496, 3.2573603273931755, 2.9446776105926173, 2.538837501875221, 2.0904614604134735, 1.482252419288199, 0.8708122717743171, 0.9490430502016741, 0.14940505011407063, 0.2821571791715296, -1.1994725862249855, -0.20219728919875235, 0.9208408421238317, 0.990436367535787, -1.5388609002820999, -2.1793219699351005, -2.511409759105065, -0.5618303751458672, 0.6944688986360228, 1.2708152462307734, -1.4295114378783096, -1.0477604017362367, -1.1471560338206477, -0.11459431767164305, -0.8031495425850586, 0.8561313789003014, 1.0615608505553316, -0.9762589162304373, -1.505640319584579, -0.901195979854783, -0.6310300839676596, -0.18694382660973713, 0.24279739046371493, 0.6169081129125173, -0.898835164625107, 0.12030877994741934, 0.837364088861955, -2.165747232812485, 1.8374811018290285, 0.8305827685169589, 0.9914933069962718, -2.3524521987474216, -0.16461037579532858, -0.9636379267633859, 1.3156021478409512, 1.222394191126124, 0.7981367240183839, -1.4323918655835364, -0.5176148285091269, -0.510762783665192, 0.2052040435348627, 0.5949103967705305, -0.47809837076954287, -0.8812039324393891, -0.5841282733842689, -2.0587514633826642, -0.2820516531612702, 0.6360960543143819, 1.0760673852599534, 0.6913242046825713, -1.299383421035684, -1.1821356515377295, -1.667417670418876, 3.615167586268029e-2, 0.7682879855532008, 1.1141394601044696, 0.15332657754533613, 0.2058025528822149, -1.4450736084149736, -0.6954238718062388, 0.5176727279727618, 1.1513211467910522, 0.4251810008502545, 0.817610196354951, -2.2001814995403244, 0.4171583493529124, 0.7614936532969478, 0.7284808722098126, 0.3977428109227306, 0.4838931073892778, 1.235271761172163, -0.35449475384384826, 8.871114030514059e-2, 6.789265581112976e-3, 7.245390574997483e-2, 0.465030303692524, -0.2115839150277459, 0.7872573600451318, -0.406211116094286, 0.7937111574067318, 0.8398244636355611, 1.137301304078164, -6.253473736175828e-2, -0.2009861327006355, -1.14815998348331, 0.351015041922659, 0.6449322460356929, 1.4860031398204, -0.6099594446238156, -0.18677959271733008, -0.8120351374439934, 0.7975640374156148, -0.3505584291447642, 0.6211384143215122, 0.6249428814651565, -4.20926964460194e-2, -0.19727293781325808, -1.4538829205420583, -0.4055042276360786, 0.244614963688632, 0.9550206513722147, -8.834079485399922e-2, 0.9952228245424283, -0.46953392685229095, -0.5192532350420586, 0.1455849156306482, 0.8649234279665216, 0.8128677450793403, 0.47937790271067626, 3.003195217367908e-2, 1.089773760866367, -0.37202787150458183, 1.0709348291535086, 0.6905483332159448, 0.9797504240776729, 0.7255343489981908, -0.6102474739176121, -1.2406041719936252, 0.5008682731700995, 0.41830498685100254, 0.6698687750705682, -0.2913139877801333, -0.5017937554739687, -2.0990990781994077, 1.3001593367735784, 0.16484524867408762, 1.2468583777916171, -0.174715432689875, -9.634715126242298e-2, -0.3636412019848225, -1.7146394953763657, -1.6479704129219193, 0.961062050629754, 1.1435899896775334, -0.4631000692481785, 1.4699462677266726, -0.20235738332574427, -9.075285870129805e-2, -2.9711869260806392e-2, 1.1815019695947557)
