seed <- 220
log.wt <- -15.63359201573645
penalty <- 2.8115950178536287e-8
intervals.send <- c()
intervals.recv <- c(56, 112, 225, 450, 900, 1800, 3600, 7200, 14400, 28800, 57600, 115200, 230400, 460800, 921600, 1843200, 3686400, 7372800, 14745600, 29491200, 58982400)
dev.null <- 358759.0022669336
df.null <- 35567
dev.resid <- 225354.2384203851
df.resid <- 35402
df <- 165
coefs <- c(6.47413837117896, 5.472977376258887, 5.6066408062772055, 5.429496026765528, 5.171781437803049, 4.871602215347456, 4.8106454006833905, 4.662276689863074, 4.376822954317045, 4.312769006833515, 4.33517613727996, 4.169728747522454, 4.016160882443069, 3.9449012666988477, 3.7355615065102254, 3.5442773413557616, 3.2840475568214877, 2.9850572689742734, 2.5410749827842034, 2.0803281556498185, 1.5607727065106354, 0.9069746593979385, 0.9652412552727111, 0.2424559520019279, 0.1942051986703574, -1.2909007805424142, -0.2039975740222493, 1.112552528614783, 1.099299551773125, -1.3341932844772066, -2.748789676235889, -1.3807270028180683, -0.400229608667302, 0.7410976483835714, 1.2637519460865663, -1.367756281482412, -0.40011872051957087, -0.9066171217582841, 5.495272941473734e-2, -0.502261905163425, 0.9084758154773205, 0.8773648624004258, -0.5175415938476099, -1.9903050495862338, -0.9339468712249435, -0.6307044683832591, -0.13893299879578963, 0.19581602900597464, 0.13249336865897793, -0.45764674855476906, -0.30282575287008257, 1.1774568780032546, -2.2497949953775764, 1.6088105050606127, 0.8075143861859191, 1.0240802276089718, -1.6596959217648657, -9.24412783952365e-2, -0.7206752853347205, 1.4444393861176097, 1.3183316865297552, 0.8147222583955998, -1.2482511489210861, -1.2297389018062568, -0.8466923474176903, 0.37631482644681424, 0.5083204448753752, -0.5835822700957015, -1.773353311325016, -0.576911177726865, -1.802606720451075, -0.3671405635529638, 0.45875892729894757, 0.9360115937670161, 0.5895252409305748, -1.1724548137961566, -1.3877084545315568, -1.2706164522821752, -6.115408189000872e-3, 0.5821030640169552, 1.2420773218113805, 0.1445845329666748, 5.6383437645369516e-2, -1.7875297533127275, 2.1995133123530096e-2, 0.3462250725653889, 1.2162647656980787, 0.6020244816638832, 0.8789110961120403, -1.9732860028885624, 0.46529764402274776, 0.7782604312241883, 0.8651387775945054, 0.36679143532781594, -1.7900510287938397e-2, 1.2154797660115668, -0.393794631851984, 0.1983562050541691, 0.1216520907097583, -0.4135759193296147, 0.22576631600897878, -0.11324477812756442, 0.9048350257179119, -5.497678422988217e-3, 0.7128262609709473, 0.8386595579616354, 0.9894857423864235, -9.703470085340833e-2, -0.12150048063760091, -1.1522277042771065, 0.3315765707715253, 0.5767316631748931, 1.6180767956795772, -0.6436961265444772, -0.17747539564293535, -1.1196094385086826, 0.7652450329304384, -0.38538630671944435, 0.3866701049682907, 0.5940419803536532, -1.1325099921592257, -0.4617124562438099, -1.427251982071173, -0.6725632132029838, 0.357979891566656, 0.6887696109122518, 3.6306932126563135e-2, 0.8650541612386737, -0.4802378669750962, -0.46027923671902937, 0.1782653671514636, 1.0540431921392046, 0.6636234406147152, 0.49086234411373486, 8.510093612597431e-3, 1.1898741685369167, -0.37637628107807514, 1.040072965742061, 0.6837192171255805, 0.8543251755059983, 0.6873838363304084, -0.6752718182692017, -1.0751514465610972, 0.733507158657148, 0.3270669033140207, 0.5569898969049892, -0.3088653581194722, -0.42842259736590343, -1.7973438653221978, 1.146200771058473, 0.15106473170655618, 1.0995018734302475, -0.22216087949019575, -0.17711354782472347, -8.453089208014174e-2, -1.8603221650856059, -1.068550833041922, 0.9259374405755428, 1.1687103248667587, -0.23962236932937342, 1.5694064771094083, -0.4024968973005958, -0.10713630784514462, -0.12360349359347461, 1.1969532298097136)
