seed <- 603
log.wt <- 0.0
penalty <- 2.8115950178536287e-8
intervals.send <- c()
intervals.recv <- c(56, 112, 225, 450, 900, 1800, 3600, 7200, 14400, 28800, 57600, 115200, 230400, 460800, 921600, 1843200, 3686400, 7372800, 14745600, 29491200, 58982400)
dev.null <- 358759.0022669336
df.null <- 35567
dev.resid <- 226261.7823168456
df.resid <- 35402
df <- 165
coefs <- c(6.5215907238041035, 5.950331732014315, 5.6074065727990146, 5.308750191594743, 5.133732281412498, 4.782779055048223, 4.674041162509553, 4.557982015269141, 4.362142626419652, 4.265158316197786, 4.245475654244376, 4.117439473269912, 4.014789297473013, 3.937111585184759, 3.7617497199162973, 3.5321169586628787, 3.2208421577144706, 2.94099183951026, 2.5226074896327098, 2.0497132745501667, 1.5569694324829766, 0.9414807952162808, 0.9131577038632567, 0.36701220068578455, 0.6265634384741973, -1.0926867168931582, -0.17754230164865462, 0.7689626910200723, 1.0758984929862407, -1.3749668106740789, -1.8471234834700483, -2.3162302272205317, -0.33069120921033607, 0.7911584820212578, 1.053673570943221, -1.4097814216169244, -0.5923705508067237, -0.8470382259367613, 0.41120192907077563, -0.6945821961513587, 1.0259791342529172, 0.8623011708106074, -1.112696061696556, -1.6942873632370985, -0.9463227248663668, -0.8348280995878008, -0.49376274840414863, 4.8078387300578965e-2, 1.0082075377576163, -0.5218843206645358, -9.375423982135188e-2, 1.0408057298811986, -2.535893982936561, 1.6163310577384398, 0.7070824181600167, 1.162768364330932, -2.3766418863100442, -0.1776730465309548, -0.4183726534635181, 1.6710453818152773, 0.8294919881002598, 0.6183312660838317, -2.0499910935179817, -0.9957414223751837, -0.8646189967324333, 0.12813789971929365, 0.7161686837013419, -0.592041012753234, -1.776275820900844, -0.566164923319542, -1.7029614635524777, -0.24681663304146348, 0.40181977122766577, 0.9412592073636779, 0.6932634848767493, -0.7246387001018858, -1.2005335629004632, -1.023816399804221, -0.2084211776105874, 0.8184071657773211, 1.200067146245549, 0.11552514485800952, 0.11533734005837956, -2.1050437261982933, -0.9513783267560522, 0.35678498485844, 1.207245420609671, 0.6012751029173375, 0.97328779617143, -2.210006447973753, 0.5287896143147739, 0.8011762419412628, 0.9247418256293851, 0.38157867184255, 0.23800968261673366, 1.319662555246438, -0.6355184592425257, 0.4248762122796991, -2.6203187224019403e-3, -0.10911146687853081, 0.33676254273236894, -7.1741367696433744e-3, 0.7082648162214245, 0.4902430656466717, 0.9772203084835327, 0.883784569873906, 1.0997674089786604, -0.4444308090925262, -0.9757295219960928, -1.072906493068238, 0.3513785567840031, 0.5002417129174027, 1.6212670950602173, -0.4964481141747545, -0.23347228278685647, -2.206889012481388, 0.8490540994562376, -0.19370503946460546, 0.4603637934327847, 0.7072929564528845, -0.3029891409587056, -0.4754195657774082, -1.128319541737694, -0.5230149906154099, 0.31207018004041664, 0.7842595881932308, -2.7722965669751954e-2, 1.0648640277079076, -0.5613129016220986, -0.543274225223545, 0.12354949092941658, 1.0280106977026968, 0.9283122655327679, 0.38574844148826715, -6.631782685691595e-2, 0.9682906811407839, -0.27319178619431994, 0.9634327356214831, 0.7463857812483397, 1.0367287580863658, 0.8865772377687595, -0.7460184215276682, -1.159127255788351, 0.7495811280861351, 0.3880638383226943, 0.5060906160534938, -0.39262780806187236, -0.6227589359601957, -2.012834877621575, 1.1497450454839118, 0.15295241878819238, 1.2962199200663604, -0.11825125441415356, -5.18639081578548e-2, -0.22963486961394872, -1.684610717340617, -0.7244728396551195, 0.776844594212761, 1.248083739025613, -0.2097282057941875, 1.5418079651419911, -0.39179558817064203, -0.130207761200264, 0.1390400721354821, 1.2718351797403504)
