seed <- 253
log.wt <- 0.0
penalty <- 2.8115950178536287e-8
intervals.send <- c()
intervals.recv <- c(56, 112, 225, 450, 900, 1800, 3600, 7200, 14400, 28800, 57600, 115200, 230400, 460800, 921600, 1843200, 3686400, 7372800, 14745600, 29491200, 58982400)
dev.null <- 358759.0022669336
df.null <- 35567
dev.resid <- 226475.90322714817
df.resid <- 35402
df <- 165
coefs <- c(6.600919492957467, 5.658907760972418, 5.7201833845789185, 5.218717695837402, 5.172988314514771, 4.890207423350295, 4.771595075297181, 4.6288584824371295, 4.397856894497232, 4.229660204375495, 4.273116342417237, 4.164149348820669, 3.983236567790637, 3.9626617885309066, 3.7731339010536105, 3.5439296210498474, 3.2525780349924767, 2.906650204936508, 2.5000496334252715, 2.033558120451191, 1.5745521610080804, 0.8878064777499779, 1.0725986220452681, 0.4079803411004353, 0.248548282067349, -0.7347985107792027, -0.30088778710609543, 0.9547040429647078, 1.0255010925524377, -1.015959599173991, -2.6346656678692657, -2.1752499866178288, -0.48435344027664007, 0.7420460693971838, 1.4363060313997604, -1.351321707203069, -0.7838133004694136, -1.3319657899324644, -7.205162230309536e-2, -1.2130793907711213, 0.9699344039704736, 0.8227343457065609, -0.6730213206885725, -1.9160978973636664, -0.8432137768303627, -0.803488347896375, -0.6647177827622792, 0.200693144182671, 0.6621997888478297, -1.1460809395305764, 0.4756765456218751, 0.9091867851332818, -2.482140993589145, 1.7766484479647056, 0.9014958187700673, 1.0836296543640027, -1.6746936008810274, -0.26691284342936394, -0.27940337245616714, 1.0852238981930342, 0.9849009456883034, 0.9466794027141885, -1.6033104109194207, -1.0325505401948578, -0.4203342510287558, -1.5764310240340865e-2, 0.7190488210691145, -0.8062876262854036, -1.7855745941129906, -0.7465950201833847, -2.3554334483018224, -0.3495283128007578, 0.4894416498757829, 1.1213891833287866, 0.5089439122620849, -0.6784612494289464, -1.8109853027937786, -1.7127465014186425, 8.447931449626786e-2, 0.678336357436049, 1.1146340367191876, 0.10710262023511541, 4.712095699322329e-2, -1.5759858508286018, -0.4861815628413774, 0.44702960043204715, 1.1357075239528125, 0.488955922570633, 0.8422942170532355, -1.578094637058106, 0.46231761972533025, 0.6943296583837082, 0.8027111843399541, 0.3916326607566823, 0.30888853339152433, 0.9961374449976018, -0.6113797874977477, 0.2821797645879759, 1.0564937091375312e-2, -9.523935680650511e-2, 0.5006279039902028, -0.3694163119013936, 0.576036394521234, 0.3907192148224445, 0.9048872129642971, 0.8068036147628054, 1.1380793682395727, -1.780140496615731e-2, -3.586434040815672e-2, -1.075452779875122, 0.401216455800618, 0.677862984270902, 1.5655685436993005, -0.8537814884707579, -0.31650571977849556, -1.002477828461441, 0.7252232568827354, -0.23266725433484817, 0.514366408733272, 0.5248103971174815, -0.7163561756626687, -0.725203347731484, -1.5576579217077557, -0.2305918577264447, 0.31411450917583994, 0.8466777253614216, 5.881316646054989e-2, 0.9537686043014573, -0.5388409776948504, -0.2516687070621324, 0.21606082509346183, 0.9265142592628035, 0.7846068087675195, 0.6525931757967499, -5.523072190413269e-2, 1.2249376317561826, -0.43553734311039266, 1.012480356806238, 0.7081581903320397, 0.9001527543139023, 0.7457497289848153, -0.5608193661111579, -1.2048889062313892, 0.5992571803436441, 0.4621437559504161, 0.5563958610180514, -0.12356143843948635, -0.47093466232118764, -1.5951821226202785, 1.2680224884032905, 0.16641728311874698, 1.1686046823995444, -0.13903137570898136, -7.32399038845403e-2, -0.2289772361444249, -1.4459793893991146, -0.9982460643178543, 1.0072343799711148, 1.1805905276511799, -0.5347903094466404, 1.5261393427009704, -0.18080051597902203, -5.257390015705083e-2, 3.0572412707210263e-2, 1.1725023456137815)
