seed <- 164
log.wt <- -13.296994364672585
penalty <- 2.8115950178536287e-8
intervals.send <- c()
intervals.recv <- c(56, 112, 225, 450, 900, 1800, 3600, 7200, 14400, 28800, 57600, 115200, 230400, 460800, 921600, 1843200, 3686400, 7372800, 14745600, 29491200, 58982400)
dev.null <- 358759.0022669336
df.null <- 35567
dev.resid <- 225704.56624196182
df.resid <- 35402
df <- 165
coefs <- c(6.692801235969743, 5.927842314520801, 5.778594893914191, 5.270634177212923, 5.188484844551153, 4.956893164706928, 4.78001426557869, 4.6340558595736345, 4.381618565698496, 4.320634176372709, 4.296112460447153, 4.157511678694607, 3.959242750770224, 3.9467027145121656, 3.753322938314863, 3.5395944974263673, 3.2473041588347957, 2.948940472131287, 2.487830074302391, 2.1072542072803646, 1.4157479867587686, 0.8864709391668368, 1.052409373661854, 0.5444687036751434, 0.7200096938812431, -1.29133101026652, -0.4675393182527773, 0.8666154643208462, 1.0058319070098882, -1.5806209605697001, -2.245984669122593, -2.1138577342482616, -0.46114058330250796, 0.7735040475381207, 1.3193053756711144, -1.3499558995791685, -0.7215829930323416, -1.609928594177852, -1.4686494980589404e-2, -0.818912423853192, 0.8891728717057436, 0.5549136176517799, -0.7441863011466789, -1.499688319420875, -0.9370139268892127, -0.6368640716136998, -0.5204915486279351, 0.37421316811909194, 0.5417888477387547, -0.2588237320250075, -0.1407549629935493, 0.9660450374109039, -1.815030063658604, 1.764244915744746, 0.7469698837868342, 0.9157799343900394, -2.1121185829795994, -0.10601040656640595, -0.3248793115669413, 1.7473699111528138, -0.3109301581080146, 0.7919279631059994, -1.468489169365778, -1.3273896381759571, -0.6615943831886548, 0.3194742390026842, 0.5583478843695497, -0.5215246597483459, -0.9855008988412237, -0.714211981440335, -2.206127319107309, -0.7190749456598883, 0.8580350280472764, 1.0500569991180309, 0.6811476185447831, -1.1464314448798787, -1.5376444327050072, -1.2943238332739242, 0.13081105191786807, 0.5501246404637662, 1.1751386990194217, 0.14687304147239755, 8.365729402003057e-2, -1.5653736356507753, -1.01970237990065e-3, 0.37964437248897914, 1.1765372448308145, 0.7208719322812286, 0.7987374948693053, -2.4332631116590173, 0.49488524906575737, 0.6607951253741502, 0.8600189572131077, 0.3660624493705468, 3.412153440522443e-2, 1.3974307695869503, -0.5742822540093626, 0.5508077634473352, 4.357145192831851e-3, 0.37817643681621654, 0.4044090377010307, -0.23366437220378197, 0.6542190929575096, 0.21532389622232573, 0.4564426722660364, 0.8404817978737442, 1.1682384803025319, -0.7933642664760678, 0.4284945529930935, -0.9841673504043419, 0.3150011129811505, 0.6750489376640221, 1.5097273954161836, -0.23681069904775465, -0.3311995174767338, -0.9697742806053001, 0.8526722087234663, -0.3066398874664969, 0.4487364822433363, 0.571524415954324, -0.41441706081441776, -0.6866590059223991, -0.9698131007790578, -0.7566115373807133, 0.3179511294066576, 0.9741380426370738, 4.4072540818043526e-3, 0.9531478195345184, -0.6559570498889614, -0.4387034149564421, 0.15411467729453268, 1.1418371411567338, 0.9117225626219757, 0.5273266367087303, -2.06416281084183e-2, 1.093268747285323, -0.5250181085848044, 1.0559287417392633, 0.6822134173155167, 0.8106168291861131, 0.674417805220846, -0.7019374379382446, -1.14632575549607, 0.7621120070681741, 0.5429185919481121, 0.6693504741380929, -0.22635578689005753, -0.4864928969856335, -1.8722024018626844, 1.3296779528493032, 0.1557548277657847, 1.0388384909107908, -6.98293103159353e-2, -0.10902507543988334, -6.275928280037131e-2, -2.1111873693473378, -1.9807371088864267, 0.8617954837889945, 1.1312373398205628, -0.16418861450316927, 1.485659553890764, -0.21969453287067148, -0.10623817351456277, -3.978174205889129e-2, 1.2028700097744707)
