seed <- 512
log.wt <- -12.975431553623746
penalty <- 2.8115950178536287e-8
intervals.send <- c()
intervals.recv <- c(56, 112, 225, 450, 900, 1800, 3600, 7200, 14400, 28800, 57600, 115200, 230400, 460800, 921600, 1843200, 3686400, 7372800, 14745600, 29491200, 58982400)
dev.null <- 358759.0022669336
df.null <- 35567
dev.resid <- 225350.73290384118
df.resid <- 35402
df <- 165
coefs <- c(6.394949815176842, 5.706717805000342, 5.655322081464035, 5.3307340813879325, 5.173735341204559, 4.888371293970609, 4.707057087889438, 4.61538254143671, 4.393859214782807, 4.216191684858467, 4.326059237946138, 4.18477264605846, 4.041198670790947, 3.9479855537212885, 3.753874928932796, 3.563709483226271, 3.2645725047417504, 2.9556322457952096, 2.544377208495156, 2.0908645236880714, 1.5405455359600584, 0.9269333897462939, 1.1577451358073976, 0.5336246976313946, 0.6954317224059364, -1.1581806228576068, -0.3872142112957625, 0.9777054152588066, 1.0501431181287026, -0.7778714541727442, -1.9438344121349318, -1.978199523540455, -0.25710175695211535, 0.7914538294101459, 1.3911007072763355, -0.680007807870028, -7.699028268970742e-2, -1.3330492304865755, 0.14018941994904804, -0.4002749285786545, 0.9392304209424324, 0.8409468862105695, -0.8261525408620516, -1.3632380391095826, -0.7096097528002717, -0.728063193298435, -0.9214799213703916, 0.5994706407673722, 0.4714025743369283, -0.2543405587649239, 0.5249639961449954, 0.9316836572584732, -2.3222966460964978, 1.7693360019551059, 0.7486406450130165, 1.0803429341778412, -2.1501492287389885, -0.2316663224649014, -0.7155576130191905, 1.379420574948309, 1.0988764686531063, 0.6203348635639792, -2.035101894441637, -6.52212277055127e-2, -0.5770637151206673, 0.4255093357393833, 0.5050785955649784, -0.17077920515909573, -1.627040427811911, -0.6439617987963226, -2.5102857987312612, 9.400020531448215e-2, 0.34274574024671384, 0.9401247732692521, 0.5529439586102103, -0.5560444314617877, -1.1546525109964612, -1.5316425013442543, -9.555319547264418e-2, 0.6608613509507405, 1.2033520851381363, 0.16636677356713842, 0.3656305974496805, -1.924982328891802, -0.3757177049786129, 0.4862603499777221, 1.2585042801139075, 0.6274736635366125, 0.8834250292708992, -2.84486469757981, 0.43331102134458366, 0.8431974755992806, 0.7764631736685919, 0.3182288069040118, 0.12760627363929564, 1.352141638040711, -0.4231344960001365, 0.26023224011634594, -4.3969584506745985e-2, -1.9793953960332065, 0.38164998548203216, -0.4091080319488388, 0.8207026398065125, -0.4084615577560246, 0.7299493994448563, 0.8900149789519833, 1.2626424407289996, -1.598978324830948, -0.3313384275668246, -0.8501264438626931, 0.41656601811490446, 0.679906527436209, 1.5803317900737865, -0.6910673567892198, -0.26642444588707825, -1.745334463375393, 0.8173481655231117, -0.37552135925837143, 0.3617964046185502, 0.5284689557084132, -0.22220843237366397, -0.3934087717303216, -1.5199301169623332, -0.3916649696691731, 0.4684575541215331, 0.9484839604842494, -4.0391828709137254e-2, 1.0017075290608368, -0.5071203078000923, -0.505438471109682, 0.4399523287914412, 0.8915120643233397, 0.7026176746271405, 0.40869478755053884, -6.09223801533089e-4, 1.0473280434441667, -0.4157177949310284, 1.1788438324117465, 0.7253129368755118, 0.946236071594717, 0.69898533130032, -0.5144626908921842, -1.0720405907070616, 0.5619111268238234, 0.11829689860308007, 0.4086123757168614, -8.494493761965954e-2, -0.3978754065590044, -2.3355082171811214, 1.347334371831066, 0.10445585477486898, 1.188358642207411, -0.18293667331576433, -9.388394275980134e-2, 0.112890035516259, -1.7365814419650938, -1.9999817352639586, 0.8648462375074069, 1.1786022956945401, -0.47362094692691364, 1.5020009863063606, -0.25590034679728774, -0.16514527031361498, -5.4691214650262894e-2, 1.2078599923441036)
