seed <- 608
log.wt <- 0.0
penalty <- 2.8115950178536287e-8
intervals.send <- c()
intervals.recv <- c(56, 112, 225, 450, 900, 1800, 3600, 7200, 14400, 28800, 57600, 115200, 230400, 460800, 921600, 1843200, 3686400, 7372800, 14745600, 29491200, 58982400)
dev.null <- 358759.0022669336
df.null <- 35567
dev.resid <- 227263.95358014986
df.resid <- 35402
df <- 165
coefs <- c(6.678792248463346, 5.807012335179965, 5.723486884021666, 5.348997373793102, 5.022176404816582, 4.847503779419946, 4.821312285469869, 4.633064774493782, 4.344150738846561, 4.213395212552396, 4.273988774166756, 4.1309155671961735, 3.961877310079884, 3.932497627929369, 3.73726974427064, 3.523192435016506, 3.2212547077777205, 2.9503547548399887, 2.489265650769196, 2.0316965933297118, 1.629196726346138, 0.9112916413833306, 1.0812324687560602, 0.3501598495548591, 0.5386477564243756, -0.839977509619361, -0.19340375643065968, 1.0061832304415819, 1.0512224148591989, -1.5314909063541537, -2.540106109099009, -2.2288676585269456, -0.5868909993656, 0.7545345199116884, 1.246889312373473, -1.466501303955294, -0.10854773044589824, -1.1212599581281941, 0.3385798325354792, -0.3508701559137217, 0.887609011174716, 0.7079066050119827, -0.6193062740648015, -2.4528224443166686, -0.8047557149210003, -0.6679501421691011, -0.387240172125202, 0.4257535614855726, 0.3226759283522213, -0.7426234165917367, -0.10758537100833505, 0.9213436453475493, -3.084242462174881, 1.6333873987954617, 0.8538419365682586, 1.04392811209476, -1.945228994797747, -0.3932665426197166, -0.2522968167276622, 1.1866544705089728, 1.2835624834325792, 0.7360697413453857, -1.657050699063733, -1.3122196792001506, -0.37779739776029214, -4.901107486682634e-2, 0.7082082085293411, -0.38544955691093563, -1.631465347301205, -0.6330139466100558, -2.6201565050295375, -0.453866689405152, 0.7777665462282909, 0.8871876752867048, 0.7292455441860523, -1.119691884834941, -1.1577172421133282, -1.0038041858507312, -9.61443574639423e-2, 0.6797421329367644, 1.1167786217516131, 0.13959201837388674, 0.1264912551730145, -1.675863931043351, -0.7240841048422522, 0.2624355415325572, 1.1598525965034878, 0.5852969860742104, 0.858040362347793, -1.970534502082383, 0.42401541669137865, 0.6925863770462841, 0.868984754580633, 0.4513557939622179, 0.13886662432902355, 1.0733136086234507, -0.9479775832493444, 0.4970793427397084, 3.5770677501996604e-3, -0.20512244111118294, 0.3675993596695868, -0.2362275287837077, 0.6388852476469438, -1.9659782945806305e-2, 0.8948582183130753, 0.8262894731990267, 1.178461902311037, 0.11968801531556642, -0.3181286404507804, -1.1066666440034374, 0.4461646725386451, 0.6534217062837436, 1.5715164663542371, -0.3656343885412279, -6.436387966882864e-2, -0.5814807363978827, 0.7640808076617579, -0.16988571126185073, 0.6103028802685216, 0.7040939246383149, -0.30422345607156304, -0.48109469751261635, -1.541179476702407, -0.31512667055417576, 0.350503966678735, 0.8193129055217242, -8.109289669083189e-2, 1.0339377479909089, -0.5488871145700065, -0.3820546016872566, 0.38960396406741793, 0.9591283793663884, 0.8294726915862126, 0.3820278199817753, -5.0040901686631875e-2, 1.1778225767724095, -0.20333462765699137, 1.046577427111044, 0.7688748439466705, 0.986796999742019, 0.7544448360785873, -0.7320055065523043, -1.1989805934374977, 0.5317431334112049, 0.3479471430934563, 0.6592815744106247, -0.3110267656296614, -0.8127180881001069, -1.8187343409128263, 1.2385456327840698, 0.1577306549419477, 1.2044213988801973, -0.13394287311037725, -0.10488699592992724, -0.31317431995864486, -1.754303018500541, -1.6971110340573081, 0.8675405305585818, 1.1828672570075085, -0.22831922520521986, 1.5553344895341443, -0.2890273827454892, -0.15054279133701148, 2.68674104072432e-2, 1.2520238056802413)
