seed <- 658
log.wt <- 0.0
penalty <- 2.8115950178536287e-8
intervals.send <- c()
intervals.recv <- c(56, 112, 225, 450, 900, 1800, 3600, 7200, 14400, 28800, 57600, 115200, 230400, 460800, 921600, 1843200, 3686400, 7372800, 14745600, 29491200, 58982400)
dev.null <- 358759.0022669336
df.null <- 35567
dev.resid <- 226411.22878448392
df.resid <- 35402
df <- 165
coefs <- c(6.466833278755697, 5.956680697580039, 5.536242649729329, 5.299701464880599, 5.043688481618531, 4.830021491065546, 4.772443034539405, 4.6035533075680855, 4.322562017891733, 4.262882780768828, 4.294679380798149, 4.169764372400556, 3.996963868246793, 3.961865700356488, 3.762593744876362, 3.5300423393114935, 3.247687457867404, 2.9548130665806904, 2.5274767357154317, 2.0558663629618286, 1.5419454125044507, 0.9571241940541168, 0.9571114272798795, 0.45704012382820136, 0.576179744235038, -1.4205492744565436, -4.734253575103618e-2, 0.8746030781611412, 1.0574814004397226, -1.3188609649382046, -2.8520654094054865, -2.3173218846554438, -0.12546001131339304, 0.8209562726465817, 1.234840586783841, -1.4351364287491326, 0.3469009117869075, -1.6837188782312997, -5.9769701266438505e-2, -0.8891821282452729, 0.9383602201489368, 0.9271838476168788, -0.7070715159623994, -1.9026880221743105, -0.6839464037102366, -0.7653694788235674, -0.9528363561773715, 0.5466329915504369, 0.741088727438639, -0.4411284273020382, 0.278580120592125, 1.02707131698853, -2.80188124297161, 1.6580581943209067, 0.7549189550604742, 1.0315243439746424, -2.006621580040487, -0.16223911818160094, -0.27646614982140844, 1.102079011630832, 0.8652756677197021, 0.7394570399741572, -1.902103199891729, -0.41312133110188404, -0.3443905617599918, 4.49238989014599e-2, 0.8056347824879544, -0.6464637613953705, -1.5302421924733478, -0.6523597850964759, -1.4748786966477003, -1.712136305259513e-2, 0.564661876784772, 0.9629416390388956, 0.6951666729849559, -0.9260250104569031, -1.2914997422476304, -0.8026521722028823, 1.2218702065748795e-2, 0.7780737189238758, 1.1052670631652366, 0.1637578015319641, 9.735841697594744e-2, -1.6468556507242118, -1.2769159024920922, 0.4683538784946086, 1.1134512168415822, 0.12791465946540465, 0.9259316542055591, -2.3440091376999366, 0.39958148241088576, 0.7142304101629005, 0.7294695882105005, 0.3925119991080234, 0.2835047545737504, 1.12065485091201, -0.6916038513814948, 0.631375566610064, -0.40393746777373146, -0.24394211334551055, 0.5662014020315854, 6.00674455495528e-2, 0.9118019484042255, -0.11050449899121502, 0.8361852198802666, 0.8718950613050399, 0.9772128110100807, -0.12462328796331976, -0.6411898905986702, -0.8383127303989418, 0.37399227845135913, 0.5884794361282168, 1.5975526568755216, -0.7049735302832781, -0.24458046442607154, -1.1110722843854937, 0.7396483989277133, -0.4778232587429444, 0.33063934945380996, 0.5772126383775108, -0.5009286052693549, -0.4153208189232323, -0.9353946139892457, -0.4199364398076009, 0.30040832534190604, 0.7121530552725281, 4.059340698904635e-2, 1.0811592997145505, -0.8297963481528587, -0.43702378437670947, 0.3551732911328868, 1.0256951901739, 0.6857905370414012, 0.4891921296599707, -3.5635156010000765e-2, 0.9750216796947068, -0.39576662287167313, 1.092407054590439, 0.7892067531572148, 1.0447120970974562, 0.7423422577042662, -0.6807896660932587, -1.4135916716748653, 0.6065869806817913, 0.2859032189781651, 0.5798874176262849, -0.18326686058221117, -0.2773492366903291, -2.093164695115711, 1.231415913033315, 0.19031553675384466, 1.2578368894065843, -6.8742756863451e-2, -3.064023733132738e-2, -0.11806776288882984, -2.2121650566654334, -0.9551624342430302, 0.927822457908107, 1.1062592463942398, -0.42353391079052155, 1.540767205923528, -0.5557136041608849, -0.10055417753544064, 0.18051369232178074, 1.0918967646657964)
