seed <- 1030
log.wt <- -14.436503251592619
penalty <- 2.8115950178536287e-8
intervals.send <- c()
intervals.recv <- c(56, 112, 225, 450, 900, 1800, 3600, 7200, 14400, 28800, 57600, 115200, 230400, 460800, 921600, 1843200, 3686400, 7372800, 14745600, 29491200, 58982400)
dev.null <- 358759.0022669336
df.null <- 35567
dev.resid <- 225354.03987324104
df.resid <- 35402
df <- 165
coefs <- c(6.84662849613849, 5.952488216267191, 5.638989130630953, 5.292744487830114, 5.129274653308134, 4.970225345861239, 4.742936683618374, 4.693259077160981, 4.423321383156841, 4.183037433036361, 4.3045677821635016, 4.17374856840067, 4.073472010257114, 3.946361916450985, 3.761941654427077, 3.551843986995186, 3.2660655451794938, 2.944055237904085, 2.535840118203545, 2.1143592390816353, 1.5975759655419817, 0.8722906204244625, 0.9392668398555825, 0.3873930793500844, 0.4221057875849256, -1.0313437674499462, -0.3578869141850611, 0.7263313356172616, 1.1168702822512941, -1.4507396497299423, -2.227969651547123, -2.032668066166079, -0.42427529820942406, 0.8012352594024372, 1.2034755406793838, -0.6635404667941179, -0.48056513696744346, -1.3706229889106272, 0.1287177736999656, -1.0834370884145854, 1.0056205737308659, 0.7542055328144677, -0.8799852026778805, -1.9654890551882158, -1.1048316839894032, -0.6751718239802229, -1.778291423454711e-3, 0.23291986457730215, 0.290908878869802, -0.8389472910657154, -2.825045599673664e-2, 0.8889800554281448, -2.467203785175922, 1.7716429775288787, 0.8153106475870426, 1.1398835070471645, -1.6548191529987342, -0.1247931018602855, -0.8508777847733117, 1.0771457912372617, 1.0847534742192377, 0.8267941879156354, -2.384894853970234, -0.7628164630779273, -0.62255016509393, 0.43404018963852353, 0.7297088407111353, -0.5266060231458263, -1.2621303764306882, -0.6400377642541878, -2.2238720216728223, -0.7024897796323404, 0.34446337754176487, 1.037499176511696, 0.7387276326632661, -0.7179154368932805, -1.2018402932602739, -1.0364980373691817, -8.14531436684495e-2, 0.6401018908171673, 1.0974316308455876, 0.17550561080986968, -8.29414897182462e-2, -1.4033484159810825, -0.5930477838347372, 0.6106241170146847, 1.2930234251293833, 0.4457575551512748, 0.8546192831700469, -2.2322003636931473, 0.4303999701147338, 0.5974345375620784, 0.8453840524821622, 0.42055100086749936, 7.64465115729735e-2, 1.301489154952347, 6.171242988840763e-2, 0.6394186240143739, 0.20244839891965236, -8.449272406453223e-2, 0.27977443074666, -0.7347380510912475, 0.7395452758493204, 0.4174132332708234, 0.5135729910071098, 0.7863059880329065, 1.1223650980841562, -0.16317065248090332, -0.11966641652106552, -1.6377747208688243, 0.5670098082216609, 0.6182747452140641, 1.6073026905825316, -0.4798031307289648, -0.34843807927950815, -1.2480295903783294, 0.788536744736729, -0.40951764034470556, 0.4956682099743055, 0.690444550298783, -0.3358507341159905, -0.1933027587144056, -1.2793955060273234, -0.3217798417395036, 0.29124707011559614, 0.7844439552325225, -1.0626079622248217e-2, 0.9316681951545672, -0.5004373503300704, -0.48394923825927477, 0.12927498475442536, 0.7499710960047875, 0.5773592319939916, 0.28869789084484826, 4.686119919449326e-2, 1.0216602561990977, -0.31490365426192946, 1.1473887997657566, 0.7248322184505402, 0.8946101544654198, 0.6819869752315297, -0.6306577564073005, -0.9607231047514652, 0.6368342621068275, 0.19862238253920017, 0.6830048640008334, -0.16352269947004672, -0.42893460922389526, -2.0770002372241674, 1.2802847195133213, 0.15589908545379239, 1.1513809000691844, -0.16840680063072838, -9.176115443123169e-2, 0.15369550741844698, -2.14364848363897, -1.4507954911981016, 0.9859526667073794, 1.2371621918209397, -0.3016277841960927, 1.5280638044191859, -0.23802694188118004, -4.722388137135083e-2, 3.003164920366227e-4, 1.1879882682859553)
