seed <- 809
log.wt <- -11.241551091335753
penalty <- 2.8115950178536287e-8
intervals.send <- c()
intervals.recv <- c(56, 112, 225, 450, 900, 1800, 3600, 7200, 14400, 28800, 57600, 115200, 230400, 460800, 921600, 1843200, 3686400, 7372800, 14745600, 29491200, 58982400)
dev.null <- 358759.0022669336
df.null <- 35567
dev.resid <- 226125.4721988137
df.resid <- 35402
df <- 165
coefs <- c(6.509907904161109, 5.837623916704124, 5.711455797386401, 5.364284932611901, 5.087156868506903, 4.917824450225884, 4.717705736431401, 4.670316764937561, 4.374896942344192, 4.299678840514525, 4.326608680456477, 4.160658633114808, 4.007172805167339, 3.944725020851144, 3.7513222593330933, 3.5343498210443087, 3.2323927438158666, 2.904174726137317, 2.500030129579456, 2.035911134993923, 1.6570280922028233, 0.9170769933163324, 1.0843100673620634, 0.44419683359935386, 0.3844082496765809, -1.5810409312695521, -0.40051436009923347, 1.0479043151128515, 1.028179360481984, -1.1129693540533816, -2.463773859971632, -1.69047463774357, -0.5059766213470095, 0.7664543317752357, 1.485875244698377, -0.47212810797211574, -0.36605361343931386, -0.6776586238863211, 3.913630739923111e-2, -0.9714494129526425, 0.9187673900835531, 1.0314086071348674, -0.5727557318220742, -2.375982919269715, -1.024457992820353, -0.7123946161107348, -0.7660382308532585, -0.14366781639321072, 0.35054721053925636, -0.4854760178299048, -0.3844513505222467, 1.0324092877465836, -2.5508361296185833, 1.7847553535234078, 0.7052976583983913, 1.0767549160645231, -1.6957220455028856, -9.748126214578526e-2, -0.44602253985165785, 1.087257805601804, 0.7067275261687815, 0.6179437777760077, -0.6597690029768907, -0.2581177500472365, -0.8158672615966162, 9.030492446082383e-2, 0.5499654382846223, -0.780126298484365, -1.2849332547100245, -0.5959470306387008, -2.5219470174265664, -0.23655113640267977, 0.5511485266812057, 0.9770696658357636, 0.7158575465805078, -0.9170460971661716, -1.1319344960658804, -1.0653117135170977, -0.128538608118602, 0.7168503281779969, 1.2153283289117542, 9.240907641300714e-2, 0.48144399086697653, -1.9185809206786466, -0.13577139639814836, 0.24680916969183922, 1.1469992112414746, 0.5959119633445503, 0.9420621448028147, -2.840811372993835, 0.6224117371746309, 0.793299610706729, 0.8167120812375537, 0.40163174942634167, -0.3858746202600093, 1.1347225780467043, -0.654169268329191, 0.49893210630687373, -0.25647837104867627, -0.8368392682796038, 0.5762021224855354, -0.33192114753469176, 0.7810932047076121, -6.417637363434224e-3, 0.40188965504967417, 0.8219921906279419, 1.2302483669264632, 0.17429311684578103, 5.9470486656935204e-2, -1.1096904334495357, 0.42860594697009435, 0.7161808563706034, 1.56364959663007, -0.7297960861128064, -0.1459682935618277, -0.9059662433957205, 0.8176400602622279, -0.40723878701149974, 0.6019457364682191, 0.3409839252512865, -0.77480499415344, -0.2886881589882032, -1.285954235108293, -0.47958021904856185, 0.27649694797560453, 1.0000636793363804, -0.16282739119540615, 0.9390014212789509, -0.487338144250451, -0.39837212388024756, 0.40480658977698997, 0.7653215766725915, 0.7082485341683683, 0.4219267622755444, -0.13833389234352803, 1.2324629499193918, -0.344760761204512, 1.1066252231227323, 0.6981802665087051, 1.0158575269663632, 0.6733504726478444, -0.7080490622032067, -1.0963816861654996, 0.5833907199976949, 0.3696288189510995, 0.4824760536502115, -0.22970094524108708, -0.6456682549765591, -1.983646118498416, 1.3253625389665955, 0.15511428821475765, 1.1543726582572527, -9.292782783108586e-2, -8.008145956864833e-2, -7.236590154213261e-2, -1.7592385745685826, -1.199380080522163, 0.8973966298872843, 1.0246031451485698, -0.5161683700231743, 1.521687204524447, -0.2577106523331384, -3.819870861919434e-2, 6.283127480498477e-2, 1.1664352883526883)
