seed <- 998
log.wt <- 0.0
penalty <- 2.8115950178536287e-8
intervals.send <- c()
intervals.recv <- c(56, 112, 225, 450, 900, 1800, 3600, 7200, 14400, 28800, 57600, 115200, 230400, 460800, 921600, 1843200, 3686400, 7372800, 14745600, 29491200, 58982400)
dev.null <- 358759.0022669336
df.null <- 35567
dev.resid <- 225378.7399411857
df.resid <- 35402
df <- 165
coefs <- c(6.623724829071042, 5.929089736406635, 5.756646792368552, 5.248533119725164, 5.143628013814282, 4.812811665514703, 4.7817643919124375, 4.703382811865189, 4.3779878551530595, 4.315434785959912, 4.2733558606223365, 4.161232227752921, 4.019477937254138, 3.9658550901041503, 3.7649827361721653, 3.5538892487366684, 3.248822905725347, 2.928333780652701, 2.4792016386395384, 2.0518693554727223, 1.579165414107594, 0.8877419578875727, 1.0396236658698605, 0.49832035086174753, 5.7037913079925055e-2, -1.4812551468956983, 0.10200071442087048, 0.9012852765484863, 1.207357302942254, -1.6581992136987962, -2.3680435924872416, -2.7673866065475097, -0.2134515826483612, 0.7691660816785311, 1.2494752785409078, -1.1261593692607452, -0.7848797340319347, -0.8693234984380597, 0.1391758724317656, -0.813877117456005, 0.9688669820558339, 1.0719680693304081, -0.9142153624014963, -1.535455093604515, -0.726349206639887, -0.6673006665245999, -0.1477674352869068, 0.3793449582968487, 0.49310568075065553, -0.9554387495430228, -0.7131772372144404, 0.5406203663310266, -2.2370102982584523, 1.7711372893616888, 0.7870629331716238, 1.123785732921925, -1.537332836507304, -0.1723003762395285, -0.4508153297854123, 1.037590664465744, 0.7729501872197582, 0.734283043545961, -1.8023080743750814, -1.1016023252707225, -0.8370803510547861, 0.31740505838313904, 0.6735604084735376, -0.19306914087375232, -1.4978797039821805, -0.6900717041489807, -3.2310057242122383, -0.44464615332564256, 0.5688950876925829, 1.0393620168708766, 0.6558999670736659, -0.717819346424227, -1.5297395408579098, -1.0916441828773373, -2.4826987908690906e-2, 0.702060440840301, 1.0956946735150377, 0.14743807346368842, 0.2177796438591604, -1.6442287778656037, -9.159191494417424e-2, 0.5093259941282201, 1.182808010757433, 0.38034906280831793, 0.854354448769835, -2.3780224596318402, 0.32808016240698534, 0.7242133660747015, 0.7462982570034231, 0.3555173011935243, 0.2115059455776751, 1.372911379303549, -0.6219803036482943, 0.14825791725446907, -0.4399880378190864, 0.3021297791596408, 0.4267494730894961, -0.40632086784280025, 0.9374257899577942, -8.649322402919477e-2, 0.6858249850796722, 0.8607734237817191, 1.1735545360084432, -0.14565107642148833, 4.717409329192634e-2, -0.7843644437887782, 0.3157152778008011, 0.6318169974143127, 1.6278372029630745, -0.8371485864710497, -0.14799519356833307, -1.0901862130674844, 0.8004087832422826, -0.29713032317878973, 0.6791401187600863, 0.5763303187051715, -0.6122026136348853, -0.42202102544894243, -0.6170595616403804, -0.2039486075912127, 0.2869233508729801, 0.9641818077378025, 0.10367077249252545, 0.9900469170817016, -0.9501578928767085, -0.40337798648465284, 0.2790859165445607, 0.9035808233433669, 0.857690844830769, 0.5024758423009693, 0.11706932087880315, 1.1483520109516019, -0.3412857746393026, 1.170995451384698, 0.7045397034223616, 0.9177795963903377, 0.6752601211697823, -0.6445603754743713, -0.846676699736831, 0.5223949199329246, 0.313454784968324, 0.5221751044756469, -0.11279435716535124, -0.865916938146638, -2.042599461323341, 1.344285168304699, 0.11965635241423062, 1.2233313273514947, -0.1722040152639163, -0.14589540595417103, -0.17389991613935954, -1.9297880380358847, -0.99965402557468, 1.056522945538353, 1.1726581048509963, -0.2013891583245718, 1.6156266654402438, -0.2686375339806772, -0.19891498597329774, -8.627102537975063e-3, 1.093888417908175)
