seed <- 411
log.wt <- -14.006128225949919
penalty <- 2.8115950178536287e-8
intervals.send <- c()
intervals.recv <- c(56, 112, 225, 450, 900, 1800, 3600, 7200, 14400, 28800, 57600, 115200, 230400, 460800, 921600, 1843200, 3686400, 7372800, 14745600, 29491200, 58982400)
dev.null <- 358759.0022669336
df.null <- 35567
dev.resid <- 226934.0892444841
df.resid <- 35402
df <- 165
coefs <- c(6.815232999341198, 5.793053852749669, 5.399620604883372, 5.3095847195280115, 5.103033470944812, 4.840071689298677, 4.751374120790808, 4.536893414406198, 4.310992383211982, 4.250979205734548, 4.301441275636028, 4.1680966531082335, 3.9590258135974037, 3.9455056030135873, 3.7491642052055645, 3.510322121908266, 3.2276086626660043, 2.945347009355061, 2.548579390116332, 2.056044403945783, 1.5432232504866672, 0.9096645491272394, 0.9849588299070307, 0.25672347494183795, 0.5143044466165542, -0.9816036923973955, -0.6294505558895855, 0.9641506572488822, 1.0527087130950967, -1.3667866258796386, -2.240528452820606, -2.39892650458725, -0.3758373374374229, 0.7453778767530735, 1.2459986941851386, -1.1368312251897423, -0.9518920569971255, -1.4295369997384628, 0.18467436334899215, -0.9953780852875286, 0.9421313914703677, 0.8463434574569615, -0.6744496459461794, -0.9071900307814301, -0.9038040755841621, -0.6990508411711562, 2.916550488260306e-2, 0.10133953088687775, 0.17995261765820697, -0.5470925533439115, -0.1205085137953264, 1.2330773746291501, -2.4275412531128215, 1.6327753814407853, 0.7179421349864468, 0.880621911450246, -1.7091373510800516, -0.21939786222190005, -0.4770608343840931, 1.4804137478229793, 1.227816349526654, 0.781659515686009, -1.4004524461217602, -0.6660019292414083, -0.5124001776047439, 0.17606428084756853, 0.5386301538393221, -0.2248434069217962, -1.4893029914102325, -0.6658070912101611, -2.069066097855263, -0.21797727965143418, 0.7089594491601751, 0.9277522697369405, 0.6306619693228106, -0.800154932921421, -1.4149834197333517, -1.426729988605099, -1.7827490065206446e-2, 0.5563283246299235, 1.1598420706806636, 7.405843994532836e-2, -4.731648305737699e-2, -1.8460251535526908, 0.14509954090075913, 0.3326016944090478, 1.2106362812505238, 0.3590023216256157, 0.8446903080212792, -2.038248804907509, 0.5746474168732988, 0.5121446544375482, 0.7083152093010382, 0.40343602208581353, -7.777099485922757e-2, 1.3752652034061794, -0.5627079516779239, 0.45435561915945455, -4.174249528222333e-2, -0.2771888311374797, 0.40186462729780853, -0.28799643133645025, 0.8219130615991955, -0.21705823774843683, 1.0321563487847714, 0.8557816765934887, 1.0609377018304598, -0.23020075842185828, -1.0811132599681674, -1.0407070295287377, 0.40155589222933347, 0.7293642751862689, 1.6263071616388343, -0.5824665063231657, -0.35771686674544806, -0.9540360871662364, 0.768472875360752, -0.3603547459825398, 0.45307061304669577, 0.32486512038610293, -0.33507686482935406, -0.34410197469118076, -1.29596697293652, -0.40771564355041773, 0.29440432934030236, 0.9147913796943327, -2.7338575065906184e-2, 0.9038621653339292, -0.6820631681653501, -0.34424373913751355, 0.18945505551072347, 0.8104631566936845, 0.9602108021189351, 0.4855123320856484, 0.11175233658652373, 1.048620722165846, -0.3303261228056734, 1.0114246505697306, 0.7431104161686749, 0.81806842386734, 0.6572581628567264, -0.6296240908788696, -1.262631726870679, 0.5748376684863495, 0.40913821260171557, 0.5467302593891074, -0.18909283673370092, -0.6970257654428522, -2.0823429334988974, 1.2855926993714406, 5.630015985647558e-2, 1.1078173303070695, -0.2404983028758748, -6.984019390289307e-2, -2.9740262335946673e-2, -1.4928734858083321, -1.214691285110425, 0.8144305592334332, 1.1379329780208747, -0.49075016327464016, 1.6054873758916228, -0.16476349232913165, -0.13468231268008174, -7.678854282094628e-2, 1.0745985595691097)
