seed <- 315
log.wt <- -13.953881507384931
penalty <- 2.8115950178536287e-8
intervals.send <- c()
intervals.recv <- c(56, 112, 225, 450, 900, 1800, 3600, 7200, 14400, 28800, 57600, 115200, 230400, 460800, 921600, 1843200, 3686400, 7372800, 14745600, 29491200, 58982400)
dev.null <- 358759.0022669336
df.null <- 35567
dev.resid <- 226090.1798291841
df.resid <- 35402
df <- 165
coefs <- c(6.589018649527115, 5.816722445768317, 5.633980779093754, 5.19415311646522, 5.1219722815597475, 4.878891573406036, 4.733834727002301, 4.655436914788936, 4.379179766954861, 4.284838170723074, 4.279053148352241, 4.210430988802398, 4.013576032615417, 3.991751069075998, 3.773943383500263, 3.54164215435556, 3.219569017781011, 2.959847778142982, 2.490639112553946, 2.089159754720175, 1.609102021239742, 0.8699680293926094, 1.0331554698139391, 0.3125532774092052, 3.5182358910861154e-2, -0.992400627661037, -0.11020358243017418, 0.7300622884313868, 1.0796174534599137, -1.3885629000816078, -2.447707920061401, -1.5374149342804144, -0.5738436682826583, 0.7033677489020881, 1.357917840895555, -1.4080364606726687, -0.34061760351085985, -1.1200323049580765, 2.8654096980567676e-2, -0.8727525771270889, 0.9332085018854798, 1.169609996240637, -0.568858209704193, -1.9021651873787828, -0.7563453171954765, -0.5565039092650254, -1.0320681205722544, 0.3885708033741669, 0.438625973670756, -0.8410059906550948, 3.9796332404154575e-2, 0.7344388697653115, -2.7255020284043683, 1.6474888553421119, 0.9267881422264709, 1.0898637519763101, -1.9017818540431064, -3.152305893953646e-2, -0.2997225987579852, 1.371330910560451, 0.7475396292124186, 0.8065269155592031, -2.1882227704459463, -0.14746886132236386, -0.9352681542249993, -0.4002951921394161, 0.6344015245713014, -0.6360668235510162, -1.0133957269954814, -0.6848008851289228, -2.228430655786801, -0.23567622024881205, 0.5299688417647457, 0.8988323792408057, 0.7182226823897149, -0.9369411713683563, -1.1733058624126012, -1.1051835534492198, 9.930984561705342e-3, 0.7038936315763774, 1.1100848131563632, 1.439979497271916e-2, 0.22979476398982843, -1.412855550507153, -9.93166908338854e-2, 0.3050703898922067, 1.2496463027202191, 0.3979885517994567, 0.914323030721866, -1.9201676109591856, 0.2851849023098983, 0.8196107544781859, 0.7992565535598845, 0.3073833183687376, 0.11592014831248877, 1.2586848560830566, 0.3849601209895361, 0.2531409889749485, -5.9637028092063366e-2, 6.287028664874716e-2, 0.520961295452742, -6.524565561715469e-2, 0.7198918412344314, 8.10986412916801e-2, 0.41166293620970695, 0.8038578146553463, 1.0607160221841587, -0.6829071536352901, -0.5770067792596617, -0.6777841180947191, 0.4877482094014157, 0.44182931168983625, 1.571029523497862, -0.6571048030495279, -0.22760208039011526, -1.4923315535503803, 0.7618325368986525, -0.20707947061250445, 0.5098486640312282, 0.6180580818524105, -0.7332517760864748, -0.4430504851143087, -1.2257693588728915, -0.4834664733032635, 0.309216458636254, 0.7945961058439329, -3.997426214379061e-2, 0.8223157008563937, -0.6081434657885105, -0.4308215244367707, 0.2725660574776607, 0.9234431257110219, 0.8539647406175475, 0.6059149523884442, 1.666832376903157e-2, 1.0764684848220487, -0.4075663250994767, 1.0301289886462266, 0.785886586342065, 1.0308771862469774, 0.757527041750142, -0.6340181458174367, -0.9441032038974807, 0.563045943377904, 0.23623788572943621, 0.5057445987574397, -0.18690997597884307, -0.5663384401939422, -1.6264778968109215, 1.2627180867344057, 6.535543091101266e-2, 1.204540160363082, -0.13273753780747413, -0.1542297120912865, -7.559438769028184e-2, -1.696211613304295, -1.4762867012044305, 0.6990433016701942, 1.2300067681547777, -0.43669026984178755, 1.5397640032984223, -0.3679823175111963, -0.1432969398574032, -0.18422132802852564, 1.1458836885378543)
