seed <- 555
log.wt <- -14.57062512386032
penalty <- 2.8115950178536287e-8
intervals.send <- c()
intervals.recv <- c(56, 112, 225, 450, 900, 1800, 3600, 7200, 14400, 28800, 57600, 115200, 230400, 460800, 921600, 1843200, 3686400, 7372800, 14745600, 29491200, 58982400)
dev.null <- 358759.0022669336
df.null <- 35567
dev.resid <- 225681.9009080565
df.resid <- 35402
df <- 165
coefs <- c(6.631715371784565, 5.661007743826427, 5.827980927541588, 5.333515792297307, 5.019412721886374, 4.814227129366064, 4.802172523257176, 4.654412302694945, 4.281998787005948, 4.301383981403022, 4.3846070040432465, 4.142984895781095, 4.029791820070699, 3.9899718421432286, 3.7686702670785364, 3.533430348030433, 3.240621761717412, 2.9397231252942224, 2.5233171858472145, 2.1183847039188666, 1.6143445809656722, 0.8822240823363678, 0.931151071066533, 0.556247573828352, -0.3254173095037956, -1.6397468688833559, -0.19103356517442235, 0.9407119208461643, 1.0718833159878625, -1.329518224065138, -2.532356035850742, -1.2686879936546052, -0.34051636363025534, 0.7801486256876919, 1.1289056317324335, -1.3830513927263135, -0.8335778641560107, -1.2508464602702103, -0.13067951822458812, -0.8234009760929555, 0.9213992444006281, 0.7215402628015188, -0.9721729085688905, -1.9964915792522386, -0.8792561089452918, -0.7534611933973953, -0.3473550179737543, -2.219575462990942e-2, 0.472094511629409, -0.640191289463758, 0.33120018896122805, 0.7957017639173887, -2.7994616057033666, 1.7301761347629523, 0.8881544511446403, 0.8254868704465422, -2.0852327215964257, -7.062937208230737e-2, -0.5452445440115702, 1.418388264790128, 1.1303672164682126, 0.7590057013436377, -1.334688504488981, -0.69901594922152, -0.772846038670564, -2.0989992250388705e-2, 0.4743372123757745, -0.7600635425060933, -1.197357426048881, -0.5213534541506462, -1.6692464135947025, -0.33461640966483297, 0.44548223358343453, 1.0126562107932755, 0.5015497202468872, -0.9258324859815659, -1.097988323736742, -1.3716541772684152, 0.12810343451368955, 0.6131402989405954, 1.1956388915233513, -7.180527242718802e-2, 0.10555214340617325, -1.833003280651415, -0.4836802428380185, 0.6249846929001643, 1.1199348821313853, 0.2992216099748922, 0.9239292160651853, -2.4305329573512005, 0.4339221623147783, 0.8389735875005055, 0.8235944125722915, 0.45521062633087456, 0.18627147915486586, 1.4238526057021483, 0.8278845711439607, 0.3889634054719403, -7.759753577897321e-2, -0.1685028377432815, 0.5236633136469963, 0.14030185731600797, 1.0978905997416022, 9.414939585829722e-3, 0.5125111473377811, 0.8604294593937901, 1.0753018641642216, -0.5832937394978768, -0.4301789885122856, -0.8190479303325119, 0.30818137191114986, 0.6344563384783277, 1.5626925790349528, -0.44172223879026923, -0.2298695147720608, -1.0379453018348175, 0.8759161265513266, -0.34522379850296553, 0.3699259075765314, 0.7005271895763324, -0.8087169311417448, -0.3662589185211114, -1.3544826535034902, -0.4063183308622639, 0.223070434923505, 0.8277078875258898, -1.922622615716453e-2, 0.8680826614541934, -0.9497901336769654, -0.5360026331417334, 0.21881040702848104, 1.0849846822611888, 0.949052915098718, 0.4475373620050099, -4.3585118832533506e-2, 1.1036759977457664, -0.35161911357617004, 1.0793089820762298, 0.6778533463040907, 0.9330611043840802, 0.8126477230743794, -0.622310035943084, -1.2423932436473777, 0.6140759047289991, 0.2054027068981985, 0.5046892873308959, -0.21213963342486905, -0.3929332169203758, -1.6668854489717364, 1.4018465646621938, 0.16283727946298954, 1.15001854434309, -8.077151899225313e-2, -5.722703410340731e-2, -0.2116792849018009, -1.6419156437168094, -1.1487128186701003, 0.9782548076259592, 1.0833403661771854, -0.3577638341405746, 1.4621624265993456, -0.3064640994195183, -0.10947380050874338, -0.1749895894071392, 1.3126159718308879)
