seed <- 352
log.wt <- 0.0
penalty <- 2.8115950178536287e-8
intervals.send <- c()
intervals.recv <- c(56, 112, 225, 450, 900, 1800, 3600, 7200, 14400, 28800, 57600, 115200, 230400, 460800, 921600, 1843200, 3686400, 7372800, 14745600, 29491200, 58982400)
dev.null <- 358759.0022669336
df.null <- 35567
dev.resid <- 225254.98934299115
df.resid <- 35402
df <- 165
coefs <- c(6.505521723264545, 5.93096552032094, 5.628787685734682, 5.328574461370333, 5.241530888938101, 4.874055520334054, 4.765923262475092, 4.655483591662547, 4.421711723497103, 4.242884523054848, 4.294417803799305, 4.157134073936429, 3.989172084046015, 3.96819968191718, 3.796617630810389, 3.55913586399292, 3.27590228402494, 2.962898401438928, 2.4830977452114533, 2.0483406114599507, 1.5894890358160136, 0.8958209792781087, 0.9383875052754338, 0.4312254300406041, -0.21947565499673144, -0.6108521002388617, -0.3530329294968359, 0.8483608075961224, 1.0087955166394402, -1.1444625727878464, -2.9547061968104, -1.701933971672529, -0.3196142012512571, 0.7971360527303933, 1.2050513286136966, -1.3908620180977842, -1.0604973195837255, -1.5210678348860767, -0.20317837284351134, -0.8372338255347936, 0.8520112309435823, 0.6362329546591304, -0.7989343994936936, -2.132702598765263, -1.226592908655329, -0.7550541004132564, -0.7700446951463126, 0.3757081222927741, 0.4420114789292696, -1.5436833766000555, 0.2939013696922419, 0.8987982785717655, -1.9393243286870387, 1.7434491901588802, 0.8316736809222866, 1.08874281287664, -2.3243659152931087, -5.921940578961428e-2, 3.0106253902708154e-2, 1.4404622244273877, 1.3938739385213845, 1.0587244028836464, -1.6381309324136564, -0.9196557292848699, -0.46915469981375424, -0.10635549824714774, 0.685774200136833, -0.43977763708574164, -0.9519977337967322, -0.5628625587578906, -2.296463254079734, -0.4182728832603284, 0.5710569087431314, 1.1420063195994388, 0.6269858409905907, -0.8049740496054615, -1.6720787768032357, -1.3049451098299218, 6.183164994332574e-2, 0.6948987513852564, 1.2223533850517505, 9.939337369539737e-2, 0.3357000073153631, -1.8456643381604982, -0.11483445785441222, 0.5143272742647389, 1.1746108617060393, 0.538485140590368, 0.906829619766451, -1.7886047802884868, 0.486092433587019, 0.6714739247310368, 0.8911382582912056, 0.2266728844611274, 3.6490141669485804e-2, 1.2673095444947082, -0.11626772462754284, 0.448124656830077, 9.78322862752695e-2, -3.0165615346559004e-2, 0.4922681840980959, -0.24179302636723726, 0.8476905218685438, 0.20300913311490246, 0.7595494120677578, 0.8191179154646056, 0.9874083521178995, -0.47284942850296374, -0.24363325650405138, -1.4749615953097053, 0.440495005530249, 0.6276416978263846, 1.5507492478069729, -0.4456571921732391, -0.13396047006455572, -1.3000887468966353, 0.822753627298438, -0.34067612880479997, 0.5271972425078322, 0.43744309753096344, -0.8242913131695094, -0.2770553883028183, -1.1100940545044227, -0.46010977957839677, 0.30884990672539486, 0.7967471201301809, 1.1829156878656344e-2, 0.8403686765631376, -0.5484865111651247, -0.5538877287480727, 0.1330829869544728, 0.912796053676491, 0.7978360377558472, 0.6531190478612688, -0.20781979648105373, 1.0660700025269358, -0.502222629306285, 0.9592076879378638, 0.784442141438665, 0.9102454915654047, 0.7782920291388488, -0.5253427129299324, -1.0700487803792518, 0.720293091648027, 0.2573454577696394, 0.6884267065481068, -0.28306857030574556, -0.5366026023714822, -2.0558105276605816, 1.2347820286407016, 0.27038022664163935, 1.2140464570022638, -0.3225016102843089, -4.109857018621647e-2, -5.6867088751558235e-2, -1.4575888960893675, -0.8831240949832916, 0.9228918873501973, 1.161499291850736, -0.39061432539001856, 1.5190872562908637, -0.3386008018328873, -9.211294504840907e-2, -4.8282292818436615e-2, 1.2194721685977172)
