seed <- 1058
log.wt <- -14.91069984857149
penalty <- 2.8115950178536287e-8
intervals.send <- c()
intervals.recv <- c(56, 112, 225, 450, 900, 1800, 3600, 7200, 14400, 28800, 57600, 115200, 230400, 460800, 921600, 1843200, 3686400, 7372800, 14745600, 29491200, 58982400)
dev.null <- 358759.0022669336
df.null <- 35567
dev.resid <- 225632.0765798751
df.resid <- 35402
df <- 165
coefs <- c(6.459737034724548, 5.988080397818491, 5.803284335033804, 5.456198716137358, 5.132621334697644, 4.961283578202751, 4.850877075661639, 4.572952668546785, 4.396542533621096, 4.254205937186588, 4.4103495732365126, 4.172088649728501, 4.043752948669823, 3.970130719723507, 3.7342098567889694, 3.510057915233263, 3.2631217570804534, 2.953814473306179, 2.4944992112052624, 2.0516133794348983, 1.5737388801299235, 0.892996308615804, 1.022140808392825, 0.1992622298918591, 0.47056358312135993, -1.376549007742476, -0.24294632596424268, 0.9733622343250165, 0.9929145735378802, -1.0995500368376856, -2.0910557311064806, -2.777124604507109, -0.37549958667013267, 0.7302688935609629, 1.3165117087626708, -1.1776658505725714, -0.7316736577707603, -0.25890446816521007, -3.386405177846686e-2, -1.0531529525092729, 0.8121247641499205, 0.8477143197160116, -0.6336686953530951, -2.1427343492586783, -0.7879882084628113, -0.7413577790424795, -0.6927445625442671, 0.23325908144602828, 0.5174873886271035, -0.5612573590124592, -0.33153829283278075, 0.7489980784757911, -1.9886017005493746, 1.6938636832224683, 0.6958609920906366, 1.1444697991671051, -1.9423811629085297, 5.222443483901048e-2, -0.5622437054327986, 1.2979186081147887, 0.8764010726374324, 0.6604900949671729, -1.4653314580067995, -0.5318111182549538, -0.671681620417924, 0.2017944387779332, 0.5929989975365815, -0.34227792751115993, -1.4712546310781958, -0.7195278095218203, -1.763626224438206, -0.24923392428669067, 0.7977711656323898, 0.9811306657882417, 0.6819992434863467, -0.8010602721738016, -1.3731919739885534, -0.7563172465671745, 3.9261842807191666e-2, 0.748662272350554, 1.2024135571947396, 9.948975665677647e-2, 0.2766787477055887, -1.914377494797277, -1.1389349907579087, 0.2413677465194333, 1.1698968746857041, 0.39846321178083605, 0.8555747119615611, -2.2958213864113897, 0.48272427255469863, 0.7894290148645474, 0.7420433215565534, 0.3330768182426525, -0.16689954956109554, 1.3439061026479586, -0.5916735082228035, -8.152318564087692e-2, 0.12410461107526674, 0.16065189204136715, 0.3121871477975286, -0.6406822608464473, 0.6132211092427083, 0.5076489071958175, 0.8225600564857803, 0.8486310396583523, 1.0848010270817638, 0.33884763358797326, -1.819231193117927e-2, -0.8228742171603222, 0.28792714258608737, 0.5702035743713026, 1.5350571937959308, -0.611939991418276, -0.23110594602396534, -1.3526947568532937, 0.7259230349434334, -0.2310652969844979, 0.38572144300287187, 0.799362424507909, -0.24255919170069934, -0.4656119634897438, -1.2260570539242894, -0.5634944102743565, 0.30125710332088906, 0.8934260341713448, -6.2710182169934e-2, 1.0049171067393827, -0.5813327015240287, -0.4451067563300007, 0.28072375708255404, 0.9596205005299039, 0.9027340419860344, 0.41332382198389916, 0.11093711986030229, 1.1213188623318475, -0.4343923878768811, 1.0597929873501089, 0.6861307999517814, 0.9873949601894042, 0.7272572717071815, -0.7222173814960735, -1.114527626606078, 0.38874120669243667, 0.5640470064039579, 0.5099209402957348, -0.18869679760368802, -0.5322701926985189, -1.8487046450229319, 1.2684973157632442, 8.683727492028266e-2, 1.2921782493659455, -0.26635181895265475, -9.741222819861264e-2, -6.653582344577795e-2, -2.219640517762329, -1.4059705980249362, 0.7604869316566407, 1.113568988416522, -0.4912089074152771, 1.5074568332918492, -0.5607778569203633, -0.17849473445048383, 0.14013132825724317, 1.204610867708571)
