seed <- 120
log.wt <- -14.666178785728297
penalty <- 2.8115950178536287e-8
intervals.send <- c()
intervals.recv <- c(56, 112, 225, 450, 900, 1800, 3600, 7200, 14400, 28800, 57600, 115200, 230400, 460800, 921600, 1843200, 3686400, 7372800, 14745600, 29491200, 58982400)
dev.null <- 358759.0022669336
df.null <- 35567
dev.resid <- 226723.91429368517
df.resid <- 35402
df <- 165
coefs <- c(6.382449733631296, 5.7193094008409116, 5.727628438648494, 5.324274418554439, 5.088035645595193, 4.913581253918517, 4.777638417936673, 4.673653191692233, 4.341210963223259, 4.221491844264422, 4.2559949177588035, 4.130337434596879, 3.9797825982134625, 3.922882406861812, 3.7417235833632208, 3.5334015849052305, 3.248802563286174, 2.9440199927542565, 2.4626944086136984, 1.9891043225862182, 1.7173102928359663, 0.905023577437164, 1.0417137607235885, 0.5187802111258207, 0.9405591833929569, -0.9379823261548264, -0.31981011711145163, 0.9977968183768465, 1.0633109706863588, -1.1540931974750612, -2.275497339483946, -2.0325833962824493, -8.953875184267628e-2, 0.7528594933004987, 1.3117881006399958, -0.8483794882300639, -0.28339158170281903, -0.5790113908270295, -0.18004540833573016, -4.105928522095777e-2, 0.9591253467354447, 1.0365948424051192, -0.897501805503128, -1.7369754524725973, -0.8996103025125701, -0.7661469228695587, -0.6559706221844601, 0.3814337048071666, 0.5149592100046021, -0.7196749111626312, 0.18981606333231257, 0.8644466255074401, -2.404719670333208, 1.6617307507261412, 0.8436132249236616, 1.0278228011297994, -2.0555601841157074, -0.1406009663630723, -0.6188811642122181, 1.1082723288014855, 1.1205279233601086, 0.616009223838791, -1.5546331205561943, -0.2062949448832001, -0.5488648561228419, 0.15972641271503035, 0.5047213991346037, -0.6458905148180227, -1.4205120731102578, -0.5174488258332346, -1.8395419670473236, -0.3745637603292383, 0.6073948924090729, 0.9071771654681174, 0.6681895028947497, -1.182278203688492, -1.515154199700878, -1.4937800656482403, 9.507043809902684e-2, 0.48854231817812455, 1.1785273940621033, 6.0200298108095546e-2, 0.2098834890391353, -1.7994156954139242, -0.8562133873352301, 0.4716597545451868, 1.2162180630458517, 0.5349175154336051, 0.9547997301396995, -2.00713550422858, 0.4124701398439788, 0.7923541228989741, 0.7655401342853243, 0.3330881364230465, -0.17526472248321634, 1.3296301697369302, -0.30275866104232185, 0.18621306209409913, -0.30588360404333576, -0.6280245972397664, 0.43169975800733607, -0.7335464268868876, 0.7455802702422941, -1.5590795782633943e-2, 0.606084811747744, 0.8573159300128314, 1.1448345510731641, -0.5011327449885341, -0.6281078752552138, -0.9929628403195312, 0.458872635603893, 0.6017245563804359, 1.6100608629849218, -0.46978186346562156, -0.2794541773683217, -0.7016370478056254, 0.7464784374484493, -0.3545499010422959, 0.38334899541941936, 0.4616148514986019, -0.6450233812776718, -0.6854583236152131, -1.1015447518460273, -1.0935328878851505, 0.34249672616383775, 0.9018332093094376, 7.275630535515455e-2, 0.8654095212302505, -0.6800867872815275, -0.41363527646205484, 0.31098576698242725, 0.8506984700342398, 0.9505016785034833, 0.43799173358589766, -4.4207243306722994e-2, 1.003203040990795, -0.2998257214760539, 1.09197103617596, 0.7559072458176431, 0.9061498927481906, 0.7903922915933499, -0.6321729002997432, -1.1290198631180448, 0.5294342294896156, 0.33764416641045386, 0.4797508136603964, -0.202816867058148, -0.5520505773786778, -2.1918564891982686, 1.2777274796507274, 0.14526617593414645, 1.1509018676288, -0.11782158670070121, -8.393264241166755e-2, 1.6123675167546224e-2, -1.6563722765321252, -1.7560921674674275, 0.8162880388867464, 1.1758448473807634, -0.29884806039287676, 1.5989275421137736, -0.27124667327812735, -0.12293187699505234, -9.850331665274338e-2, 1.1761066164264717)
