seed <- 141
log.wt <- -14.497267488222727
penalty <- 2.8115950178536287e-8
intervals.send <- c()
intervals.recv <- c(56, 112, 225, 450, 900, 1800, 3600, 7200, 14400, 28800, 57600, 115200, 230400, 460800, 921600, 1843200, 3686400, 7372800, 14745600, 29491200, 58982400)
dev.null <- 358759.0022669336
df.null <- 35567
dev.resid <- 225542.99196352778
df.resid <- 35402
df <- 165
coefs <- c(6.775625920836146, 5.6892269816867636, 5.774487513959813, 5.442341256748448, 5.07460501380726, 4.8126594507479314, 4.801717959700799, 4.614306528025096, 4.331646659043627, 4.289670609756863, 4.242875684621124, 4.193650572911832, 3.9839136702470395, 3.9706956095509898, 3.723408051769426, 3.53649813231869, 3.254983632485743, 2.923508138164674, 2.517969298522365, 2.037100134680625, 1.4588713191061813, 0.9183574429353687, 1.0614525897182459, 0.6410399805596706, 0.29115734843023, -1.1179531054424554, -0.2067087502742222, 0.9412614742526891, 1.1267170340856398, -1.476219333786154, -2.459206217034581, -2.136640162209064, -0.3776870159151662, 0.7936593764249413, 1.2943937463120168, -0.4083818982322071, -0.40157022454616137, -0.5382118248323922, 8.005946782516943e-2, -1.0067847784368977, 0.9716382617999029, 0.8634342845341892, -0.7993916268940424, -2.0834574444267857, -0.9729539500104382, -0.7064165576874862, -0.40632542756682866, -0.22938599384475636, 0.29444965704402193, -1.0145138107463032, -0.48946118442675496, 0.7642731405847393, -2.877314268013658, 1.7057594139869285, 0.768578397353498, 0.9001935115550144, -1.6273870242488848, -0.14912912114539065, -0.6476653876615337, 1.1898184680727915, 0.6888862233069285, 0.7935843402093545, -1.4670561034095566, -0.6794512105644411, -0.5690917928167616, 0.28502111489105686, 0.6164686870786699, -0.3487999607507633, -1.9307497095949064, -0.5108517633730622, -2.2065997924351173, -0.16167330587359816, 0.6288995865213286, 0.9111009547497032, 0.5964637702918941, -0.71869774668045, -1.5308913841963487, -1.059278504809679, -2.7615681664281803e-2, 0.7738109963594627, 1.2655737088579242, 4.1082113589135015e-2, 0.3170348364350203, -1.6264874139702865, 0.11644329332512281, 0.38545170084428204, 1.1484250571077113, 0.28102989688456614, 0.9537797443966434, -2.626562056813476, 0.46055096152141956, 0.6724955418118209, 0.9287670546535503, 0.4182677916446625, 0.2535301658522928, 1.2244072857762567, -0.1620079584744816, 0.11697528968134205, 0.14084917413976822, 0.11143528849064473, 0.44243971016082734, -0.2620054720665786, 0.8390748766930349, -0.17584813854105763, 0.4273396246312694, 0.835403607166206, 1.123385160427667, -0.8630200546815988, -0.8283863567682874, -1.1727190773776404, 0.3435229371421852, 0.6602413295565576, 1.6731934670956443, -0.42142666692920366, -0.11072236563072996, -0.8696141337089529, 0.7720763147191425, -0.4799437472225157, 0.2841937056365101, 0.5438299703746212, -0.4974961537821579, -0.22266297857701542, -0.9402176305873995, -0.4601122433246632, 0.28207610342996714, 0.9167279556547034, 7.938588157519177e-2, 0.9141333392317164, -0.44047174224896807, -0.39203323168123516, 0.2977764305206426, 0.8507792540927287, 0.5732996908053954, 0.5761272135299078, -0.10348812798873101, 1.1701396563604338, -0.40267747636587636, 1.07500659164591, 0.7130648520133818, 1.0372645668043323, 0.8333537964191806, -0.6101779435882323, -1.2366949367470146, 0.521832222556355, 0.16559716507105263, 0.4273876258762395, -0.22082184254468037, -0.7683533573464844, -1.6826774649493943, 1.2879723947819057, 9.053475539589562e-2, 1.2704094285022813, -0.11148003529963872, -0.15821796706229505, -0.13448109049194004, -1.6827585148300235, -0.8692722709330029, 0.8554336720849924, 1.1184332327245403, -0.2949814497766783, 1.612808065373248, -0.2884297210896387, -0.17072252040738875, 4.6052455372000874e-2, 1.2336189780369464)
