seed <- 165
log.wt <- -12.804772571901996
penalty <- 2.8115950178536287e-8
intervals.send <- c()
intervals.recv <- c(56, 112, 225, 450, 900, 1800, 3600, 7200, 14400, 28800, 57600, 115200, 230400, 460800, 921600, 1843200, 3686400, 7372800, 14745600, 29491200, 58982400)
dev.null <- 358759.0022669336
df.null <- 35567
dev.resid <- 226548.22482086992
df.resid <- 35402
df <- 165
coefs <- c(6.734479572538411, 5.779603698247914, 5.8452902848307655, 5.264249352565589, 4.992165570710951, 4.84509441913209, 4.740900913842175, 4.582229647401941, 4.356308005555689, 4.238932750098586, 4.324456163461946, 4.137487926138414, 4.00201504102749, 3.9652258381109466, 3.7133865693457615, 3.51669053861442, 3.2400535333228793, 2.927807527366207, 2.4612763216883686, 2.0366468893089484, 1.5792506508176871, 0.9194109564671219, 1.0151636640745056, 0.2246968912535983, -0.2127929979686292, -0.9410859871827997, -0.339174157388981, 1.15699005446785, 1.080959821889901, -0.9197662671549797, -1.9915349074448452, -2.3993279458173378, -0.47738615398590717, 0.7998784591305476, 1.2645191651301326, -0.897553954120858, 4.947499612000869e-2, -1.0419169137063626, -0.10524426824986903, -0.3507022572711617, 0.9032619381306354, 0.7802835596810348, -0.8335897908188143, -1.5867009924713582, -0.7655457300036901, -0.8492267513462011, -0.8812830949340091, 0.12339493244572539, 0.5085401407071554, -0.5754731749220496, -7.876655068216966e-2, 1.0429414999440076, -2.4587445115080184, 1.6470841975973867, 0.7436256376854613, 0.9931216848412574, -2.2813118268594526, -9.733022449285116e-2, -0.4472120533848568, 1.6402283378843483, 0.6243000844359385, 0.752034183330825, -1.5579219712997954, -1.2405048254473454, -0.8236200192972867, 0.17347773345437034, 0.676243827465522, -0.38874709033746063, -1.5533155276425785, -0.577517658558394, -1.7814929639205441, -6.423519713900169e-2, 0.45312039176894214, 0.9075142444837095, 0.6682963703834767, -1.3760979295588507, -1.1383598266428065, -1.2296549207570544, -3.7923139543827165e-2, 0.6056788173043604, 1.3018151478781255, 7.573575935911711e-2, 0.12494848733618116, -2.0470955116896774, -0.30352664286994796, 0.20897932502049102, 1.23194204727139, 0.3340009986740508, 0.9100650935958776, -1.9883907032798949, 0.3923488144494884, 0.7718224553122288, 0.8319993506735404, 0.41392794357623575, 0.19417322538217385, 1.1530265496555057, -0.349741616893522, 0.4322096012429025, -0.18773223425713087, -0.30708812921869966, 0.5326991421251545, -0.38520136021540047, 0.8547449762959689, 0.2105303226222117, 0.6137898721258684, 0.8388869641246821, 1.0617653531344733, -0.9003572111539841, -0.5881329508524363, -0.8432424844689764, 0.3898261994342739, 0.5621295264237083, 1.6347383577722312, -0.5277266624561076, -0.12157147396410282, -0.9668381618487891, 0.8676613484057407, -0.29269530756955503, 0.3905575182434123, 0.7171658926862586, -0.477741739584822, -0.311494679294885, -1.1889426575016795, -0.23081959294038976, 0.40714282097464055, 0.754904905682934, -0.10877311724136912, 0.9026257956483218, -0.4334777423122516, -0.4353064871120802, 0.35749415241628907, 0.8320986144057205, 0.7425617648250454, 0.36890629841797046, 7.997078659871382e-2, 1.10736623423596, -0.37423505268394613, 0.99551884214459, 0.6226338776551312, 0.8907822006536092, 0.8392753718434623, -0.6250715417403111, -1.237415750893856, 0.6950488167222407, 0.44687373965855715, 0.38842695989305054, -0.13768847765615475, -0.2623589326866456, -2.2321770169009683, 1.1389361728778646, 9.215757968213262e-2, 1.156380655763333, -0.21665015169552784, -0.1706921118383711, -6.121770258393524e-2, -1.4764181609499019, -0.892935169346295, 0.6551426271861485, 1.2254349133478588, -0.4358566466224867, 1.5582692525443416, -0.439465497574854, -0.2883622842207372, -0.18932774167038127, 1.2731460415725855)
