seed <- 947
log.wt <- 0.0
penalty <- 2.8115950178536287e-8
intervals.send <- c()
intervals.recv <- c(56, 112, 225, 450, 900, 1800, 3600, 7200, 14400, 28800, 57600, 115200, 230400, 460800, 921600, 1843200, 3686400, 7372800, 14745600, 29491200, 58982400)
dev.null <- 358759.0022669336
df.null <- 35567
dev.resid <- 226185.1875182003
df.resid <- 35402
df <- 165
coefs <- c(6.606274008056975, 5.718785731165421, 5.7439524526243915, 5.325909409094781, 5.007145539155008, 4.9526362860673485, 4.720962865567933, 4.655194028156809, 4.384857216275385, 4.251262251631094, 4.3346367283319065, 4.146896445042858, 3.9982937346084437, 3.966568351347742, 3.780038163291675, 3.5409928204987438, 3.2529783990359507, 2.962346170169256, 2.535735733050343, 2.084697773529408, 1.5699308344529932, 0.8772740183321834, 1.200883458296145, 0.34643999650919394, 0.6681523883551833, -1.0548721029396206, -7.276318222074957e-2, 0.8594888412601503, 0.9955792529108208, -0.9264892837112867, -1.8687659261368639, -1.2404729589381407, -0.5566438551047019, 0.7248823927129416, 1.556183957122093, -1.4568349264877134, -0.660400163820273, -0.7660636927922768, 0.18599809540248746, -0.4063929600873983, 1.0130198204803424, 0.8876571115850076, -0.8507472331577384, -2.2669199855402122, -0.8199046215786968, -0.5957424834324977, -1.2690768564728174, 0.21727892452729572, 0.20948789869960024, -0.5832511890231703, -0.19576059449979127, 0.8895223459528719, -2.510348455953293, 1.6125575713060636, 0.7958277127435218, 0.8584382874594765, -1.76387633199694, -0.1763081653113545, -0.34940046329622765, 1.57033699350444, 1.2140838292313065, 0.720520982820322, -1.4265698149742045, -0.7147859370153489, -0.6116121994715707, 0.34118070879299, 0.5190602891839337, -0.3495444799140026, -0.646792454028175, -0.712514188470953, -2.878733526039236, 9.218613218108292e-2, 0.3387845959505343, 0.8431098961902752, 0.60330859516512, -1.7789039747284672, -1.5029407387973623, -1.5632980732494917, -8.087633762473495e-2, 0.6012995661539472, 1.0594884087349625, 9.198840825296734e-3, 0.14146023560895504, -1.916949680399652, -0.5472638899903965, 0.3845927535605432, 1.1092114788038363, 0.7850456363860854, 0.9154296609033372, -2.3295562558822307, 0.4895586925891797, 0.619987604203154, 0.6500063122319678, 0.39614202808090576, -6.332129909588494e-2, 1.4373522654048898, -0.13739306425399245, 0.5600366714286709, -0.4670605501409762, -0.20903144409118135, 0.40332957432707567, -0.33625187298257764, 0.77916121410159, -5.105011567729861e-2, 0.5638035035287734, 0.8570814085790408, 1.3434912666217877, -0.7122967785840563, -0.415763533599166, -1.1873528991805766, 0.46402551187876073, 0.6215285339303677, 1.6066886278945078, -0.4527082609535295, -0.15690111824567973, -0.8669343988749892, 0.7171725533447715, -0.25273041971161025, 0.7456007131459333, 0.7194320118032786, -0.7739119000422411, -0.34596299213796755, -1.1416528557452739, -0.6156773816677363, 0.3081450455957118, 0.8461268641457182, -0.10699970220810583, 0.8013814034264118, -0.6988791336198544, -0.41251599703687175, 0.5468535290734108, 0.7841355597411446, 0.756583260153361, 0.26816714850855544, 4.6461934254066126e-2, 1.0361511035939015, -0.38335968244226104, 0.9564005725140168, 0.7124976804420925, 0.7921189826797476, 0.6488947508906512, -0.656233037466848, -1.2285203032369458, 0.6527521916313112, 0.18625927971706105, 0.4151413176578745, -0.2843135926799409, -0.39813476901349487, -1.8409155062471279, 1.2412212185549207, 6.10876425874775e-2, 1.0893771610682195, -0.2510908907549487, -5.8534397100306154e-2, 0.2545792882728024, -1.733832689831238, -0.8386187004009824, 0.7459341059073492, 1.1791149747565288, -6.880999451972915e-2, 1.6069846007999948, -0.2768403001196365, -0.29290291427469, 1.2318933953666088e-2, 1.0978217583520602)
