seed <- 488
log.wt <- 0.0
penalty <- 2.8115950178536287e-8
intervals.send <- c()
intervals.recv <- c(56, 112, 225, 450, 900, 1800, 3600, 7200, 14400, 28800, 57600, 115200, 230400, 460800, 921600, 1843200, 3686400, 7372800, 14745600, 29491200, 58982400)
dev.null <- 358759.0022669336
df.null <- 35567
dev.resid <- 226317.64187499974
df.resid <- 35402
df <- 165
coefs <- c(6.7732346121861955, 5.55527106220731, 5.681650577710941, 5.164047164284132, 5.116868681418187, 4.8517070239631055, 4.760829512809871, 4.68018946000233, 4.3836202992742415, 4.254120940191676, 4.197580260210533, 4.121880771742306, 4.050468183618808, 3.94056888779915, 3.7422809219773403, 3.5220252352435986, 3.2431647719615455, 2.9461136249460296, 2.4568585464326667, 2.0479214443812754, 1.5955719332342204, 0.8751676025111259, 1.1048815402178627, 0.5283014407310589, 0.12378095448852137, -0.8321947953604818, -0.2995964025796456, 0.8812917972040129, 0.9858464562741939, -1.0975885021984533, -2.605877901450272, -2.7473830649286786, -0.2571345726981326, 0.7899734717740653, 1.3609913925090935, -1.4410436004796188, 0.1337623562981402, -1.8791085531310785, 0.11637870974983563, -0.6435361791953199, 0.9018320559216604, 0.7408142068115551, -0.8809556508398019, -1.888177717923312, -0.7436822181845191, -0.74294493301044, -0.9608010778056412, 0.16384796266443816, 0.28664289109982755, -0.6758208792193703, 4.599488856890351e-3, 0.8521274288570313, -2.02147631220923, 1.60810614295448, 0.8181968493676419, 1.11056192346382, -2.2322164122239774, -0.16997712358119468, -0.748239957840775, 1.6040620538766568, 1.3985387602698875, 0.9474164169682228, -2.142960061325607, -1.3937048526002422, -0.6190938136352643, 0.1680226863766595, 0.6279989792821221, -0.43177552849219447, -1.1774870046746704, -0.6892034170330295, -1.6702803260568468, -0.36381413050498373, 0.7073465072352496, 0.9669598831783809, 0.5549494957967732, -0.7231210036836087, -1.3574499484912674, -1.338011313220649, -3.5161328249450674e-2, 0.854492201490724, 1.1146843340279362, 0.1578655765488115, 0.24967063207467508, -2.1678519327259007, -4.449359457834504e-2, 0.4282246766279051, 1.1409799207081748, 0.3529064288693175, 0.8006174764145051, -1.6894494404767455, 0.5768028057277874, 0.9589036039370087, 0.7681414155517445, 0.38115786135732477, -0.17013279414297847, 1.4303846935264715, -0.6322568663871487, 0.4377257112724024, -7.182764128968818e-3, -9.528297711932816e-2, 0.30310063454007263, -0.46965921550870426, 0.8326395265058516, -0.8149539858604327, 0.8482763887402465, 0.9082622864170999, 1.2121099574752041, -0.866962648553564, -0.5161472377947568, -1.0380293876353435, 0.2991995745348497, 0.6033637696202234, 1.553168052852666, -0.5707855615886511, -0.13437530661264366, -0.7178054058215741, 0.7620773565845239, -0.2558007554508422, 0.5771073889779227, 0.7274143347855334, -0.7467557311104434, -0.49849853797799604, -0.6491889569388044, -0.21179610466964854, 0.1833917447796748, 0.8370961183355144, -1.4996793812986204e-2, 1.0836740605193667, -0.6968816593567642, -0.5155849042320169, 0.30635104330373303, 0.9797183084949121, 0.9088182207652703, 0.5976630353419988, 2.2738223829841597e-2, 1.0686063946608007, -0.3892922186397104, 0.9200664892437267, 0.7717765158044108, 1.085790586671732, 0.7321453860058226, -0.7258493006513034, -1.4000076589206645, 0.6674311341731474, 0.45739077374877496, 0.6218149274395028, -0.16246758714727064, -0.6847526695214259, -1.7983026482662823, 1.214529495127483, 0.20277062019010328, 1.3247536161292284, -0.2862257706040439, -1.306636464968165e-2, 0.13834986020850965, -1.2614876159881927, -2.0766270340349795, 0.9238475024958304, 1.122550358643751, -6.102032421826704e-3, 1.4576585204589416, -0.3231411058563329, -0.15881831591276993, 0.1819197108143198, 1.1683027568317572)
