seed <- 712
log.wt <- 0.0
penalty <- 2.8115950178536287e-8
intervals.send <- c()
intervals.recv <- c(56, 112, 225, 450, 900, 1800, 3600, 7200, 14400, 28800, 57600, 115200, 230400, 460800, 921600, 1843200, 3686400, 7372800, 14745600, 29491200, 58982400)
dev.null <- 358759.0022669336
df.null <- 35567
dev.resid <- 226089.75432068604
df.resid <- 35402
df <- 165
coefs <- c(6.873389505804207, 5.9195189694661545, 5.56979632598133, 5.232708247271705, 5.107045224250457, 4.879414948567977, 4.746214163914747, 4.618061862919044, 4.313491135924795, 4.255877792368947, 4.267068833187507, 4.17636554577597, 4.017074965397557, 3.9495657742767243, 3.73460156268904, 3.534482964987739, 3.217177175448053, 2.9282414424846235, 2.507890132674133, 2.0155653027184157, 1.633206388400004, 0.9144128161231169, 1.1091064388909635, 0.5234705043342532, -0.14775503978276386, -1.1644957260142748, -0.20038833187984348, 0.888830621772255, 1.0298068016484898, -0.8551890182138621, -2.129981243495667, -1.9222554325724792, -0.5682423181807676, 0.81801174185037, 1.2005462216608849, -1.3177490949427706, 0.17641782520138505, -1.1688579775849925, 0.14267852936646516, -0.9900195217927973, 0.9482126782027633, 0.9407829264776356, -0.7407701503227981, -1.6102102254058095, -0.8587967315712932, -0.579357754864977, -0.7164850284332382, 0.2966635118645433, 9.926815857152646e-2, -0.6021566815514685, -0.2887813442159217, 0.894096448885366, -2.0736482903420015, 1.6902187945513512, 0.7689185222547076, 1.0681669682116195, -1.4943965176791825, -0.14048637444426684, -0.3022452518111431, 1.422694497490755, 0.7987643372455199, 0.959776041996996, -1.5306446954752373, -0.8600246107593013, -0.707291077902067, 0.1822123499084667, 0.6927219463286366, -0.342521139620609, -1.3187995346075936, -0.6223126065971462, -1.5352282627740357, -0.9860780193938927, 0.512980713143058, 1.048102292998429, 0.6690688816076358, -0.9067114553124234, -1.5663097790412284, -1.2328009146176064, -0.13257722948644615, 0.5398716464746091, 1.158738322791771, 5.876724521854254e-2, 6.147224438889495e-2, -1.384342832538645, -0.3441492056976374, 0.40395618923090193, 1.1904925179514898, 0.5050304278894561, 0.8808966385033055, -2.5338585584871622, 0.3937118148480957, 0.617591062841364, 0.7912306413935872, 0.3767249665040321, 0.2755983832449629, 1.4804144365084413, 0.5152971934121026, 0.4379146329752478, -3.319337829657442e-2, -8.243503303937415e-2, 0.4662918754272415, -0.5924051561436978, 0.7099617609817446, 0.2985804847906094, 0.5442589734574578, 0.8153655174986569, 1.0358452275532113, -2.783552133005034e-2, -0.6504256156106463, -1.3130635813768254, 0.4193291482697806, 0.6447439785418368, 1.5453458280437549, -0.5923484286659044, -0.12399783161983126, -1.2384460498510594, 0.7158970237347242, -0.5448158688866431, 0.23803535940347945, 0.3931244554642563, -0.7132087826168232, -0.6716251588710858, -1.4135419355424472, -0.5688853864706747, 0.25950185576105805, 0.89367261084639, -0.136612456156601, 0.8387272866909448, -0.5337200073552154, -0.35651418138511265, 0.22171280627403595, 0.8859012850018628, 0.6365900657777714, 0.5399781663421792, -0.11752801510996817, 1.0988908231797523, -0.40216287041024906, 1.0650124352681596, 0.7594398082137839, 0.836749784953527, 0.6975028701294301, -0.6384614785287424, -1.3817322382936252, 0.5751129028444502, 0.3194079872641345, 0.5944645354578406, -8.172055617322137e-2, -0.5147808618259524, -1.9067845831820824, 1.3672579553694049, 7.028590945856958e-2, 1.069668623001304, -0.20165355171297827, -0.10133402248782919, -0.20662590010438028, -1.8613761253032146, -1.2031876369076204, 0.9360072663969784, 1.2442291794978069, -0.10873543106812676, 1.526140923291079, -0.33255499629321156, -0.13110085100412167, -0.1559230095139462, 1.0679808296000473)
