seed <- 928
log.wt <- -14.506383724626215
penalty <- 2.8115950178536287e-8
intervals.send <- c()
intervals.recv <- c(56, 112, 225, 450, 900, 1800, 3600, 7200, 14400, 28800, 57600, 115200, 230400, 460800, 921600, 1843200, 3686400, 7372800, 14745600, 29491200, 58982400)
dev.null <- 358759.0022669336
df.null <- 35567
dev.resid <- 226782.66372672733
df.resid <- 35402
df <- 165
coefs <- c(6.434464600886002, 5.512428040793152, 5.650460096698912, 5.354010490467995, 5.0182334162461215, 4.79070870796025, 4.775818016897679, 4.622031646226032, 4.373675311279692, 4.2603525710233425, 4.302468585120633, 4.128455023777471, 3.9610262223585844, 3.937120092481357, 3.7307344412116366, 3.5140262424905826, 3.243768563151049, 2.932377548782146, 2.5121835291862338, 2.0475151556442155, 1.645780460376182, 0.8659089960300199, 0.999129646019898, 0.5441743390075399, 0.3410354721662979, -1.5358703714069561, -0.28081480485462784, 1.0814738731730769, 1.0279937697538932, -1.5002950583551058, -2.6227207102972443, -2.543860113939381, -0.4417317664807709, 0.6910082341505575, 1.3546942304397702, -1.0843004938122307, -0.37749502398222967, -1.3219078670939555, 0.13607419733395448, -1.230273553222834, 1.0121400004598933, 1.0317939474180713, -0.7572225140323177, -2.134065258014592, -0.9960652141029709, -0.6822385171611702, -0.24490612476628015, -0.10079544283194279, 0.6955129257555445, -0.6688875219117151, 4.340513035520638e-2, 1.0630034307339862, -1.973275167770795, 1.8162552980559934, 0.8392721735158524, 1.0761106890376684, -2.024605670859232, -0.22595957264489047, -1.464979259037844, 1.2979187732237212, 1.4317109583478935, 0.8706845072521664, -1.9725755469339736, -1.4973795178775926, -0.9287827886237668, 9.839751170472645e-2, 0.5458235499541074, -0.6116994865095565, -2.3117057055861125, -0.6184399879998806, -1.850853314422118, -0.35514731253078313, 0.45023813592066303, 1.1159626413943795, 0.7652730684135307, -0.5754448805308385, -1.2005172574056648, -1.0663805608792063, 6.870005209348565e-2, 0.8157281463075102, 1.2930388131572825, 8.194032062718731e-2, 0.24958755486041417, -1.820462871185501, 6.31163142211351e-2, 0.70755813208247, 1.3114695669222607, 0.6632554435879435, 0.7643190556410597, -2.1066763452958064, 0.5241571781182403, 0.7177119497147818, 0.955150258613023, 0.45593793958769935, -6.558771524937934e-2, 1.4726267144717575, -0.37599140893718214, 0.19961067694999593, -0.3787893526865339, -0.693490146445679, 0.2546816681422609, -0.4135190747574532, 0.8442068242096268, 0.16745627235733213, 0.6882266666945608, 0.8057282803845346, 1.1727723954302398, -0.5936118154477069, -1.018426091657703, -1.2227617391102468, 0.43357400330550483, 0.7322039419603581, 1.5600412302888358, -0.7074022933246062, -0.26600038137343457, -0.825783435114063, 1.0056877790982304, -0.2800190126781499, 0.6525410264836093, 0.6361768115276012, -1.080808832185483, -0.3552300631094188, -1.1550741924478318, -0.40223631369288015, 0.13232759879296213, 0.8604696762433565, -3.5617653236212805e-2, 1.06705757966703, -0.511841363496283, -0.3631148295740051, 0.3224792053829027, 1.0836985473007577, 0.7783789849091427, 0.6042835845005206, -4.03604155187944e-2, 1.243728892436812, -0.4243858935440136, 0.9959286753855774, 0.725377300687871, 0.9463457092549654, 0.99100123650784, -0.6637601487941055, -0.942148970326684, 0.5602046225099594, 0.4207856428974561, 0.6973274916607975, -0.11365515161303305, -0.3559699633006049, -1.673449265307319, 1.1971939595369054, 0.18739385822459353, 1.2421514642239113, -2.9494501095680022e-2, -6.69917019280191e-2, -0.18272867481447408, -1.6404818722332362, -1.3280570774555327, 0.9092305287919094, 1.2514734977243183, -2.8871206821748454e-2, 1.448907049572542, -0.2057657357326672, -5.33696778645405e-2, 8.284648301442876e-2, 1.3823394675501173)
