seed <- 431
log.wt <- 0.0
penalty <- 2.8115950178536287e-8
intervals.send <- c()
intervals.recv <- c(56, 112, 225, 450, 900, 1800, 3600, 7200, 14400, 28800, 57600, 115200, 230400, 460800, 921600, 1843200, 3686400, 7372800, 14745600, 29491200, 58982400)
dev.null <- 358759.0022669336
df.null <- 35567
dev.resid <- 226912.02301812917
df.resid <- 35402
df <- 165
coefs <- c(6.513658214662961, 5.759994463956589, 5.6369913155134235, 5.418758435463904, 5.049235998797695, 4.872435836185568, 4.713900927470289, 4.61307380374235, 4.410186274405795, 4.259139252789524, 4.227261622903468, 4.159789091237575, 3.9826689151119634, 3.9586310988587887, 3.7432813665185805, 3.513338986299051, 3.1850466943648885, 2.9251908195904206, 2.495909985391543, 2.0413950482586274, 1.5236926286700225, 0.8679419706275462, 0.9702507089865885, 0.4148953445624023, 0.1793529032319561, -1.0546646009044958, -0.13111848618771216, 0.8057903952292103, 1.0411476658104113, -1.5092270398931698, -3.5679242188494933, -1.8695531064356394, -0.6041620978294534, 0.744421327142049, 1.2834312010182103, -1.082582249866639, -0.478125788061324, -0.4226565766091657, -6.299429836785275e-2, -0.8111390995331798, 0.9280381200484847, 0.8477175804956486, -0.6720756162319068, -1.7320441321633884, -0.9556236898884422, -0.6759499526377925, -0.719754875953626, 0.30721748934480547, 0.4004143386876975, -0.8355462539545451, -0.14151559991082469, 0.8744115109470201, -2.2388155484496166, 1.6458237856150268, 0.9878675361450135, 1.1384316814942248, -1.832021255224429, -7.433306356704883e-2, -0.5215291635038182, 1.6923334989780847, 0.7569734846162891, 0.534365099542755, -1.492251541548406, -1.2889031527652328, -0.7534552844804614, 0.4873070297811148, 0.7601759692777529, -0.4534389225063318, -1.2627624960825896, -0.7023956467067962, -2.2118598058170242, -0.8045150721608577, 0.7997890567127017, 0.8938247130814656, 0.8016743896076576, -0.7405371947129241, -1.6656697660836035, -1.1006068966365763, 4.708885234992194e-2, 0.6088082930603732, 1.124859716679882, 8.531791484828898e-2, 0.3893343666156406, -1.7545316738748367, -0.645134755963183, 0.37236276416711916, 1.269237015926031, 0.3339223104472642, 0.7976869855582921, -2.410756156203143, 0.576381106713631, 0.5913208136377879, 0.8030915437244035, 0.4334638452949295, 0.42535480880193033, 1.2847002458956969, 0.5842515612319734, 0.6398639355468662, -0.1153942852705463, -0.11265628947645742, 0.4669009172726366, -0.13726941787630006, 0.8893762990748563, 7.600902838910134e-2, 0.7342142873811227, 0.8064707520422739, 1.0847951009077414, -0.6577856132557783, -0.4101211155050856, -1.0441325100598582, 0.5331264838871108, 0.7107092298947256, 1.5985345968375384, -0.6456439126223563, -1.3175737064596177e-2, -1.3528729980519307, 0.7804243811131247, -0.3420808729834543, 0.44234122444425167, 0.6407965442602965, -0.9224257268259514, -0.5904980928443762, -1.671958962786246, -0.18554402699531108, 0.3094160686784327, 0.8068821804330639, -1.747586252858153e-2, 0.9228900347029815, -0.6562202843101923, -0.4031442546059822, 0.32812936914884083, 0.8440636858254511, 0.854738628417746, 0.3893005074999823, 9.52276242274208e-3, 1.048540808313331, -0.2594948456551289, 1.0427464224266145, 0.7643588867302497, 0.8581956613140835, 0.7188094328155014, -0.6763211399672313, -1.2632263905233037, 0.7443730262495172, 0.2714519880898834, 0.4255863299810748, -0.2403389668591062, -0.47204012672674717, -1.7366363367485524, 1.2347180899583756, 0.2536723827663173, 1.1234934843148343, -4.034416920600152e-2, -6.339087948685904e-2, -0.20726654412539117, -1.628965225958173, -1.3911645746326842, 0.692194684553138, 1.2420114890871117, -0.16255436462169273, 1.5123474272114812, -0.2616916654782516, -8.269598383129304e-3, 8.876016224386263e-2, 1.1897346308269552)
