seed <- 407
log.wt <- -14.671015798717303
penalty <- 2.8115950178536287e-8
intervals.send <- c()
intervals.recv <- c(56, 112, 225, 450, 900, 1800, 3600, 7200, 14400, 28800, 57600, 115200, 230400, 460800, 921600, 1843200, 3686400, 7372800, 14745600, 29491200, 58982400)
dev.null <- 358759.0022669336
df.null <- 35567
dev.resid <- 227297.84964785213
df.resid <- 35402
df <- 165
coefs <- c(6.308684735675464, 5.926717922075728, 5.731581282880143, 5.391983399446271, 5.183908837347273, 4.862924264739472, 4.718569107926939, 4.579224312284476, 4.327808114802327, 4.287886010162061, 4.305307906616275, 4.154222529554706, 4.0180534270905115, 3.922249574868932, 3.7365151515427284, 3.5001548764460546, 3.2611984222935675, 2.947020501208823, 2.483270527880955, 2.0456688679004675, 1.5434710350541814, 0.8553107492891877, 0.9573148874621862, 0.5386134435819933, -0.3871018752569551, -0.8909886598001128, 2.0016924647116144e-2, 0.9355201403521864, 1.0032521228992446, -1.1984709543519687, -1.9353383977599377, -1.684901834919421, -0.38503835253317253, 0.7598045676668704, 1.2600965207626404, -1.365807838029409, -0.6044315885810656, -1.32339817480519, 0.36730756039979345, -0.44113982465342855, 0.9011565541544705, 0.9987224352656613, -0.891298978898114, -1.9069812880898847, -0.6168350723664049, -0.8294759636416723, 7.791305723431864e-2, -5.448091356335123e-3, 0.5934972559421434, -0.4308678951958862, -0.4503901119645502, 0.9094382522242136, -2.720335443024029, 1.657108440609969, 0.7007923032155802, 0.9852175731469067, -2.366119585941073, -0.20544767999789768, -0.5049694011614714, 1.1632390821385157, 1.2525433148779848, 0.9793801579952903, -1.9999131409781234, -0.9263295538864653, -0.5035425159540216, 0.1950776471894749, 0.6325825322177281, -0.5677733412454271, -1.3208383153895837, -0.6735389682089727, -2.1250960583249867, 0.1922879119669351, 0.45057070206694827, 0.8624576727095626, 0.7354376930546191, -0.589037761916724, -1.194590507502454, -1.2900658522404203, -0.17476724841823893, 0.5816978886778889, 1.124253566311008, 0.13360329188988113, 2.8742787584291937e-2, -1.4075027853801432, -0.15325077224651662, 0.3961019278942819, 1.1901086413405957, 0.13370218404793, 0.8528253407915329, -1.919989095988245, 0.498124988703489, 0.7119369580173915, 0.8492513616045384, 0.3348758162793982, 9.1159669663858e-2, 1.3569310495892994, 0.33770504363723336, 0.2748060215736418, -9.916683257678707e-2, -0.3186089123646417, 0.5258921067819287, -0.41197635720563464, 0.6953996238069874, -0.3166476243441418, 0.7823559831245454, 0.897678560300746, 1.0216508884079332, -0.6822349611192554, -0.7506112763540145, -0.835253206653161, 0.2450805914620295, 0.49289949254515375, 1.5958325410224343, -0.6971226057523078, -0.20314822122730591, -1.0380429649939265, 0.721798131213905, -0.2294591957932766, 0.31079855557525693, 0.4013540000905481, -0.24818242638062954, -0.7215035250852233, -0.9784535487994227, -0.24431204277905819, 0.2679748680261087, 0.9159295773447101, -3.165939283977276e-2, 0.9922293979414099, -0.528890312943261, -0.41539445291166605, 0.19991456721044826, 0.8369048784687004, 0.7422201022754772, 0.446485077813673, 0.13033652369708712, 1.0215373934491092, -0.27317693462387616, 0.9916199642619449, 0.7042059130838069, 0.9658021521208207, 0.6781613767378023, -0.6721095616215343, -1.2832228432121018, 0.6591810694859018, 0.2954990411896013, 0.4638699518673578, -0.32754000396825095, -0.5515720551021039, -2.007564920487086, 1.2318466787615598, 0.1904283833853417, 1.202772421773025, -0.10458947694386977, 4.415283674899019e-2, -3.430263120238876e-2, -1.687517759436767, -1.5284575211702056, 0.7789106516857904, 1.167175703685812, -0.4220973119161149, 1.5522767879157702, -0.47267987789476296, -0.18532150526958027, 7.469066191535474e-2, 1.1664906971254845)
