seed <- 888
log.wt <- 0.0
penalty <- 2.8115950178536287e-8
intervals.send <- c()
intervals.recv <- c(56, 112, 225, 450, 900, 1800, 3600, 7200, 14400, 28800, 57600, 115200, 230400, 460800, 921600, 1843200, 3686400, 7372800, 14745600, 29491200, 58982400)
dev.null <- 358759.0022669336
df.null <- 35567
dev.resid <- 225207.54309361734
df.resid <- 35402
df <- 165
coefs <- c(6.42948558788559, 5.53340817025305, 5.7284257790996485, 5.349085413603912, 5.051021507009656, 4.9272839385611915, 4.808005143858918, 4.570452818952574, 4.390068554352892, 4.2938074628934, 4.322221949651646, 4.170992034688296, 4.0363427381005, 3.975347596623586, 3.776081468496727, 3.539037346402112, 3.2510594604082748, 2.9797886382740497, 2.5487576228678415, 2.0655328417529057, 1.5479861923121712, 0.892923498354169, 1.1834111717368712, 0.3411577787670157, 0.35477287779631056, -1.3817350351889928, -0.2657212228151918, 1.1609367790937513, 1.2127557145100338, -1.7517862948200928, -2.1173816081242536, -2.5000503527851343, -0.28558956237091765, 0.7088849464833559, 1.4621398343041785, -1.3465365038709076, -0.8395953304864321, -1.0490559598751787, 8.407407416215783e-3, -0.7333272322369466, 1.0595773938968636, 0.8332093044446892, -0.8253427123532621, -2.3053383460323755, -0.819974372335817, -0.8592085194236044, -0.7224635444210067, 0.2392035791717264, 0.37379724113855023, -0.7089068631973492, 0.20808513659708888, 0.9209915017897099, -2.5997058993924056, 1.647871513875681, 0.737473142614647, 1.2218569740569585, -1.6978000042375858, -0.16399157171903891, -0.11175086364646215, 1.2450847724002077, 0.4872274824572652, 0.43746938175817923, -1.7996310074695878, -1.2367313733042986, -0.5900733390853728, 0.1737843079113654, 0.6667139776008156, -0.6282891544022781, -1.460423711225148, -0.6132672268101308, -2.6767515406530538, -0.8985353757772009, 0.37459205951481583, 1.0341962575670136, 0.7208595274288286, -1.1655505311492842, -2.057705424309236, -0.9046124906182073, 4.479619642427091e-4, 0.8271583290603992, 1.1632661657064836, 0.16858844968948167, 0.3540642899665378, -1.5523591787053115, 2.8821570580121265e-2, 0.44402827180386656, 1.239326644732042, 0.7940088281760064, 1.0023677561661704, -2.0884932881061165, 0.5137607933834129, 0.8377876493796729, 0.7964668865318087, 0.4605797714821285, -0.4584930869265156, 1.4003755100900417, 0.12281294491287373, 0.47774420849479654, -0.34692795673682303, -0.7145781062016161, 0.44857118043502037, -0.39553093523062954, 0.8028400378002302, -0.1384685615074566, 0.8778094727686458, 0.8243894799620672, 1.2207239139440975, -0.41142457210617284, -0.6234335065198168, -0.8408673965780957, 0.33714902164814864, 0.807972027962553, 1.7025074878353719, -0.49850660043200734, -0.20761314937797692, -0.5935205637402824, 0.6847321447625095, -0.25144686615798134, 0.6473366127895399, 0.6877837825118542, -0.42832473307371993, -0.42169000987153016, -0.9823661417973363, -0.5012683706521077, 0.4028437337582342, 0.8690587009712963, -0.10796677049410715, 0.9609531871724134, -0.8674572265605024, -0.3969076139530549, 0.38821653959289276, 1.0142758809976895, 0.7894399477364776, 0.5647017707217352, -0.1249364030158309, 1.0775523619311904, -0.2601288527828918, 1.0606997003763892, 0.6261787082356027, 1.0142574133942328, 0.6783967634929998, -0.6998868567711852, -1.3445626615651594, 0.6722937875620751, 0.17761166956973293, 0.5413718143377834, -0.17004232476991377, -0.17238332043601695, -1.9740908815259375, 1.23183131997777, 7.071256271511923e-2, 1.298588496927345, -0.2117338997437148, -7.065749113634073e-2, 5.8129334878133994e-2, -1.3913194610410284, -0.8177222236261856, 0.9027435600277545, 1.175797318782269, -0.2376225649729045, 1.6530811304939834, -0.17752523835021086, -0.15982294396447025, 5.064928476434129e-3, 1.1423073432111965)
