seed <- 917
log.wt <- 0.0
penalty <- 2.8115950178536287e-8
intervals.send <- c()
intervals.recv <- c(56, 112, 225, 450, 900, 1800, 3600, 7200, 14400, 28800, 57600, 115200, 230400, 460800, 921600, 1843200, 3686400, 7372800, 14745600, 29491200, 58982400)
dev.null <- 358759.0022669336
df.null <- 35567
dev.resid <- 225979.31572827493
df.resid <- 35402
df <- 165
coefs <- c(6.5329820679001935, 5.902557936245151, 5.668335105203609, 5.319032196687158, 5.124107243945222, 4.934940765825247, 4.8241520140480025, 4.581802336053454, 4.3525504107722375, 4.275226273024751, 4.278117425485401, 4.171792678466567, 3.9964875584582256, 3.9336514996159844, 3.752777333487247, 3.5460538683759384, 3.2427834717084942, 2.9430074129457613, 2.491631951384413, 2.0750115144352925, 1.6666166980932484, 0.8949824462420833, 1.0915741696868229, 0.1959406956449509, -0.16946694512854757, -1.005940605945654, -0.2022898936947069, 1.1488359989907435, 1.087931535759851, -0.9643003411654815, -2.1192128738664326, -1.7836261920011476, -0.3542009933739145, 0.7668652058448597, 1.3602185036195487, -1.1899419767407504, -1.0421482326573388, -1.2271031525959075, 0.197532544139094, -0.9761086089179472, 0.9468248284521315, 0.7099505649378842, -0.8229882320374856, -2.0772666463068945, -0.9218051748543246, -0.7149439268625273, -1.2081634598567597, 0.23681371371723087, 0.642108218093979, -0.7004702860578366, -0.43438379901339497, 1.0265877084073742, -2.306119477990225, 1.8049893340801113, 0.7808727861396448, 1.1535969107681847, -2.1089964066427376, -0.16882915195146292, -7.879247458058825e-2, 1.263709053537944, 0.4664785993040083, 0.7837432987845927, -2.0111131307214256, -1.2443720253642259, -0.7618315828164633, -3.7954846157600704e-2, 0.5660887852232084, -0.38102876511875905, -1.597045724461001, -0.6760110330261552, -2.2164434628435012, 6.208923322575309e-2, 0.36816840785025945, 1.066623655642964, 0.5917176547799711, -1.029756207153777, -1.1905876775913702, -1.6052256298183558, -2.5930204107067062e-2, 0.7897059525894969, 0.9500388237303918, 0.15498742490661677, 0.247516593018166, -1.6743838310453028, -0.6905508811056709, 0.4575141979246287, 1.2613803612465568, 0.5639726145926152, 0.8785076950479797, -2.3334241887874243, 0.3060170674786448, 0.6830785276730937, 0.7755872176349898, 0.3470482057735207, 0.2351896567733166, 1.241397665348013, 0.40232502162097034, 0.32734320120829463, 0.32563309105893185, 9.885918928983488e-2, 0.34036123686423003, -0.5035901581147562, 0.9009939009844153, -0.5338387700898694, 0.874540311769338, 0.8739155302886399, 1.0810643857508286, -0.23659130346736607, -9.663055976762408e-2, -1.1461770751431355, 0.3557176704708356, 0.7347806745269384, 1.5741607568126905, -0.4890007295372787, -0.2849360497476366, -1.133569989749321, 0.8247784450541693, -0.41118186765917125, 0.4574583758528794, 0.47076749707661086, -2.979732623035889e-2, -0.4488818806294494, -1.0675358765238903, -0.48184455940148246, 0.2888983753495454, 1.0274074731167722, -4.3256441870129e-2, 0.9866782655224473, -0.41187994203717593, -0.3828744714414858, 0.4035228348462118, 0.7957513888960499, 0.8691288362159793, 0.5031029410786929, -8.513667358359864e-2, 1.1381640404369746, -0.3112947089620112, 1.165710738872413, 0.7040560660416137, 1.0045109365360239, 0.8418044649262358, -0.6127732070979589, -1.4108835720286652, 0.581168482041822, 0.4220395249829798, 0.5415238831450006, -0.1165085591230455, -0.45518043351526405, -2.069409007481335, 1.4107609428662284, 0.12766836086775343, 1.2731344839391103, -0.11206216557978171, -7.118515501684206e-2, 3.773844976178964e-2, -1.7467206182349713, -1.1416546631786153, 0.8487218225877198, 1.18498661096465, -0.5239383918917858, 1.522558026554962, -0.1853231602925481, -8.93731651064941e-2, 1.8625286237526118e-2, 1.2392411438337114)
