seed <- 590
log.wt <- -12.890178278417862
penalty <- 2.8115950178536287e-8
intervals.send <- c()
intervals.recv <- c(56, 112, 225, 450, 900, 1800, 3600, 7200, 14400, 28800, 57600, 115200, 230400, 460800, 921600, 1843200, 3686400, 7372800, 14745600, 29491200, 58982400)
dev.null <- 358759.0022669336
df.null <- 35567
dev.resid <- 225557.26584181076
df.resid <- 35402
df <- 165
coefs <- c(6.811251947235077, 5.924541053992853, 5.768954801304378, 5.107194812559215, 5.025587812909802, 4.905273298222755, 4.739326716653205, 4.694522957721086, 4.36838748298007, 4.294951808595068, 4.321315032354616, 4.1480059843673605, 3.991202768552621, 3.9874146481645583, 3.7878339626952333, 3.5348190787204676, 3.23815026834195, 2.976248145070821, 2.4993033052181293, 2.089159565165637, 1.660070066798499, 0.9155352185653889, 0.9396405986016458, 0.45800297360815606, 0.6806998146475625, -0.9504160993764703, -0.15061932368892603, 1.0607335898682124, 1.0472277062772948, -1.655280214507091, -2.1922287939972755, -2.1388529744643736, -0.22998961514280716, 0.7699094964638361, 1.322703935057106, -1.135014127657179, -0.5740434869975956, -0.9903061977228286, 9.676446730116604e-2, -0.9898162044471482, 0.9141451480089428, 1.0508139722280028, -1.274542949583159, -2.115300589857937, -0.98459963539599, -0.8789555229372837, -0.17046077309167096, 0.39378402892064135, 0.1948793116394086, -0.29584897667483384, -0.2859002587744511, 1.0279343405595776, -2.7532977312749236, 1.753225039870801, 0.7936798931511738, 1.0582960918749005, -2.0940593182591245, -4.9307283983226854e-2, -0.5623635668125148, 1.5764812275307805, 0.9863430940209135, 0.6391972063287966, -1.5984098161227025, -1.0327048531893726, -0.438380038994179, 0.5730523574108315, 0.6044449236329431, -0.35835153972746286, -1.2365617989233344, -0.6816920233606585, -1.8876361716343175, -0.963236934540449, 0.6178915528366196, 0.9011575335057389, 0.6931423723461199, -0.996633670878425, -1.429001919016718, -1.5201374787166, 3.7951413225309996e-2, 0.7250156303852954, 1.1398216340226672, -1.4288020015611056e-2, 6.089607546043495e-2, -2.1097300752368993, -0.9449819611188781, 0.3402640140534032, 1.2262520508658816, 0.48462888400900406, 0.8863667999586731, -2.009236771809495, 0.5478342414454247, 0.7255695533117403, 0.8153308342409562, 0.3321977981886565, -0.20320933924350054, 1.251065509884548, -0.355579325433493, -0.17934383329328876, -0.23930243425688716, 7.069045540798725e-2, 0.6108853768987672, -0.8339019660564743, 0.7876666176896695, -0.27429534672457884, 0.5910675754946609, 0.8870181068481993, 1.1310674055505432, -0.2811416305820451, -0.25006474538560264, -0.8851265926435933, 0.4187475103179334, 0.7905615139040889, 1.5805422919971714, -0.6975123197816112, -0.140497603577629, -0.9858278812953308, 0.8197015836272667, -0.12091070731115311, 0.330586407776893, 0.7636248659215334, -0.7202785162851095, -0.18879658471886407, -1.0646082958843173, -0.9983965016423564, 0.3052494835371802, 0.9416941012628738, 7.36713021389885e-2, 1.0229086430341197, -0.7604716359345154, -0.43466199278986994, 0.4143399787711123, 1.0332065855029169, 0.7832664305372242, 0.3441228456086921, -8.432784361962226e-2, 1.114466828590538, -0.3582612809625248, 1.0727539860250923, 0.7437412852840345, 1.041486194435304, 0.7638961858235545, -0.7486145536580702, -1.2116094108549735, 0.46888329874385654, 0.34043503681212484, 0.5053438856961142, -0.20795499884325144, -0.5151447397554485, -1.9016163668151507, 1.3562811406923592, 0.15177216224455645, 1.2318569491616806, -9.040414682243547e-2, 2.3769483989507692e-2, -0.16395513958075275, -1.455925722095883, -0.7585672052731827, 0.7597527992371096, 1.196216570359016, -1.6319642426641405e-2, 1.5361405303854228, -3.175184661883696e-2, -0.13349249165397928, 6.749526986664717e-2, 1.266268337269047)
