seed <- 252
log.wt <- 0.0
penalty <- 2.8115950178536287e-8
intervals.send <- c()
intervals.recv <- c(56, 112, 225, 450, 900, 1800, 3600, 7200, 14400, 28800, 57600, 115200, 230400, 460800, 921600, 1843200, 3686400, 7372800, 14745600, 29491200, 58982400)
dev.null <- 358759.0022669336
df.null <- 35567
dev.resid <- 226597.09643495877
df.resid <- 35402
df <- 165
coefs <- c(6.318638323665327, 5.796402427974427, 5.795442877734924, 5.386116960874798, 5.015795214634755, 4.859110436701874, 4.804223264665596, 4.60014886895829, 4.404659045465367, 4.277155890466633, 4.281026244191233, 4.138195494802936, 3.9873150605192325, 3.9869221449311407, 3.7506681791861993, 3.5255297745679877, 3.2608432709571757, 2.943358287506121, 2.487769989395564, 2.075821268331025, 1.6656508077586407, 0.8855820412425629, 1.018089471291488, 0.5666703905212253, 7.344029949247391e-2, -1.1136095502075993, -0.33637627003403575, 0.9567807057676688, 0.9852228907244045, -0.9524940879358544, -2.30839956030567, -2.2784627351189273, -9.726492840086756e-2, 0.7094133450990405, 1.3095924575177111, -0.8297582904210837, -0.4128387706826035, -1.246232024800815, 0.15988842621666227, -0.5528964575061815, 0.8784819117659978, 0.6302449791589362, -0.7126078292441603, -2.066319121609031, -1.6811076846543793, -0.7509678820452212, -0.2744545190101632, 0.22356683691051588, 0.4354219497786407, -0.6556808739305372, -0.37155056716599766, 0.9980887885774273, -2.509976939843181, 1.762483851888665, 0.7318400413535979, 1.206665408516964, -1.8644916121134578, -9.293953485707983e-2, -0.7256421649839904, 1.3201376582403226, 0.7683917844038468, 0.7728252696100719, -2.3815836789453035, -1.045613662643704, -0.6938432924536918, 0.10813094777781894, 0.6717550412214872, -0.24464943633545297, -1.5770782625148967, -0.5685195755869281, -2.3697438210487376, -0.7803039668333223, 0.3166026060831354, 0.9689318065560432, 0.9100103063290694, -1.130602787879354, -1.4038072385987683, -1.1379291418116357, -0.16532894943459392, 0.7732824227712531, 1.2412112411763243, 3.404599151830379e-2, 0.1785529916265977, -1.3539572023547246, 0.15777565140523797, 0.3693364627376343, 1.2659521679804397, 0.3701993364031049, 0.8863110114830475, -2.065039396834534, 0.5562373757736094, 0.7609302559229332, 0.7643096773703869, 0.444697793402901, -2.0949011514786068e-2, 1.4857259672240695, -0.3865576978663463, 0.2978977316117997, 0.2682038037932504, 0.1858124597366193, 0.3741085223768925, -0.6254650281099475, 0.8164573143450552, 0.31344105403128225, 0.9503121920605774, 0.8055208783306358, 1.1121782846567676, -0.6108975747980185, -0.6407576988858271, -0.93800195685342, 0.4818538857728199, 0.6119301712824964, 1.5559652418214456, -0.6211639320751425, -0.10338953041102437, -2.181582536823424, 0.8019314903025253, -0.3054338020133223, 0.3749184680698631, 0.42647501500230955, -0.3001354524413501, -0.33172473845454103, -1.134928037352558, -0.954189373794695, 0.24811780954329, 0.8433815000548742, -1.4642845616333534e-2, 1.129261768617991, -0.39910234647617915, -0.42794198409243, 0.34772048599067845, 0.9728317205464568, 0.7774785928531456, 0.4982867131451831, 1.1881210708711317e-2, 1.1561940034381002, -0.37062760277932033, 1.100835984405432, 0.725239880248686, 1.077853704770708, 0.7427551257500646, -0.6895349503816557, -0.9126897743573115, 0.6750434823953013, 0.16462291515866612, 0.5044460530981323, -0.11524212447668922, -0.49061288214587884, -1.473376787020648, 1.2173520040444759, 5.8765935722064504e-2, 1.2493895385030742, -0.1040015400961171, -4.392232061694162e-2, -3.757286823807667e-2, -2.09553403643306, -0.953444179299024, 0.8735251074880898, 1.2418908771735557, -0.1050903012355934, 1.5234244729804352, -0.26033768056314743, -0.255926873652708, 0.2601896767526102, 1.2225266475959198)
