seed <- 1005
log.wt <- 0.0
penalty <- 2.8115950178536287e-8
intervals.send <- c()
intervals.recv <- c(56, 112, 225, 450, 900, 1800, 3600, 7200, 14400, 28800, 57600, 115200, 230400, 460800, 921600, 1843200, 3686400, 7372800, 14745600, 29491200, 58982400)
dev.null <- 358759.0022669336
df.null <- 35567
dev.resid <- 225376.27388221587
df.resid <- 35402
df <- 165
coefs <- c(6.6625914206537615, 5.919315255887193, 5.688297707438028, 5.324417029671821, 5.113939708776184, 4.95241472738875, 4.798132077013592, 4.662011798915107, 4.364138358670888, 4.2988210586600735, 4.325816818345972, 4.170481207344891, 4.029384921252079, 3.970908316584332, 3.758931253151124, 3.555289859354732, 3.2400117125314947, 2.9672820464606886, 2.5018059787313596, 2.0251101823276474, 1.4054282473590507, 0.8659202050038124, 1.0671052932018017, 0.14396071398629678, 0.15074558199870472, -1.1728493406541358, -0.23781499466463205, 0.9890488259562155, 1.1304246957520718, -1.5804208294283106, -2.9707391886917662, -2.0627776167367458, -0.35914552326614774, 0.7144044168806939, 1.31054232266481, -1.1507205216806313, -0.39726976484254867, -1.1812051856709163, -5.041575281405555e-2, -0.46416685079998343, 0.9765130465571973, 0.8112745318038982, -0.9187405341196653, -2.0082250836083224, -1.206386477202648, -0.6984657842307614, -1.1976835473534377, 0.22178214921198944, 0.4620433372823294, -0.5342847706139215, -0.3673183808764749, 0.9595837978411611, -2.998691457229939, 1.709896783658007, 0.7341888389870544, 1.0381125302067824, -2.39238185220003, -0.2077602563479397, -0.42896836533152377, 1.0600049437876122, 1.0079160319904636, 0.7518332929447678, -2.0202863944802445, -1.181141836632836, -0.2528424344304897, 0.4037384359938758, 0.6502293056598661, -0.5662440735199862, -1.0851846104338916, -0.6688263154684931, -1.8659268213153821, 0.32393506563752067, 0.6612745601341611, 0.9287919939818143, 0.8746465477044385, -0.8510215589630064, -1.4666686495565175, -1.207852355862121, 0.20572561617641247, 0.6587506915719793, 1.228372818236447, 0.1658465341415531, 0.41115160620133984, -2.1271482278747, -0.5867188842454039, 0.4840925897027921, 1.257072112971234, 0.3279378385544316, 0.9015479597048753, -2.0717102349118384, 0.5456061691293415, 0.7482199013884093, 0.7872263932886225, 0.37485068484513084, -0.17517637986844584, 1.2066968020271585, 0.554956752957815, 0.43310725535311306, 0.25084793640767566, 8.590266339659186e-2, 0.34348400197573964, -0.5755003088229882, 0.9654223246623923, 0.5329178211800069, 0.9817910505390149, 0.8129953643420204, 1.133615561982451, -0.4676550970498191, -0.6888598652318536, -0.7028476004751091, 0.5425367489735259, 0.5321844885643572, 1.6485844341324036, -0.6147767190046488, -0.12361898148783763, -1.32435918921896, 0.8209478414694467, -0.3489768906568492, 0.6550032590512124, 0.8930931998440186, -1.0754926525376858, -0.707886232607662, -1.2738781096868932, -0.6065630287746079, 0.3312326343251601, 0.9203545399607829, 2.094933337949205e-3, 0.9736175971174549, -0.7346173945465907, -0.25929755464936494, 0.3904765798361077, 1.0059881038249854, 0.6394098403250739, 0.40702064522400205, 6.526972565516459e-2, 0.9200366206468301, -0.39796102553926943, 1.0776379746981564, 0.775611818257977, 0.8677024561574506, 0.8757166192294167, -0.7620192006376713, -1.2115653853018502, 0.5950700872189307, 0.1259411086602041, 0.4082747002507236, -0.2532164643597651, -0.3841111537446284, -1.8339856342285341, 1.3042592994526832, 0.19262862297604874, 1.1784377872061071, -0.1901910308163497, 1.1328796777773487e-2, -8.85741237670261e-2, -1.7050072189333734, -0.8539460464912377, 0.885952652564559, 1.2125570251698912, -0.32768980604454134, 1.6183624285373814, -0.17690111753758148, -5.840892488771181e-2, -3.615282174419397e-2, 1.2738521657027375)
