seed <- 170
log.wt <- -14.014273906398563
penalty <- 2.8115950178536287e-8
intervals.send <- c()
intervals.recv <- c(56, 112, 225, 450, 900, 1800, 3600, 7200, 14400, 28800, 57600, 115200, 230400, 460800, 921600, 1843200, 3686400, 7372800, 14745600, 29491200, 58982400)
dev.null <- 358759.0022669336
df.null <- 35567
dev.resid <- 225904.18197431578
df.resid <- 35402
df <- 165
coefs <- c(6.500039024203878, 5.852774726580688, 5.648627506228673, 5.301579371480854, 4.971572179906973, 4.917550990902689, 4.732355921582388, 4.653103317547786, 4.406244920932017, 4.273070807707798, 4.269066992054888, 4.15508032439501, 4.006235592323018, 3.9478399002379607, 3.7740246863481453, 3.5453631088053075, 3.2426672301819583, 2.9344744815751507, 2.511238556874055, 2.0503143725593924, 1.6221488443621899, 0.9243629161950064, 1.1261419498943286, 0.851674527847116, 0.11513810053220813, -0.8446248053197757, -9.464763345079705e-2, 0.9778758154848698, 1.0854106090076354, -1.1231108652038662, -2.4989851390466473, -2.265766313580461, -0.18515160469842232, 0.7738551342590985, 1.3408417174131422, -1.6204577724919706, -0.1116884533646505, -1.1885491784728481, -0.15051423037365474, -1.1645047690517414, 1.0352968514403114, 0.8394118609404699, -1.011510693501739, -1.6458092034184948, -0.9847037532854012, -0.7635344204151822, -0.43704154469841194, 0.6947003330544457, 0.7554258395856959, -0.8024083529425348, -0.2897971303160446, 1.0218003919675507, -2.6964019347254227, 1.5395677703423176, 0.8956191540669376, 0.9991349249668866, -2.7168356794450252, -9.180646784134704e-2, -0.16658753161868978, 1.4515872194004846, 1.3053150640100701, 0.6471819811768618, -2.4220700966110447, -1.4582844943255435, -0.6416849504337399, 0.35388575226231467, 0.5308850182981817, -0.5710813014002453, -0.8007162119812463, -0.6578758185608268, -2.9457949593670203, -0.9420719155477942, 0.43065795747029983, 0.8651983940711415, 0.73387500924137, -0.904667718031547, -1.4145855573653074, -1.1140013473128596, -1.33884645530595e-2, 0.505257670591543, 1.183576577852915, 4.134220018198281e-2, 0.2723436676860806, -2.0207198951577445, -0.2525457677991844, 0.3735245807900676, 1.3291500656824322, 0.5336825551338796, 0.9359982221683598, -1.668234823054749, 0.5580938397582181, 0.6780098857004299, 0.8360852363329234, 0.2985555621933029, -8.667775266564288e-2, 1.585572060893922, 0.4901628820645107, 0.6562237278076358, 0.10351136491356387, 8.878302047835597e-2, 0.5614250965319779, -0.697243028320616, 0.8357101291237565, 0.15988769958967491, 0.45722203110076376, 0.8735709662799855, 1.2019940190280884, -0.4862248727935287, -0.7731954397375924, -0.6329009981192094, 0.5055089784055455, 0.5896932568287899, 1.6181726152064135, -0.705967225981257, -0.1368663408105274, -0.708583943571091, 0.8508439419686483, -0.21161035069114675, 0.461487422845952, 1.0439694160109323, -0.9851998998657949, -0.6861886164165402, -1.0976354570879192, -0.3293060850505031, 0.37622140900816037, 0.7814561563166228, -4.037647985753348e-2, 0.9098382452839634, -0.6204757041706704, -0.42824276178316845, 0.3826159417949636, 1.061354697298531, 0.8538063060103034, 0.417292758947392, 0.1371816459448701, 1.1817260767275823, -0.29913874649284045, 0.9714843963637155, 0.7911772007650665, 0.8527991484910279, 0.8123615076021014, -0.6740400297138871, -1.2957619819268162, 0.7989314723756346, 0.4235679166726868, 0.46685768549473056, -9.686329967421031e-2, -0.23040396295175544, -2.1055017943293155, 1.150487426814322, 0.15719501483956455, 1.1594517935734558, -2.4176694964895787e-2, -8.457693010389662e-2, 0.14643905161405904, -2.4183152708900435, -2.251444505578548, 0.7283928229830302, 1.3423007833258829, -0.30639408720989614, 1.5447881799837409, -0.327736073166612, -6.755323908220272e-2, -7.313860622684569e-2, 1.1919703536883515)
