seed <- 328
log.wt <- -13.49044670488118
penalty <- 2.8115950178536287e-8
intervals.send <- c()
intervals.recv <- c(56, 112, 225, 450, 900, 1800, 3600, 7200, 14400, 28800, 57600, 115200, 230400, 460800, 921600, 1843200, 3686400, 7372800, 14745600, 29491200, 58982400)
dev.null <- 358759.0022669336
df.null <- 35567
dev.resid <- 226247.80402575154
df.resid <- 35402
df <- 165
coefs <- c(6.593372171172496, 5.600569569057728, 5.790345030957931, 5.263178333262506, 5.063528282976555, 4.8842843426073035, 4.70529708836171, 4.6329450907643155, 4.36925213193124, 4.327649777393813, 4.366873707341197, 4.161099524932911, 3.979695596219954, 3.9592888193319755, 3.752923023680745, 3.515702146332793, 3.211684202471507, 2.933232637314931, 2.504612137966654, 2.0350360705578585, 1.6028403551678345, 0.8419855528507932, 1.1174319469675102, 0.3854467855322296, 0.488900467097192, -1.5161433323107207, -0.2599484934164782, 0.7946620735203197, 1.130952436746094, -0.8390480530939476, -2.6261737702679744, -1.1712084973679358, -0.5037494404622327, 0.6996929745182572, 1.3235302123496036, -1.3250227147756684, -1.0140022699139895, -1.0475749311365308, 0.18504870765328565, 6.309571316952177e-2, 0.983156716733427, 0.9096861640514765, -0.8117755877664384, -2.1448680676762097, -0.8477027159288336, -0.6614211493647277, -0.9197240217215538, 0.21302168264385707, 0.5841881076888815, -0.790645795083121, -2.3153421135354214e-2, 1.0103886741771515, -2.4450365051925287, 1.7554992950355963, 0.7577946714342153, 1.0315534274129974, -1.8722375627627252, -0.1538517881468718, -0.9517389387589644, 1.1339946560996097, 0.5508272684476345, 0.8148445887242137, -1.328043212002992, -1.115351667745398, -0.6532258883875232, 0.3319169572825663, 0.7942800277887103, -0.5420494138942323, -1.135152661667956, -0.619023569509788, -2.4658071109222557, -0.6426276402625385, 0.573467239905559, 1.0228833215288515, 0.7600304621948294, -1.303647757059414, -1.361537811477494, -1.1529652529388157, -7.73208291712034e-4, 0.6431352489664595, 1.1505367133426312, 0.16668541937223166, 0.3813815166542367, -1.327098453048143, -0.47916777636468655, 0.44428098348646167, 1.3229551110850388, 0.6995858170813973, 0.9170041981283307, -2.383388312475607, 0.5244627055871935, 0.683419976132263, 0.8594847015937793, 0.3026772767619975, 0.16985187916938166, 1.320393735383384, 0.1481382459967087, 0.6657047728859888, -0.5456225250786935, -0.4532651090582191, 0.32535594161354997, -0.7082781858863417, 0.8230626345124581, 8.583915312601578e-2, 0.7088906949664653, 0.8073031620077504, 1.2618556144694364, -0.2704616270176163, -1.1585323915566528, -0.9038186788215733, 0.5509328727944995, 0.6111053597806164, 1.6041347051861319, -0.8983564626043952, -0.15214349586301038, -1.5596705247297598, 0.7172629297877071, -0.38304389941462424, 0.6283243097650867, 0.4503947886099118, -0.4385345678977081, -0.6294085714926163, -1.550889064079269, -0.5382493795866738, 0.4064399844250804, 0.971935082192596, -2.0157237330074476e-2, 0.9384967758682009, -0.8178519915171765, -0.3498345688754667, 0.4833861066756672, 0.9446614808456322, 0.8678488037923078, 0.4079404472113853, -0.11393198058910105, 0.9749927274558804, -0.39180359849160856, 1.0580828198765384, 0.7429579173957201, 0.881655607518894, 0.7063602179370505, -0.5743474956759655, -1.0205196431925756, 0.7430794316493883, 0.23432891094432934, 0.5942970480045103, -0.24314472568418927, -0.4951463516542964, -2.075109058755031, 1.3053920834721557, 9.142926755705846e-2, 1.1243909891063713, -0.14932625553721818, -7.682191452386822e-2, -7.971871455563474e-3, -1.6257821256600964, -0.3574620381395947, 0.9376401470032067, 1.245766268258425, -0.2481701000808791, 1.5596688794716271, -0.35047613491185875, -0.12296392475620989, 2.9305325536847452e-2, 1.1834853702485078)
