seed <- 760
log.wt <- -14.136297122777282
penalty <- 2.8115950178536287e-8
intervals.send <- c()
intervals.recv <- c(56, 112, 225, 450, 900, 1800, 3600, 7200, 14400, 28800, 57600, 115200, 230400, 460800, 921600, 1843200, 3686400, 7372800, 14745600, 29491200, 58982400)
dev.null <- 358759.0022669336
df.null <- 35567
dev.resid <- 225753.0486277692
df.resid <- 35402
df <- 165
coefs <- c(6.720684976926774, 5.646884981185008, 5.706447017521122, 5.382564452517757, 5.165709587818711, 4.879158598192491, 4.834031468537054, 4.639793240066751, 4.450448445902591, 4.222175314577845, 4.333996801864745, 4.153307201439039, 4.006123824744786, 3.9896771733265477, 3.754376183625723, 3.5411111582182713, 3.2454320711102356, 2.9390687167222875, 2.4662428522252426, 2.091642398295732, 1.5202420712473363, 0.8772816882860002, 1.0743152159930978, 0.5412431572657657, 0.19714406349904004, -1.2935123060195857, -0.5666407499279271, 0.9746500438864755, 1.079675355769551, -0.7159673144322269, -2.2835122363421503, -1.9892583778030235, -0.7401111275662607, 0.73931398150931, 1.3323801164672726, -0.873862814932566, -0.12962007763225925, -0.8728243001286354, 1.3841145998864322e-2, -1.2074418848038642, 0.9126633432556182, 1.1161362389616012, -1.0945526420156615, -1.526473846610895, -0.6333526239548645, -0.8077206882820623, -9.153089874975383e-2, 8.844826925181438e-2, 0.21565636037899216, -0.29217234795774844, 0.36178303523066974, 1.080914535375003, -1.892127847259561, 1.7981161720227345, 0.7461626185004897, 1.0133838920068214, -1.987043945474718, -6.095077248319081e-2, -1.387934406307495, 1.3269193725215507, 0.9685750845581013, 0.6083461534569692, -1.586796796609601, -0.8419405819967823, -0.6027496740725216, 0.3386494026698745, 0.7533833553646891, -0.538532714561287, -1.5159956252898934, -0.5721678149145157, -1.6437096097542288, 0.18174423542470763, 0.7654287113918882, 0.7910742890690597, 0.584816328290491, -0.7172343426883985, -1.2143760165937003, -1.1263708683180096, 5.368334290444676e-2, 0.5927301386029803, 1.1909496003909912, 0.1427821000695584, 0.18005393961924956, -1.6168622570835411, -0.12841986160300442, 0.42927115741092314, 1.1339494818450446, 0.33166151904061636, 0.7842584169942959, -2.195025953030408, 0.5501882469788293, 0.6195764193228996, 0.7984767391891077, 0.28083281703619994, -0.6249239940593339, 1.2297293626279742, -0.3517806747415956, 0.43459374078375723, 1.1211129868264355e-2, -0.2592197781728534, 0.25559990998654575, -1.0133401879695254, 0.729363774522402, -6.113596683940879e-2, 0.6611730618599606, 0.8695404185051303, 1.2048357556302665, -0.6988276187051059, -0.8849675756266561, -1.0165940450551496, 0.3093546652783645, 0.5651395579953994, 1.5332443608325967, -1.0082847782169495, -0.2650202076049287, -1.1617036265943002, 0.8216341911002064, -0.24782931034074898, 0.5616096889107612, 0.37636077571375975, -0.4850055826021152, -0.4104085766499231, -1.3303396188466543, -0.2114560503288333, 0.20753970085725243, 0.9003238996458768, 5.59069496643224e-2, 0.9631728625667978, -0.5853642196009543, -0.5498577143512346, 0.3822833391414256, 0.8164263188469357, 0.6336916343319237, 0.3635962142009249, 0.13958862272393957, 1.076314740504306, -0.4357901958132259, 1.0480992372188673, 0.7265261705178115, 0.9325842724058945, 0.8161625010436417, -0.6753585612860821, -0.9196806287866018, 0.5132934356074853, 0.3490033435530144, 0.41950186321231964, -0.17572220241414194, -0.7144862517440133, -2.1640862107977155, 1.2607782908656178, 0.2234311040856042, 1.1384366148561196, -0.10372139910407532, 4.133856251584313e-3, -6.76985181046505e-2, -1.8846122365387856, -1.1497054255073313, 0.8391281576771009, 1.1049549585626322, -7.690150706704442e-2, 1.5361488568408046, -0.4031141394174932, -0.1955604765757987, 1.722033264756479e-2, 1.2771928474067744)
