seed <- 836
log.wt <- 0.0
penalty <- 2.8115950178536287e-8
intervals.send <- c()
intervals.recv <- c(56, 112, 225, 450, 900, 1800, 3600, 7200, 14400, 28800, 57600, 115200, 230400, 460800, 921600, 1843200, 3686400, 7372800, 14745600, 29491200, 58982400)
dev.null <- 358759.0022669336
df.null <- 35567
dev.resid <- 226442.76317151514
df.resid <- 35402
df <- 165
coefs <- c(6.439690176694573, 5.957442972250491, 5.903510922048586, 5.425263355101327, 5.041284212791133, 4.846629428685668, 4.80982567614564, 4.668372981515383, 4.388862213795849, 4.347280714140312, 4.313226575282921, 4.195227033480284, 4.00743551231909, 3.9525435142688394, 3.7853681794629854, 3.556591650629881, 3.2571116460257477, 2.947767401097179, 2.5250790670996826, 2.1115264521835453, 1.7312527274845804, 0.8448314183888057, 1.097283701872528, 0.4313234883300958, 0.7481145298657523, -0.997582413532212, -0.4235780584969484, 0.9048249348933004, 1.005550787162831, -1.5020983062287812, -2.37847807872093, -2.228215962635429, -0.3499575751699444, 0.6941744434062955, 1.3233382977767707, -1.1179965644215186, -0.5511986786862904, -1.383816503234395, 0.1518335661759928, -1.2392185858276097, 0.8482859445916546, 0.8128152627167624, -0.728383689159847, -1.970321845895925, -0.9508032438313616, -0.7211511246477055, -0.35096352481892085, 0.197001592227573, 0.7022494850478589, -0.33594045586328286, -3.0111948996489533e-2, 0.9216820841304639, -2.1531163719225264, 1.7002705344583295, 0.6124753852105245, 0.9471964119779466, -1.8726910923313531, -0.15418597496305667, -0.5236953397731335, 1.3585213289985016, 1.2001643194476395, 0.6701955185958666, -1.4165426666198315, -0.8739562919060199, -0.711201930117649, 5.099493971461064e-2, 0.6439800567166255, -0.19839650031664796, -0.907055161870878, -0.5113756852538011, -2.3215791372764514, -0.2590429674519517, 0.5261749036156355, 0.9919460618073893, 0.7071934593422428, -0.6603988191836143, -0.9919222087456653, -0.9452436978057926, 0.19466830619838554, 0.5381835509876101, 1.1415323677604055, 8.537049029459132e-2, 0.12549883057605346, -1.6027734325277478, -0.6573824993346288, 0.5657924605689703, 1.1468692200809119, 0.448141871927976, 0.7074138678728544, -2.0791542688460587, 0.4494891459302797, 0.6350433795329139, 0.7572027299711074, 0.3351855659848388, -0.24394419126257064, 1.4475865581029421, -0.5870485909887928, 0.10353481542115699, 9.80970338165412e-3, 0.14695532739626935, 0.19726852970754585, -0.3226499629063971, 0.7677312466237516, 0.40020644684472506, 0.7014085847144234, 0.8040429187077447, 1.1328376777012874, -0.3182690956256289, -0.9638613555315492, -1.036323176416096, 0.3324818875133153, 0.47873636128323055, 1.465903775346405, -0.6379972918448641, -0.11873695710865158, -0.9171817573177244, 0.7591996668148665, -0.2118187756350618, 0.4907562703315429, 0.5171166486369, -0.13846530137794752, -0.5680226099577285, -1.375268171682658, -0.563557190332564, 0.23926777326831195, 0.7792856925373101, -8.472702169260979e-2, 0.877980314907282, -0.9958677622362513, -0.4472230308136214, 0.2584799216042508, 0.8042535963530659, 0.9006873983082699, 0.43196353718679903, -1.5147675949134402e-2, 1.1528729957353225, -0.37868557792640456, 1.0637725938608324, 0.7518059617438843, 0.8870217421698092, 0.7052363736052334, -0.6786449957661305, -1.0631832277503663, 0.6505856798804194, 0.4291422202380974, 0.5926423610323647, -0.22783403116946038, -0.4351328594819791, -1.68188696964136, 1.2239250739034542, 7.658869104616477e-2, 1.1513951231387696, -8.134436907235489e-2, -3.920524970307112e-2, 7.517072101901848e-2, -2.108306832502634, -1.6085764306040373, 0.9656104043911159, 1.1402947164203097, -0.2809498286347604, 1.4531223804039484, -0.14392056955943164, -0.18641304678761111, -0.12291090339347026, 1.0931394816460596)
