seed <- 271
log.wt <- -10.20122478295253
penalty <- 2.8115950178536287e-8
intervals.send <- c()
intervals.recv <- c(56, 112, 225, 450, 900, 1800, 3600, 7200, 14400, 28800, 57600, 115200, 230400, 460800, 921600, 1843200, 3686400, 7372800, 14745600, 29491200, 58982400)
dev.null <- 358759.0022669336
df.null <- 35567
dev.resid <- 226236.58029860858
df.resid <- 35402
df <- 165
coefs <- c(6.702809178606408, 5.958997561378157, 5.520407506117204, 5.3574350238865085, 4.991884731042228, 4.9484333981840445, 4.809505351837045, 4.622514710062289, 4.363846994024157, 4.224003973338899, 4.278090133657741, 4.189604601622676, 4.0199764820507875, 3.9883133313444956, 3.735756797010293, 3.5240315393820367, 3.258362446666208, 2.9394923891035067, 2.469073757801695, 2.0593798515018853, 1.5389268033734422, 0.8815731343221851, 1.0339387428706253, 1.3396058792357933e-2, 0.2763430453026793, -0.8752660429756298, -0.11632558263733601, 0.960350560623465, 0.9957321441278318, -1.0207289671894104, -2.4532982312901033, -2.1680014216325807, -0.3603010882109128, 0.7937700228402592, 1.2734880148823333, -0.955312605717471, -0.6139993242142767, -1.3189130323118405, 0.45726587673163444, -1.0554683543868628, 0.9467282366901546, 1.105254834645702, -0.7636720386361542, -1.9285793198501247, -1.1795065703105623, -0.7794372116545275, -0.11634981535138843, 0.3310275079324899, 4.707489071161087e-2, -0.507242433984571, -0.5251851919815108, 0.7592786285554309, -2.817547155920954, 1.57419644953287, 0.7888490318088828, 0.9828108475268839, -2.1513829420159407, 0.28620862269046715, -9.887455917113107e-2, 1.4763431818779884, 1.07461748906846, 0.729537878052821, -2.2249516310267023, -0.7093171791906822, -0.4140829187513462, -4.268763596397827e-2, 0.5852374042644691, -0.5174870835923168, -1.1374782035380278, -0.7111350338998308, -2.773112118774633, -1.0282318601945755, 0.45249748438106996, 0.9978335046168118, 0.7237198843289976, -0.8588563500705251, -1.1171745566881577, -1.1467207909179047, 9.68881233827663e-2, 0.6722585085202485, 1.2271623970544845, 0.11492408906481216, 0.11211841325209806, -1.8876918203841124, -0.5332665121367168, 0.1798278121926147, 1.235160667961614, 0.39009817338208724, 0.8285864942212015, -1.987195592863148, 0.5340019429806808, 0.8336126959900247, 0.8460312988863128, 0.3400837416069112, -0.42966190147352346, 1.1548108292117687, 0.3594504061504021, 0.38354146257807964, 0.2482252789334544, 1.9095683940194834e-2, 0.3495370177122192, -0.2695323179194058, 0.9496788013055787, 0.3033352704621315, 0.6241033573529431, 0.8053909123085026, 1.2392010806272091, 0.3994435753489057, -0.4040700830847412, -0.6730129931121809, 0.417472059671945, 0.6158243074760712, 1.528215221415524, -0.6462044560029889, -0.44611336957232706, -1.3782330664217737, 0.7540500284668521, -0.3910658683565368, 0.5621186348155643, 0.7908064878313227, -0.6710984034553727, -0.716501986744479, -1.4685882555161056, -0.46544581887666153, 0.2964862174395159, 0.7090854819920668, -5.854053736301834e-2, 0.9677309697567951, -0.3630137848852291, -0.49546991226886666, 0.33801961210242715, 0.80843174189971, 0.7904178126138722, 0.48609684891506555, 9.982525978852992e-2, 1.108134440842982, -0.3612208884079351, 1.058367110034537, 0.6963848614484371, 1.015198665949578, 0.7682324265633054, -0.6884967457589122, -1.0725263009051957, 0.6434090917358303, 0.16769127541449438, 0.4745699477113423, -7.749352653929549e-2, -0.2929216371576662, -1.7324330425182721, 1.1953465177724518, 0.1885963584458343, 1.2243955222559173, -0.20110572564067036, -0.1563457508945443, -6.835980287440155e-2, -1.7464321883342357, -0.9456580807514978, 0.8395290350619192, 1.230875160284672, -0.47077245513785243, 1.4971732306802796, -0.5291806331207751, -0.11801234677507108, -7.041588964798117e-3, 1.173208806277338)
