seed <- 711
log.wt <- -13.08796349212006
penalty <- 2.8115950178536287e-8
intervals.send <- c()
intervals.recv <- c(56, 112, 225, 450, 900, 1800, 3600, 7200, 14400, 28800, 57600, 115200, 230400, 460800, 921600, 1843200, 3686400, 7372800, 14745600, 29491200, 58982400)
dev.null <- 358759.0022669336
df.null <- 35567
dev.resid <- 225067.7702367505
df.resid <- 35402
df <- 165
coefs <- c(6.422504223638182, 6.11650175232588, 5.662069887532904, 5.301944312791211, 5.017427328866648, 4.8867396316255, 4.843815711145249, 4.677947335964158, 4.4393606234247205, 4.2494277335034125, 4.307791504134339, 4.161369581697009, 4.032715579954732, 3.9822063590323267, 3.7847646611694534, 3.5330750413103593, 3.244151678696054, 2.9845988135979327, 2.5023060182257995, 2.0605602321504306, 1.6288622391498158, 0.873595717313824, 1.1233266619816447, 0.38002661148795547, 1.1951888479938215, -1.0001377558103905, -0.11703721693806937, 1.063656979590499, 1.1904810716714138, -1.4130106856392146, -2.130393807370089, -1.9344371949519727, -0.3724793889056313, 0.7221129438047645, 1.2687920075961072, -0.945623857035447, -0.5410896366006561, -0.9624036113103844, 0.26793044709543595, -1.432651944294541, 1.039861401950064, 0.9291130744729673, -1.202276058694099, -2.5735050302029485, -0.7635545135681155, -0.7518408137406215, -0.4348122501877266, 0.36532972972439004, 0.6568417584393594, -0.7800784106124125, 7.866344867274234e-2, 1.2923694456020836, -3.2412594122673988, 1.7243274787046579, 0.8058087156742463, 1.1526326652900136, -2.3208449409559986, -3.9692622315956404e-2, -0.17309638125177026, 1.2733430879122611, 1.4548215096632597, 0.7376537432666345, -1.4276962865048695, -0.4234584960036964, -0.7970908681490552, 0.44123207333936937, 0.6920440525088001, -0.42240321022988025, -2.0561894722458063, -0.6086982482409258, -2.402100464286918, 0.16501737394975435, 0.6735893187173811, 0.9427881130067337, 0.601875882736228, -0.842395914109868, -1.249641480793765, -1.1873519672716928, -0.10330581733850185, 0.7865661271243533, 1.2752111600153366, 2.5182015734059062e-2, 0.17652036534362467, -2.0176569522077004, -0.9575877703423122, 0.432105802886275, 1.227891573454261, 0.5682283579057201, 0.9932943479239833, -2.5637030913767016, 0.5593874349725669, 0.8204735678409786, 0.9161164469410116, 0.2670376410326091, -9.561046617793427e-2, 1.4195382223385002, -1.074012413395901, 0.22903522933317133, -9.171767343276654e-2, -0.5426322963809285, 0.5457060621589069, -0.34406918720305213, 0.7446351799848813, 0.11218743226552598, 0.9143534121779193, 0.819867264771044, 1.21458966243152, -0.8183765090620746, -7.9132109993052e-2, -0.9315746638522869, 0.5271374887770152, 0.6644869506288466, 1.6775645136890311, -0.7267711833353724, -2.5173743554569205e-2, -1.3008593352948785, 0.8257546976669954, -0.2474708669700202, 0.4225676852113445, 0.6949295511454928, -0.6934518251477083, -0.35232616826584084, -2.0886661799885986, -0.6446723742388687, 0.3611930872185722, 1.0194015274138832, 1.15765720761647e-2, 1.017310777763264, -0.5048515895497133, -0.48377677032460836, 0.36846555048387014, 1.0417930735026606, 1.076319351753617, 0.34744474996439867, 6.200956770430755e-2, 1.0976118308259515, -0.3149854869004051, 1.1005240347615848, 0.7036172440850497, 1.0308362767590065, 0.8018470510592072, -0.5657456263192548, -1.4679098027617934, 0.8591868409802818, 0.45289324475048337, 0.48322143896217246, -0.20144369296223444, -0.40820556865426283, -1.8386789206312941, 1.2604095115205594, 9.28988424447014e-2, 1.2367663987797377, -3.7179784237225795e-2, -1.0570634744699891e-2, -7.325683820429016e-4, -2.4175071727360855, -2.1643802758383193, 0.854271532432005, 1.1610526413864897, -0.3923369708708766, 1.633555684129834, -0.2401015853872242, -0.14881861478902333, 7.443152485669519e-2, 1.321816921601812)
