seed <- 956
log.wt <- -15.960734557933165
penalty <- 2.8115950178536287e-8
intervals.send <- c()
intervals.recv <- c(56, 112, 225, 450, 900, 1800, 3600, 7200, 14400, 28800, 57600, 115200, 230400, 460800, 921600, 1843200, 3686400, 7372800, 14745600, 29491200, 58982400)
dev.null <- 358759.0022669336
df.null <- 35567
dev.resid <- 226286.34685419893
df.resid <- 35402
df <- 165
coefs <- c(6.5140448836175615, 5.8264795837899666, 5.6732290728842925, 5.428853402413445, 5.053014479616312, 4.8245963647198575, 4.728622442751384, 4.568704475353131, 4.336647330192042, 4.27567274066645, 4.331596769486537, 4.173787330033735, 3.998219465816309, 3.9747248782009055, 3.7451002296465137, 3.525649265120887, 3.2576519412335743, 2.953086800059038, 2.5095738916244397, 2.0862130427634047, 1.5784671981497944, 0.8798261692376397, 0.9715643078587058, 0.3816947117224292, 0.5030595098615126, -0.9192280924763166, -0.31528958073777386, 0.8875102685013284, 1.0153876589053112, -0.7549911159740564, -2.155256493333272, -2.0557308099781455, -1.8919600481235306e-3, 0.6532414225651106, 1.288974556068494, -0.6916196874718914, 0.4314968749457571, -0.6885840046970919, 0.1413757409493287, -0.40075631666580674, 0.9246075742564493, 0.9061365432894196, -0.7825985177194992, -1.9966825769635106, -0.8340612134791994, -0.7759389348772813, -0.30220475128767627, 0.42729672860208795, 0.605619438841021, -0.8585005812378202, -0.3859749979141108, 0.9736983860746321, -2.7463111063717376, 1.7356162262833301, 0.7544708245710194, 1.0176346263136362, -2.3109802595063833, 9.851076071093254e-2, -0.4289023640204982, 1.2967166940628383, 1.4503054992462465, 0.7519491052991926, -1.7717009221769182, -0.36837554320556865, -1.1030021715560767, 2.341932348124482e-3, 0.5899588131584731, -0.365922244161672, -2.136293841701914, -0.6448842355414423, -2.069395129192683, -0.4664024343109513, 0.469896416419266, 0.9022570003465862, 0.730382639535823, -0.680371978986689, -1.0269343443131635, -1.4492293456997953, 0.15984287403517375, 0.657951947234705, 1.2258108664511616, 0.1350686813762324, 0.1051859687228432, -1.8902976932789521, -0.23790625805824556, 0.25346616327941224, 1.270650562114684, 0.47554954888804724, 0.9730337502993026, -2.6146877027252526, 0.48564780326594587, 0.7212979042028761, 0.9546624542174719, 0.409780992270918, 2.443192115838652e-2, 1.3487200971176205, -0.8997492547345628, 0.4470245218563365, -0.12779621026689164, -3.326127048720832e-2, 0.3910442838601095, -0.4307919143001883, 0.7580564883810432, 0.2795939176690201, 0.9319608465411906, 0.8364909286200515, 1.1230900028191684, -0.7126232091280011, -1.1403502114874304, -1.2932632790158949, 0.547002524358248, 0.6375056311788219, 1.588710623257275, -0.7268795756947806, -0.25305520831299005, -1.164750531078724, 0.8974559193317925, -0.39194359877938223, 0.47714645752257157, 0.6615221311341258, -1.0206725854191192, -0.43170210705195006, -0.9830743062941282, -1.527867019745276, 0.37085300034736085, 0.9601031027873312, -4.475711745520527e-2, 0.9635830526568528, -0.9953249768975921, -0.43342108300410925, 0.2135631060161857, 0.7355109726671956, 0.9405040168597925, 0.46343352452586295, -3.8953833449894566e-2, 1.0560080865209907, -0.3760579491922401, 1.1769776993173997, 0.6688749731522863, 0.8799960135972834, 0.9235274614643815, -0.6590979002022622, -1.2256063821405685, 0.6411296165833787, 0.5297588957014698, 0.4702748252152011, -0.30115440137851424, -0.789459509959895, -1.5890021902008353, 1.2988906947847676, -1.8283049088403093e-2, 1.1267602095606073, 3.4467927666944925e-2, -0.10763320237636821, -0.17784769352495736, -1.7316479276999006, -1.6319623421756901, 0.902872923956487, 1.234532785260111, -0.23018028211338065, 1.577670870708379, -0.10348654441646986, -0.1629013906546757, -6.373150905301103e-2, 1.3106667759603035)
