seed <- 795
log.wt <- -12.167229998008164
penalty <- 2.8115950178536287e-8
intervals.send <- c()
intervals.recv <- c(56, 112, 225, 450, 900, 1800, 3600, 7200, 14400, 28800, 57600, 115200, 230400, 460800, 921600, 1843200, 3686400, 7372800, 14745600, 29491200, 58982400)
dev.null <- 358759.0022669336
df.null <- 35567
dev.resid <- 226609.91965871752
df.resid <- 35402
df <- 165
coefs <- c(6.692634701338226, 5.909122857595241, 5.584106310166042, 5.341149613037365, 4.977295739310572, 4.775486036502789, 4.778904733444944, 4.680304292306335, 4.329368423739095, 4.212903291390493, 4.275570404123611, 4.152719760385831, 3.94006412541485, 3.9176133912893385, 3.7273654258452713, 3.4701817578914698, 3.218480294534587, 2.916470987871942, 2.44814216645511, 2.0100036919849513, 1.534179877265345, 0.9308006691096578, 0.9227119354637338, 0.5006162137706466, 0.23652902760069308, -1.0269052470912916, 5.484711165306718e-3, 0.950159555832356, 1.1299269012852031, -1.2713482516429921, -2.94408689294581, -2.9552327182099436, -0.5977376798967056, 0.751469909352905, 1.1156868198118568, -1.2203284280991094, -0.4244080011611834, -1.190996123882497, 5.867248933841235e-2, -9.021576455160477e-2, 1.0790750328293084, 0.6779972830142161, -0.8111048617254926, -2.320818716689308, -0.7957024986028214, -0.6129267208902367, -0.6411191323468918, 0.23998218609636066, 0.36183247288277137, -0.8723553899785044, 0.34936270112832907, 0.701929685566356, -3.2894589686705933, 1.8347418006667264, 0.8315410626392684, 1.172604015623047, -2.7199383140632145, -0.27688814584121146, -0.4419193483272224, 1.2906138645553757, 0.9551862007912493, 0.745000893998573, -2.27549215547403, -1.2753731870610396, -0.6747216905284013, 8.442054309977488e-2, 0.6169410644955129, -0.21213961969164463, -1.0924095410854686, -0.7623830595461148, -1.6843438515273341, -8.284666036061257e-2, 0.568309900864197, 0.910197500873033, 0.6233741320131089, -0.5556112004542554, -1.324810955588525, -1.359051789184952, 3.242848727853976e-2, 0.7974227508982508, 1.160836258669071, 0.2405463466584848, 0.24973114170269337, -1.9829743558994855, -0.8611693612945529, 0.28876267517643456, 1.1899839668805834, 0.3222154869942685, 0.9220491334507503, -2.634709639954054, 0.3579483077082826, 0.9084618038930238, 0.8749325306213273, 0.33619772027581757, 0.1118675765480193, 1.6132062129637552, 0.3870714168649673, 0.778766763811937, -0.12065824747075737, 3.649154892305498e-2, 0.5055626348394998, 0.16897140756579632, 0.9833499639776481, 0.34896758702720077, 0.8499365804204954, 0.8969507377696605, 1.0343777569419943, -0.7761486346772836, -0.3748289986914962, -0.8640501711191491, 0.34041297311011476, 0.6133323362048, 1.7062759318497362, -0.34730861067742674, -3.132325990086302e-2, -1.049937208650424, 0.8659758129113709, -0.4198062939955115, 0.2817505827357296, 0.8035411738188706, -0.9996350831943566, -0.37620995856130435, -1.1339498307096636, -0.5857445711329126, 0.36423167763871694, 0.9122444861728164, 6.697215080577798e-2, 1.0351969901877283, -0.2907943792851218, -0.41283366042960845, 0.22060317055519138, 1.1807501071288455, 0.7837482061991122, 0.40159234756638906, 8.565653523766037e-2, 1.0093513322141117, -0.40533573539601486, 1.073805944628765, 0.7821389333555027, 0.956703734817782, 0.7434904332018005, -0.6263200956711721, -1.061039112092009, 0.8349922424322612, 5.494168424134419e-2, 0.44699579415022994, -0.26764439275239754, -0.6834123329409013, -1.6838929025337896, 1.2006924724941568, 0.2287614429506328, 1.2779295673987545, -0.25523714675782305, -4.480740679296425e-2, -0.10830753946567577, -2.4014039217296324, -0.6875774651027492, 0.7592009150560957, 1.1447971175333116, -0.4431228895942353, 1.6710989408243666, -0.34045564618283397, -0.11356639863903976, 4.084181339542498e-2, 1.2566479438671132)
