seed <- 751
log.wt <- -15.834076033139093
penalty <- 2.8115950178536287e-8
intervals.send <- c()
intervals.recv <- c(56, 112, 225, 450, 900, 1800, 3600, 7200, 14400, 28800, 57600, 115200, 230400, 460800, 921600, 1843200, 3686400, 7372800, 14745600, 29491200, 58982400)
dev.null <- 358759.0022669336
df.null <- 35567
dev.resid <- 225644.98746350117
df.resid <- 35402
df <- 165
coefs <- c(6.479702684981571, 5.910168436551513, 5.717847994070856, 5.554634562829732, 5.0963600317854, 4.801184333885979, 4.715738550289931, 4.619245617561602, 4.3495249037448875, 4.255341544992032, 4.2382485697060295, 4.177140964598414, 4.024193354661689, 3.9852206380869215, 3.7557310181237558, 3.486980607780548, 3.245876834774969, 2.9759614063111135, 2.5300985875742263, 2.0481675145533726, 1.6463178833961174, 0.8905545482278591, 1.1226186246207635, 0.5339741860686655, 0.7539997191367415, -1.4774934289125123, -0.3186365234234862, 0.942768608335008, 1.1450474105844854, -0.7033759006071164, -2.4660003914116952, -1.9723981881491215, -0.49534014947447347, 0.7419294687913168, 1.292757172613151, -1.733538944569383, -1.2305732626028845, -1.063729805292673, -7.82032014005851e-2, -1.2032379945291558, 0.9870473590123375, 0.9006595402051862, -0.7036678906518974, -3.085514164098289, -1.0217368436317924, -0.5332583478402192, -0.332438576689274, 0.5676391142276785, 0.6222929392051233, -0.38296913121077497, -6.351926942305833e-2, 0.8063486559924646, -2.751275209718358, 1.8810090310845196, 0.8872925351104699, 1.1210686038621445, -2.3671880045629714, -0.3168803751710544, -0.44628689882233685, 1.24139020317864, 0.739447670236743, 0.7428387587651916, -2.22971160301065, -1.209885708260826, -0.5799596451844029, 1.8520116465366306e-3, 0.5362842182780463, -0.24918805266221597, -1.763355652177629, -0.6121982107935489, -2.4351600159653053, -0.11722229551527497, 0.5539356262785932, 1.0199479241093976, 0.7266052702083453, -0.7274876989004927, -1.3430514100773714, -1.8140125329468113, 0.11724374626594525, 0.7641056177637439, 1.1828905988832192, 0.1915225923917843, 0.19879529902095125, -2.088153787115129, 7.48569111622854e-2, 0.34110444469829254, 1.2819086531276285, 0.48278199046062964, 0.8539890205277072, -2.2232230284269496, 0.47167094107059176, 0.7366723071928921, 0.9040153346805643, 0.3367672260647977, -0.13173864334973212, 1.3926368507775118, -0.7262735530150348, 0.27652198299320935, 2.525258484467873e-2, 0.35677705830143813, 0.5635232432731518, -0.7605132931231359, 0.7427024980956809, 0.39326493037760546, 0.8188421174171869, 0.8850288026941359, 1.1301563584216334, -0.3116415379469442, -0.6603109567908928, -0.9454259631607613, 0.44636868155932385, 0.5851937711906192, 1.589848136698486, -0.5498049844518804, -0.19364611218601843, -0.868359109183005, 0.8719148211633831, -0.4102598040604039, 0.34809517313804617, 0.9085450668238946, -0.7488748392112923, -0.40786474173204557, -0.8669938099420474, -0.39597664221424556, 0.2643135174651867, 0.9401822699896906, -7.377104057270453e-2, 1.0358926185223225, -0.2863112154882888, -0.41037664074762364, 0.37946192448386135, 1.0275061308454323, 0.9866702871676091, 0.4221791627769446, 4.895891070566821e-2, 1.207503676943293, -0.43017388548634833, 1.1809456811074717, 0.720119276613779, 0.9683695934625287, 0.8612854104122606, -0.5993175716118899, -1.154625717391333, 0.733485993080825, 0.6061855069277485, 0.547030379168052, -0.19569225999271697, -0.6448789038623512, -1.8325532769843007, 1.3933618667601442, 0.12943134478536916, 1.1843611259726747, -3.1124793215668974e-2, -0.16351168794532953, 2.8365299919548663e-2, -2.1546209798559475, -0.9713560484947319, 0.9278604177977355, 1.223662566746778, -0.1999068134563968, 1.5332447398894296, -0.24708066123781391, -0.1676591253975001, -2.827528306113267e-2, 1.3261083759941563)
