seed <- 542
log.wt <- -15.254309434447292
penalty <- 2.8115950178536287e-8
intervals.send <- c()
intervals.recv <- c(56, 112, 225, 450, 900, 1800, 3600, 7200, 14400, 28800, 57600, 115200, 230400, 460800, 921600, 1843200, 3686400, 7372800, 14745600, 29491200, 58982400)
dev.null <- 358759.0022669336
df.null <- 35567
dev.resid <- 226492.5701184727
df.resid <- 35402
df <- 165
coefs <- c(6.688159642544111, 6.061388664203021, 5.789097030035581, 5.422540641995105, 4.979234489024096, 4.746492181188938, 4.763921592677541, 4.6064784702414325, 4.3667789115574696, 4.250297388661897, 4.3061089908743515, 4.156923761418124, 4.028719018341586, 3.9643622751896204, 3.7455149752222923, 3.527236597985486, 3.2354607443373573, 2.959558174115907, 2.5088835369966516, 2.0464473977772997, 1.5409907178240443, 0.8577922655527239, 0.9318750490643103, 0.46302669887628506, -7.07723022138286e-2, -0.946343292473911, -0.35358340475398886, 0.8600732004258743, 1.0882484568034427, -1.11295797826832, -2.328456076787285, -1.9844529189076658, -0.4822095410847684, 0.7124624213023073, 1.2342759916874464, -1.4417332273905095, -0.5066571212058741, -1.3343231692394761, 0.23610536585337547, -0.27595245192600065, 0.9771994911639471, 0.9279091259567257, -1.2638277591279992, -2.3556551790870106, -1.4999554208029537, -0.745528072063889, -0.7532774554132317, 4.476987790135188e-2, 0.37513627234019886, -0.6507348126317171, -0.19694644722295132, 0.9895079864268409, -2.717385005128661, 1.824762271132152, 0.8220788438417033, 1.0501190669426363, -2.317867866043134, -4.9965939504061634e-2, -0.7036612170536867, 0.9752737517876441, 1.2314769812624369, 0.7820835240441485, -2.038958161202345, -0.42321443918604285, -0.5812206610790351, 0.36089924177621335, 0.6620766255804597, -0.27529156515745407, -1.1847018465048538, -0.6676318082634104, -1.8124624730680314, -0.3921860565500105, 0.35106095241170115, 1.002882675106394, 0.6518001147831858, -0.9381508452160576, -1.4786567263808204, -1.0072726176442763, 7.446927955079878e-2, 0.8301493544641795, 1.2345867926954253, 0.16630170662431934, 0.14089195457379283, -1.702181834617603, -0.40026538319705623, 0.2897038547967545, 1.2691824040679227, 0.4871363895367822, 0.8527031242463667, -2.4362283145146173, 0.5987087590336022, 0.7060425283478817, 0.9216668597828687, 0.2947918436578174, 0.2718176530080462, 1.3514273761477997, -0.5770384279495742, 0.505420920078385, -2.1681798136147984e-2, -0.5891718521648285, 0.4136970732962343, -1.0282314532560484, 0.8868358323881285, 0.12277520374911507, 0.9553051264933771, 0.8305165038350396, 1.034018110610727, 0.305194724200388, -0.2048062952538305, -0.6404159593728657, 0.44466438443985423, 0.3181286686811297, 1.6472961807263504, -0.660371168199561, -0.18057837985167496, -1.2468314378458791, 0.8680563203405941, -0.3123997762015637, 0.4153738779463354, 0.36087750784603506, -0.30062402066404126, -0.67248839598657, -1.0743701751049626, -0.3742680722581895, 0.4342821291632548, 1.0360263995519998, -3.375916334953636e-2, 0.9387328381093208, -0.7458472186039734, -0.37353209076881144, 0.37122400864367294, 0.7746508248569071, 1.0224363414522446, 0.42962355504730615, 0.1363327454511021, 1.0170347525354217, -0.30705474792657184, 1.100125939453348, 0.7640589258004373, 0.9670461135945129, 0.8842413791320218, -0.6996437462754943, -1.1091594956180186, 0.5860203023905098, 0.6631063202079419, 0.43069977966005435, -0.17369320751169998, -0.4083212124951172, -1.9765737930846488, 1.2858512306478083, 0.11137873958884345, 1.2801855703975478, 3.2595715605573033e-2, -1.3163307895142038e-2, -2.0916004381302956e-2, -1.325139945448815, -1.5830533171903245, 0.8038913209715226, 1.121148179336592, -0.6628021243598109, 1.647464478200109, -0.2905126766355026, -0.11298562666746627, -3.281957460722146e-2, 1.3341296989897304)
