seed <- 586
log.wt <- -14.872262662562747
penalty <- 2.8115950178536287e-8
intervals.send <- c()
intervals.recv <- c(56, 112, 225, 450, 900, 1800, 3600, 7200, 14400, 28800, 57600, 115200, 230400, 460800, 921600, 1843200, 3686400, 7372800, 14745600, 29491200, 58982400)
dev.null <- 358759.0022669336
df.null <- 35567
dev.resid <- 226550.40452557144
df.resid <- 35402
df <- 165
coefs <- c(6.510336798758634, 5.8034023991664, 5.586991679576322, 5.277836254146173, 5.148638852129271, 4.851856025082261, 4.74033250642861, 4.58604263404726, 4.3817066620098215, 4.289101068949865, 4.257533973952822, 4.165987125371964, 4.001334916592675, 3.9540742548126637, 3.734551995124754, 3.5039556079097722, 3.217954103701795, 2.926493700137645, 2.4802475828721446, 2.112447737636719, 1.5494198939816684, 0.8577288788339318, 1.0200106443333437, 0.510723486055845, 0.19494468587617406, -1.324941148533584, -0.1472029323730754, 1.0853563591322744, 1.1141997816756928, -1.3179165808407094, -2.635735719999063, -2.2143416576018495, -0.2667060192341237, 0.7852963524464809, 1.3207847215700153, -1.196133959153464, 0.16149850042878366, -1.3123369356904566, 2.4964743164454226e-2, -1.0687193061266271, 0.9309688444855306, 1.0523381903271098, -0.6291486820840998, -2.236240300310476, -0.5906862574586851, -0.8732483887214689, -0.6845454172487034, -6.619555382184074e-2, 4.0857041990999744e-2, -0.5096937460257296, -9.194752941429936e-2, 1.1718006482821515, -3.1080415421788308, 1.675479920517006, 0.7430816021954104, 1.0673893122289901, -2.477478034752121, 2.4901820067784554e-2, -0.9347235119067482, 0.7255289202885612, 0.8536074085699714, 0.8425987356703493, -1.8845021282656123, -1.6000226058135607, -0.4766145452620787, -0.18066959412304748, 0.5812756511805299, -0.5639274228234961, -1.2896136149646633, -0.5449190513899912, -1.753459022868402, 5.263952740683446e-2, 0.21269699308531598, 0.9880181135610743, 0.6893874650086537, -0.6904388773869276, -0.9337140479370154, -1.13519433265332, 4.2916369946991724e-2, 0.695969159227857, 1.1906205746288796, 0.10062085829273164, 8.063555396919815e-2, -1.9270116448264902, 0.32398498082104016, 0.3295014528203066, 1.221933553356677, 0.6208266586363722, 0.9130625027423088, -2.27161740623449, 0.46494268583217696, 0.8478602644007224, 0.8396174317595474, 0.3616695128299014, 8.975707227675428e-2, 1.212656911714641, -0.12414431438150603, 0.4374198968931427, -8.949780993749724e-2, -0.45100597978314355, 0.5775935846254194, -0.13150675031258505, 0.9832190779969391, 0.10488545248293084, 0.5874973668292214, 0.8624505176554974, 1.1682926442003088, 0.41129971955747097, -0.8121395773989453, -1.0821601298025991, 0.3430319029094572, 0.5623018615836797, 1.6218303575917663, -0.8122971599730011, -0.3001374283287262, -1.0087139738836286, 0.814282169751702, -0.2924465617800784, 0.534908127221777, 0.7186413556963108, -1.0588353332748295, -0.2079051660573044, -1.0760694898661398, -0.1397174693804507, 0.3675374552315309, 0.9061473132916255, -1.4537246092003598e-2, 0.948436627040669, -0.702497869786106, -0.3520406840770645, 0.2169411167620312, 0.9106758267625635, 0.6430818643451125, 0.4572335331884758, -2.133150872770287e-2, 1.176702345039804, -0.4353256311843568, 1.0511335769812584, 0.7518107674812634, 0.9457358298945964, 0.8811246060937443, -0.8339889223598428, -1.0074413006611016, 0.6519377855237706, 0.5413213784736002, 0.5136924686328412, -0.17924297030078548, -0.39971629325018193, -2.1475233035787658, 1.3824734244730115, 0.17634528685885287, 1.2338511804055747, -0.22632947038783596, -9.60243317977704e-2, -5.1160627648436964e-2, -2.004762375204218, -0.9768736285357227, 0.8685729253434863, 1.2104767044457478, -0.2673673409333751, 1.5760265437886576, -0.21837060145293796, -0.16403236498829332, 0.17909552893795858, 1.2401691175203686)
