seed <- 651
log.wt <- 0.0
penalty <- 2.8115950178536287e-8
intervals.send <- c()
intervals.recv <- c(56, 112, 225, 450, 900, 1800, 3600, 7200, 14400, 28800, 57600, 115200, 230400, 460800, 921600, 1843200, 3686400, 7372800, 14745600, 29491200, 58982400)
dev.null <- 358759.0022669336
df.null <- 35567
dev.resid <- 225944.87871015232
df.resid <- 35402
df <- 165
coefs <- c(6.62405748277627, 5.8278056842838994, 5.532055616026717, 5.356056579329069, 5.201261269819631, 4.946623227297673, 4.684790701216467, 4.699498443941267, 4.427558413027414, 4.198096924795739, 4.351464405495779, 4.196258232064255, 3.9646025226513686, 3.9820522450738296, 3.752465091893462, 3.516140925529492, 3.2487877453220073, 2.9652437797174374, 2.489617014302221, 2.07868198745489, 1.5081515963670933, 0.8441493196139311, 1.0413241492651717, 0.36636338427384585, 0.357773527025324, -0.7891757233025151, -0.19127242342791975, 0.968038437995239, 1.0645076663149462, -1.0399175265215135, -2.5304815643235337, -2.00530286271388, -0.3259589626851545, 0.7350339760795441, 1.2359473701352115, -1.3500078669313615, -0.11029304640287378, -0.672875485619986, -0.25288478736414355, -0.7570894925401181, 0.9068508800741268, 0.8683358534327819, -0.7144595547070172, -1.9251130819078235, -1.24976964242645, -0.6950616208779737, -0.23890199732584488, 0.5217535369046361, 0.3022065084813473, -1.1505783718348663, 7.689138383464299e-2, 1.0692334857197707, -2.5417456787165267, 1.6958625554909164, 0.777854041955938, 0.9738386619428315, -1.734038763944743, 6.223856229015457e-2, -0.6001488997319223, 1.0307458335477673, 1.1423328110784436, 0.7714074010919046, -1.7949783203078788, -0.6379745525669035, -0.46791797982075195, 5.013372724808057e-2, 0.6328364785308448, -0.5491317802784751, -0.8219775347197019, -0.5869490879827989, -2.0035089366565244, -0.6157589461408917, 0.721909272746137, 0.9174336009198281, 0.6179702446305918, -1.0334482183037388, -1.3266465197893176, -1.4598051510236756, -3.608220221631219e-2, 0.7361029579533535, 1.0600903772841297, 5.136933819508228e-2, 0.36199873566025853, -1.3565812524765835, 9.423191125226425e-2, 0.3993696863638007, 1.2179458153938623, 0.6015108205964456, 0.7895221511237578, -2.6064203304518725, 0.4141439314894956, 0.7478333492033776, 0.750993884966678, 0.2716536657940636, -0.21483773071728468, 1.5369807812478598, -0.9081529536225246, 0.10090274005542477, 0.11888582096836858, -0.5873659913450385, 0.47589105796518455, -0.3330328693372451, 0.8883043157738519, -0.21181400329309574, 0.8432188795417416, 0.7913150104259458, 1.1774043782458115, -0.6158562997303387, -0.32607356754107614, -0.8389487092152118, 0.4220496214525215, 0.8252477087173029, 1.530868525225356, -0.23751038309120195, -0.26925770440410446, -0.8541817341148141, 0.6310656398606597, -0.27483276832531706, 0.4005937505896766, 0.8264176706103519, -0.5920503582714429, -0.5497537753590279, -1.2001749287882943, -0.42985983291271995, 0.2666709364301251, 0.8441691875605812, -4.713089301406146e-2, 0.927060875868094, -0.7474140125101191, -0.4591893120004105, 0.26318525710389495, 0.9893432931339972, 0.8285175293050415, 0.41959391726565765, 1.5326293690532757e-2, 1.1212375385902085, -0.4395821764272885, 1.1475946955017222, 0.7310832403717502, 0.8852810837414572, 0.6486164134123914, -0.6724691397697776, -1.402353532505104, 0.5395766001833907, 0.3314911932413068, 0.5316526658984047, -0.2044934759113701, -0.6721211938899528, -1.7790079655070183, 1.3610349162918143, 0.22171355368961673, 1.1994012178487077, -0.1773233466662444, -6.725794344271295e-2, -2.070254406334626e-2, -1.8729767346226651, -1.84189282729196, 0.8609720537365347, 1.174734755829001, -0.467408710060526, 1.5205891031270922, -0.29044467510046595, -6.8523643146504e-2, 7.602531575018082e-2, 1.1224970678867845)
