seed <- 750
log.wt <- 0.0
penalty <- 2.8115950178536287e-8
intervals.send <- c()
intervals.recv <- c(56, 112, 225, 450, 900, 1800, 3600, 7200, 14400, 28800, 57600, 115200, 230400, 460800, 921600, 1843200, 3686400, 7372800, 14745600, 29491200, 58982400)
dev.null <- 358759.0022669336
df.null <- 35567
dev.resid <- 226386.15954083545
df.resid <- 35402
df <- 165
coefs <- c(6.6499231795872324, 5.969284154760436, 5.625111710390352, 5.362274475665671, 5.089173271137912, 4.837709713495571, 4.711548545496184, 4.669953147722822, 4.354911747682518, 4.284687796753159, 4.383414432856543, 4.181215218067758, 4.017854622660914, 3.976219886572914, 3.765336776919746, 3.530691974050305, 3.281415928030592, 2.929620028271155, 2.4872277576038844, 2.0682594575345217, 1.5123025256744382, 0.8141633260986008, 1.0528984057638848, 0.7920999722826517, 0.26888722594553144, -1.0119386100853154, -0.22009431777848823, 0.7355528055391122, 0.9920960206869903, -1.1248109555342378, -2.137423889915914, -1.639790671740429, -0.47089443449616936, 0.7316504426204362, 1.3336905674828357, -1.0347546066945192, -0.14532215956377637, -1.4314948960150673, -6.131828975231063e-2, -0.8700549546236837, 0.9467543871332278, 0.8124359463016078, -0.8989155309592395, -1.2900127704628872, -1.024421277830851, -0.7358843754024563, -0.45493045116761205, 0.567882364469545, 8.478568239981612e-3, -0.9019206847623077, 6.692085974831337e-2, 0.7809705082892773, -2.766277153506459, 1.6287775606842734, 0.7354673570575633, 0.8350327546316755, -2.1391859004431613, -0.10762079386848072, -0.5479440315946726, 1.4546294238367423, 1.3302037559044824, 0.7616645231405813, -2.1756269391224516, -0.9574516886731924, -0.5800398550658762, 0.1316654192602587, 0.7046001236549633, -0.5019763406192005, -1.0082216166984135, -0.6836574813009266, -2.32575155505169, -0.9973442429777464, 0.39736935146067465, 1.0627742795798658, 0.6355856394154515, -0.6554561630420813, -1.310158479339421, -1.0415186939738617, -3.2131447139493195e-2, 0.5737229272135407, 1.0510400562435902, 9.694846048307122e-2, 0.10335866719950874, -1.7321735518407237, -0.477748391744557, 0.5350724571084686, 1.373360263334559, 0.45922345345979204, 0.823650886789802, -1.9328522669424713, 0.5012543065552195, 0.550673085340512, 0.8099282558541612, 0.3864969587242531, -0.27337494537352514, 1.1871443227586254, -0.34766046767235087, 0.4650543512088575, -0.18761714410417374, 0.16324512764868299, 0.4451944294908835, -0.13219250629616272, 0.7634733274010755, -0.19061223049667075, 0.6018384126298087, 0.8288481362718814, 1.234325765719428, -0.9563514610439042, -0.8569540843828174, -0.5966850334274033, 0.4335011412966299, 0.5245055405163169, 1.568773833339824, -0.9646890033359002, -0.10503186295701399, -1.205274576930963, 0.8296170471480544, -0.28370407381464474, 0.7258454144899121, 0.7314357515969386, -0.11144350416599581, -0.8093615916745679, -1.071257843287037, -0.36647832060851343, 0.248216729224246, 0.8042479966154186, -0.16063680407380687, 0.8424735808511963, -0.4675147477469362, -0.3133555550499773, 0.338392601327909, 1.1848216957103883, 0.8636913966165328, 0.4916999114192542, 0.12489962829636049, 1.1107602039922353, -0.22690734450936495, 1.0499148494837403, 0.6828644373521696, 0.8806204316215435, 0.7199832363192644, -0.6608569764188947, -1.1138940302683946, 0.865580357860753, 0.389101532975756, 0.5599873275505277, -0.1477366251611941, -0.5933278382794244, -1.6520352417149278, 1.2660853491153448, 0.12694642446612722, 1.0790745165565092, -6.1737405671096236e-2, -7.302806834286296e-2, -7.261640852752566e-2, -2.062970025958802, -1.3186032236134808, 0.8751479659571112, 1.2293836271143206, -0.33148867421853245, 1.5107317874710944, -0.4970636953781002, -0.18046644144159543, 6.606929403522026e-2, 1.1595683746917278)
