seed <- 521
log.wt <- 0.0
penalty <- 2.8115950178536287e-8
intervals.send <- c()
intervals.recv <- c(56, 112, 225, 450, 900, 1800, 3600, 7200, 14400, 28800, 57600, 115200, 230400, 460800, 921600, 1843200, 3686400, 7372800, 14745600, 29491200, 58982400)
dev.null <- 358759.0022669336
df.null <- 35567
dev.resid <- 226012.9541477455
df.resid <- 35402
df <- 165
coefs <- c(6.684553340945868, 5.783472061599009, 5.727513578574726, 5.326996476033818, 5.049131907654502, 4.8493122515420755, 4.7177400413153325, 4.621197260128927, 4.428794936288159, 4.206357059737165, 4.295486043071744, 4.187266567206284, 4.025917609242862, 3.957317344261533, 3.7589587192210687, 3.544472976561446, 3.2748748644253087, 2.9351316742928346, 2.4855815196118027, 2.0181607235243133, 1.693417703212947, 0.9241034955820581, 0.9589516450963448, 0.5503828457145857, -4.108921499806237e-2, -0.613933331162905, -0.33691350853323104, 0.8700134040189353, 1.054194622968207, -0.9099019159047568, -2.4165596404862555, -2.0409537573207426, -0.5595800084157795, 0.7853407606481043, 1.161395542133643, -0.8570467250321708, -1.0212491441677969, -0.9908462084483908, 0.10203397776575794, -0.5852759416582816, 0.9725436171448922, 0.8319533526764115, -0.7637241103861411, -1.9765194199711016, -0.660134899978357, -0.8198578652780497, -0.3249134810387474, -0.265651066417342, 0.6892147185427956, -0.7151366171139216, 0.23578865629958187, 0.885560487048914, -2.7558045265290705, 1.591742952147438, 0.8163609724878773, 0.9704463638784937, -2.4119341016367937, -9.330922933892934e-2, -0.21428221502479136, 1.2311579758296427, 1.2288880599593006, 0.7398795986891563, -1.7849726573571354, -1.557258521831975, -0.2852160693513243, 0.17108744370739357, 0.5709074187902555, -0.5761350203720782, -1.0294436306725494, -0.7086132757885854, -2.2633858660579294, -0.42537024894487857, 0.7708303802169745, 0.8680819559053717, 0.7337501256428287, -1.473025744066004, -1.2169273190254979, -1.339070069485838, 3.626797551960187e-2, 0.630764812706651, 1.096244313504711, 0.17488644572688536, 5.69218215017457e-2, -1.8710853685252746, -0.47145231814434435, 0.40345002982420547, 1.231853674277294, 0.6353872619820389, 0.854349058752091, -1.9826294534440376, 0.39056812470762814, 0.7546786366386887, 0.781159272517643, 0.32552368491212824, -0.15999809288380465, 1.3421171883671454, -0.35621239984785086, 0.4336666146202954, -0.49089501331395213, 5.5572879224622077e-2, 0.3984756061166589, -0.12591614904157883, 0.767252041076557, 0.10183772159684, 0.9267440721701313, 0.8651986744814626, 1.0714369078560015, -0.455317229477797, -0.8196858570457183, -1.407712035982083, 0.47033763403495443, 0.6485555074309428, 1.5944466698833364, -0.8757905573460207, -0.4162730197409364, -1.0143637217999195, 0.7890466472049033, -0.10542606049191186, 0.4577339771955468, 0.5367808158106926, -0.46330818665643164, -0.4390428509213161, -1.3256149891190205, -0.20640528243670403, 0.3233152992762845, 0.7801304135151447, 6.453999597192843e-2, 0.9472748774623981, -0.5955928523972345, -0.4905631482733957, 0.23998788679821786, 0.9216816838900873, 0.878417252264821, 0.37664762952425795, 5.99211825232853e-2, 1.1840681978323775, -0.435642194989933, 0.9667563197536376, 0.7883221255505011, 0.9340874264525044, 0.7301139677645283, -0.7967424935132646, -1.066087636389084, 0.5403033751475959, 0.30353276315948313, 0.4977467754409819, -5.681764661472237e-2, -0.2560840149131248, -2.059284788962736, 1.210504324481904, 0.28408664948870904, 1.1150832829109607, -0.21837901672019674, -6.054098866673077e-2, 8.223951081287655e-2, -1.2479532463622998, -0.6978860532831676, 0.8471984396243057, 1.1615285643942603, -0.20110823263174413, 1.5555500247171765, -0.3188666610598599, -0.12174853297980556, 0.15379879781735678, 1.1517562366589278)
