seed <- 518
log.wt <- 0.0
penalty <- 2.8115950178536287e-8
intervals.send <- c()
intervals.recv <- c(56, 112, 225, 450, 900, 1800, 3600, 7200, 14400, 28800, 57600, 115200, 230400, 460800, 921600, 1843200, 3686400, 7372800, 14745600, 29491200, 58982400)
dev.null <- 358759.0022669336
df.null <- 35567
dev.resid <- 226618.9510838992
df.resid <- 35402
df <- 165
coefs <- c(6.533740409496772, 5.863801416611638, 5.668979543842899, 5.223043738314402, 4.975618504072028, 4.761331654031852, 4.760728358614058, 4.579702437078847, 4.363697611453363, 4.27409549055586, 4.300729285633417, 4.168141185185422, 4.016203622256642, 3.9934431276633537, 3.7730867585671497, 3.541255723338592, 3.2583182720048014, 2.973058125209186, 2.524675925069379, 2.046771651353369, 1.6546773358027584, 0.9006864813683535, 0.9211359045974401, 0.6367696730709524, 0.6725863303504597, -1.817841986140642, -0.20475119555547727, 0.8073836222118311, 1.0721314786493286, -0.7490760931307289, -2.3197101606711583, -2.370682415667646, -0.4938766880678978, 0.7432543979813258, 1.2266515846734347, -1.164345582900369, -0.5329312301942519, -1.2409310322415663, 0.2371744508040949, -0.8929898542841156, 0.8326936566032431, 0.9157463584461418, -0.599433748753421, -2.1670275202748477, -0.7051147121430315, -0.6522406654101963, -0.4627128744130282, -0.27070451931526957, 0.2982466777905833, -0.13821597031563296, 0.22129503728582292, 0.9426218603998519, -2.3428453937603972, 1.7204754610956876, 0.7754716839883475, 0.9704298204771871, -2.4020797241164358, -0.20585084780343837, -0.5487009353504357, 1.4661083381304096, 1.2998342075780913, 0.8725948497291744, -1.891763678111075, -1.1854361451815032, -0.7588731488061221, -2.1975070914706965e-3, 0.7234771663815588, -0.4545222944848012, -1.2769742807948599, -0.769437672409922, -1.5560834475775913, -0.5540888152369973, 0.7042353157167497, 1.0393804777579871, 0.4985781796874672, -0.47259298361880897, -1.340958428259455, -1.0941391399669316, -0.1144477716452026, 0.7785106981453472, 1.2191827961436799, 0.1688067288918815, 5.811965715247089e-2, -1.0491654660959997, -1.1720747912113738, 0.4166400674027785, 1.1636896668473053, 0.41000680014300134, 0.9367534012785528, -2.574943726220513, 0.39070601361219665, 0.8107144570027456, 0.8269837806048655, 0.37364255295905613, 0.1413628503640927, 1.2023830394542134, -0.9152634072477611, 0.2387802175934394, -0.19203093155927708, -7.093346894166422e-2, 0.3850440715259305, -0.37762585033440904, 0.7383006245711742, 3.151567518335757e-2, 0.8161756184848316, 0.851468387287342, 1.0799242316311595, -0.13603206707369164, -0.15087493175437186, -0.8988994781546543, 0.3926254692910128, 0.560817364529691, 1.5632545478217774, -0.4744289381334418, -0.31315203206916137, -0.9286913557961839, 0.7920184194285629, -0.34072536230466627, 0.5165442316143296, 0.6710330865309623, -0.3229099611716806, -0.4717901446744806, -1.0761485755119127, -0.4468759743115853, 0.41839423956396155, 0.8140857142123129, 3.0823055386910537e-2, 1.0538043785412434, -0.6845063636018578, -0.34089194772639164, 8.3875198858413e-2, 0.8824314589645208, 0.9251804396236791, 0.4598696356752476, -9.004526749253488e-3, 1.0425160221913679, -0.223216316060721, 0.9197962496553485, 0.6739463816682117, 0.9363652680898075, 0.8100901308154338, -0.6809289565378246, -1.2947509417459322, 0.529569003548823, 0.46396308833100797, 0.6333957285854129, -0.236732647289321, -0.44665936029407327, -2.070767027737321, 1.211312468623987, 0.17162548557267454, 1.2191471101349256, -0.11216876972119805, -4.778309629569295e-2, -0.16536545980440537, -2.213958149077574, -1.2699917378111703, 0.9070176347829566, 1.0970687508605381, -0.24785788284399946, 1.5283889191810336, -0.30900499715618834, -0.15760669804212948, 0.1204361786488696, 1.2102697929679764)
