seed <- 434
log.wt <- -14.183813828701986
penalty <- 2.8115950178536287e-8
intervals.send <- c()
intervals.recv <- c(56, 112, 225, 450, 900, 1800, 3600, 7200, 14400, 28800, 57600, 115200, 230400, 460800, 921600, 1843200, 3686400, 7372800, 14745600, 29491200, 58982400)
dev.null <- 358759.0022669336
df.null <- 35567
dev.resid <- 226150.4190365375
df.resid <- 35402
df <- 165
coefs <- c(6.434000361518465, 5.877946439651095, 5.65621391609803, 5.268770771323812, 5.062719607276476, 4.836686030705721, 4.71503015777201, 4.682948139489834, 4.333743237644228, 4.259659210316617, 4.3187281448026305, 4.208878294496781, 4.04202129378084, 3.9539422464952723, 3.738248642335475, 3.5395359849732975, 3.268861390898248, 2.9772664011646937, 2.48856486775054, 2.086478135754657, 1.756914787329935, 0.8850745522573313, 0.9585509038343613, 0.6202828808574073, 8.89333509424579e-2, -1.0665405130217103, -0.40007830730613836, 0.8727888685238011, 1.0259356379749978, -1.1673967246461685, -2.503376489389842, -2.3370050538460467, -0.49873923907087647, 0.7527631460394203, 1.1768170346197557, -1.133666873258782, 0.6005161991630527, -1.050159201121159, -3.377446118788579e-2, -0.62901073337449, 0.8983468473594953, 0.8786851671378526, -1.019453102181363, -1.914587966933261, -0.8302836535081056, -0.8014601721033325, -0.22895721284038692, -0.41595448584009154, 0.5956213293614736, -0.5389948787574141, 0.10409361080775108, 0.9398537149795494, -2.810565212818039, 1.6569468089670987, 0.8091554670869948, 1.159274689329826, -2.1503157825699692, -0.2074888143593357, -8.614762275477902e-2, 1.4125748540879568, 1.3750290754320071, 0.8338712634869804, -2.0262885636379493, -0.5575161536432491, -0.5404189512613533, 0.3359423962189487, 0.5907524468679812, -0.5595586225218928, -1.1260845093001834, -0.675717104088013, -2.476258452154294, -0.40588020939180186, 0.6194609548569765, 1.0676177826948003, 0.7022210129346057, -0.7549882787976291, -0.9618141096010776, -0.8842495779233928, 6.571417674415525e-2, 0.7236515735095946, 1.1780640635322694, 9.265407034521544e-2, 7.95352710121055e-2, -1.0111609472888872, -1.198594960246442, 0.5083658521060928, 1.2793977880644714, 0.625577964959555, 0.8494729684566187, -2.185295581898893, 0.6043694119506507, 0.7394323888688401, 0.8430714405646271, 0.4767333398370238, 0.13572408987239476, 1.2481473524586535, -0.9328393062632517, 0.3057490864260762, -0.14798945541833322, -0.22704406389840592, 0.33274448677750906, -0.2120918064007569, 0.7909980214929233, -0.1563108609304801, 0.6630225145800496, 0.8469514578984172, 1.0615327738929399, -0.2674015082104051, -0.18117062486011132, -1.5478142887394217, 0.4435567872151572, 0.5270361955958222, 1.5758431115996465, -0.9414314673976387, -0.19669268285664254, -0.9793760966613111, 0.737437956173815, -0.30831880423333835, 0.35972108626295074, 0.6335278531962187, -1.2075947357186818, -0.41428935613354023, -0.9536717983013485, -0.8287240368623383, 0.31139009367368997, 0.7692208043698652, 1.1288217214410689e-2, 1.027056992110544, -0.5248637565163475, -0.38298107784078, 0.36994000333426613, 0.9579645880214435, 0.8459186808344118, 0.3881821531786758, 4.7343895867706556e-2, 1.04606326791768, -0.4024967357155921, 0.9620447834897418, 0.7285479132033765, 0.939937032224951, 0.8866251099498451, -0.6175618169605435, -1.0682705046056777, 0.5421969747388166, 0.5216227044431128, 0.5610218136808601, -0.21220904900851248, -0.5596352944451822, -1.7845315861194464, 1.1686649275565404, 0.21144450617478905, 1.2623107945534584, -0.35308274362591846, -6.06487767920901e-2, -0.2821873704735824, -2.180630479370546, -1.1269026679450067, 0.95299028619978, 1.1973985399704121, -0.45440145095509626, 1.506093449673399, -0.38103972947339093, -9.274788630741544e-2, 9.517513029582735e-2, 1.1751485997908326)
