seed <- 838
log.wt <- -13.411591441714986
penalty <- 2.8115950178536287e-8
intervals.send <- c()
intervals.recv <- c(56, 112, 225, 450, 900, 1800, 3600, 7200, 14400, 28800, 57600, 115200, 230400, 460800, 921600, 1843200, 3686400, 7372800, 14745600, 29491200, 58982400)
dev.null <- 358759.0022669336
df.null <- 35567
dev.resid <- 226785.6780738989
df.resid <- 35402
df <- 165
coefs <- c(6.608156325771185, 5.661052881380498, 5.594773194044657, 5.356631753468415, 5.071257181925308, 4.82731893730014, 4.757668669931084, 4.624137098568861, 4.268987441179363, 4.24605643074498, 4.306394833035145, 4.188761509437089, 4.016169800943655, 3.9397705777775194, 3.7277054475533133, 3.5267254259930234, 3.2398558861670463, 2.933352671906021, 2.466427175985674, 1.9760020640947058, 1.5768692531429827, 0.911565500542914, 1.0877436128954991, 0.4829327760384201, 0.5837306265733072, -0.8448650267123297, -0.37417048132666714, 0.9810212035825855, 1.0746084886554443, -1.7572022069950874, -2.306472080940998, -1.8770368507536186, -0.36488818100195203, 0.7531329981278635, 1.3144550302855567, -1.0829061665912825, -0.1985791310442847, -1.174876745396534, 8.065022569868913e-2, -0.3767319075159875, 0.9487944028169827, 0.7355780366665642, -0.8890452365774201, -1.5694330646074635, -1.62535624699392, -0.7078773706875373, -0.33099739913128845, 0.10589838970377716, 0.43041696534613566, -0.6159284539378352, -0.19675257383682968, 0.8318624934969358, -2.9257194890536664, 1.7172268558099522, 0.741464464455586, 0.946070875518977, -1.417731647025984, -0.26742921003336656, -0.8577794790979927, 1.3377112483806026, 1.2770411135623638, 0.678652231608512, -1.9735518714442513, -0.8669236157737139, -0.6942625425227399, 0.2479747463678334, 0.6240433673777451, -0.44493943941484465, -1.9168592539100802, -0.53314245098072, -2.4973176928748937, -0.647923111170634, 0.4577358696438762, 0.8246102697094913, 0.6049258112192902, -0.5132789567466745, -1.0296989799728586, -0.9876633078635643, 6.446935749366381e-2, 0.5550332549859001, 1.2763342819507262, 9.746469912854547e-2, 0.23139055315378018, -1.7945270287448591, -0.7602527877788104, 0.4166130046151608, 1.207789837944591, 0.38214157208414934, 0.8792083453553903, -2.2443737400783426, 0.5791365505455512, 0.7286331139181458, 0.9327069934979128, 0.30938367385550536, -8.871519604095478e-2, 1.2209551604639342, -0.1414306967208001, 0.5421063912173842, 0.11925572581057238, -0.8923813385606871, 0.21434394821800576, 7.945160466171476e-2, 0.8389221119492065, -0.2670313949203678, 0.766339719398375, 0.8498662568587184, 1.2371876487827638, -0.12644670650098247, -0.6358161529212414, -1.1747183170402051, 0.4616888109803374, 0.6404405839103773, 1.6130716939632055, -0.6359072850786602, -0.31220535831023566, -1.0346832468597067, 0.8075914306740023, -0.18712590130267862, 0.5265715515915279, 0.5057203859513258, -0.7742910679455025, -0.2312116270447228, -1.0753828713425004, -0.2771606775501488, 0.43763560921573413, 0.8706931163143136, 2.8277613287144034e-2, 0.8970550977531795, -0.47267654834617495, -0.5329629773517666, 0.3528273217669829, 0.9651078237601278, 0.744869111955701, 0.4839151613785855, 6.257646521876085e-2, 1.1323901684011588, -0.2988582749660307, 1.0043820593932242, 0.6876669098516796, 0.9087071192318322, 0.7639342863179913, -0.6745529587329788, -0.9533177472554538, 0.6857394032578085, 0.10318523342723535, 0.3934405264813924, -0.1307976036976133, -0.716892222416381, -1.7836330463693566, 1.2868483447227097, 0.1300965440051563, 1.1272148251784735, -2.1726165114437312e-2, -1.8322259424555665e-2, -2.2048204075523433e-2, -1.6522621745482486, -1.086609084097982, 0.7022625851210026, 1.2137685247754837, -0.32448730291157585, 1.5645098446597678, -0.3170082239207915, -0.18635424313704646, 3.040970996945006e-2, 1.2723313305535318)
