seed <- 133
log.wt <- 0.0
penalty <- 2.8115950178536287e-8
intervals.send <- c()
intervals.recv <- c(56, 112, 225, 450, 900, 1800, 3600, 7200, 14400, 28800, 57600, 115200, 230400, 460800, 921600, 1843200, 3686400, 7372800, 14745600, 29491200, 58982400)
dev.null <- 358759.0022669336
df.null <- 35567
dev.resid <- 225815.60463800942
df.resid <- 35402
df <- 165
coefs <- c(6.580494516457957, 6.0052551042565225, 5.88585921107525, 5.396829696387322, 5.015922578609367, 4.828421445343674, 4.829797158474334, 4.701405616515195, 4.351287690311272, 4.264402460155452, 4.322315298925975, 4.166713105766711, 4.016252655025168, 3.967080576348744, 3.7538624193769903, 3.5694009519234373, 3.2214892898374323, 2.9254250818386787, 2.477792475291111, 2.0937038878117518, 1.6849486349618503, 0.8941476212598686, 0.874102959019049, 0.37702981059713053, 0.21922680493739286, -1.9286580053135816, -0.2112441117869488, 0.9920293697549839, 1.0030405398318762, -0.9051504300155262, -3.1477653083266848, -2.3508379399675943, -0.3974663840912556, 0.7648858680102426, 1.293044313979391, -1.3923867071348983, -0.272012271667853, -1.0341449541046055, -0.4089271942791848, -1.0624541055754182, 0.9406469222080482, 1.0123663452531229, -0.5520250696762972, -1.9224302220498195, -0.9826573076915087, -0.8630681826528959, -0.5892588652611978, 0.32756985369157676, 0.5269861858767202, -1.0588815225350214, 9.216251600288808e-2, 1.0099783226686778, -2.1233322529221574, 1.572156295626815, 0.6689675045679155, 0.9667856002717403, -2.2909995958996188, 1.0103633091405889e-2, -0.27152686328542286, 1.654786342421004, 1.2410835160376894, 0.7858064142773195, -1.5891151389446203, -0.37348094057711295, -0.7678950806464702, -9.453614339793232e-2, 0.6176379336773657, -0.3909456703229586, -2.124823908166896, -0.6824975526347966, -1.6623622068735049, -0.33433200710874666, 0.2721236564580908, 1.0577899668874586, 0.7293382291721295, -1.1405873170562035, -1.3049635356000795, -1.5423809323285815, 0.22982356974201892, 0.706868025365881, 1.3016881332481622, 0.10827835477768469, 0.10891479906022569, -2.12159634262018, -0.3891936348801321, 0.4782686628208519, 1.2024228480611958, 0.4207974676726435, 0.8532969494203346, -2.290601034869157, 0.46415420494672105, 0.7619869346019174, 0.8670910491648712, 0.3850758822033348, -0.17355453512303537, 1.479506103459292, -0.16595725984520984, 0.5717769667250666, -0.10085627084304127, -2.0103934778230373e-2, 0.389078091508489, 5.8943041734155724e-2, 0.9165535808175634, -0.5682150813239247, 1.0452123497397432, 0.82404432421545, 1.0769678064763466, -0.14077855192434585, -0.833781648864317, -0.6163872779524822, 0.5671822411580765, 0.5092569693512008, 1.5701525872339457, -0.6524240478678869, -0.18139346605408052, -0.6129117817777703, 0.9415697450656884, -0.3137479242159576, 0.5257146732279601, 0.2963571191321068, -0.18334978369061386, -0.39272808040789986, -1.2610654096415015, -0.35741599110991157, 0.24434731911598837, 0.9932663388281198, 4.498996255042774e-2, 1.117120810233922, -0.49013826234278485, -0.40484200734426423, 0.2997665749760924, 1.0502751247258748, 0.6579419292579759, 0.5585025033342539, -2.222933925726533e-2, 0.995848278179824, -0.4146945776215425, 1.0055703963437663, 0.730719582313752, 0.9281722054648684, 0.8933478986536858, -0.65390487294858, -1.2776055172318068, 0.5031511563815184, 0.21200382390215095, 0.5998358034557398, -0.12368546666953167, -0.5595762493343662, -1.945005706338992, 1.229278517887438, 0.22492368533668838, 1.226631618427183, -9.161295867337066e-2, -6.847514376141807e-2, -0.20420313896408673, -1.6995819016203748, -1.2850713175219028, 0.9788195228129265, 1.126017097027702, -0.41429186919608696, 1.5553287438104029, -0.3864883471943826, -1.6586179895404327e-2, 0.13777550107654551, 1.328789240993318)
