seed <- 615
log.wt <- 0.0
penalty <- 2.8115950178536287e-8
intervals.send <- c()
intervals.recv <- c(56, 112, 225, 450, 900, 1800, 3600, 7200, 14400, 28800, 57600, 115200, 230400, 460800, 921600, 1843200, 3686400, 7372800, 14745600, 29491200, 58982400)
dev.null <- 358759.0022669336
df.null <- 35567
dev.resid <- 226448.43469862937
df.resid <- 35402
df <- 165
coefs <- c(6.4126707218517955, 5.378589752486472, 5.45936325773686, 5.3574126862658105, 5.094536821523895, 4.917685332304203, 4.802367713053476, 4.599332623674692, 4.354659098226275, 4.256878848538682, 4.2964595591314705, 4.157811961536812, 4.035220228003037, 3.9798453782873486, 3.7397738573340016, 3.5424929885632057, 3.2738088656474695, 2.936078930036163, 2.5085701234649127, 2.058995373587795, 1.526126749678831, 0.8575681464865581, 0.9578391521518329, 0.6050694108113502, 0.5165056249430408, -0.9362907680606048, -0.1874681672852125, 1.0506551634199135, 1.0895418662915668, -1.4317116282711715, -2.69507943402465, -2.6389719708675785, -0.6150271416212975, 0.7421077351791232, 1.216968681243177, -1.5196410936184233, 0.25083127658143045, -1.5029093344354771, -1.6545562325933943e-2, -1.732870407177878, 0.9777488817526934, 0.8897124424953449, -0.9063208419680041, -2.009148575009961, -0.8007529451431002, -0.7814292290526416, -0.4036860943568879, 0.6350658341260982, -0.14396097924013848, -0.5871218714576105, 0.21943866434049186, 0.8019557928192204, -2.8775664766538704, 1.8173054600595662, 0.7583188541953492, 0.950926707146114, -2.0083063845840803, -0.15542862795671963, -0.4850925452271231, 1.5140727426660157, 1.0336285469715427, 0.8757935923961963, -2.121324003045934, -1.1652184629250264, -0.4132442448658762, 0.37130541909685444, 0.6962353365782533, -0.94182274583915, -1.8295861967071567, -0.6614825623698825, -1.8868595332844862, -0.46592651903671634, 0.15553674779111612, 0.9741250881843497, 0.7540138866932288, -0.5124814232818128, -1.81115235952225, -0.9212353925161364, -0.1181322595381016, 0.7519922827949624, 1.1148171171679613, 9.147735050675034e-2, 0.24300385095849628, -2.2248487439862754, -0.6170398733172446, 0.41665741119929917, 1.25951325584336, 0.5843328998433305, 0.8988889404264113, -2.0885245978820914, 0.668951247726435, 0.6621754037313253, 0.8258803569129469, 0.3926486630007903, -0.36199762358971005, 1.4661908534831873, 0.35087685676517, 0.6917184565232816, -0.11229713627120863, 0.13275096704856973, 0.6492878408730759, -1.231795545224624, 0.8208245365279155, 0.5061415180648663, 0.834677650664594, 0.8631791591395465, 1.0968024125419067, -0.7765747115285705, -0.694864236284335, -1.318611648023255, 0.42562701816910664, 0.5145731146324678, 1.643319371453414, -0.3027276223550655, -4.1238535077376536e-2, -0.5391120844189493, 0.824583406202698, -0.288797070750605, 0.4269936473822226, 0.7733132304952365, -0.5352917688228189, -0.5384267785502544, -1.3855436958759524, -0.5097836649342916, 0.3637382931362981, 0.7759655976535451, -3.1814281163505306e-2, 1.0129159786238582, -0.32066632215393825, -0.31913054700588844, 0.3782021278182663, 1.1210825716088448, 0.6776368603588699, 0.4812091929103679, 0.13531319901128758, 1.1628930206263501, -0.23143413495923792, 1.0935476290989201, 0.763633994092808, 0.9462802419369181, 0.7982280391147302, -0.6596188841009099, -1.1339191740230048, 0.8611459549620438, 0.14862228650995993, 0.511974172892405, -0.15214949948099327, -0.14407749905881176, -1.8673815497523045, 1.3252237387137564, 0.1817795644524676, 1.261044256073629, -5.0011102400878915e-2, -8.109413307616446e-2, -4.825490161471006e-2, -1.9889495299828182, -1.1424813422565876, 0.9318824864212696, 1.1814220402277542, -0.18272950101201776, 1.5782535718199795, -0.2970655008688535, -9.715818180151417e-2, 3.757898776397467e-2, 1.2261635225474339)
