seed <- 474
log.wt <- 0.0
penalty <- 2.8115950178536287e-8
intervals.send <- c()
intervals.recv <- c(56, 112, 225, 450, 900, 1800, 3600, 7200, 14400, 28800, 57600, 115200, 230400, 460800, 921600, 1843200, 3686400, 7372800, 14745600, 29491200, 58982400)
dev.null <- 358759.0022669336
df.null <- 35567
dev.resid <- 226772.40893677488
df.resid <- 35402
df <- 165
coefs <- c(6.476690080835404, 5.732822056074112, 5.527480189554584, 5.362371688377416, 4.983580369620325, 4.811116293137286, 4.760510108800477, 4.607869531899842, 4.365002748298611, 4.230877469283987, 4.236803257824723, 4.178975997080522, 3.968029220987373, 3.940451443055315, 3.7418716605915074, 3.513304552446555, 3.241290610250692, 2.97196280449101, 2.469891821612985, 2.0523269129551633, 1.5101971260855744, 0.8992456095859346, 0.9304959733452589, 0.5741667268679491, 0.4914024770558704, -1.3714338715379215, -0.13447285539996356, 0.8972553968681638, 1.0730363268008634, -1.1477659971394338, -1.8535076188907946, -2.1856243499646046, -0.7664114212169867, 0.7305190753075486, 1.1034781075308013, -0.5699374265273622, -7.057184525434612e-2, -1.0284640924684927, 0.11521676074769353, -1.273275830704504, 0.8862770552513024, 0.646626004905949, -0.9572346732820288, -1.743398727288219, -0.8398187935004121, -0.6790022231641545, -0.5760353561819535, 0.16533308781954298, 0.385746587077819, -1.0601566059712149, 5.210204023449246e-2, 0.7124559375753162, -1.9177601950181518, 1.6554072681485377, 0.8050375252077994, 1.0173590712918348, -1.8866764289337818, -0.2188685650153768, -0.43245921273637694, 1.8059724128225634, 0.5943684194286388, 0.9434938264173948, -1.6027307059444647, -0.9034373251872229, -0.8177077864197677, -9.902409457013506e-3, 0.4518150460402419, -0.5193605546676425, -1.0127745601670692, -0.585007036173791, -1.635477352673603, -0.8720431237874553, 0.6434274572419642, 1.0402558073402108, 0.6503700900826344, -0.7091811165120827, -1.45440294956709, -1.0095757389642503, -3.594383200013467e-2, 0.5814751883328826, 1.1179413958604318, 6.170053407011632e-2, 0.20807047351646568, -2.0046000801988177, -0.8784776731372306, 0.4299458165500236, 1.257336185350833, 0.4724193863450118, 0.8877285388380072, -2.4687500089396024, 0.422713401846285, 0.743965148401212, 0.7957510063307275, 0.4581169724020217, -0.4001077645989481, 1.4499313386932553, -0.5802676268031729, 0.5700153111895873, -0.4645807843181414, 0.13820262939556502, 0.5573233002613763, -7.892635356802993e-2, 0.7311804953738186, 0.11807038146257436, 0.8170596014255925, 0.8798089953684904, 1.101317375923681, -1.2354534072872485, 2.0662320666734207e-2, -1.040412001854687, 0.4458110274704261, 0.7800564322967076, 1.5659127363966987, -0.36907697755347746, -0.12764715331391535, -1.145996545136273, 0.8308941743205474, -0.4187580040976907, 0.46494017102869845, 0.6625560629030928, -0.564442377806019, -0.5269561483389802, -0.9969902400862326, -0.5155825231941012, 0.3049321885433437, 0.7936161182930839, -0.11829048724297718, 0.8877569799674122, -0.7777672243823227, -0.4218109727403862, 0.3269679651639033, 1.0723433339147028, 0.8852459993126245, 0.5891372984170224, -1.3878179607430858e-2, 1.0665922257707092, -0.28306119261257917, 0.9652071598813954, 0.6734021713371565, 0.9599188916428639, 0.639766740097088, -0.6550772136994901, -0.9647820488833306, 0.7879815632103063, 0.4829279312296586, 0.5819974862665723, -0.4424408346486883, -0.5449766905572774, -2.3149907357076662, 1.2971013077534608, 0.1884732526694785, 1.1712060615048654, -9.456637001209467e-2, -5.086717184325745e-2, -0.12640833143464966, -1.8362504884305675, -1.41002166901254, 0.8725771739904581, 1.134257496118762, -0.12052852209632584, 1.5127127132338343, -0.273960373360732, -0.17999812774480675, 0.11462845445306531, 1.1766018801781928)
