seed <- 1056
log.wt <- -13.765464487232839
penalty <- 2.8115950178536287e-8
intervals.send <- c()
intervals.recv <- c(56, 112, 225, 450, 900, 1800, 3600, 7200, 14400, 28800, 57600, 115200, 230400, 460800, 921600, 1843200, 3686400, 7372800, 14745600, 29491200, 58982400)
dev.null <- 358759.0022669336
df.null <- 35567
dev.resid <- 225998.46038176853
df.resid <- 35402
df <- 165
coefs <- c(6.508712874782008, 5.808849383224744, 5.742718171052332, 5.325375633660205, 5.127797605738489, 4.801658814022869, 4.78687481248959, 4.658937386147398, 4.354714548188088, 4.268334595301113, 4.280433188257339, 4.1725176135116, 3.9890978098528085, 3.9910151218950474, 3.7502970508422546, 3.5325623966591624, 3.2404439291615477, 2.933165478645309, 2.4767106275275013, 2.035612989111421, 1.6306299399364663, 0.9217238294763582, 1.0387359228339523, 0.5622264129865896, 8.220883966985439e-2, -1.1143684723152754, -0.3146725926573623, 0.9636817068317456, 1.1213883058428935, -0.7592315869063575, -2.450290795599987, -2.131776735159503, -0.24305773911280482, 0.6820174059878022, 1.3039722119573613, -1.0760135820175603, -0.5379527688663982, -0.7024037181532007, -0.3910185632650182, -1.3019194001612915, 0.9786674068222695, 0.8927235273045413, -0.8291308390158645, -2.319665350608996, -0.9200168220152026, -0.6817584845964827, -0.7864629257928821, 0.45951792218177573, 0.3412760925130576, -0.4354354832974082, -0.4492774287036773, 0.7709731434954455, -2.4784902023884956, 1.5240555174742454, 0.7469380514355538, 1.0898520039692274, -2.366603424763391, -0.24075062562394925, -0.33249765275211307, 1.3760052007357464, 1.1770824327841225, 0.6565678655026927, -1.1203475665998452, -1.1141808421207389, -0.6788288242449108, 0.21253419752384042, 0.6612488278751589, -0.32306043935879014, -1.424636283315733, -0.6478116782996454, -1.8260901051328338, -0.7159234434609929, 0.5591191976642044, 0.8152799015163525, 0.7524035582534567, -0.7070972039705837, -1.2223369723121316, -1.2084843646873669, 1.7925891632013736e-2, 0.7635745930055889, 1.2790025169732755, 0.19021275514974867, 7.949253466765614e-2, -1.5395801145237482, -0.4637850643507848, 0.32796848018021835, 1.213910833956027, 0.40689399195286885, 0.944508639763268, -2.341082592824594, 0.5526898233171145, 0.8161911384747343, 0.761407220626059, 0.4115283827275636, -0.31223210481127606, 1.5016391398333864, -0.33858200938695854, 0.28348741712755454, 6.6169716215817975e-3, 0.22867065186897187, 0.2694324210639147, -0.37861038036547556, 0.7862165945553945, -0.26086922662684364, 0.81064315603932, 0.8202079293100952, 1.2264900544068698, -1.2404534948785133, -0.6773333824479951, -0.7699479645847003, 0.3370590065209825, 0.7351939341272521, 1.6133879664228716, -0.6079575902032247, -0.24277099762478874, -0.8943942820621572, 0.770465253041089, -0.21707255119953886, 0.5649967168041506, 0.6585034239010433, -0.30783592488034545, -0.3703545097680078, -0.9632723730407469, -0.5462210466608096, 0.3928054051717875, 0.7700954398883317, 2.8291755804239427e-2, 1.0047065313890524, -0.5118108044319291, -0.47735472111787397, 0.3455786807729993, 1.0342791607390551, 0.8762465390592132, 0.2835809791792312, 1.3571682832132491e-2, 1.064383811081924, -0.2868654654660699, 0.9793170307799763, 0.7095213586101712, 0.9818408996881368, 0.8182510755630948, -0.6859495593441174, -1.2691396274328377, 0.8387552931360392, 0.41168179814408506, 0.29683305157268913, -0.18142802761267926, -0.30008072095981314, -2.2516270572720036, 1.2311362176592424, 8.919100461850914e-2, 1.308893439340813, -0.21475581379325423, -7.499268247017989e-2, -3.2843705520993825e-2, -1.8589559186328313, -1.1221257499020543, 0.7287924530399488, 1.0964544986950977, -0.20029802548499404, 1.597958376596839, -0.3144954156431595, -6.983067560757422e-2, -3.529257205129335e-2, 1.2411116651894083)
