seed <- 304
log.wt <- 0.0
penalty <- 2.8115950178536287e-8
intervals.send <- c()
intervals.recv <- c(56, 112, 225, 450, 900, 1800, 3600, 7200, 14400, 28800, 57600, 115200, 230400, 460800, 921600, 1843200, 3686400, 7372800, 14745600, 29491200, 58982400)
dev.null <- 358759.0022669336
df.null <- 35567
dev.resid <- 225013.99588036793
df.resid <- 35402
df <- 165
coefs <- c(6.613377178002917, 5.808677366745447, 5.756434837979801, 5.447350645612738, 5.005583805339564, 4.8915835159989856, 4.772186587716969, 4.629871973179401, 4.398214334578999, 4.307437931096941, 4.328240805327363, 4.19079371109505, 4.077803882436043, 3.9644206709018794, 3.778047342008067, 3.5417708773016767, 3.2435519559683192, 2.9175515248336197, 2.5174120096147323, 2.0562356600262928, 1.6889677632408941, 0.9305228005371237, 1.112790535371307, 0.2409635848156679, 0.38867521053163134, -0.9026848431413113, -0.3139500964061079, 1.1394756812652302, 1.0232108991626503, -1.2413289232902607, -2.1049382075262963, -2.6718992369715115, -0.6124817435087825, 0.824716175862427, 1.1389365262501523, -0.892323804955679, -0.69087353524318, -1.0712364299196113, 7.320909545385472e-2, -1.1466627025771257, 0.8508150151487808, 0.9569880283884576, -0.7886127550329267, -2.273180474702603, -1.1270461345530518, -0.6624929134273501, -0.37753437313897087, 0.6538716319376098, 0.1403512189888679, -0.3162808137211631, -5.248249993007516e-2, 1.0010307347770695, -2.3124347139298433, 1.757244878639473, 0.7068464490298966, 1.1769852903456517, -1.6628931644445333, 2.441199927094424e-3, -0.4722116842783112, 1.3273133711626626, 1.346976373558718, 0.5054252823658719, -1.4378190548325522, -0.7558041414027296, -0.6776694986837307, 5.5777643029787875e-2, 0.5907348627490285, -0.5084997532317616, -1.0025316318157012, -0.8563812590149292, -2.180765898216848, -0.4560066934822043, 0.7356720282235231, 1.020603455471442, 0.6531884859390824, -0.7316970924164721, -1.1134802164026243, -1.1339352186902298, -6.833896732668947e-2, 0.7788311336309136, 1.111858860094096, 0.10872475807209396, 0.26994381092327513, -1.8184037166592304, -1.0654603695193503, 0.16536936557904727, 1.1733226205884288, 0.6482542024559531, 0.801106634277475, -2.2968899411960386, 0.4790579362218329, 0.8092574972413921, 0.7398558024837161, 0.2940739231618695, -0.25357794785436516, 1.3863725855003926, -0.2830762971540913, 0.11216494650469172, 5.439487379099071e-2, -0.4807446601079004, 0.25040235679074335, -0.3555389751849581, 0.7319841956073229, -0.5080359372001128, 0.7499091572613988, 0.8670375684874596, 1.091722212682477, -0.8782330660234611, -0.3171879750802525, -1.1878699434233488, 0.3329979275334955, 0.7256734464802661, 1.524515810002053, -0.35001469576700933, -0.23598395617286305, -0.6029600749537426, 0.7245335921696148, -0.170834186590149, 0.5352510361028955, 0.6635864180022416, -0.27597167164705666, -0.17065514116613922, -1.2493745112172339, -0.5881077047993284, 0.35673158027947904, 0.6957417430192645, -6.611869475308875e-2, 1.1624074218617395, -0.5914698908074071, -0.5316374339639385, 0.3117437384423498, 0.8234108616173282, 1.0158810628531214, 0.4353828435077908, -6.112742603470415e-2, 1.2806767542735913, -0.35339427822208536, 0.9919466318335054, 0.8003983612513702, 1.0471592444910724, 0.7326003980298276, -0.6815776946231416, -1.0352624274072308, 0.6228544795013583, 0.5283865496079668, 0.5369975594615091, -0.2842249822187302, -0.5189159985910007, -1.8394783588773669, 1.2049196504433757, 0.10811468538089578, 1.265690604120512, -0.2328519114200807, -0.12459293842856449, -0.14103552887671308, -1.6734056514166762, -1.5233725951199044, 0.8727837184812344, 1.1118655673335354, -0.5731785193575357, 1.4896747704542441, -0.2849108212253832, -0.15314390942843217, 0.32424428536842864, 1.1705166665108553)
