seed <- 243
log.wt <- -13.696634245316329
penalty <- 2.8115950178536287e-8
intervals.send <- c()
intervals.recv <- c(56, 112, 225, 450, 900, 1800, 3600, 7200, 14400, 28800, 57600, 115200, 230400, 460800, 921600, 1843200, 3686400, 7372800, 14745600, 29491200, 58982400)
dev.null <- 358759.0022669336
df.null <- 35567
dev.resid <- 225762.30568215478
df.resid <- 35402
df <- 165
coefs <- c(6.775002017693358, 5.760479103021752, 5.637795938793746, 5.175294907592391, 4.994504395732223, 4.885671854789796, 4.826537473572155, 4.613245900110023, 4.331331112572152, 4.325740021427155, 4.238454010509744, 4.1858834803467495, 4.035190637748139, 3.9662053309922043, 3.775767650986012, 3.531658375760674, 3.255485988248967, 2.9458532429745454, 2.499749236018054, 2.04515789592854, 1.4985946624825515, 0.8821581083534059, 1.0579899213892945, 0.5211300225462768, 0.5716217681670793, -1.055750074494487, -0.3722542770134168, 1.0479806039396624, 1.0491673146785934, -1.2600094313857182, -2.8291194889554925, -2.2126679722534965, -0.3071455077534419, 0.8026556559567996, 1.413958389690909, -1.457286832443513, -1.0166306776994254, -0.7505664444968257, 2.330513310159637e-2, -0.8285982887467596, 0.8986075195176368, 0.9370546371146954, -0.9045196390823613, -2.207334200748341, -1.3824576201583625, -0.8127045956301795, -0.5347672011747173, 0.24559855039817113, 0.605161240545292, -0.755762838705461, 0.20033806252132974, 0.7390866001374069, -2.6320611441915207, 1.7578100468193445, 0.7549709653011588, 1.0588920543938503, -1.9687524702827874, -1.909719618967857e-2, -0.5733655273693578, 1.2907072215918192, 1.0815896153442817, 0.6326131727055487, -2.3358308638822223, -0.8975414913300661, -0.537028836774791, -1.2062001272927652e-2, 0.7263960866625577, -0.48961651285440616, -0.5724586490736483, -0.5658879516089425, -2.0722352612752735, 0.2728368638535716, 0.7569774354120271, 0.9159593654660084, 0.6215593471479197, -1.164199739178904, -1.0818659101569175, -1.1265085602908222, 0.11907745641441185, 0.7806348526785077, 1.25638105172649, 8.347117643489187e-2, 0.33774149301320733, -1.9083441088011495, -0.8936470082120792, 0.1896739238033192, 1.2177013013606723, 0.43547879417846375, 0.8583316802714459, -1.4609553528607393, 0.5880143261014074, 0.7708781540343612, 0.7147590488229896, 0.35624762550112576, -5.7137053857299544e-2, 1.3758386999475485, -0.599332125044326, 0.533321352276323, -0.13244540914863792, 0.11186274147791193, 0.29266783039748806, -1.0552109391487652, 1.0684703222273446, -8.672801136947954e-3, 0.456795663298183, 0.8675685804411232, 1.0719797134140392, -0.6623946091609539, -0.9106578226029793, -0.8133872194853269, 0.4095661551750044, 0.6038808357187436, 1.5192740156031388, -0.5687892490799876, -0.33514342991937074, -0.7980261954377729, 0.768727559005528, -0.339752858133531, 0.3349363175472239, 0.6096535803981402, -0.2807598266624948, -0.45363616408965823, -0.6630290286295848, -0.4885643445208495, 0.25967624556332003, 0.8907516916622714, -4.989995422000369e-2, 0.9370670803494427, -0.5668493312704029, -0.4981689760873684, 0.31219056715671434, 0.9120229271086266, 0.9950427246599177, 0.3518423195394739, -5.185313031781799e-2, 1.092651196832772, -0.3465018069848771, 1.0417124701633296, 0.8000505065456978, 0.935826168344383, 0.7080095317586724, -0.7232918713468761, -1.1823742661672958, 0.7795482088742577, 0.5734624349949149, 0.4277892551795679, -0.1034899060922085, -0.43286756373774987, -1.777675032648393, 1.2830427179039727, 0.15123789947762978, 1.1959486620785391, -0.2730713168548355, -3.3197697690532185e-2, -0.10891709236739888, -1.9793105243128117, -0.8828277589022104, 0.7779033523015478, 1.1864326157773861, -0.21916934477059122, 1.4974081247254052, -0.4268360296246366, -8.953505055296018e-2, 3.707071055186751e-2, 1.16606204078153)
