seed <- 274
log.wt <- 0.0
penalty <- 2.8115950178536287e-8
intervals.send <- c()
intervals.recv <- c(56, 112, 225, 450, 900, 1800, 3600, 7200, 14400, 28800, 57600, 115200, 230400, 460800, 921600, 1843200, 3686400, 7372800, 14745600, 29491200, 58982400)
dev.null <- 358759.0022669336
df.null <- 35567
dev.resid <- 226510.05555588592
df.resid <- 35402
df <- 165
coefs <- c(6.592450219687432, 5.690186958326509, 5.662412950445629, 5.486357719937961, 5.123377657390242, 4.853146874618428, 4.720420802361559, 4.628680938610425, 4.401101159591341, 4.2891523290780755, 4.233633434505452, 4.1842239320505366, 4.00251830187271, 3.9768517500961993, 3.767870097900842, 3.5447230574569124, 3.2138100967900174, 2.925091729164685, 2.5064908401962165, 1.9898264717696668, 1.5215306007739358, 0.875759131668091, 1.1794916623061573, 0.22830904204923008, 1.0321702199994527, -0.6182732204605338, -0.2547401502346561, 0.7932497236403645, 1.070340176166281, -1.2256414212512552, -1.9241029583234432, -1.8629294322900025, -0.16055365598368596, 0.7502470953391119, 1.4475204848860181, -1.3172180619907872, -0.5748692387717098, -1.6032430407180995, -0.10476896716976278, -0.887274561723291, 0.7686576226027397, 0.7886966496319646, -0.9054093659955985, -2.11080524520207, -0.862718369048275, -0.6045293442699704, -0.7126120647088561, 8.432141767303311e-2, 0.2208496758563324, -0.6012597794669199, -0.121614205332183, 0.7266253771203223, -1.7857179794124438, 1.6941875388921432, 0.6631805228610503, 1.0234389189013906, -2.106090014119096, -0.4993160146753845, -0.41944187982573367, 1.0509499205334751, 1.122392316636556, 0.5232690705183087, -1.5777625404158278, -0.18435622493343878, -0.6706874338647848, 0.3832709743251962, 0.8244122646392508, -0.42982217907503883, -1.460048577078262, -0.5378566988899528, -2.0673795513189357, -0.2136454633384454, 0.6704791718976737, 1.0451144523228093, 0.5613619363298903, -0.8888530681731209, -1.1787957986977184, -1.065554151704987, -3.913581252709328e-2, 0.6656785457653454, 1.1078148555351137, 0.10863917138890634, 0.3288427704732025, -1.7431016340780041, -0.511869485046802, 0.38109653313552605, 1.229742763116454, 0.43072196781439714, 0.8032128081059638, -1.9142928353905733, 0.4374675566560692, 0.6655975483950085, 0.7656246946606847, 0.33701949492858363, -1.2226049680626, 1.1820283874999415, -0.3708549203786732, 0.5658693938289249, -0.12678417315623913, -0.5032429933484247, 0.29187254675829116, -0.5274367039593694, 0.8488839215961064, 0.22358558970687317, 0.8265203152822905, 0.8552009088765705, 1.2409857040064853, -0.13889988616065496, -9.959694837450535e-2, -0.9447375068805787, 0.4628662303133019, 0.45245887387307976, 1.4931657225002235, -0.772846352037013, -0.35638861886116346, -1.0828120224434516, 0.7098436707968118, -0.3321168126412396, 0.773941804277979, 0.6420621283111229, -0.7547229534628005, -0.5895465936052346, -1.0006429869283306, -0.15025437628688706, 0.2721366913404883, 0.836143883716112, -0.14117426085579388, 0.9406944916613992, -0.6327145589208834, -0.3549996268519301, 0.3979896233900689, 0.8911907043238768, 0.7262364610259436, 0.4028394051408712, -5.207360273580117e-2, 0.885292436932029, -0.3523178538312714, 0.953571340197749, 0.717060362126787, 0.9301166919048072, 0.7362184407050568, -0.5635160755457856, -0.9690085208673845, 0.7429976508027382, 5.080928039943444e-2, 0.5450049305325251, -0.1479326614926431, -0.4825464124203545, -2.200354653573395, 1.2289229987491106, 0.10519634528461569, 1.1529851947409655, -5.4640570321770096e-2, -3.4531229327074454e-2, 2.2274935443708097e-2, -1.4089942056255433, -1.5110235797809242, 0.8938663556524159, 1.13234835770568, -0.19182074249465872, 1.4884881519056, -0.37902192116919153, -0.22998995660078198, -0.11572810206516128, 1.1307437684919166)
