seed <- 849
log.wt <- -15.02955959877264
penalty <- 2.8115950178536287e-8
intervals.send <- c()
intervals.recv <- c(56, 112, 225, 450, 900, 1800, 3600, 7200, 14400, 28800, 57600, 115200, 230400, 460800, 921600, 1843200, 3686400, 7372800, 14745600, 29491200, 58982400)
dev.null <- 358759.0022669336
df.null <- 35567
dev.resid <- 225670.90165607957
df.resid <- 35402
df <- 165
coefs <- c(6.497145391973449, 5.8422083222238665, 5.574618883870231, 5.318153339282529, 5.104387639586387, 4.812165250904104, 4.676047738509452, 4.682081070179694, 4.375750271220951, 4.292383259257156, 4.277731139735096, 4.122803325136569, 4.0292288789777295, 3.9499485152751146, 3.7557938851091457, 3.509702929401527, 3.266272623838498, 2.9557587553292115, 2.4769949865949235, 2.0081665088197775, 1.587242896710874, 0.8996304554187292, 1.0242753445613404, 0.29008778019718007, 0.6476632622678803, -0.9387025598796631, -2.0449684596516547e-2, 0.9570151959473925, 1.1186879379970662, -0.9852588386528099, -2.3860597892018154, -2.167182820607694, -0.29428024877660114, 0.787135566306415, 1.4211884219528101, -1.1230174546257536, 0.389228888182012, -0.9991078310754223, 8.845678909920304e-2, -1.0076361789641552, 0.9167424854187567, 1.0803279257855565, -0.6124942600786475, -2.1421631340699165, -1.0097866911981876, -0.7728360760538848, -0.841927855534162, 0.32987971981390796, 0.17185559554334748, -0.4767904485942774, -0.2881057241368337, 1.043909257144267, -2.492498208687129, 1.577886215482898, 0.7716390655164277, 1.0745700256684092, -2.1585483973678152, 0.10314525357763736, -0.5500697895367801, 1.4329605545195132, 0.6983115509883241, 0.7757031388507267, -2.023820117159153, -1.0611993145847396, -0.8401148685758195, 0.2730990897580182, 0.7534975623542522, -0.3898157354423676, -1.2927847019478451, -0.5456540339474585, -1.8910358487583703, -0.6508002512173646, 0.4629878143305338, 0.8689293130818542, 0.6466191721580083, -0.831974994727939, -1.3839521463174989, -1.560273955976604, 7.229007399428149e-2, 0.7472397858732857, 1.1120856975154005, 2.356522651382907e-3, 2.389859614151338e-2, -1.5985992239528615, -1.477113151595923, 0.369498328434005, 1.283672432109995, 0.5712260192574938, 0.9159550785803033, -2.315864841085729, 0.5871807132320455, 0.8352412219417137, 0.8229148081813425, 0.34820897243528026, 0.24695751184845208, 1.133190500555536, 0.15047383321290334, 0.2481441539866751, 0.12269356577044617, -0.4350002093266095, 0.5097416079806144, -0.16071114499281655, 0.600557992357877, 0.37225545917915087, 0.8654522636711082, 0.8240623549656227, 1.1425116782040001, -0.12446634575912614, -0.3796733815714019, -0.9930358955498246, 0.5103582247765301, 0.6888727364823425, 1.6548186379141856, -0.6149778567342464, -0.4163966045054152, -1.4883076584554342, 0.7901581441681033, -0.3858912665943415, 0.5275139857481198, 0.45196315381319646, -1.0131035357091487, -0.6324556816625921, -1.3219860060584643, -0.2518367679036953, 0.30133104364375696, 0.8439718128602579, 9.883046199058658e-3, 1.0404757247185192, -0.5713765787868291, -0.39143751248059006, 0.2566534091829772, 1.0224039796669404, 0.7217595072568921, 0.4533182942690221, -8.345236215285513e-2, 1.2097340374192838, -0.4223833068878111, 1.0218805560012758, 0.6868167614966668, 0.9826594771820383, 0.7472259499952633, -0.7698523219457302, -1.2159285041784766, 0.7544890789035683, 0.4271459323951125, 0.4483557915897684, -6.53383068680141e-2, -0.7304242298188802, -1.8638880667465108, 1.22200580336386, 7.388990343780412e-2, 1.2135760777004796, -0.19996747241596766, -9.886791433334562e-2, -0.14403694963140581, -1.9180914919147536, -0.7995363153005374, 0.8761433965497541, 1.15135201705761, -0.1526855509247596, 1.5855598056799856, -0.38208476580972894, -0.14080446480256686, -7.854842368826402e-2, 1.1889072269619763)
