seed <- 400
log.wt <- -14.399036459455798
penalty <- 2.8115950178536287e-8
intervals.send <- c()
intervals.recv <- c(56, 112, 225, 450, 900, 1800, 3600, 7200, 14400, 28800, 57600, 115200, 230400, 460800, 921600, 1843200, 3686400, 7372800, 14745600, 29491200, 58982400)
dev.null <- 358759.0022669336
df.null <- 35567
dev.resid <- 226335.7625508261
df.resid <- 35402
df <- 165
coefs <- c(6.626178317636427, 6.039957019786506, 5.7811087525690565, 5.300465029443292, 5.133928022691458, 4.9254379053715445, 4.861460347411753, 4.646186419315348, 4.4148786394029385, 4.296744905700956, 4.342482819889704, 4.1506259563160075, 3.966505330389319, 3.9334142024809973, 3.7354474019319794, 3.5336902499292795, 3.227430160864808, 2.9287165219363684, 2.499305339815257, 2.093685984868107, 1.5076932520572204, 0.8566231964263786, 0.9837173811713953, 0.22319354106896347, 0.5642012342669122, -1.3720667209857815, -0.2572348215656974, 0.8457987256118233, 1.0125102571522537, -0.9984366309016531, -2.341012678905325, -1.583246880896069, -0.5191778176100114, 0.7472160199257266, 1.2772258887142354, -1.1115851002250594, -0.1937417800534101, -1.7655121744834088, 0.33173573368504694, -0.6457401641110783, 0.8359023514690592, 0.6986275358494017, -0.9780956823271724, -2.33905601862106, -0.760172752702846, -0.7447311421610641, -0.8379833383420867, 0.11036926954998907, 0.37292288956777925, -0.5978241194764023, 3.543017372549126e-2, 1.0533401665431654, -2.3067504229718745, 1.6401993349782935, 0.8138158011485512, 1.0205692056677045, -2.04450693795686, -5.279108541223543e-2, -0.9399689530640165, 1.330708051090392, 1.2001254864414668, 0.8175343241392784, -1.7179451900176723, -0.5725941388750198, -0.6083004426599636, 0.15154319805531807, 0.7543738078263693, -0.3762240531206113, -1.0992051378298926, -0.528350484341652, -1.484127590906043, -0.15228004814780852, 0.5671265510135762, 1.0403458473858112, 0.7797868561144241, -1.0722990457594677, -1.3013961256503146, -1.0148104724037492, 6.708870230719763e-2, 0.6223632911476349, 1.1644696255933369, 6.149976656913728e-2, 0.35282014746613094, -1.5646309248564227, -0.15733527281808912, 0.478731255774455, 1.2567175813807285, 0.477758971001438, 0.8819044752759326, -2.1003795939637335, 0.4440539010925989, 0.7123931352704517, 0.7676622708644755, 0.44750239195731967, -0.16090157821230808, 1.104428024528786, -0.6395576940179544, 0.35538597002032035, -0.20629123361999943, -0.26366009063767765, 0.5219848354820235, -0.5496445803808074, 0.8410226977398858, -4.565129796854261e-2, 0.45475758139013583, 0.8168805634975363, 1.1103881415687558, -0.6656760751408874, -0.3073232461870789, -0.7509242960334315, 0.5455419009575602, 0.47716536733175025, 1.533960838353144, -0.4796645099561746, -0.26301052930869284, -1.074297258352753, 0.8154531922374871, -0.2206942693021771, 0.5107295276328829, 0.5957312479199999, -0.8919050449485869, -0.24923615432646623, -1.8143199225088045, -0.4056267208744612, 0.22668849454663276, 0.7739277954698099, -0.12877315572058753, 0.9221624253804477, -0.671305744733821, -0.5559042454592528, 0.2866322389137448, 0.9268371680160891, 0.6118788642304873, 0.48425366253477437, 0.11876748718575439, 0.9376071064042262, -0.32482444519154163, 1.0207693023854176, 0.7980316178814786, 0.962529157270587, 0.831719380216086, -0.8024725137193931, -1.0597483131433871, 0.6430754704172383, 0.3980708901066244, 0.6171241800851524, -0.24992347308319382, -0.5624366674646671, -1.9785705208531508, 1.2443686039218091, 0.1700057508376182, 1.153422125862891, -0.17912270441345182, -2.477819798028774e-2, -3.8783551799351e-2, -1.4401706242213066, -1.5244628776017473, 0.9421882253656814, 1.177734907746428, -0.2693135091700512, 1.50689070504773, -0.386499983053911, -0.17750023257193154, 2.5036168359265216e-2, 1.2394290449453065)
