seed <- 453
log.wt <- 0.0
penalty <- 2.8115950178536287e-8
intervals.send <- c()
intervals.recv <- c(56, 112, 225, 450, 900, 1800, 3600, 7200, 14400, 28800, 57600, 115200, 230400, 460800, 921600, 1843200, 3686400, 7372800, 14745600, 29491200, 58982400)
dev.null <- 358759.0022669336
df.null <- 35567
dev.resid <- 226081.5294541256
df.resid <- 35402
df <- 165
coefs <- c(6.767536360493065, 5.923669043989437, 5.572101284222936, 5.362265681172693, 5.1555416930438165, 4.794831073759642, 4.715118082858185, 4.640517389038774, 4.386543267162842, 4.27606699257093, 4.300812873994488, 4.146305397035671, 3.992582616493747, 3.9523606980095782, 3.7213365665007294, 3.5277452108834972, 3.232911058261602, 2.9487112928072885, 2.489412639513099, 2.012117829244708, 1.527233380798328, 0.875434257665823, 1.1283616336261744, 0.33310982735037736, 0.5686664674819979, -1.1170088860771747, -0.3269998252872216, 1.098708817363914, 1.0278010080873519, -1.6589614940094515, -2.442793596078253, -1.9425795813281623, -0.3648162511468827, 0.7547545081043797, 1.4317565337431566, -0.8787457290013966, -0.5075845802549256, -0.6029239976989297, -0.2244275902189026, -0.950067700551963, 0.8833659345429244, 0.7187583227679603, -0.7076052692677345, -2.230122985758438, -1.3350959324739176, -0.7203441745689863, -0.33572250890588845, -0.18617574245716012, 0.45780242700697527, -0.8182918885796466, 4.345450560294656e-2, 1.0973575476722803, -2.4384429586769216, 1.6198692142270155, 0.9234509985579029, 1.001168906078551, -1.6082597586135514, -5.229023160641171e-2, -0.6719530084924098, 1.0903937756058786, 0.668014391146835, 0.73114392390261, -1.5601166281609031, -1.205978181127346, -0.7273517135035409, 0.1275751634301873, 0.6458862726128587, -0.32728779909293115, -1.3868658252135804, -0.5566902626875779, -2.2735954005868857, -0.5455759319975199, 0.647573267845902, 0.9135991749472935, 0.708481763187411, -0.6495578435388744, -1.1667926010103147, -1.2609121728755466, -0.10806765502069313, 0.7546545151024403, 1.136058086733048, 0.2045752436435773, 0.2738039298121808, -1.4223417576561015, -0.6558743623651275, 0.3430939534187328, 1.2112278963685659, 0.1938268469148122, 0.7860066154188896, -1.9217912027737867, 0.4195725055580998, 0.75952464432984, 0.8354150942883899, 0.39933965712022906, -0.17498586508522157, 1.1418656806003267, -8.042780643890998e-2, 0.2588617266956299, -7.941957020604355e-2, -0.19610410027147082, 0.24215439280839235, -0.1822161897661521, 0.799987795999342, 9.15828660823264e-2, 0.6952076388469136, 0.8220957073897218, 1.197844683221335, -0.117854931732243, -0.9579810885836054, -0.7578956372780496, 0.49030427036970925, 0.5691182842163068, 1.569459362982309, -0.429023511126585, -0.18485975791109022, -1.2680689453384706, 0.8359854760118229, -0.35381537540091007, 0.57248065280045, 0.5639460819125243, -8.682636844353883e-2, -0.5246755816728353, -0.9548198306803869, -0.1672726882960457, 0.3832440277368991, 0.7740618591979799, -8.68037256283167e-2, 1.0608075290184147, -0.6309299636601218, -0.5572852376710273, 0.1660073609082366, 0.721827140368841, 0.891078525465929, 0.38471527936472505, -0.11347506757096483, 1.1665799564720114, -0.3094732183565848, 0.9889553152893585, 0.7799830965306831, 0.9291199600212589, 0.7707568970774911, -0.619469642885868, -1.230594555308981, 0.42006035286614524, 0.17142189891244405, 0.4443017427766839, -0.369400385619682, -0.5323269941371359, -1.7986727883907507, 1.194610500727531, 0.19362323912524793, 1.2443572671797776, -0.1406897527381519, -0.19630444910304926, -8.340345573217468e-2, -1.1205087658597086, -1.1158627717739709, 0.7450801902009282, 1.1751904622154015, -0.4242839447164453, 1.5487019383613783, 2.907419491141408e-2, -0.2323739044780739, -7.315637629464432e-2, 1.1932342908885394)
