seed <- 1099
log.wt <- 0.0
penalty <- 2.8115950178536287e-8
intervals.send <- c()
intervals.recv <- c(56, 112, 225, 450, 900, 1800, 3600, 7200, 14400, 28800, 57600, 115200, 230400, 460800, 921600, 1843200, 3686400, 7372800, 14745600, 29491200, 58982400)
dev.null <- 358759.0022669336
df.null <- 35567
dev.resid <- 225716.99225914775
df.resid <- 35402
df <- 165
coefs <- c(6.5517991359511525, 5.907448252069805, 5.634897483458902, 5.360427704908974, 5.075611338344745, 4.8976512112501, 4.785874530018181, 4.638943642417226, 4.438089085313038, 4.320014041699895, 4.340218485094803, 4.177260320006269, 4.024833585500404, 3.98143268450655, 3.7275725690274424, 3.535891341494608, 3.228153185232625, 2.910395421141597, 2.545776784987368, 1.9945495965782685, 1.6137256821175336, 0.8921554373926813, 0.8942792806920326, 0.4416306297731583, 0.6386402703920967, -0.8837173675668338, -6.858155747581304e-2, 1.0556491999179447, 1.003838948163592, -1.2719347517189756, -2.8367529815355694, -2.6345669465308363, -0.6239455727972988, 0.7719483893165069, 1.2327474529189861, -1.0885260622845536, 1.37427584063119e-2, -1.7892253509406575, 4.9801134337612796e-2, -0.4943867307373958, 0.8955505391268059, 0.8888728008536249, -0.7792672604560875, -1.6220107068225909, -1.2451799892506987, -0.6496520218883448, -0.23052398329351265, 0.3257212203386326, -0.2708204893213882, -0.41873361649404506, -0.22578447835477192, 1.0275701477763537, -2.093986705799513, 1.5578651515357838, 0.8909050887761157, 1.1062168225468945, -1.6109541139496968, -0.24278979073909793, -0.4563507428416346, 1.339059208221254, 1.2049037624977077, 0.3833695477663784, -2.152670592791591, -0.9714160346641176, -0.5750091608718598, 0.41968300391571217, 0.7110221892809406, -0.34231276034342667, -1.3842340275598306, -0.6682258417396983, -1.775708642592901, -1.311307387342805, 0.30463834536563444, 0.9199564723996024, 0.6328420402243439, -1.194104788334313, -1.258835172075432, -0.9327890970872806, -2.640822614043973e-2, 0.7647555149844991, 1.0663345294653555, 0.20901106078484744, 9.167866259541514e-2, -1.1780840179612073, -0.11525713968549797, 0.4128652363524347, 1.2321457224468964, 0.4715776412999263, 0.8573106177428179, -2.1171978017782087, 0.5972896687508552, 0.7087389868336254, 0.7348269276610772, 0.35516078660546313, -1.8035258961082035e-2, 1.393074243343748, -0.6050840482154439, 0.5341398948938254, 0.2085666395280726, -0.6640568963259692, 0.1726077539490604, -0.29707178888665, 0.7903493559408921, -0.15392349366030028, 0.8337236642171915, 0.836977141852115, 1.0895560519594614, -0.17318178187518807, -0.2688651566319183, -0.7529046614109062, 0.38693169879274025, 0.7626491839391308, 1.5098806249916639, -0.7683765967276897, -0.16777250716007322, -1.135364373891713, 0.8010543511975708, -0.36303610399036823, 0.45523455708511273, 0.43468510825682327, -1.2278452036658654, -0.39946106393606884, -0.8566536552896165, -0.47200246183869626, 0.16997919344288165, 0.8123170483771857, 4.078107945793564e-2, 1.0232088637314032, -0.5824566439311885, -0.44288807362755495, 0.25423710249036424, 0.8021642722016874, 0.8438643859682305, 0.4843262625099346, -6.358368706045585e-2, 1.1950012077958552, -0.442593699840024, 0.9230154490010012, 0.764893122972384, 1.0182348968997121, 0.8296669300957306, -0.6484556652889449, -1.2852387473911746, 0.658801627141793, 0.2709395588154313, 0.5870035402320969, -0.30129821236674886, -0.37493518038107115, -1.7630749015584364, 1.1782802100942726, 7.377709340939205e-2, 1.2883957414628684, -1.6840933465857626e-2, -5.020531867758371e-2, -0.25187573266104096, -1.6440370598133318, -0.7888570439253103, 0.9223811061942343, 1.1582849480093171, -0.3415452884475948, 1.5243319627282739, -0.39266362757880385, -5.881662329636387e-2, -2.137254521014425e-2, 1.1980048783176644)
