seed <- 817
log.wt <- -12.745053426687004
penalty <- 2.8115950178536287e-8
intervals.send <- c()
intervals.recv <- c(56, 112, 225, 450, 900, 1800, 3600, 7200, 14400, 28800, 57600, 115200, 230400, 460800, 921600, 1843200, 3686400, 7372800, 14745600, 29491200, 58982400)
dev.null <- 358759.0022669336
df.null <- 35567
dev.resid <- 226233.98268591755
df.resid <- 35402
df <- 165
coefs <- c(6.585545812989124, 6.116287451953997, 5.621302905433827, 5.236932339300825, 5.150062044022957, 4.898082901831257, 4.873554678065088, 4.649690277161227, 4.407350915595892, 4.321185017106572, 4.298411571599347, 4.137731473621375, 4.015595580928813, 3.9718524971112674, 3.736523577600736, 3.577330850082936, 3.2547620694156816, 2.9598357853412636, 2.5304939029730784, 2.0562664807664968, 1.634242511508835, 0.8792246059360584, 1.020108458701066, 0.3110540517997528, 0.7305876478816724, -0.9656844215065571, -0.2518820125307617, 0.8986543560977873, 1.0946651115623929, -0.9736321628290502, -2.4264107087513853, -2.401767425280506, -0.36023146841646847, 0.7340636566813779, 1.3152621487934693, -1.2574984083101208, -0.20920643512753676, -0.587083307985163, 9.939373569130057e-2, -0.254683239743063, 0.9591414696430798, 0.7584582473248299, -0.9296155933289814, -1.9791801551860997, -1.0831125261030345, -0.7461909772416322, -0.5889118310580795, -2.6163470557232518e-2, 3.898586826871206e-2, -0.5687035137300029, 0.17302935862878982, 0.922911126169615, -2.9998481410226026, 1.6500417853155758, 0.8490166120946361, 1.1565724682271596, -2.4204748360705395, -0.11980337713138224, -0.46861443358834487, 1.1728345666226918, 1.3288893465006557, 0.5117269306202438, -1.8425262912998777, -1.402498047011512, -0.5123233884716166, 0.31333465555392104, 0.7516277938305985, -0.4716626915845555, -1.1239545236132273, -0.6010397549512088, -1.970316832678273, 0.4566836154065836, 0.318808951669698, 0.8421635932212681, 0.6872709596483093, -0.7002500738830528, -1.194843798868576, -1.3829586107904357, -0.16229164842907365, 0.7777113116612998, 1.2126973110468682, 6.757709112255497e-2, 0.1809587670631776, -1.3367416992951928, -1.2646182813944575, 0.22309184670455443, 1.23661723260116, 0.6034665481713559, 0.9885907331394326, -2.9387978992571537, 0.4560046375919642, 0.6865025964951414, 0.8693892094045046, 0.39039816980492925, -5.822416177390054e-2, 1.1429009838677004, -0.11721320014989249, 0.45358240045399084, -0.3301714348878552, -0.33509609130704104, 0.5070812790008415, -0.37434455133932243, 0.8121872508463615, 9.769824043292652e-2, 0.9048939560428741, 0.8179754923926272, 0.9800383120848091, -0.4113019068075132, -0.7948404600673844, -0.6741304240324578, 0.4021079698076501, 0.4387072418829279, 1.633540223965276, -0.17588655930910835, -0.14867270821019102, -1.0186558448838219, 0.7895986793414865, -0.3976282746938404, 0.3773418732398515, 0.5081954518321489, -9.28591643071691e-2, -0.6754892151261269, -1.1222915358922807, -0.2986201690001132, 0.41359954378906116, 0.9570540051894684, 3.8476725501066754e-3, 0.9119837152808662, -0.6084849292073838, -0.34111645228826476, 0.26636449117410366, 0.7492909972469962, 0.6672164208502749, 0.3078628289934, 6.933438766098664e-3, 1.0385980916338766, -0.2519647968573302, 1.068237061147101, 0.744120795854464, 0.9382065695429505, 0.7576843106163019, -0.6235510916317459, -1.077585493170384, 0.509915626153774, 0.48712128119999765, 0.3587928916613135, -0.24802407871582108, -0.4115219687580284, -2.264194299518637, 1.3576776586650465, 0.14947490788848358, 1.1964575725571118, -0.15388109055858984, -5.990908799928611e-2, 2.357870121260474e-2, -1.819169807959609, -1.092871975324586, 0.7738703907255671, 1.189542658183354, -0.4996677742527224, 1.626556063638634, -0.25918362967094993, -9.928901193697619e-2, 0.10613364273744112, 1.2158759075171535)
