seed <- 350
log.wt <- -15.607727553298615
penalty <- 2.8115950178536287e-8
intervals.send <- c()
intervals.recv <- c(56, 112, 225, 450, 900, 1800, 3600, 7200, 14400, 28800, 57600, 115200, 230400, 460800, 921600, 1843200, 3686400, 7372800, 14745600, 29491200, 58982400)
dev.null <- 358759.0022669336
df.null <- 35567
dev.resid <- 225815.41311680677
df.resid <- 35402
df <- 165
coefs <- c(6.685459672734498, 6.015691477720767, 5.4780811854852205, 5.3301620486209265, 5.0713460578728045, 4.867887949763132, 4.815556231597211, 4.6035694610221825, 4.4141482622909916, 4.265709098706115, 4.230270242088974, 4.187622625165293, 3.9607393111549842, 3.969071302327145, 3.7768401101944926, 3.4888399701569544, 3.2531226150998473, 2.9432872478755843, 2.485283162108374, 2.054775685807331, 1.565655320822276, 0.9113722840855889, 1.0260607342650345, 0.6681468252595637, 4.867512618908274e-2, -1.0471435112310732, -0.2963953396786913, 1.0421466798553933, 1.0006845777717048, -1.1596004552862327, -2.523241501049595, -2.993728963718019, -0.34658918017099266, 0.7361906905075228, 1.3960065755213176, -1.1195626851230074, -0.1428194736073563, -1.0947317900710858, 7.866089445606268e-2, -0.7673589946600422, 0.9380933445537999, 1.0531027947738274, -0.934270902604946, -2.151444574054646, -0.8383919685285062, -0.8447341301749446, -0.6628607926990764, 0.12391393841731034, 0.7309402647560888, -0.5996225260572212, -0.2819347549165536, 1.1434356708772466, -1.9304845427928412, 1.762722190377688, 0.8103521084463844, 1.2132469244703556, -1.8792777093163482, -5.318388748689177e-2, -0.5382976564863257, 1.5806970779328575, 1.081419734407273, 0.9314063646849317, -1.7829063584965887, -0.8334228159818113, -0.8510510859787314, -4.931251057361576e-2, 0.601334820383455, -0.3517391895201041, -2.4047861468551326, -0.7197181018818292, -2.030947793406022, -0.7980981590349124, 0.42722147725354753, 1.0014820531724589, 0.7681655580749301, -1.2643679002618813, -1.545715125604809, -1.246604753392772, -1.4949466368102517e-2, 0.7281551647517894, 1.3613963709263903, 6.673933286001231e-2, 0.14825490635643807, -1.8531360662051906, -0.9329540542870395, 0.39216010856146416, 1.22204726449054, 0.44827467292929923, 0.9040058070472459, -2.240994950676696, 0.4667086292667852, 0.7862198706579963, 0.8691048831722422, 0.4021637931313354, 0.3154396079101816, 1.4058824397784409, -9.634918590384563e-2, 0.3422177167009887, -0.4894773121419212, -8.781816633439911e-3, 0.4489977068227404, -0.48288534091436647, 0.9394959853458541, 0.5559344008861482, 1.012991256340876, 0.8593671929647968, 1.206368143909083, -0.2759009858111206, -0.42184925172220555, -1.0875522538568687, 0.4823182565001732, 0.6003397746200035, 1.5821509429000196, -0.7145877893824036, -5.390859026384939e-2, -1.1787611302896759, 0.8464740511719524, -0.3455258259730909, 0.4669495245084456, 0.6129908382676054, -1.085541861080967, -0.7012475558732064, -0.8639745487093574, -0.42510455950022324, 0.3113593856625164, 0.8345394210513256, -0.11218325267194791, 1.0060288337692251, -0.7472220196130681, -0.4527471028551793, 0.1216530085555929, 0.9318015745672438, 0.8807495159133553, 0.47504827091183, -1.2483216875582194e-2, 1.172087224112518, -0.31887902765760523, 1.0586757777660507, 0.7328460941089722, 1.0018057015261854, 0.796653756202644, -0.5834980765925478, -1.0452719481854302, 0.6334923683163923, 0.37778811882521496, 0.4558395886733285, 1.533154028203679e-2, -0.43099022840369877, -2.0502853287699594, 1.2645498609185906, 0.17653385151122647, 1.2244462105121972, 0.11131480729639323, 2.3573831415537514e-2, -0.4033543102492428, -1.9102271663652202, -0.8672804107431583, 0.9321435343844628, 1.1606480170149422, -0.6762577069533734, 1.5111233460457933, -7.960424466152143e-2, -8.871777610419082e-2, 0.15983675100850595, 1.218331899373487)
