seed <- 701
log.wt <- -13.694287616142676
penalty <- 2.8115950178536287e-8
intervals.send <- c()
intervals.recv <- c(56, 112, 225, 450, 900, 1800, 3600, 7200, 14400, 28800, 57600, 115200, 230400, 460800, 921600, 1843200, 3686400, 7372800, 14745600, 29491200, 58982400)
dev.null <- 358759.0022669336
df.null <- 35567
dev.resid <- 224923.97205876297
df.resid <- 35402
df <- 165
coefs <- c(6.564789560100097, 5.807193310192374, 5.768428887880243, 5.408819883422931, 5.146519751148615, 4.832023776096436, 4.804009652841172, 4.713431176622839, 4.4541428962661165, 4.274629585354103, 4.333804495511062, 4.174534040380254, 4.080189360479535, 3.9892745112163857, 3.755406043475338, 3.552702207426268, 3.276023538260152, 2.9569143257612747, 2.547804087342429, 2.0833030070541443, 1.5293862386745967, 0.9132887159114489, 1.0192002210752644, 0.38491171524937207, 0.3594467347507467, -1.5915211774663338, -0.24011382872518774, 0.8114760485097097, 1.052838041766533, -0.9078605468967406, -2.1152939885256403, -2.163137011553062, -0.42910214334302604, 0.7334171602486084, 1.2510858349175056, -1.1681690735346169, 0.18889352280894497, -1.3546615447030241, 5.369134741528747e-2, -0.29139836470000047, 0.9062221255583612, 0.9155503452881568, -0.9650488696113102, -1.917772974329652, -1.5454374811091913, -0.7954967179496971, -0.6780393184664526, 0.6565283388275124, 0.2977131793630082, -0.83163620778708, -1.1258841757892186, 0.9132907001991829, -2.7015719495686232, 1.83266317439895, 0.7321576748361733, 1.0549637932536449, -1.8412355621644525, -0.15611636153746525, -0.49361534415983743, 1.344297327377757, 1.1597026215974604, 0.9133932070091416, -1.6949630972250305, -1.1598486053820987, -0.6417629873786713, -3.0197433988568348e-2, 0.6266607993469537, -0.6515545246925271, -1.5614649919834847, -0.6259051914599628, -1.8903479331066986, 5.783592140324976e-2, 0.6333296729582154, 1.0883434253091713, 0.7838856798776515, -0.5813410675313316, -1.0763459170418535, -1.0458722815036483, 3.0030277677921352e-2, 0.685848281424174, 1.0424551952967342, 0.12037439841906886, -0.16588183887172422, -1.4389341972379694, -0.7372821177686182, 0.6552630062735737, 1.3660100657213456, 0.16424517488352947, 0.9298630722978845, -2.26142745129439, 0.414550935603422, 0.7454758013698363, 0.9096755057043946, 0.31797286095502575, 0.40732419201662884, 1.31860240495444, -0.926416794051397, 0.49094432009482597, -3.0256910146207468e-2, 3.9658790699632525e-2, 0.5445405063041774, -0.40268646667597063, 0.812271825726014, 0.2149222222280465, 1.121256678146706, 0.8300477771945013, 1.090361793708934, -0.9120741669924967, -0.30570133049663994, -0.9088861770624624, 0.5361681799901892, 0.40442363513654933, 1.5503194268603306, -0.8748773135131065, -0.19170314030106353, -1.1196671016608954, 0.8077822010563995, -0.15884583088870158, 0.5975581970786409, 0.5479721427115148, -0.5702616596016655, -0.496419237602084, -0.9102380593897227, -0.34669801699519254, 0.2216893385136609, 0.7652122354067138, -6.270809646761005e-2, 0.8713033297473389, -0.41594094478247046, -0.43193736998428894, 0.28806691859469513, 0.7708128831842436, 0.6694668945836652, 0.44620681404261925, 5.5826214675043284e-2, 0.9943452464558172, -0.3074269210234344, 0.9903223623279419, 0.7292822042592358, 0.9957638181664458, 0.7151336887892085, -0.5997312374983598, -1.2969984367119587, 0.6103713932923601, 0.29112233061600873, 0.6203795125205553, -5.371165940501851e-2, -0.6474646045621256, -2.026714673982837, 1.2538861667526389, 0.14798153233222178, 1.1736826959360618, -3.490752281824718e-2, -0.1470682034101227, -0.12871428607498447, -2.172154689235377, -1.060013054759728, 0.9685940593710333, 1.259586243000765, -0.30068893671363967, 1.5483499376944267, -0.23471279030196093, -0.15818115487630235, 0.11017167011058958, 1.2317853772073575)
