seed <- 333
log.wt <- 0.0
penalty <- 2.8115950178536287e-8
intervals.send <- c()
intervals.recv <- c(56, 112, 225, 450, 900, 1800, 3600, 7200, 14400, 28800, 57600, 115200, 230400, 460800, 921600, 1843200, 3686400, 7372800, 14745600, 29491200, 58982400)
dev.null <- 358759.0022669336
df.null <- 35567
dev.resid <- 226780.71534501362
df.resid <- 35402
df <- 165
coefs <- c(6.340203354171216, 5.80375603809236, 5.634507604186593, 5.321540978112478, 5.042547434295533, 4.902046970721893, 4.794861947692168, 4.566623723144209, 4.326723426335552, 4.206398148544035, 4.24944280720452, 4.094941578788441, 4.008094115567763, 3.945971135382782, 3.7270013088039535, 3.5115750918432633, 3.2444365246144895, 2.9471256709752622, 2.4894776385991944, 2.0079858503558783, 1.5555499699838884, 0.9194850622184653, 1.2686682191146026, 0.53667791139674, 0.2476196748416456, -1.2894294577587249, -0.3203485672487834, 1.1495613400422426, 1.0384821025333613, -1.064951011524434, -2.23771324830427, -2.0885988408049188, -0.3290170989199452, 0.8047407134333574, 1.478626631549892, -1.4740523607050544, -0.8105356457646976, -1.0404488391398752, 0.12726136941421096, -0.4926505195749215, 0.955408787628071, 0.5794121470387112, -0.8191477214103038, -2.0372248083411644, -1.091928614836192, -0.8739911713860585, -0.5943031212480536, 0.24928173538357623, 0.5653710572012136, -0.549131508097988, -0.210066913074601, 1.1246067027769864, -2.400301352071775, 1.6636600583076002, 0.7371113035605423, 1.0231451860587057, -2.4285723178024345, 7.925640437795892e-2, -0.634972311034141, 1.2604229748332945, 1.2452767536281564, 0.6465554812011642, -1.46733337869618, -1.5245622753882362, -0.5089347249891627, 9.377375362604728e-2, 0.6252043860673578, -0.7452788720216262, -1.4084968396964292, -0.6907412969575492, -3.0280921124625424, -0.20215165452595146, 0.3680903560987108, 0.9185796770862203, 0.7098067972954715, -0.7993632256479721, -1.317938650122684, -1.0225861375587726, -8.28101742751553e-3, 0.7329272224530005, 1.295417741856724, 0.1646164936398569, 0.15603342819006005, -1.9571712038398357, -3.481012720941437e-2, 0.34712815549863457, 1.1807561673837315, 0.7129126863015196, 0.8125256680607484, -1.810724728156334, 0.5485327236037976, 0.6223720483808857, 0.9056343848926873, 0.3755655507602623, 0.20631471967754442, 1.498812484066335, -0.6288036209183865, 0.39739218680633126, -0.18332604876460626, -1.4292485653612785, 0.19303000425363334, -0.5491884672527896, 0.7458748921829275, 0.3206892320893184, 0.9288304257802292, 0.8350227460280869, 1.2244197559743162, 1.2857505228049054e-2, -0.628562091323779, -0.6997868187154538, 0.38376714917756843, 0.8363439046675182, 1.5887323449020874, -0.9097069246776386, -0.17107794987705932, -0.8052854422472652, 0.880273722562641, -0.3113013751239376, 0.6157829623407366, 0.540300021381694, -0.5238462475179534, -0.33736698904904916, -1.2174280832039834, -0.47994905196997606, 0.33016092622512144, 0.8339073786922279, -9.68220406229604e-2, 0.8863884351327418, -0.6988616556571584, -0.4532056792605065, 0.3619563918504395, 0.9032218150851429, 1.0202992126730404, 0.40844970167796746, 0.16899393728399412, 1.298076642806438, -0.2603245761493544, 0.9571886084925646, 0.7028955734925351, 0.8686165806577595, 0.8265072273626406, -0.705011077889708, -1.0820929001514978, 0.6510049098109614, 0.4639898181390861, 0.40001577908214997, -0.3323702753545283, -0.3393294605765686, -1.9516572850240184, 1.2438972086087747, 6.287496007115247e-2, 1.166026604702794, -0.15711943321029218, -0.14443636984020922, 2.7658336198569253e-2, -2.019204138114966, -1.2840891398476244, 0.798042631408613, 1.1602878457876142, -5.639817807573002e-2, 1.5208167547538995, -1.4681885596062327e-2, -8.94518613362631e-2, 5.622265393969485e-2, 1.2773324576675955)
