seed <- 1075
log.wt <- -11.98276731462216
penalty <- 2.8115950178536287e-8
intervals.send <- c()
intervals.recv <- c(56, 112, 225, 450, 900, 1800, 3600, 7200, 14400, 28800, 57600, 115200, 230400, 460800, 921600, 1843200, 3686400, 7372800, 14745600, 29491200, 58982400)
dev.null <- 358759.0022669336
df.null <- 35567
dev.resid <- 225691.57844846093
df.resid <- 35402
df <- 165
coefs <- c(6.627741003628846, 5.831678266700984, 5.682320998110632, 5.308646527141893, 5.101368109596527, 4.865317417785216, 4.715561124772476, 4.644338922565735, 4.367568366313393, 4.246272710387674, 4.325460263207424, 4.197825809664889, 4.011436877435671, 3.962390379187667, 3.784810630185251, 3.571298029902057, 3.260926344449262, 2.9696802602215056, 2.502759857432981, 2.0678032520071037, 1.6172846457960015, 0.8950797929048692, 1.066102465096363, 0.36124707454445304, -0.15028859970811914, -0.6856219330915356, -0.2875093335541116, 0.8684229610834409, 1.0167281868868867, -1.3991136313033576, -2.8388153267598417, -2.554701817157204, -0.18279520659987616, 0.7610448597040277, 1.4235283926519113, -0.6601898004101127, 3.40082690054259e-2, -1.6293908802406638, -0.23014804508577127, -0.8395937853107424, 1.0299304763318855, 1.0770766675409544, -0.7107997579796805, -1.545287233619153, -1.0263812221274144, -0.7578656784979357, -1.6001282831553296, 0.5729617281167283, 0.2607340408445724, -0.5644680657095645, -0.3886357551668209, 0.9294563380880725, -2.727302022717871, 1.6438343901006292, 0.8520677289387224, 1.0357587105897355, -2.0699252795525798, -3.738685416649448e-2, -0.43609325286883627, 1.2229385147994472, 1.0216430714292009, 0.8250453812761915, -1.7805077213472746, -0.3832713680016936, -0.6521514066383846, -6.030580329709973e-2, 0.7325577994353045, -0.7219420796003556, -1.5426742565007663, -0.6972914782157844, -1.8494702750586387, -0.44605979176174865, 0.768878424604327, 0.9575986125175081, 0.7486304310941229, -0.7553442227257178, -1.2305444314813123, -0.9711547688092317, 4.791427257838785e-2, 0.6320112610326261, 1.219906348821956, 3.14074872891767e-2, 3.4359720395654346e-2, -2.138067970338501, 4.956928091495647e-3, 0.49221732793993567, 1.2625275247979657, 0.41458842200686113, 0.8853571727844766, -1.637299752281385, 0.49254576711485637, 0.7968305012232463, 0.8972165007293971, 0.30690579737200707, 0.22405348308778772, 1.4241659580292247, -0.6804904572534666, 5.0629646326941675e-3, -6.994937351661572e-2, -0.4376451956219307, 0.395152464917629, -0.7886099917801433, 0.7777543214673555, 8.108913147378233e-2, 0.5964547061588704, 0.8142481520834033, 1.1428894169721555, -0.6880612060535358, -0.8059688892294316, -0.9845960553896077, 0.33545199234972606, 0.7107711582357965, 1.6115835165786452, -0.6637809548202529, -0.3545936913571185, -0.9665389383629768, 0.8110049804437234, -0.2733042042301544, 0.5755211612434792, 0.7031347921144868, -0.4364426449667501, -0.344859554661006, -0.7738984402715385, -0.5646252137451746, 0.18938837606493844, 0.8923264166205661, 3.448570389398836e-2, 1.0070252519877334, -0.840365492213552, -0.4037809334618848, 0.42325715328031277, 0.8629237955169299, 0.6212914040147713, 0.4448637131427536, 0.17551378266532996, 0.9897366136992164, -0.2953196193249652, 0.9770584760290256, 0.7936138498157382, 0.9311084493543381, 0.861173821884776, -0.6330856706305508, -1.0248749729693165, 0.4968031662161051, 0.18140499479186023, 0.6250556737615032, -0.18156023740386465, -0.7947676592842706, -1.8063604447269999, 1.2445750559065027, 0.1638348922546667, 1.2015643519623875, 1.689895239056224e-3, -5.971270150806831e-3, 2.0854991324399278e-2, -1.7117962607734816, -0.819726541623903, 0.8590928158217709, 1.1900851754388244, -0.13772804842383715, 1.5835377313252386, -0.3146061039062461, 9.434440597717555e-3, 0.10308241111570726, 1.2746952037163042)
