seed <- 659
log.wt <- 0.0
penalty <- 2.8115950178536287e-8
intervals.send <- c()
intervals.recv <- c(56, 112, 225, 450, 900, 1800, 3600, 7200, 14400, 28800, 57600, 115200, 230400, 460800, 921600, 1843200, 3686400, 7372800, 14745600, 29491200, 58982400)
dev.null <- 358759.0022669336
df.null <- 35567
dev.resid <- 225902.42604204183
df.resid <- 35402
df <- 165
coefs <- c(6.371226341392938, 5.799385199433951, 5.770025083119353, 5.165557753638698, 5.181458174505164, 4.853712322757653, 4.775440356541846, 4.622307345174136, 4.333085560832124, 4.275124668243339, 4.324740639928767, 4.131813998421656, 3.997797176892429, 3.9647368160658116, 3.737933987198047, 3.516250065553493, 3.2317174898789474, 2.965206552951765, 2.484055098602433, 2.0603894099473035, 1.6903590782509172, 0.9152995592567905, 1.0898717381506087, 0.5132322140864278, 0.2613446537518917, -0.8133814106447049, -0.24233538656710635, 0.946451912297649, 1.1761718191267847, -1.2263090453642194, -2.2762854878517285, -2.691783842614578, -0.1435203669524566, 0.8001278511112235, 1.3060412264104, -1.7694910850175884, -8.116392052387049e-2, -1.5536817542662846, 0.13204783829253383, -1.23066905763135, 1.1322713670141704, 0.8822563767604991, -0.7690698655661777, -1.7701095446983133, -0.7739126201396772, -0.7629535868759545, -1.2469930592024923, 0.7142048123340261, 0.5003878579000779, -0.5675322543325204, 3.577692247365769e-2, 1.0894726304307452, -3.448723830949973, 1.565953435607854, 0.8083122295412625, 1.062048603174713, -2.885787948552089, -0.3455303959014045, -0.28701841269718387, 1.195711665366121, 0.7563318749528839, 0.9044455921247515, -2.222450388390393, -1.529004305960069, -0.5894604345895036, 0.3434916616365055, 0.6462636819792142, -0.194822058572405, -1.545652401557479, -0.6835830740257096, -1.4790234558898234, -0.857058357352786, 0.583026266059949, 0.9859891431639664, 0.8002200350338242, -0.7029417451448247, -1.6478512289122587, -1.4241250624779074, 4.2989597736893544e-2, 0.6838334142781806, 1.220247674444142, 0.14650630398061956, 0.37852838553091034, -2.513492498908172, -1.1284398873155528, 0.424413468576069, 1.3279060617390432, 0.5015995245081211, 1.000347676888909, -2.166114422619479, 0.5920845702035691, 0.8046873620718669, 0.9778689969882558, 0.386219442966492, -0.39514106883391004, 1.596686878710721, -0.43131481055141396, 7.720074747641786e-2, -0.3172384518238847, -0.6696873104041067, 0.353345915418265, -0.14582918826135874, 0.8730166700725993, -1.863194960061452e-2, 0.8800215534695697, 0.9036341000816456, 1.1398393522726344, 0.31641808957699363, -0.5895567606631844, -0.9120528348358143, 0.6284188255950242, 0.77953168861011, 1.7339460226790746, -0.32822734683503424, -0.3860255822977753, -0.9847084679399147, 0.87510240380247, -0.22300798199396887, 0.35094031929021896, 0.9850040384999323, -0.23294128524140417, -0.3046750390293839, -1.3965701883223804, -7.827831732057962e-2, 0.44902208171332036, 0.78655426596613, -7.713739149331142e-2, 1.0274501673104601, -0.5892414947641453, -0.4212871333521823, 0.31470498433126076, 1.2124671602121406, 0.8646590215722586, 0.29168671736396656, 5.745519000011568e-2, 1.0652227345968879, -0.28827369922869445, 1.0338481498667602, 0.676472365583918, 0.9227546198491771, 0.8373830174205873, -0.6563595300027617, -1.0967078659334981, 0.7676566413928975, 0.3841487474634215, 0.5478155303779619, -4.463727078969713e-2, -0.1612112702988089, -1.5974035399275994, 1.1523910750601605, 0.17396611389425798, 1.2694871898175073, -0.11503936528137831, -5.906555524508818e-2, -7.504214342911072e-2, -2.161339558900781, -0.8864817574050935, 0.9197720940255023, 1.2414068127591351, -1.0486483683775437e-2, 1.726607850767484, -0.47388989933992454, -0.30458690180276493, -0.11020549307620123, 1.2625305511222153)
