seed <- 657
log.wt <- 0.0
penalty <- 2.8115950178536287e-8
intervals.send <- c()
intervals.recv <- c(56, 112, 225, 450, 900, 1800, 3600, 7200, 14400, 28800, 57600, 115200, 230400, 460800, 921600, 1843200, 3686400, 7372800, 14745600, 29491200, 58982400)
dev.null <- 358759.0022669336
df.null <- 35567
dev.resid <- 225419.21359375992
df.resid <- 35402
df <- 165
coefs <- c(6.529330497246722, 5.998596631796479, 5.521634217393051, 5.257385646878485, 5.042017827801517, 4.874939382708339, 4.767104846137205, 4.603857737016739, 4.353226401004062, 4.220338096934052, 4.341282869888961, 4.214546927373874, 3.995053336471495, 4.003324207806456, 3.778614725217901, 3.5502837475325735, 3.2545555761980247, 2.956691594464402, 2.4829993114572124, 2.1102419125975183, 1.744705694785475, 0.8924890377162871, 1.1133602285016138, 0.17354424339016575, 0.5760650632459156, -0.8789123238001364, -0.2777616862754055, 0.9389179775971193, 0.9930722821248743, -1.973871275889358, -2.074338462195295, -1.563864624824797, -0.7206651924566413, 0.8042905432477327, 1.3025977621574976, -1.5124522748425993, -0.5833373285456833, -1.4676247082483942, -0.12365505610788445, -1.2957998093130532, 0.9286168100295932, 0.9230402978031805, -0.9123776827550166, -1.9581882348031219, -1.371706188422787, -0.6387788800470339, -0.7847881472957935, 0.42120078255868065, 0.4490537448378647, -0.90019829678557, -0.518860296919411, 0.9700425988632582, -2.1916967084790664, 1.791673689088416, 0.804855218215779, 1.018256741724424, -1.901526261421302, -0.1872509336399173, -0.26814275942057714, 1.618493776331542, 1.5739172067862415, 0.8758867395172233, -2.0117064643673213, -0.33278449896202755, -0.6838313588287683, 0.40996310610449016, 0.5809427947262794, -0.5562897993002655, -0.6290321357336331, -0.564216037081349, -2.170380503478458, 9.19347823618287e-2, 0.6313134064789899, 1.0221949601689642, 0.7434275792263308, -0.8412308017807728, -1.2610058356252392, -1.4019513204737009, 9.380834802999816e-2, 0.6731867889875984, 1.1928791804211945, 0.11906955513209304, 0.3283582961935868, -1.9749084428071306, -0.2590781721660689, 0.2889023450971142, 1.3023160280433437, 0.45924279283860603, 0.8664404724031114, -2.2118085321366854, 0.4622129869704784, 0.6998381314084683, 0.8108021382975853, 0.23466921931624773, -0.21696804157994315, 1.3955980190898776, -0.6376612452579496, 0.5636682409498261, -1.914939144122125e-2, 2.936626932730761e-2, 0.3745144223260487, -0.4116991163636139, 0.8970690127313778, -1.6139198644671917e-2, 0.693597948739565, 0.8495430396578135, 1.1933810520034198, -0.23826065657285372, 1.188776121434704e-2, -0.9376766846654464, 0.4869126751107595, 0.43597878170615706, 1.535032310966221, -0.3145958675426322, -0.3567932191545847, -1.2964713009082802, 0.7498359232627438, -0.4093819828859415, 0.37404732484081915, 0.4846571547965591, -0.763420585583294, -0.4331644503937586, -0.8728447784167983, -0.46299219549381715, 0.2122184132365446, 0.9175804637245769, -0.14162601628488608, 0.9703563383772658, -0.6781578741435558, -0.41070057595223297, 0.4289869883709832, 0.7702080427276341, 0.8429101508831771, 0.5280354153439281, 0.12270574565287372, 1.1930939613296034, -0.4745898905166294, 1.222904897624641, 0.6793676245071616, 0.8472741234016213, 0.7971832604064082, -0.5918903080353721, -1.246284803160172, 0.5663685102446895, 0.4792863494038177, 0.5309893218931746, 2.6031682634347346e-2, -0.7494607724865835, -1.7405728240912561, 1.35134258475621, 0.1297502039703406, 1.2044712512219147, -0.14802397497808162, -9.784267742836059e-2, -5.416739713296239e-2, -1.796383937278393, -2.320936351297372, 0.8078994409230534, 1.1425839628603698, -0.3443743036258311, 1.441801906454501, -0.3025789266954972, -0.16287080876159796, -2.243021664014716e-2, 1.2048131760283927)
