seed <- 515
log.wt <- 0.0
penalty <- 2.8115950178536287e-8
intervals.send <- c()
intervals.recv <- c(56, 112, 225, 450, 900, 1800, 3600, 7200, 14400, 28800, 57600, 115200, 230400, 460800, 921600, 1843200, 3686400, 7372800, 14745600, 29491200, 58982400)
dev.null <- 358759.0022669336
df.null <- 35567
dev.resid <- 225335.98709469757
df.resid <- 35402
df <- 165
coefs <- c(6.938213013967998, 5.896870183967955, 5.703495709107498, 5.291898606711372, 5.1151928084570715, 4.843771956421277, 4.893962481636004, 4.639010161473905, 4.3759763463096535, 4.228914657608273, 4.28942008409775, 4.20355795400004, 4.044741660268992, 3.9982736283410683, 3.785895782667193, 3.521326425983098, 3.283147390968767, 2.999812932337771, 2.5380221335006485, 2.1143152904127125, 1.6172726233252217, 0.9351659845909823, 0.9554216225075235, 0.4835063287978202, 0.5501514964126202, -1.0018178987839572, -8.779842555182618e-2, 0.9719451159083573, 1.1331622892058335, -1.2280988974255918, -2.0222546339442133, -2.7243611517084436, -0.6419338683925556, 0.7705787444268828, 1.220099454916496, -1.2772004068558327, -0.6101661008737428, -0.8415645590965652, -5.261462006203359e-3, -0.8092363178449543, 0.9408406103746129, 0.8697455785583004, -1.0201915397662384, -2.3512216735856026, -0.7225075581336804, -1.021192714151333, -0.5567712781184783, 0.24712888359082805, 0.49544853649007436, -0.46249334608915654, 0.17658690394818488, 0.9722692719832252, -2.3379059512457334, 1.5904995592087334, 0.7739882479070164, 1.3762938062521692, -2.2461459611042307, -0.2859259891014783, -0.8771010082284164, 1.253134641029128, 1.2405362728821876, 0.4887372492949701, -2.108178590343383, -1.3510336039252362, -0.7603985616783064, 0.22044617360557775, 0.6224642229913523, -0.5259160009372603, -1.0434309340052086, -0.5729706257284697, -1.5183388084810412, -0.1017161340127512, 0.6524226200457405, 0.942688491367688, 0.7467205338697205, -0.9355857690995834, -1.2221794303982494, -1.1297065540320623, 8.197018344617182e-2, 0.8461563079130465, 1.2317827807806416, 9.82048113700114e-2, 0.3225007487218361, -2.281907075195663, -0.7360800374130965, 0.39525148437649854, 1.1365107651383068, 0.529535236799369, 0.9060130203994069, -1.845631418336349, 0.40129054764963557, 0.7724709503282893, 0.7542410543706091, 0.36667138304273617, 1.8972305539382082e-2, 1.2807450890877048, -0.9788420569366348, 0.14413314494067347, 6.342532950603141e-2, -0.23808358763268056, 0.42599983683990944, -0.5706692554151275, 0.6744785228581921, -0.27954624985189747, 0.7891668751883046, 0.854812211915005, 1.0797435807179179, 0.20993134049437084, -1.736282472572408e-2, -0.916085326297756, 0.330416023606193, 0.6664482428697067, 1.6212931353763322, -0.7877673566933169, -0.2434733840793679, -0.9303245479228069, 0.7433373315927478, -0.19194317087716975, 0.4843446042987825, 0.7387280679512684, -0.29875860587471986, -0.5022962361407574, -1.3349143277730076, -0.41319013793509857, 0.3023520433407232, 0.8931735422802075, -2.0068157513334114e-2, 1.2010402864434775, -0.4530391319591349, -0.2961197034732102, 0.2149608010448691, 0.7359741292993747, 0.8271602613519454, 0.44133966381514367, 7.48787909035467e-2, 1.1864624408929483, -0.37161680824439125, 0.9945493729552293, 0.7390735366653608, 1.152147467888936, 0.7187635862439251, -0.6530291275537301, -1.3625693489977801, 0.5282108445282263, 0.4131920756068144, 0.4997447196198785, -0.19340685138524813, -0.31044431175205855, -2.20626700040936, 1.1616995051090397, 0.18264247247811566, 1.3744969291883322, -0.26630566653965454, -4.251804460342592e-3, 1.8737326078917434e-2, -1.8165357087144935, -1.5377016369654577, 0.81236261299333, 1.2010213100876106, -0.26908658026397486, 1.5687068164393052, -0.16824024981462507, -0.16992001869271905, 8.876387599189493e-2, 1.1360714919580983)
