seed <- 489
log.wt <- 0.0
penalty <- 2.8115950178536287e-8
intervals.send <- c()
intervals.recv <- c(56, 112, 225, 450, 900, 1800, 3600, 7200, 14400, 28800, 57600, 115200, 230400, 460800, 921600, 1843200, 3686400, 7372800, 14745600, 29491200, 58982400)
dev.null <- 358759.0022669336
df.null <- 35567
dev.resid <- 225542.94685522193
df.resid <- 35402
df <- 165
coefs <- c(6.638504528922201, 6.01619139898285, 5.669395921730345, 5.346887489054682, 5.141853165460874, 4.8752165609625, 4.740959652403706, 4.675256080331697, 4.37605460982146, 4.307045812186452, 4.324044077330984, 4.185911730709674, 4.019773240770996, 3.988837110182243, 3.7575387105628115, 3.529865132195353, 3.232551860472366, 2.9657675777656856, 2.471381751552961, 2.1435485720795833, 1.709992990801686, 0.8988577103279269, 1.010609494630773, 0.6446499337161901, 0.402826812612303, -0.8596296267468767, -0.10783475003152955, 0.9421302102234902, 1.1584152398797956, -0.7684822881946517, -2.34786845906954, -1.495089840346867, -4.414036160471112e-3, 0.7542440490889395, 1.2459795183807143, -1.4297724507176404, -0.8918810702723886, -1.0463704805032747, -0.14791094858340656, -0.45840871623826746, 0.981732861084331, 1.0160598764991673, -0.9474459416798704, -2.3396949281675257, -1.0482348670685964, -0.533576338828143, -0.7234519367945691, -9.721459217508238e-2, 0.481359197735078, -0.4612685753887704, 2.6513121099845643e-2, 0.9408795318910734, -2.2964463035620204, 1.5706530769228075, 0.8252148048818815, 1.0813819017423572, -2.1291772106613744, -0.12440826064963087, -0.3868000638840283, 1.4134865712456315, 1.3298533248384072, 0.6482639113511857, -1.7935021644904525, -1.1625016264109638, -0.5420811921508606, -0.5525530154257728, 0.6764646213581287, -0.6839430840843886, -1.9868328206848138, -0.640752196404152, -1.7925133206169157, -0.21112614210538228, 0.41684430127192446, 0.8847349902621351, 0.6617009494814834, -0.8444270340971255, -1.4477006170849327, -1.3342547413025088, -0.12037209416958816, 0.8140782197004135, 1.2787010167988053, 1.56417871748931e-2, 0.23007348590092647, -1.884700392909102, -0.32637795053936375, 0.2830690141731563, 1.2115972367082455, 0.6043625327617616, 0.8196393150265109, -1.9223710230103004, 0.46579459920524724, 0.6850893419414212, 0.8974373392382404, 0.3188270953336692, -1.8772453362110634e-3, 1.2353106814564814, -0.11975733181485826, 0.38353974388773504, -0.49876370683206805, 0.1344321587890813, 0.3236573363463773, -0.515528927099428, 0.7925016875412862, -4.1278949605962366e-2, 0.8784429400145017, 0.7926362231777182, 1.053185677270214, 2.7487596003344644e-2, -0.9232232685641445, -0.9132971905429886, 0.4966272766649297, 0.36734164675478914, 1.603141761990719, -0.5428908681005469, -0.2145576567618157, -1.3347051414951847, 0.8171531996305771, -0.2989656355013704, 0.3782910763426335, 0.7549730271958128, 6.573680623605205e-2, -0.5071247211172717, -0.9562022967498471, -0.5048099204188702, 0.30838330539567327, 0.9853435589675857, -2.6565555421175696e-2, 1.0111014138814753, -0.5318479675326111, -0.43098147870399234, 0.21184593714261804, 0.8512759696456081, 0.702016892352822, 0.421482704029289, 0.12906782867434322, 0.9788269019477617, -0.4562681662679837, 1.086477252654053, 0.7397144117435509, 1.0065015213737598, 0.7784762965549057, -0.639818665574485, -1.0914763262707938, 0.6365530400994825, 0.42038444558718163, 0.3914097078020432, -0.19620266378776557, -0.6490478793529819, -2.0324427476462223, 1.2181575512481038, 0.19494889860697784, 1.2428470014912527, -0.20177159644658932, -0.11170428944142369, -0.1338662967653199, -1.9409232414553934, -1.5577821594430237, 0.7751905227936512, 1.1749101178461172, -0.348777805849766, 1.5799692069886937, -0.24061045315869234, -3.782931623505043e-2, 5.371254356917351e-2, 1.2520677063173835)
