seed <- 767
log.wt <- 0.0
penalty <- 2.8115950178536287e-8
intervals.send <- c()
intervals.recv <- c(56, 112, 225, 450, 900, 1800, 3600, 7200, 14400, 28800, 57600, 115200, 230400, 460800, 921600, 1843200, 3686400, 7372800, 14745600, 29491200, 58982400)
dev.null <- 358759.0022669336
df.null <- 35567
dev.resid <- 226318.18159913662
df.resid <- 35402
df <- 165
coefs <- c(6.767857675859754, 5.878742898346734, 5.715330998225494, 5.288761312252397, 5.002536539801899, 4.908717543264732, 4.701257949452952, 4.6635989319489735, 4.331548903142235, 4.226979065752669, 4.273301381205246, 4.153873216671361, 4.022344964559064, 3.9638073537092433, 3.7596864241060106, 3.5338123903334053, 3.226006907134431, 2.9390583397746264, 2.5396757427764327, 2.0361438364169016, 1.6401435298064968, 0.9046842149751432, 1.1407683468687897, 0.23282421009844756, 0.14834509120688194, -2.048719501621086, -0.32499862393113177, 1.0436416477800683, 1.1590486643648485, -0.9833283662856368, -2.624470163130705, -3.085828652000852, -0.128975077255857, 0.7403570425318398, 1.203385662866701, -1.5505815228680935, -1.1246745179775095, -0.9723581534280943, -0.13196053288795578, -0.34977765690646717, 1.1028134020553593, 0.9606325001185355, -0.839330822505645, -2.225242845500426, -1.0195768676197454, -0.6945440440007061, -1.185413572652901, 0.3416890521535932, 0.17936620068595446, -0.5214137304103569, 0.26849811435829496, 1.0710243988264845, -2.511489943240014, 1.630993308570265, 0.8740796341858346, 1.1802157674091767, -2.475135774023817, -4.846902010045384e-2, -0.45260710947666866, 1.4935730404128063, 0.4237776003366323, 0.5190698233191102, -1.6926304274036745, -1.8724035237183545, -1.3274899541832932, 0.18080450470539197, 0.6761075746988676, -0.5559799964852742, -1.8237153963823316, -0.7974003297662527, -1.5381763343981534, -3.8320057411822414e-2, 0.6545543314467633, 0.9845471465555276, 0.7105426775316521, -0.9247405554076957, -1.5903917375768846, -1.173770040344005, -8.094891342777369e-2, 0.6609937918729384, 1.2549283616735198, 0.12157327789423156, 0.24505596809702457, -1.4769456883242653, -0.538918005547782, 0.5051479448332996, 1.1568666361881537, 0.5897863920116412, 0.963528464593715, -2.840867723042404, 0.40636450135179725, 0.8239665097477008, 0.854037721271119, 0.3067661519483772, -0.5295176071982842, 1.1783763199576218, 0.4005440168367496, 0.6006707793181091, 2.2972685971498343e-2, -0.19529732414621243, 0.617796123685272, -0.16914288149875667, 0.7731502358686161, 0.2992596216353229, 0.7705065865476494, 0.8253428357483171, 1.2353160011310134, -0.7333282598454275, -0.272568830144849, -0.7485018257613147, 0.4622057961560178, 0.6563470828751538, 1.731139633713935, -0.4086471388576737, -4.9733772825226015e-2, -0.7669302018822141, 0.8455894521220405, -0.23267959943697816, 0.5174256850279885, 0.7889392694320697, -0.20240130412757892, -6.466310597661964e-2, -1.5431409833297391, -0.440414471794635, 0.4297573313593584, 0.8614212664876232, 5.762964494835555e-3, 1.1276844871916738, -0.41164852955198883, -0.46165385531583475, 0.3554514705977462, 0.7812761171206712, 0.7287099416870124, 0.3206572744258442, 8.167015502708845e-2, 1.2160633268742993, -0.2367561372098882, 1.065445987241682, 0.7426012952528411, 1.0360881048331712, 0.9325632481624855, -0.6408415055403814, -0.9933275492307666, 0.7838913894367221, 0.28012845654210705, 0.5935666004897749, -0.1523948049264172, -0.37611752580383395, -1.9534635921820425, 1.1877147066978029, 0.17215979646843355, 1.309071247677762, -6.131519904210183e-2, -2.3135168937123137e-2, 1.6390383675177443e-3, -1.8013938701623418, -0.6768629809443889, 0.8319967482558205, 1.1423693072460916, -0.41811179059050035, 1.6155077446202262, -0.31125612379277523, -5.574233043189472e-2, 0.19670216550112474, 1.2627414740989986)
