seed <- 171
log.wt <- -14.169660313584842
penalty <- 2.8115950178536287e-8
intervals.send <- c()
intervals.recv <- c(56, 112, 225, 450, 900, 1800, 3600, 7200, 14400, 28800, 57600, 115200, 230400, 460800, 921600, 1843200, 3686400, 7372800, 14745600, 29491200, 58982400)
dev.null <- 358759.0022669336
df.null <- 35567
dev.resid <- 227610.67733018164
df.resid <- 35402
df <- 165
coefs <- c(6.6848862959410384, 5.865628215760254, 5.764769473158953, 5.404756756163856, 4.943498354978348, 4.798151019363519, 4.699181612149725, 4.609575288245579, 4.3488092365456765, 4.209893553327686, 4.2851563508463215, 4.107367441444867, 3.9964334646196478, 3.8998187162435594, 3.7230839668096425, 3.485828112722559, 3.230255300443395, 2.885528147100428, 2.4629138626062526, 2.047694178659922, 1.5370255671051247, 0.8792058884243705, 1.1051017379300518, 0.39183715563323057, 0.5412857155843931, -1.12052210697823, -0.15489800308887425, 0.9532012999909653, 1.0943506359612722, -1.0222577634344374, -2.3643977082072096, -1.836227476486764, -0.22597999560819867, 0.794094821968591, 1.3075203675795366, -1.3500437964052425, 6.895665570034226e-2, -1.127967178402995, 0.24448538876543224, -0.9560142788625112, 0.9648545367383916, 0.8031678794902875, -0.8493251579023321, -2.6736185980087095, -1.138248660074924, -0.6406054481248155, -0.5180184564171476, 0.5215805795827998, 6.888796763466981e-2, -0.8209442814605052, 6.605824524087299e-2, 0.9959200532090979, -3.3627885142008695, 1.7117864130965537, 0.6650959341886037, 0.9262132074102004, -2.1195179211750683, -0.23188604438755536, -0.3294386057454428, 1.5846863477081177, 1.0261736546361253, 0.8421935234471808, -2.214493619361835, -0.3901384803454625, -0.44919921257254775, 0.21635472322535984, 0.5425690626047446, -0.15241310724700333, -1.1078282971757893, -0.6501325408329705, -2.4943255866003033, -0.20893687360270224, 0.7084081884253001, 0.99506030470917, 0.7884754144044501, -0.8485267377130292, -1.1145343796511251, -1.8120111375233023, -1.4609975906099538e-2, 0.733579218751317, 1.209855297348095, 0.1441830281259182, 0.14291625577349193, -2.452021627954081, -1.1275594491862317, 0.5019824633634613, 1.2547802439982523, 0.20325023014648536, 0.9205284424248893, -1.912619991653845, 0.4436924215881086, 0.763552724036307, 0.8546682915709565, 0.33915549284837276, 1.236829739243353e-2, 1.4027077459495405, -0.12380620304694467, 0.4636686383423743, 1.5598619423804793e-2, 5.596744096935649e-2, 0.48667907299422264, -0.46675805555346006, 0.9828316170199588, 0.1077097326346282, 0.7286870776916831, 0.8301631399340517, 1.133578885840014, 9.253507288258143e-2, -0.5972573372814378, -1.1877557842873976, 0.4778920692612179, 0.44724104864058994, 1.644497677178827, -0.5560233843581506, -0.22101435209504253, -1.052561751946756, 0.7935563959086464, -0.22296266791035915, 0.3627679956738741, 0.48074597093154775, -0.7172032687546077, -0.187934860114685, -1.3971108628451119, -0.6181275714344293, 0.4250814723493733, 0.7894636408125559, -5.426092560560456e-2, 1.0754965097092084, -0.6800251654089486, -0.42799212737332376, 0.46204857587507486, 0.9842646298507456, 0.640654566288616, 0.40544866833975984, 5.19354304291201e-2, 1.0398358480976948, -0.3841229823842476, 1.035640071216646, 0.782002163980781, 0.9063739433498509, 0.8074531779669509, -0.6657172597626381, -0.9989067288589483, 0.751666196959248, 0.39010897621357393, 0.5254619189745847, -0.3572113757536264, -0.37784533003670406, -1.8515872867720689, 1.3361829759913304, 0.16748922340961028, 1.181997857660477, -0.289666853956605, -0.1475062829099437, -0.18561273844261242, -2.199021401535831, -0.8786494662138151, 0.7113086940671811, 1.2244884495263268, -0.5047635226620779, 1.626240537933732, -0.12292537130971805, -8.007230307552586e-2, 1.9897740137143273e-2, 1.1670466529130943)
