seed <- 969
log.wt <- -13.57700955923089
penalty <- 2.8115950178536287e-8
intervals.send <- c()
intervals.recv <- c(56, 112, 225, 450, 900, 1800, 3600, 7200, 14400, 28800, 57600, 115200, 230400, 460800, 921600, 1843200, 3686400, 7372800, 14745600, 29491200, 58982400)
dev.null <- 358759.0022669336
df.null <- 35567
dev.resid <- 226297.63927850715
df.resid <- 35402
df <- 165
coefs <- c(6.3932369144764705, 5.585711042277113, 5.812362767972267, 5.328398723966031, 5.047394924578725, 4.8410549201368305, 4.766757770821639, 4.575355125562298, 4.378189645185493, 4.246002038033331, 4.334440826462085, 4.145814531747784, 3.991406117562601, 3.9738984312815258, 3.747127492672986, 3.5551092330202008, 3.264479944022618, 2.9646144639059613, 2.4719428990405823, 2.0153419035775535, 1.5231986126766677, 0.9195469012377291, 1.0174089030944686, 0.6925678610548427, 0.2565246712879926, -0.7312998784039599, -0.20328608842973442, 1.015401191723231, 1.2048531402967635, -1.1264036704784344, -2.097909419291353, -2.4403939649619795, -0.5309059036272732, 0.7490275420627021, 1.3532063406787578, -0.8889978115239491, -0.6390971442208542, -0.9968500014518367, 0.14216351674395344, -0.4167612956353558, 0.9869547950716058, 0.8243636501391036, -0.7106012366338488, -1.806339977597515, -1.2669530078479212, -0.8840608341230394, -0.2629436583053677, 0.5191413251873547, 0.6225760555425364, -0.7917351938584408, 0.29166812805506015, 0.6892257568447507, -2.6860776421418944, 1.738792474722854, 0.7681898122843408, 0.906141761080694, -1.7079193298669972, -6.2458361731009285e-2, -0.7253389920472687, 1.5103471446648005, 1.029928042100267, 0.8802068655642317, -1.2224920963020423, -0.5380859004811103, -0.6158615997104746, 4.494945362693732e-2, 0.6463806776470723, -0.305543919590306, -0.764644645801864, -0.7817013616043845, -1.7328279840918417, 8.739136007229358e-3, 0.4677549654712977, 0.9060889489655924, 0.542994797643413, -1.0331238551146227, -2.094475850197481, -0.9579477873286301, -0.11590770842728573, 0.6586547001840665, 1.1093567146572332, 0.11538182541174259, 0.26515559124900157, -2.1513720947404535, -0.175531804257691, 9.345594971880594e-2, 1.0512133047759995, 0.24703490062248784, 0.9844486932047875, -2.5023506931167656, 0.5455705067744973, 0.8657916901876997, 0.8124290195908986, 0.4810963832917445, -0.4451445057591006, 1.4731383584598603, -0.41441826232154966, 4.081622137245266e-2, -0.30244666259216074, -0.5192065232640133, 0.4484802331477685, -0.21436492458758621, 0.8312543778472775, 2.6991320535895067e-2, 0.7408638135937674, 0.8462244098936966, 1.1073714089781148, -1.1025790480830637, -0.12002273169543412, -0.6744358009362733, 0.3770763456581681, 0.560494921604904, 1.6574083074566939, -0.5972086157356955, -0.3195643951318978, -0.899171200899989, 0.730189396673158, -0.1989298661889812, 0.42171191797489327, 0.5476970074236303, -0.6899592816200487, -0.4223704637646176, -1.2002624570941194, -0.4160298653276145, 0.46682892272871956, 0.8363232869655075, -0.10291840741770965, 0.8903613398527781, -0.8514822422569742, -0.4350475399910423, 0.34142492096480054, 0.8723474377179639, 0.7063730645920113, 0.4752238498084061, -0.1734887240647367, 1.0050280122873982, -0.21303784595781008, 0.9998422679060158, 0.6739571157092731, 0.8630207943485964, 0.6828870640869089, -0.6360865624018955, -1.1443047900272907, 0.7324867887685895, 0.20115217764926877, 0.4718760551847968, -0.3335205095865667, -0.23159686752817438, -1.7751550482720695, 1.254018495553867, 9.09909104872143e-2, 1.093062097459849, -0.1345957633492877, -0.11299253585766895, -0.19571915270914508, -2.2135161049368235, -1.2452797525278116, 0.7490234478008322, 1.0303804451927274, -0.36238047573188176, 1.6356338943731088, -0.3000139376672885, -0.2094422338475639, 0.14742535940015866, 1.1807748841483472)
