seed <- 481
log.wt <- 0.0
penalty <- 2.8115950178536287e-8
intervals.send <- c()
intervals.recv <- c(56, 112, 225, 450, 900, 1800, 3600, 7200, 14400, 28800, 57600, 115200, 230400, 460800, 921600, 1843200, 3686400, 7372800, 14745600, 29491200, 58982400)
dev.null <- 358759.0022669336
df.null <- 35567
dev.resid <- 225612.05125423832
df.resid <- 35402
df <- 165
coefs <- c(6.956824581768843, 6.071243513871929, 5.700761010428424, 5.339731397534654, 4.999463195000863, 4.947732431508273, 4.810182457457425, 4.586555066021469, 4.405760418064403, 4.24771002566196, 4.298879069414446, 4.14978579889466, 3.9834532646484226, 3.9733660408150273, 3.7572092336128184, 3.5346008947578285, 3.272329132885494, 2.952777423025446, 2.5182471334695413, 2.038978025706661, 1.581871149268567, 0.9190846615423517, 1.0150899830397189, 0.36205561214573995, 3.1184397907195998e-2, -0.892538392156042, -0.12876287536638958, 0.9942564461362332, 1.1009197485737663, -1.1512736666853085, -2.1742702680659876, -2.4499476142968812, -0.540608427832148, 0.7795996403890798, 1.2275526382513868, -1.3800882010646365, -0.4239775880541407, -1.6455188007887513, 0.11427378513195122, -9.964745695935093e-2, 1.0057715220160282, 1.0400302054158226, -0.828378676893388, -1.8190712223079248, -0.6653686679340485, -0.745495190993636, -0.19216885564343075, 2.7453616278896614e-2, 0.35232167441954193, -1.0879004778045083, 8.482390307822925e-2, 1.0177303572367289, -3.295981855396453, 1.6397929201064185, 0.8372116956604643, 1.0929005512314063, -2.703492100053545, -0.1158933751954084, -0.8463455104710638, 1.0027106672597694, 0.9985479100376633, 1.0166160303414242, -2.4939335413326567, -1.7088900879011295, -0.7108105789396798, 4.481909441177505e-2, 0.5516525635463639, -0.3761205761523144, -0.6316448424473624, -0.5620726610017964, -1.60890400696249, -0.20203066071295075, 0.29376555578965763, 1.1013411525727397, 0.5886258223493187, -1.1488886836431491, -1.0586649209835932, -1.0627490856382584, -0.1241398823728507, 0.692889489383719, 1.1988407069278784, 2.659355881372061e-2, 0.2977355007645137, -1.3673610310101594, -0.555240282631454, 0.4783505831253266, 1.2485330649833128, 0.3843913547660354, 0.9801686082452462, -1.9893258346574034, 0.4984065851979505, 0.7087692372726273, 0.745695345204931, 0.3982463988978411, -0.1926129491795567, 1.3738192974251935, -0.12566135367604048, -0.14022307911985482, -0.18129013753036574, -0.15167396011672243, 0.3301378958584124, -0.5451304543118697, 0.7918302590088401, 0.11117430302931103, 0.923391345989946, 0.8333288761781448, 1.0621289290267482, 0.3674487518454565, 0.13736736309332634, -0.9302838974018118, 0.4236625026137089, 0.7094629847532768, 1.6379326823326468, -0.6041647451064679, -0.19895978928555474, -0.9937869575734268, 0.7673382948729106, -0.253991662383211, 0.5866677109296989, 0.476784817564579, -0.8219272367184027, -0.2036195199899721, -0.7380272416363226, -0.8789508736610337, 0.4045704589426701, 0.6786191477787388, -4.128036230985399e-2, 0.950479891991305, -0.8313888080988584, -0.5032849913994459, 0.26229300811298495, 0.817690043376407, 0.7783857606531387, 0.5129250455401857, 2.3298799276661394e-2, 1.2257846111088369, -0.34088919275641877, 0.9900613309369004, 0.721851366715592, 0.8838730069643774, 0.8392263348442361, -0.7459915854715734, -1.3740172739227343, 0.44813672524042214, 0.36398000401283304, 0.641321130818129, -0.17853621621731897, -0.15872846886518815, -1.6374524179405183, 1.2302855212630253, 0.14092602899961545, 1.2018651070792017, -0.31549998893681025, -3.0123669376239684e-2, -0.23741917394566442, -1.9266196383487573, -1.0287462048333154, 1.1495302248630703, 1.2373321346498136, -0.1848462228545705, 1.5842980500479833, -0.2709644335134239, -0.17484952020120922, -3.0252166213325196e-3, 1.213510807462777)
