seed <- 523
log.wt <- -14.485950696042117
penalty <- 2.8115950178536287e-8
intervals.send <- c()
intervals.recv <- c(56, 112, 225, 450, 900, 1800, 3600, 7200, 14400, 28800, 57600, 115200, 230400, 460800, 921600, 1843200, 3686400, 7372800, 14745600, 29491200, 58982400)
dev.null <- 358759.0022669336
df.null <- 35567
dev.resid <- 226161.68609109992
df.resid <- 35402
df <- 165
coefs <- c(6.577707872925456, 5.944227221167777, 5.727578145026958, 5.267367707069762, 5.094228258040674, 4.867108798950225, 4.822067576840753, 4.602059456460997, 4.381198920424773, 4.321821734671218, 4.327431251091659, 4.180103379835025, 4.012280428085991, 3.993310267045787, 3.770425807823686, 3.536122181920091, 3.2714553439787433, 2.9681005907387576, 2.50084775176346, 2.081299402513826, 1.6438575838554592, 0.852373051714146, 1.1553815583306721, 0.5067846065880055, 7.723631930163583e-2, -1.2326498220970188, -4.27353083287213e-2, 0.9619070649239885, 0.9993421597290153, -0.8931254215141012, -2.6041646538752756, -2.1387053008821315, -0.3186475025093787, 0.6731935329530383, 1.50065109875536, -1.3638702313106819, -8.664302649743148e-2, -0.5458201446724684, 0.17233708492238256, -1.915681190683203, 0.9217489839719422, 0.9701945970800775, -0.4615413304893631, -2.3160841333544266, -0.5647644152002899, -0.8491363898936385, -2.4661991577665665, 3.8463068403150634e-2, 4.8333907015021875e-2, -0.48163781999553873, -0.3714861883310315, 1.0232689440354885, -2.5377430338917506, 1.8504623516231582, 0.8132273553267015, 1.0387704467606487, -2.5384307831279838, 0.14612377951723532, -0.5580591832421586, 1.5522574179808017, 0.9168272053604093, 0.6303504036025823, -2.274343796995837, -0.29553978718265134, -0.44111907097293646, 0.37533088036538964, 0.5427864950314353, -0.5033113611763912, -1.1516473563260796, -0.5592266861200419, -1.9550391311470114, 0.15678327043521825, 0.6894100791205241, 0.9936743920534888, 0.6911781422601684, -0.5648997937073892, -1.4146991972517495, -0.9887868173694021, 8.319687253619705e-2, 0.8198427052631458, 1.2016394899181742, 2.388127443227817e-2, 0.19310648364754904, -2.1619159524027567, -0.5032485436931792, 0.3060523582144795, 1.2185995996670755, 0.6478257601517439, 0.8535021341729422, -3.2456614448386247, 0.25049886517936987, 0.7743914357029096, 0.7136720600009414, 0.34595966246024645, 0.443110176893604, 1.3374029318874725, 0.22647120107208266, 0.3242879241654238, 0.2613678184423747, -0.32523469309735287, 0.46073525873392096, -0.5494305838041035, 0.6504108377638579, -5.740032241808288e-3, 0.7974526381753064, 0.7886619685297892, 1.2417501733581213, 1.789691035841541e-2, -3.150642924230248e-2, -1.3789411081390868, 0.3811166119248958, 0.8014910231816564, 1.557792548777943, -0.5790685904492047, -9.386863191178954e-2, -1.1724075095917275, 0.69104149376043, -0.3245260954408197, 0.6272319223113085, 0.6753455076403504, -0.8880230924596841, -0.31782425078566207, -1.1705051696654805, -0.674300771165944, 0.29785973087795464, 1.053937616806928, -4.999493153812652e-2, 1.043063510485622, -0.5922141235028514, -0.42020546522700386, 0.5098931174151474, 1.088277022119702, 0.9356498484131559, 0.4113669704022629, 7.195586060750189e-2, 1.0806377576777046, -0.4323401184177949, 1.080644570654673, 0.7962029083843962, 1.0577980383130223, 0.720709798827158, -0.6446070274535308, -0.7993486779518887, 0.714207355093711, 0.14054535447029226, 0.4549875393689838, -0.14109424142856153, -0.6283313454624168, -1.7794174920005226, 1.3368401947749848, 0.18677037279901942, 1.2972387349100298, -0.10393987082571338, -3.249160547180289e-2, 0.10752161939582831, -2.5616319067934294, -1.5250528228605316, 0.8361535578825279, 1.2036095869252665, -0.1111429686715518, 1.5143380962713326, -0.4113373533299873, -0.11352415920638391, 0.10514346581095037, 1.1451285708100838)
