seed <- 391
log.wt <- -14.45381672936702
penalty <- 2.8115950178536287e-8
intervals.send <- c()
intervals.recv <- c(56, 112, 225, 450, 900, 1800, 3600, 7200, 14400, 28800, 57600, 115200, 230400, 460800, 921600, 1843200, 3686400, 7372800, 14745600, 29491200, 58982400)
dev.null <- 358759.0022669336
df.null <- 35567
dev.resid <- 226773.72109703085
df.resid <- 35402
df <- 165
coefs <- c(6.525010884267259, 5.866346113888858, 5.626604032089321, 5.136417899323871, 5.150995378744383, 4.844166040270012, 4.725635391080849, 4.613736385276505, 4.395538126533706, 4.226258332010598, 4.371684805602895, 4.142477044176273, 3.996492750611021, 3.93896454049655, 3.73697245239097, 3.5010467877431037, 3.223859974535979, 2.9528210330975933, 2.4790857425984982, 2.0084032815494095, 1.687776675023873, 0.9119076404460905, 1.0421269854145307, 0.35397667017258483, -4.7656962828103396e-2, -1.0330757383197102, -0.145806187814175, 0.8795552854058222, 1.0978541795332764, -1.8326530346204757, -2.322445983883727, -1.9826359113559082, -0.3631927333087585, 0.7874972080340699, 1.4048913713123998, -0.6756760829362621, -0.5571560725215104, -1.4609709496609085, 3.599909203974036e-2, -0.43319643999150165, 0.9085098415138537, 1.117374006358646, -0.5220531991308497, -2.370454213021653, -0.7945054923947954, -0.6388479987656166, -1.192948133135655, 0.42500371018717037, 0.24050674054512172, -0.6576362861697044, 0.25071020362580976, 0.8052890895554417, -2.538699770043401, 1.758159179632746, 0.8056704738672891, 0.9871719531782936, -2.119299121736331, -0.2502780307437198, -0.5052904312947053, 1.005172158245408, 1.3838266355814803, 0.7805460884106314, -1.6817356457170953, -1.8430813071028096, -0.7909851801466341, 0.40650197223784384, 0.49251772547130007, -0.2527810244457973, -1.1074295077213145, -0.6123959233371136, -2.194072211332182, -0.46909165931792046, 0.5298019126698911, 0.9391704665459029, 0.5082538563703161, -0.545304196017648, -1.2577974254680961, -1.4503690795271196, -6.786349823008188e-2, 0.6482996295322583, 1.0978394223726091, 0.18685017363600942, 0.2948597352189427, -1.6523158745694344, -0.4839859238737577, 0.4580638703737154, 1.2019163371444208, 0.6300079495837482, 0.8346941652089789, -2.4185976491712875, 0.3924074354569112, 0.8377902294494641, 0.8791845952437742, 0.3267344304936914, 0.35662440324151456, 1.281178139511754, -0.9204342265290806, 0.39034403447186944, -2.1971245726740814e-2, -0.4173286786264546, 0.22388385247897932, -5.18832647554288e-2, 0.820070643396283, 0.252363124749265, 0.6732748428305909, 0.8295121184230926, 1.2083922776561742, -0.52205548875325, -0.42759444738466496, -0.9428932125622428, 0.2893173499714583, 0.615274626913322, 1.5690020454567133, -0.6608411543983598, -0.17703168840713507, -1.4852608171697894, 0.8570343111719617, -0.33051980729624036, 0.5141778508997505, 0.6067005293484485, -0.15297820488311087, -0.3126102933057023, -1.2125862605031414, -0.11130831189805031, 0.3289074492407331, 0.9133486831346928, 3.160239980925401e-2, 1.1527042032262766, -0.928587693171067, -0.4799704443483659, 0.3379377705625469, 0.7955709233115773, 0.8341941660815878, 0.44451587500155904, 2.671725982224137e-2, 1.0577711523318312, -0.21289846358994022, 1.1275942522401803, 0.6735675981009263, 0.9646000407529542, 0.8122425287170275, -0.665409768920243, -1.1794958591145226, 0.5860961692085804, 0.459247863168311, 0.5688622076964872, -0.35605432677651633, -0.5418574768419822, -1.7220690425121092, 1.3219165248249476, 0.148855673368871, 1.2219003671488808, -0.23800633205486998, -6.507959762174792e-2, -8.720375942877572e-2, -1.734559194408675, -0.857771480026153, 0.8256839375181791, 1.1052395675636046, -9.58216933116936e-2, 1.5595983483275244, -0.23055043595639, -0.2752975798189873, 2.6302417955705006e-2, 1.2314451800510557)
