seed <- 757
log.wt <- -13.807866968196967
penalty <- 2.8115950178536287e-8
intervals.send <- c()
intervals.recv <- c(56, 112, 225, 450, 900, 1800, 3600, 7200, 14400, 28800, 57600, 115200, 230400, 460800, 921600, 1843200, 3686400, 7372800, 14745600, 29491200, 58982400)
dev.null <- 358759.0022669336
df.null <- 35567
dev.resid <- 224989.0913721983
df.resid <- 35402
df <- 165
coefs <- c(6.5779816489178256, 5.863196767516653, 5.659570977362222, 5.369705180443103, 5.10884907649377, 4.908610378549784, 4.789874658569185, 4.634842172450399, 4.419656326599632, 4.287785313890343, 4.336344177314606, 4.1938264632830755, 4.001048666442534, 4.006821127245633, 3.730884308640437, 3.569986985767603, 3.292324991939311, 2.964508671133095, 2.505656366277636, 2.0587128338812883, 1.666476859345982, 0.9140302169666243, 1.0760995651334457, 0.4505597930896549, -0.5104472093251683, -0.7646711148146237, -0.3456052723593207, 0.9335026087249757, 1.074197276151978, -0.7803892185739888, -2.281766461913925, -2.2765869551478284, -0.4083604959804985, 0.7817464749203158, 1.337716779178895, -1.0655809474365632, -0.5742919680567709, -1.3669031988115197, 2.3169201755460157e-2, -0.8031669326163561, 0.8988091106534182, 0.655166505232412, -0.5711266821250945, -2.04448237743385, -1.1527298881821477, -0.7872870252303227, -0.6122323424994731, 0.17220903888362168, 0.805549938792103, -1.466385576140376, -0.3006895265354964, 0.917753233634146, -2.413531780979618, 1.7740336255921687, 0.9038456352762971, 1.0121072634703037, -1.8741021994841198, -0.21744367790206381, -0.4193825478365887, 1.4750746174523972, 0.840961376315897, 0.8780015762978072, -1.5601124242902484, -0.5306323733709921, -0.7285433258012168, 0.24682311523188022, 0.5643977394248113, -0.46472011316850886, -1.0312312965856516, -0.685121465154569, -1.9632721483170343, -0.18891435064905893, 0.35062273463824656, 1.091993273130609, 0.6172089539909772, -1.1204968624629081, -1.2252594112793893, -1.798634183927964, 1.7880224693538307e-2, 0.6970983522006944, 1.097188124541037, 8.696634977147848e-2, 5.395353688104662e-2, -1.7497471062685022, -0.3163626185276452, 0.5018123473618525, 1.2271094663226259, 0.5092464482828025, 0.9038565583730456, -2.0042360615880273, 0.3787752274054861, 0.9017036477958578, 0.7391499174270285, 0.3486750363904882, -0.3194523411330945, 1.280042033878986, 0.5520886823559502, 0.5783676991418825, 6.493718473302701e-2, -0.12314011970801586, 0.33068445852920714, -0.5789581558160365, 0.9177818697405715, -0.26498798470838514, 0.8611148349749814, 0.8370710389611251, 1.1606612714531823, -0.8166762642456096, -0.3646320442047181, -0.8856506879216445, 0.3859449182007686, 0.4339034658889962, 1.6080612300084405, -0.42456391956376915, -0.2753205864021883, -0.9842642595199224, 0.6941064335890608, -0.28386596698783123, 0.47230056632688705, 0.573810473179815, -0.7732346357867198, -0.51577317744068, -1.075918751832538, -0.3593840931977586, 0.36336251941937364, 0.9389888765613179, -0.1315329239620727, 1.0530614349637575, -0.4737357694692097, -0.35730840854655266, 0.401578476486969, 0.9326655012455426, 0.6580861319895437, 0.4739964237136393, 3.22583497203329e-2, 1.026374569849275, -0.38885387540609256, 1.0161325883642307, 0.6364732797093811, 0.9687436768303828, 0.7504408047055757, -0.6041004404361174, -1.1102182259865374, 0.7576612162657352, 0.504154484624868, 0.5801271099856543, -0.22970343740010754, -0.6177064892722084, -1.9965370540903276, 1.3667646418449935, 5.4045526493102784e-2, 1.237383909384989, -0.30392897817308306, -3.336213275261516e-2, -7.775258968766868e-2, -1.8211040053960554, -1.1724948728156082, 0.8950853254973781, 1.161401337694489, -0.26625345575193515, 1.5737542944209522, -0.41112781335733783, -0.2134528483398347, 0.16494340533246651, 1.1020885126370874)
