seed <- 977
log.wt <- -12.077020323322245
penalty <- 2.8115950178536287e-8
intervals.send <- c()
intervals.recv <- c(56, 112, 225, 450, 900, 1800, 3600, 7200, 14400, 28800, 57600, 115200, 230400, 460800, 921600, 1843200, 3686400, 7372800, 14745600, 29491200, 58982400)
dev.null <- 358759.0022669336
df.null <- 35567
dev.resid <- 225734.9897588198
df.resid <- 35402
df <- 165
coefs <- c(6.613426082530049, 5.575203178746551, 5.656532199725997, 5.397820623579735, 5.26050774748405, 4.803437819432034, 4.895680166445747, 4.614010968370908, 4.365172987732604, 4.315945689157077, 4.328168894230968, 4.203320147114821, 4.000949534299377, 3.959193782781884, 3.761324280549442, 3.5067711703411137, 3.2141052094866303, 2.9416800328037858, 2.5185422377435445, 1.9895779451814175, 1.5025150801223153, 0.8694247518040653, 1.121725297124097, 0.35291876978667847, 0.12001018729885646, -1.010761995443688, -0.21111246105542497, 0.9882965656119862, 1.1116511018810062, -1.160184513713795, -2.3502526883559822, -2.033895445513544, -0.4014192794460554, 0.7542532431649216, 1.391893839698654, -1.1528709536976935, -0.3516081169689105, -0.7920233856873509, 5.011911204091387e-2, -1.3026959305873296, 0.8857961528774243, 0.848483599421085, -0.8931143304169704, -2.16986699720368, -0.9318802203895559, -0.8692324993738964, -0.9517065534905429, 0.4780568338465359, 0.19713065917033967, -0.6549725336365345, -3.1370772793309715e-2, 0.7794577811278859, -2.258904128319316, 1.7796650781965304, 0.8019699816948118, 1.0251618445817765, -2.1434085479700338, -7.406412707860081e-2, -0.3772327208719486, 1.5805992170607468, 0.6391776968924262, 0.6819429119122414, -1.8292787751406556, -0.5372887820686747, -0.6930254494452387, 0.16714806857083447, 0.6311114026340289, -0.3194128915152466, -1.2840135453895807, -0.43461556701425014, -2.528911487894217, -0.40240280746256507, 0.4237692949317424, 0.7444220728551421, 0.5480548400769498, -0.40822946478311584, -1.7421792975128358, -1.2433526995766033, -5.52951019188605e-3, 0.6554998761665246, 1.1511821550750645, 2.3853880280545112e-2, 0.11285023348302359, -1.8492513057827031, -0.722866469481048, 0.23798127821221363, 1.188213872519303, 0.46658975438264494, 0.9080313955208411, -2.4377326638507393, 0.46951698547042625, 0.5580191843446403, 0.7935879636874696, 0.4114662150955199, -0.1441457163695281, 1.1546652895070935, 0.37491586419875267, 0.5139805528605358, -0.1596725254693479, -0.38946809545955213, 0.3305422550409443, -0.3555204825341942, 0.8034304493195581, 0.4092344928638852, 0.7796357501023524, 0.8055687153595943, 1.2251755209270045, -0.484336294658032, -2.8462239441284253e-3, -0.7832385523354368, 0.4032943129059747, 0.6546561731163093, 1.6385109254206378, -0.6515430682665789, -0.1738155926043747, -1.2182006272847326, 0.7682802572806335, -0.3227892330938667, 0.5768840643975611, 0.6057591705153953, -0.5625940270829708, -0.5306742766183113, -0.9055886372800958, -0.2870201362969394, 0.38891978733543725, 0.9814092221494412, -5.163682938529645e-2, 0.9965419454949646, -0.5334535179408129, -0.3905229420537673, 0.33587769487405067, 0.9803676947955392, 0.8353918471099482, 0.44654815742817067, 1.3686727189994448e-2, 1.049783618179666, -0.3257352946506092, 0.9799801769147297, 0.7418400559454942, 0.9000004368659392, 0.7854560514022694, -0.6861943876566773, -0.8162365331127611, 0.6723904432859468, 0.23866933552803843, 0.3666864027759933, -0.24386465304450824, -0.5253097110875267, -1.8479745869491135, 1.2928360769170932, 0.15057095769803133, 1.2142130431117197, -0.17348546530003497, -8.714804943376997e-2, 5.3826361234590586e-2, -1.9358960571969448, -1.1891500476530485, 0.7801093676769832, 1.177518960050135, -0.4887717721353104, 1.6043671388006318, -0.20118879422787167, -0.12409088180778922, -1.7294861912213032e-2, 1.1895183988882796)
