seed <- 577
log.wt <- -14.808842742105647
penalty <- 2.8115950178536287e-8
intervals.send <- c()
intervals.recv <- c(56, 112, 225, 450, 900, 1800, 3600, 7200, 14400, 28800, 57600, 115200, 230400, 460800, 921600, 1843200, 3686400, 7372800, 14745600, 29491200, 58982400)
dev.null <- 358759.0022669336
df.null <- 35567
dev.resid <- 226975.94238411638
df.resid <- 35402
df <- 165
coefs <- c(6.692755488328431, 5.904358393073338, 5.7427194505815065, 5.2681068360389665, 4.987905069087103, 4.895851505876334, 4.731753702985077, 4.633052422572441, 4.315732438113114, 4.261327990591079, 4.292638149168612, 4.176916779885794, 4.008747052795312, 3.9430419447128937, 3.7459179482450664, 3.503651895797809, 3.2303258457884847, 2.929579519523264, 2.5079981648966796, 2.0834685257670524, 1.583471251574848, 0.9032741873964314, 1.0042470412952076, 0.3326510771046604, 0.5552928072469255, -1.0057508356376441, -0.3258534513013603, 0.9861992210617008, 1.0956165105826365, -1.1689284209409043, -2.3989314947843483, -1.9068233238384134, -0.4116319832771512, 0.7528364945681698, 1.3091456265202555, -1.247120962415725, -0.36007577602381413, -1.2538511660084177, 8.39511148623575e-2, -0.8509429707073415, 0.9413538232318798, 0.7772382985239115, -0.5828571801345396, -1.4555291599477536, -0.7948493233596042, -1.0477096759048574, -0.547574602569217, 0.3448480648444078, 0.3377516157948041, -0.973939468875534, 0.4575019427210681, 1.0071307499182656, -2.7973160232277734, 1.8026011866663703, 0.7806847139752094, 0.9661031300714881, -2.2096249817524907, -9.333182987989562e-3, -0.3337446530224738, 1.188581860127737, 1.546211531301382, 0.7565210907556725, -2.046898957364875, -1.1403758048536827, -0.7758703278756036, 0.43062426800795406, 0.6927336917942097, -0.5262038776454266, -1.172895211587759, -0.5964174179125762, -2.0751679455376837, 0.24926700320104409, 0.5508251967636607, 0.9854182817113346, 0.7805775230403789, -0.5457678070717229, -1.1658770614051293, -1.3310929059112107, 5.772360368580083e-2, 0.5652844555925141, 1.094958337427132, 8.051172945624216e-2, 0.22166662780570448, -1.9552049331947534, -1.2158270075442783, 0.3139472219611667, 1.2439627406249116, 0.4526265074454334, 0.9664356275643579, -2.7310545460048687, 0.34318030003849004, 0.743980571891178, 0.8101312839890167, 0.3105298280642104, -0.174493162170934, 1.097497401339723, -0.3610443832182934, 0.5013038667022361, -0.3021767736019607, -0.41639288364973376, 0.4239470487430072, -0.3929074307478836, 0.874798718773135, 2.0513312433913834e-2, 0.931371917450068, 0.825024605954815, 1.1439758608206103, 5.301300027720302e-2, -0.5614474274134115, -0.9894635868101886, 0.46860727581923045, 0.6106544884548911, 1.601874117894535, -0.42256319428382005, -0.29879885870666706, -1.3498861313116068, 0.7538286726947727, -0.2659398845474831, 0.34528043873874087, 0.5647689420999658, -0.6610961262093288, -0.29814752421995216, -1.4100706596266022, -0.6633135713763556, 0.37335340835066677, 0.8640830494893822, -1.0054390275370527e-2, 0.8890215106518401, -0.7710018058338224, -0.3058187985112111, 0.2655677266808926, 0.7728785226918862, 0.7954190945480086, 0.48584122076069897, -0.10379298816537766, 1.021527256653143, -0.42652429875323067, 1.0467337794011562, 0.6809244584295977, 0.904479336571617, 0.7091785289254565, -0.6342934064435687, -1.1122700492138886, 0.6428371290742515, 0.5291336199519793, 0.6788801689371375, -7.511125490337822e-2, -0.44215831150053303, -1.7955765058123359, 1.24276970159441, 4.085282405393608e-2, 1.1190425699665603, -0.12045505231211133, -1.26644791322941e-2, -4.663290934716834e-2, -2.044017105150405, -1.1551431451976544, 0.7992407307234439, 1.229303487895509, -1.9186874374053142e-2, 1.5585836807070204, -0.11750378579455843, -0.1802563868495139, 3.0017605564075307e-2, 1.1809896176365526)
