seed <- 993
log.wt <- 0.0
penalty <- 2.8115950178536287e-8
intervals.send <- c()
intervals.recv <- c(56, 112, 225, 450, 900, 1800, 3600, 7200, 14400, 28800, 57600, 115200, 230400, 460800, 921600, 1843200, 3686400, 7372800, 14745600, 29491200, 58982400)
dev.null <- 358759.0022669336
df.null <- 35567
dev.resid <- 225357.96108432405
df.resid <- 35402
df <- 165
coefs <- c(6.502695736362275, 5.767474417042671, 5.719247431413691, 5.2803427405441905, 5.083474533031525, 4.934946687878736, 4.862302931085287, 4.667015514239353, 4.342482739110934, 4.2603128603961755, 4.3889287101667245, 4.17098154862308, 4.004706535200185, 3.9203672260911673, 3.7393652574166416, 3.524740914243034, 3.2582820268657025, 2.950687441801288, 2.518346515791843, 2.0276770265123925, 1.5810298404377587, 0.899422772356732, 0.9915729700613951, 0.5874230327969241, 0.42747018781059754, -1.6877348458408632, -0.2592627081083791, 1.1915085801382739, 1.1023931313341286, -1.2453313001187483, -2.2846113578992133, -1.7774712878788488, -0.34375483463255113, 0.7418265136200547, 1.2152102337520496, -1.2779084350743455, -0.8571013610838043, -2.2372172061782525, 0.22566799290549744, -0.727734610943905, 0.9425263775276905, 0.8605346951132128, -0.8097617104599198, -2.567897559545654, -0.7746811744910851, -0.7728980665534682, -0.17976854581214316, 0.3438996091204519, 0.31544359328715776, -0.39411269637425644, -0.4180905008760969, 0.8527025366463158, -2.9569288766842643, 1.9261997507851603, 0.689366140537338, 1.157725630371506, -2.337483933810278, -5.073249206100699e-2, -0.5455670804537083, 0.9297101283927919, 0.8976893681102052, 0.8944377510860393, -1.2691068582832963, -1.6322927592277683, -0.5020898389813048, 0.1673352252621554, 0.6214313230891195, -0.4768312212169078, -1.8337887815330627, -0.6377986309977758, -2.5071759279992656, -0.11165354072609683, 0.78047063149862, 1.0763489400309574, 0.6203732029226533, -0.8510970586567933, -1.385347274092477, -1.2581409890368238, 5.298798515220523e-2, 0.7790749211684038, 1.243191874831102, 0.18415681646503337, 0.14269279963439516, -2.3617769795347106, -0.24661628956509937, 0.5786703117369314, 1.266478600557624, 0.7565897665743844, 0.9875006921186876, -1.4811640455255286, 0.3417591128964332, 0.8038062494047875, 0.8417732479862322, 0.3769203244626325, 0.34098893569387073, 1.353136647387514, -6.893921740135447e-2, 0.6502874024509238, -7.075760035824717e-2, -0.7653260510962036, 0.4528027140921127, -0.49334891360671973, 0.9236449494693036, 2.832168164119065e-2, 1.0865109329446745, 0.8294723568952393, 1.1602387662296858, 0.2474488461588063, -0.8077026270646399, -1.0929502297799345, 0.3844828226071057, 0.873392133598578, 1.6389504938192325, -1.6107272534646195, -0.2770324997224598, -1.1409072469832888, 0.842218659882882, -0.3037768923084778, 0.3103137918029899, 0.6353741836824484, -0.6440017893541062, -0.20723996987175558, -1.3503684094702562, -0.4303391228808541, 0.4738763783151876, 1.0626590743500508, 2.8513720704382687e-2, 0.9624083436115906, -0.8013672460788845, -0.3694114399413192, 0.1984824570403529, 1.0131561649667642, 0.9060835684510857, 0.6917476303378822, 6.808915265894783e-2, 1.348286012462391, -0.3778507304014172, 1.1925852160657233, 0.6726626925771424, 0.988484497427128, 0.7933082916307719, -0.730800776679487, -0.9934284827628193, 0.7462626855923972, 0.2411645726016806, 0.6740590894346048, -0.3250113983412774, -0.4143200368626511, -2.0049297584114454, 1.3030128490944612, 0.11205873270114844, 1.2752079518498585, -5.1970094577990485e-3, -0.16638048525806653, -0.13355991718673935, -2.1050723427629743, -0.9439606372903511, 1.0537038229677647, 1.127505703785684, -0.20136938975175336, 1.6290966913639904, -0.4236143089184131, -7.101908904540227e-2, -3.192195984971341e-2, 1.2892699727279202)
