seed <- 722
log.wt <- 0.0
penalty <- 2.8115950178536287e-8
intervals.send <- c()
intervals.recv <- c(56, 112, 225, 450, 900, 1800, 3600, 7200, 14400, 28800, 57600, 115200, 230400, 460800, 921600, 1843200, 3686400, 7372800, 14745600, 29491200, 58982400)
dev.null <- 358759.0022669336
df.null <- 35567
dev.resid <- 225727.40588188783
df.resid <- 35402
df <- 165
coefs <- c(6.582771267238499, 5.91910330820484, 5.649940957517037, 5.346273697562723, 5.054902160333275, 4.855709831657463, 4.823283583601693, 4.609202344375971, 4.384448406417243, 4.272965476557995, 4.3200908416074215, 4.179939511253969, 4.0466356970368365, 3.949415033859116, 3.7712304402627432, 3.5620254315709436, 3.274819075882075, 2.960607007700943, 2.550271157915612, 2.040479388728498, 1.5650046007119816, 0.913116475655506, 1.139637919308159, 0.4654932114873288, 0.8787001205279132, -0.48542935007342186, -3.077016508619336e-2, 1.143704309663043, 1.0417276294431113, -1.5414214344780033, -2.457786847760631, -1.634444888824301, -0.20877774722976422, 0.8003006385211346, 1.3231867948084235, -1.4308416751988704, -0.1874970454956753, -1.483542976290294, 8.182514564943828e-2, -0.908203152950214, 0.9359995379283544, 0.596841734630702, -0.6915743537584376, -2.5915414957219225, -0.8633503727526795, -0.7434754981310893, -0.7798777943109118, -0.14188630186703693, 7.47609134684941e-2, -0.6782300319995738, -0.2669133878503563, 1.0661652417396086, -2.538878294460289, 1.6704844627603537, 0.7567333550885386, 1.1384615281632282, -1.9487269765666835, -0.2747629496743348, -0.4772452895818243, 1.2934050877752075, 0.9943865230013589, 0.7451563829693958, -1.347127598939669, -0.5401324146815731, -0.46150862254244224, 0.2703129807352187, 0.46397069288688064, -0.41688671033581676, -1.4818824297318969, -0.8461318130441589, -2.5528006853775875, 1.2453946844000592e-2, 0.8487949449863829, 0.9290429186678483, 0.5368573018990339, -0.9342443830165136, -1.1713230743212297, -0.9811032398285459, 9.234873165427207e-2, 0.7879055907507843, 1.2006095830912642, 0.1625484744317781, 1.288463049315637e-2, -1.9206619352448746, -1.3511967017230149, 0.4750978766105234, 1.096607516181611, 0.263840271156152, 0.8798777851433455, -2.2093908029927665, 0.43743880510598576, 0.717287531177324, 0.7644420252728754, 0.36549530099793354, 0.15231829224083415, 1.3506474270535231, -0.5453960427610218, -0.10987341856408789, 0.13452031879239448, -0.5961561672823491, 0.35100558511076246, -0.20057407176442338, 0.7287175389500968, -2.6224214404502972e-2, 0.5699443568441557, 0.8723609856910866, 1.2005954288878478, -0.15889100386806226, -0.8617910312254574, -0.8129075561173504, 0.30923849468745535, 0.7174895726331748, 1.592722528652861, -1.0349774197345292, -0.14246803670477362, -1.3331005303290977, 0.6785811532110755, -0.27927758313923773, 0.418495799956633, 0.5877662041865153, 0.1346786732690706, -0.42457795176753615, -1.2032498528408873, -0.807761103575247, 0.34541298095023715, 0.9440678535839943, 0.11687787375947732, 1.055667730229148, -0.45012528960437515, -0.3310869464549116, 0.47842890067136434, 0.8611293886040433, 1.0293633625851224, 0.41247219435986654, -0.16913966803176067, 1.3862773417379592, -0.34060248432993045, 1.146214642919049, 0.6978758661420623, 1.0599025179500734, 0.7548081726069499, -0.692558050591668, -1.0225836801024681, 0.5812288077039196, 0.7157353185374841, 0.5565082499629324, -0.22543144160881304, -0.48388046850887023, -2.19202887296559, 1.383598547338972, 4.4771796350266894e-2, 1.2436729115427088, -0.1696651699026752, 5.34709657378996e-2, 0.10695968300635629, -1.4998431574757054, -1.7305390351706575, 0.8762836622416883, 1.0835833371477173, -0.30709904691515866, 1.5575953013906625, -4.40532531700613e-2, -4.690542171370293e-2, -6.99970197617632e-4, 1.1541426947617006)
