seed <- 335
log.wt <- -15.889547265834846
penalty <- 2.8115950178536287e-8
intervals.send <- c()
intervals.recv <- c(56, 112, 225, 450, 900, 1800, 3600, 7200, 14400, 28800, 57600, 115200, 230400, 460800, 921600, 1843200, 3686400, 7372800, 14745600, 29491200, 58982400)
dev.null <- 358759.0022669336
df.null <- 35567
dev.resid <- 226108.81740836243
df.resid <- 35402
df <- 165
coefs <- c(6.580612037164445, 5.976387977676312, 5.759822803164839, 5.324854323624136, 5.0696284490530505, 4.812455925595661, 4.74298083051603, 4.585811494482321, 4.357382795748725, 4.20440794784057, 4.2886603399985495, 4.199136087128315, 3.9995209658769686, 3.935480925361187, 3.7322153358221732, 3.5012291739346355, 3.260988145097926, 2.9329157156230985, 2.5082182340500863, 2.014563926830611, 1.6090571258545725, 0.9000937450796389, 1.0940000434913182, 0.2891054277181978, 0.4763080708233036, -0.6857171112484854, -0.13167054082049068, 0.9430427601166367, 1.092228723975427, -1.1990101072599737, -2.602586040460228, -1.8063873986045147, -0.18480931005934453, 0.7398479848786612, 1.2872636334542833, -1.4706943048624943, -1.4247060560315593e-2, -1.1445250311770492, 0.11965732469582858, -1.347689180908258, 0.9626885611092673, 0.9831891315635973, -0.9957254801675438, -2.364822081505882, -0.6881661687605353, -0.8809689007609695, -0.17217973612713136, 0.3538091242644893, -1.4911189307006354e-2, -0.8531732523438503, -2.8571093870319628e-2, 0.96946672050652, -2.303246658962117, 1.746461105384474, 0.8806616152396418, 1.2187924162931256, -2.2049943374757888, -0.20557419973058766, -0.3466190467272965, 1.3909516878419215, 0.9810763302310405, 0.8073976780499252, -2.083536765372979, -0.3973264959801377, -0.9549207815357006, 0.3147093089828749, 0.6869152293776605, -0.49279523693731686, -1.3263223352524973, -0.5389045389807008, -2.6420746185924964, 8.470744742668694e-2, 0.5050188044607781, 0.9123642502213505, 0.632534821600712, -0.5113170921818739, -1.3474911189530632, -1.143513090032496, 5.212008285678077e-3, 0.7662538482256265, 1.0814959072464796, 0.21872017017303916, -0.23070737422705936, -1.6936301558451108, -0.579692622715816, 0.37758593647795435, 1.191010473714596, 0.3280539307353271, 0.9193311330527163, -2.5174207105505366, 0.412448757406951, 0.659447149713504, 0.7594788406540286, 0.37903766727036553, 0.1796601129246885, 1.440532415500104, 0.5608655947955041, 9.159982523121532e-2, 0.15219191735241872, -0.21328323255315426, 0.6136597195111625, -5.166531121841579e-2, 0.8572372551571971, -0.15584759620721172, 0.8737753073881762, 0.8146217297124032, 1.1185323065889918, -0.5366124041435651, -0.5745945088807176, -0.9767233896426712, 0.3745433460928703, 0.6623604610483322, 1.6480537537265971, -0.7390039634055439, -0.11345217508659997, -0.9782449197914063, 0.7581349129815427, -0.4046179134788512, 0.5142889291776631, 0.6765108133165572, -0.24605025429813016, -0.2611989839613232, -1.0419601708636692, -0.43121548342061866, 0.36706433303057623, 0.7360263002587534, 5.343058177406837e-2, 1.1032440212373225, -0.738264327259061, -0.3478082394334979, 0.2834508633814119, 0.8320921572263584, 0.6255126937272922, 0.47234203624989207, -4.5421759219283785e-2, 1.0109296971781, -0.3621009122467979, 1.0303577700111624, 0.7970041718294031, 1.0048196688817388, 0.7298585224274244, -0.5766255017458143, -1.0478364935364737, 0.640782260723984, 0.2820031982033328, 0.48984686218511203, -0.33960838877783867, -0.754192553771869, -2.2099076876772332, 1.2908263313460135, 0.12138655708366133, 1.2649077340545614, -0.2773017796600875, -9.782200298370523e-2, -3.7778619807906325e-2, -2.0075544691671467, -2.0012890564792887, 0.7702011799579289, 1.200830835468032, -0.2588295307690077, 1.5746409349694526, -0.4509567650800529, -0.10253248043989181, -0.2193676053595952, 1.2171147677696168)
