seed <- 298
log.wt <- -14.7518761566433
penalty <- 2.8115950178536287e-8
intervals.send <- c()
intervals.recv <- c(56, 112, 225, 450, 900, 1800, 3600, 7200, 14400, 28800, 57600, 115200, 230400, 460800, 921600, 1843200, 3686400, 7372800, 14745600, 29491200, 58982400)
dev.null <- 358759.0022669336
df.null <- 35567
dev.resid <- 225717.63343564875
df.resid <- 35402
df <- 165
coefs <- c(6.660177845952607, 5.897775453262805, 5.752891999371169, 5.2730566355632975, 5.108984635923078, 4.922835314026058, 4.764378034388637, 4.610877412624891, 4.359887127750199, 4.273888819157237, 4.272772830466281, 4.13885007935286, 4.038996652705322, 3.9814290260377776, 3.7216624989243563, 3.5330758514718386, 3.231501046972724, 2.9500609119209122, 2.5110134361600034, 2.0859760783849794, 1.4376527426417143, 0.9380721238507932, 1.1326567437724935, 0.49684881507400286, 8.235448981185438e-2, -1.249285592986749, -0.10295644173973503, 1.1233632494768162, 1.1357431944864695, -1.435850652050111, -2.845136906385592, -1.5700174286292896, -0.3556249030554452, 0.7516896808473407, 1.5448132266553471, -1.0817448185492842, -0.5377129558299524, -0.6867607891437358, 0.11597897660245327, -0.9796388862212801, 0.9857684963217673, 0.7885780585598517, -0.6882094696746033, -2.013365479160246, -1.010838087279037, -0.7708590324140819, -1.0990701507184835, 8.717482106590094e-2, 0.8016801225384398, -0.8575922511314162, -0.2927714050027166, 1.1606776005968626, -2.3844655555433323, 1.8135708084350364, 0.8079024995141013, 1.084827433844743, -1.6650161790298659, -0.25322083284173197, -1.1076861997950707, 1.133469501434181, 1.110956366746383, 0.6908745646722753, -1.9222521612309698, -0.6497905591140664, -1.0757480747517862, 0.2478769197190352, 0.6078274872704458, -0.6617009168266367, -1.0311458720884512, -0.4758239823666381, -2.0992329398565657, -0.16366429225915163, 0.452272100719873, 0.8710345534415288, 0.6588808002701902, -1.1984884123701822, -1.4333311855223292, -1.0836258301123416, -3.1686972929185805e-2, 0.4463246295530018, 1.1889906124757503, 0.17265934690017545, 0.293557656753857, -1.7885444584755794, -7.318634539905597e-2, 0.28943141677129763, 1.2542146466140445, 0.20245453644745964, 0.8944391628920474, -2.349831092342586, 0.6035608979708407, 0.778801034141409, 0.764113975621751, 0.36319141807028316, 0.19249290827633303, 1.2787160809274432, -0.5795069310850677, 0.47220079047663777, -0.18976528505095053, 0.2247396068136978, 0.541509387424337, -0.5612863739560123, 0.925130890581399, 0.1805530221084219, 0.759235706181151, 0.8340443176639002, 1.2089663654258516, -0.4875910816225313, -0.7877229379118035, -1.054195044432097, 0.39445560980846345, 0.5737735807436156, 1.6239830581156958, -0.5140220437715933, -0.23110882672906538, -0.8120188173260153, 0.7004888115586099, -0.30427581807550075, 0.4784101615579422, 0.5263265822053322, -0.3883126816270404, -0.23146386185689843, -1.007345009129164, -0.595362224767816, 0.3674849217761191, 0.8817872564217533, 9.232858978740248e-2, 0.79389692182671, -0.8568041309965626, -0.43623267441287356, 0.39772458554247003, 0.8368722084971547, 0.911327519485393, 0.41962345214775487, 5.125813576827157e-2, 1.0220742823679392, -0.28915237713636566, 1.0828353369693446, 0.7560071245521991, 0.8256941489444097, 0.6996547332931389, -0.7011050459042022, -0.8950323620589992, 0.5988864842423792, 0.42414176251901636, 0.5235524027205327, -0.14423251575272816, -0.5411459640547186, -1.9573151261452435, 1.336498497069513, 0.18284020436776227, 1.035965744494937, -0.3192419467560782, -0.11813950131772122, -4.759999555516208e-2, -1.4367498425398575, -1.4162905099680783, 0.8125803593208677, 1.1845346488427932, -0.34265680991829756, 1.591084098082531, -0.20653088494188815, -0.1794555183256694, -8.896029297157224e-2, 1.126187280074969)
