seed <- 730
log.wt <- 0.0
penalty <- 2.8115950178536287e-8
intervals.send <- c()
intervals.recv <- c(56, 112, 225, 450, 900, 1800, 3600, 7200, 14400, 28800, 57600, 115200, 230400, 460800, 921600, 1843200, 3686400, 7372800, 14745600, 29491200, 58982400)
dev.null <- 358759.0022669336
df.null <- 35567
dev.resid <- 226282.4489229378
df.resid <- 35402
df <- 165
coefs <- c(6.5796363145765415, 5.86844116739259, 5.6217460417006295, 5.260325020851941, 5.062240336887553, 4.92500664982563, 4.670337974570956, 4.664693650671315, 4.395394642374757, 4.280500499117778, 4.367214669881408, 4.208694583653507, 4.007876565843479, 3.935368239196278, 3.7433340112281206, 3.5219466106939494, 3.2670555822870653, 2.944345865439014, 2.46620540540595, 2.0853725286282527, 1.5797945000333595, 0.8556244822947633, 0.8720500240948849, 0.5126460572646474, 0.25911356895324644, -0.9345922145629293, -0.2512482618848867, 1.1534890945523246, 1.0428166746986793, -1.1610658352034502, -2.2477698322242006, -2.349622419489676, -0.30667903056570456, 0.7229185372006318, 1.095936302652348, -1.3360720657903158, 7.035439035312338e-3, -0.9748484120423089, 1.289352747891432e-2, -0.6796246705905097, 0.9107557025327128, 1.2027970792125207, -0.8593164752608946, -1.7187465850713581, -1.2475299885919027, -0.6792518404157162, -0.7642371166278011, 0.31866390790531635, 0.8134422456327185, -0.9682555229619829, 0.1388165634988982, 1.0450351139389247, -2.46417133596272, 1.7157958211646105, 0.8253393321804988, 1.0630989251939795, -1.633300288289992, -0.1396612552713909, -0.2535301463278367, 1.3295104836782947, 0.7534208125659309, 0.6714907799362672, -2.1117133676161544, -1.3903724349403541, -0.48189700259475465, 0.12006968747279131, 0.575336166252773, -0.47756847808296093, -1.2501041685393588, -0.6273402364769396, -1.5702986388995193, -1.3050454586415987, 0.6078833076170107, 0.9214456943725376, 0.7449981306103394, -1.9922782175036948, -1.544430030992506, -1.0085998242778098, 3.675578196263766e-2, 0.6545981456787056, 1.07424000069654, 0.1111182938599229, 0.11275188571119611, -1.8009135121808135, 9.387980449114135e-3, 0.34579234864749475, 1.2983685945934342, 0.42750710487955784, 0.9096048968338829, -1.875703411870104, 0.44788233196507327, 0.630999838003643, 0.8037878556725664, 0.35032922284255497, 0.3540050832193951, 1.2276448229265617, -0.38213476513087213, 0.4252000798529043, -7.009014586278552e-2, 0.5178608071558141, 0.5948431740263154, -1.1993245158931072, 0.8169593580772407, 0.10428811271785218, 0.5491434786191175, 0.8251637087734389, 1.058471104166517, 0.35510299107247784, -0.744980879493218, -0.7239540257978923, 0.5781972997989064, 0.7405310609988173, 1.5731888736885529, -0.6613779213920101, -0.19951131761693236, -0.9363659669555441, 0.8393203320533369, -0.2555950444196306, 0.48622727353975126, 0.6361156622127638, -0.6849377275689609, -0.4908246065762479, -1.4594488596925377, -0.4397795031029376, 0.3511973335623146, 0.7796217188954413, 1.0044695745390202e-2, 0.947768561038337, -0.687139482601845, -0.4247438125850776, 0.27488384428228124, 0.9487289728854664, 0.7255059043205759, 0.5027470668798673, -5.258071548371522e-2, 1.3427742720940465, -0.4113326160107459, 1.071393835497415, 0.6874933047112214, 0.9117564303419881, 0.7837579596313118, -0.6472247783420905, -1.156561151666057, 0.5508028819468214, 0.14612036126760655, 0.44816743050047053, -7.201715722364213e-2, -0.38105960594055993, -2.006770560463935, 1.3209786373098868, 0.13009210349227532, 1.184916992431849, -9.617998128737693e-2, -9.133727746036871e-2, -0.5096984641451235, -1.4371847432796294, -1.509856247648472, 0.7776313817517934, 1.2438243917832128, -0.3440830215414182, 1.5261948906821794, -0.3045852709162291, -0.22330544928515178, -1.5123555806797305e-2, 1.1706833132033074)
