seed <- 554
log.wt <- 0.0
penalty <- 2.8115950178536287e-8
intervals.send <- c()
intervals.recv <- c(56, 112, 225, 450, 900, 1800, 3600, 7200, 14400, 28800, 57600, 115200, 230400, 460800, 921600, 1843200, 3686400, 7372800, 14745600, 29491200, 58982400)
dev.null <- 358759.0022669336
df.null <- 35567
dev.resid <- 226695.42828747633
df.resid <- 35402
df <- 165
coefs <- c(6.523972773233643, 5.8064194220807, 5.703276407784455, 5.1425386983227, 5.088961895812058, 4.8344114545422165, 4.779284501683496, 4.623372580865766, 4.412855385334153, 4.243355407195494, 4.318065940304079, 4.179294688746139, 4.00710609072778, 3.9417057161106497, 3.7592921221082447, 3.5273889058737313, 3.225652532335563, 2.9433460925828956, 2.4995671926609786, 2.0074854459539884, 1.6117116613407356, 0.8558905430083997, 1.1378992036467677, 0.1557731511417958, 0.4095510232881074, -0.6337756875217072, -5.803111608208509e-2, 0.9280822949795262, 0.95581364309609, -0.8266359258226049, -2.0872158679082013, -2.3528201588423125, -0.3394331456390692, 0.8112336648101223, 1.3925618537741073, -0.48273076014472055, -1.2814143628915444, -0.7456411993648245, -9.422897829450083e-2, -0.40943911133680216, 0.84958350914539, 0.8847791554782078, -0.828052103836171, -2.5775418880781125, -1.2200808368052907, -0.6035394734179844, -1.559695549903726, 0.184909985044139, 0.8022958896903163, -1.339882939101698, -0.24447938580843342, 0.7981703053898799, -2.3481148334082405, 1.9047349179343525, 0.8265528629783078, 1.1880802232636978, -1.7178973948537135, -1.6385357437806592e-3, -0.18075226197776617, 1.0446620074278445, 1.238491627500295, 0.8093572568959113, -1.2808231282117695, -0.7032380241325019, -0.46033004042114345, 0.1957216933321073, 0.5972953532467794, -0.3107764134004166, -1.171980801507968, -0.7511666689840102, -2.3219362173763556, -0.17190922865002634, 0.33079547586536007, 1.019143877558789, 0.6495877842775659, -0.9834486736103936, -1.5894300821653695, -1.1432412575584103, -0.11744667545513943, 0.669502606892425, 1.0722502054267535, 0.12241720981883518, 0.48181487246695387, -1.6864559087216657, -0.6624793050309444, 0.3925725120302543, 1.1371588267371555, 1.3431354414224165e-2, 0.7700158235621308, -2.5375239622046584, 0.49659873083803807, 0.766975488455917, 0.6968859474217156, 0.31731573612988623, -0.38607153876582423, 1.4068315598692898, -0.5955035322199632, 0.271507764174181, -0.400505262731047, -7.2457648524227435e-3, 0.5394251806260126, -1.1224974623603676, 0.8014358650282187, 0.15679358910831853, 0.9335071952110857, 0.8275813689262143, 1.2093671629814366, -0.5759783816507689, -1.1073564953285742, -1.242028599187559, 0.39439468844815945, 0.691356447950163, 1.530414676458136, -0.737581609691767, -0.21666719226111605, -0.8286449147227793, 0.7113155064213564, -0.4009712573196287, 0.5064275744613972, 0.45907700159107245, -0.18037368455685313, -0.4949499213253236, -0.9004864517955046, -0.3266372787322964, 0.4275787342403333, 0.9941829155604294, -6.049434750418614e-2, 0.9792218247467833, -0.5894661085997684, -0.4831907220996771, 0.36554690629673897, 0.7072661755062682, 0.9796175406091816, 0.5431345283258616, -1.0220404506565613e-2, 1.0501716007062865, -0.4310715161064464, 1.1577481112987695, 0.6997948535266553, 0.987932453721107, 0.6955582497619616, -0.6139013782216355, -0.6083541655615582, 0.49739737618837243, 0.533185994608832, 0.5656083006151388, -0.3114230135281353, -0.6585114343671545, -1.7209719523802864, 1.4037451094939806, 0.11915679147621787, 1.232985042172685, -0.2146656702998022, -8.003048690692803e-2, -3.680784004217913e-2, -1.538842977601611, -0.46681017153421966, 0.8549541069009733, 1.1190564414950899, -0.3926917164084867, 1.4770868573531126, -0.17343168546013796, -0.2309582701293642, 8.829214668260697e-2, 1.1440068534626706)
