seed <- 369
log.wt <- -14.153236966733314
penalty <- 2.8115950178536287e-8
intervals.send <- c()
intervals.recv <- c(56, 112, 225, 450, 900, 1800, 3600, 7200, 14400, 28800, 57600, 115200, 230400, 460800, 921600, 1843200, 3686400, 7372800, 14745600, 29491200, 58982400)
dev.null <- 358759.0022669336
df.null <- 35567
dev.resid <- 224888.49788014454
df.resid <- 35402
df <- 165
coefs <- c(6.51692481326005, 5.920452016843049, 5.779313263066379, 5.565994342538963, 5.121047713447285, 5.026137176031868, 4.75910912147748, 4.5786125293163105, 4.3471375755612005, 4.267179630902061, 4.355695754615301, 4.204671987765049, 4.0304991063738225, 3.9809724847689476, 3.8117679179617516, 3.5374555127394007, 3.2461512630850664, 2.9528975713124574, 2.479385761739631, 2.0728757110316907, 1.6034031125803903, 0.8657273704397374, 0.9686126969709489, 0.23847265406123727, 0.2854497776083198, -1.3500842220320006, -3.790004492226351e-2, 1.1286946501563238, 1.138556752985109, -0.6270644680942367, -2.3293977113399076, -2.635859547346988, -0.31777952577638385, 0.7343804409543634, 1.3112758151040806, -0.7275484585981643, -0.697003680823543, -0.43791320880426277, 0.30309409197348347, -1.269400258767461, 0.9386155187840739, 0.8905342448804288, -1.191793863281414, -1.791603977599816, -0.9172960644999713, -0.7381608141434091, -0.27685008999975824, 0.5140329720126329, 0.42233753464903667, -0.6812518377499165, -0.19331537076099903, 0.7280859039826812, -3.037564874503461, 1.7454403933248226, 0.9342748834713623, 1.0636390476727384, -1.9467940524543588, 2.7811845286086025e-2, -0.34749202934964807, 1.1705143728813738, 1.1761250951408246, 0.728300931728513, -2.4811762233040184, -1.2977576807036926, -0.30704327789458774, -4.5091712087510566e-3, 0.6431299287314329, -0.519239007629425, -1.6307293581568736, -0.6055973277029427, -2.4473404413144864, -0.7605375322165367, 0.49539362931324576, 0.970443037623118, 0.7378888745378346, -0.3290820628390043, -1.173655484031695, -1.6238749761620521, -2.8789160050188514e-2, 0.6811188081196073, 1.1310430887262464, 3.679905286972205e-2, 0.3454470900693321, -1.9677850071169332, -0.21980545169889057, 0.4113595151365142, 1.3623679908029285, 0.2566388841194824, 0.9819760318057071, -2.523904598723769, 0.4530834540014836, 0.7708720141164717, 0.8120826340980605, 0.44129549008914154, 0.11687780940993175, 1.309688461615718, 7.350725074711074e-2, 0.3159776731233355, 7.82590833031577e-2, 0.21197039298252734, 0.3396781503808227, -0.19131372755957043, 0.7209363014908969, 6.52255114898614e-2, 0.8553133557865098, 0.794321394116072, 1.1440416106936542, -0.21229196940142123, -0.6056458151552929, -1.2939754339427432, 0.5427574827680332, 0.7474858278738935, 1.6122161771655772, -0.5151331384421586, 4.48912290299209e-2, -0.7049616069330683, 0.8428374755195353, -0.29554108584376476, 0.4717249114726933, 0.46041278163599486, -0.6487429686066886, -0.32044788109585787, -1.6379713709733168, -0.5992581074059931, 0.3764853045363354, 0.8919555627610599, -1.304978801830668e-3, 1.04297681233311, -0.6422666422672265, -0.3784887651406174, 0.3561492836283032, 0.709362546580134, 0.5356509500662171, 0.4107021714294667, 0.14004408991423847, 1.2353440133076476, -0.34471570114294675, 1.081366854246759, 0.7405992831968182, 0.8800677995373596, 0.7725640524684706, -0.7393237889242674, -1.096397094178645, 0.6142911906150855, 0.20499521823098338, 0.47568184343976455, -6.001573058770165e-2, -0.8221230454611153, -2.085375664504753, 1.2417411980414894, 0.18776172143630016, 1.182550989148529, -0.16061967590264745, -0.14322381200018905, -0.5460495625063649, -1.3486120120691294, -1.0222615394713068, 0.7712074111440329, 1.2459671272485657, 9.401482754687716e-3, 1.5608270664196142, -0.3652381730639706, -0.1733910878847672, -3.478684290859166e-2, 1.2016447124586374)
