seed <- 970
log.wt <- -14.214973572051484
penalty <- 2.8115950178536287e-8
intervals.send <- c()
intervals.recv <- c(56, 112, 225, 450, 900, 1800, 3600, 7200, 14400, 28800, 57600, 115200, 230400, 460800, 921600, 1843200, 3686400, 7372800, 14745600, 29491200, 58982400)
dev.null <- 358759.0022669336
df.null <- 35567
dev.resid <- 227110.79144655308
df.resid <- 35402
df <- 165
coefs <- c(6.225052028766512, 5.708953464521781, 5.597257580744839, 5.333711305184594, 5.076120244336414, 4.771321317679153, 4.7809207518195596, 4.6456480723363365, 4.302353985344264, 4.305579419344199, 4.291084854385165, 4.1206180761444315, 4.019645975458113, 3.9364135671390543, 3.746130734819895, 3.5334939496677644, 3.278695416645979, 2.98963089070614, 2.523789375626249, 2.046148779092577, 1.5910751499585003, 0.8679566114775047, 1.0605527379084367, 0.2609767956860455, 0.5896596854035827, -1.0043847131550692, -0.20337500683714183, 0.9095760834160657, 1.0477140829356015, -1.2891453453827326, -2.592785766417851, -2.1309089912552883, -0.20106282743784143, 0.7109877748700274, 1.1091160701798186, -0.5951839256266602, -0.30686413163941934, -0.8818943149551652, 0.15808137051941845, -0.6083887407496069, 1.02457447832344, 0.8756488198171272, -0.9553026480494777, -2.0735218955887516, -1.161572746982581, -0.6907037328656317, -0.2845534856815496, 0.3087102978861332, 0.4411881218264013, -0.39257146416848326, 2.15363468754707e-2, 0.9856319406857263, -2.623223920074412, 1.6953595222542073, 0.7979853571635359, 1.0251208248241332, -1.6188005761402464, -5.209216578803433e-2, -0.18689035437066903, 0.6504337659469503, 1.1187135850435668, 0.7535245291794321, -1.2629442541730094, -1.085435021415509, -0.6912380501418305, 0.18883520383459834, 0.7054682102110277, -0.5425925100964647, -1.7318249765912936, -0.712988491182157, -2.001333716410402, -0.5359872300905324, 0.7251374733826091, 0.9046270872840414, 0.6219171397102673, -0.7032979546296524, -1.0961436151690083, -1.1032587105463463, -9.984756902385769e-2, 0.712572929730763, 1.1242705453225676, 9.932757393275772e-2, 0.12054177167762124, -1.5065947311978813, -8.84499852045132e-2, 0.24220582673790533, 1.1208309703899628, 0.43665318932039404, 0.8557849221937421, -1.3601079397363307, 0.5344035759437038, 0.759861351837585, 0.8357133378419124, 0.23690643936972766, -0.1872109429037315, 1.0416259340447906, -0.5856386674908226, 5.437896144994257e-2, 0.11088166657289025, -0.4337218442566478, 0.36819778256873786, -1.0576451663236943, 0.8822877961622004, 0.22126481624993793, 0.7634810850528193, 0.8120419247220775, 1.1197610817461972, -0.28967727315096736, -0.8274898150777387, -0.6344395190464119, 0.33024328408887443, 0.651166655766169, 1.6107219325221618, -0.700724698684118, -5.5165413435728936e-2, -1.290612342607612, 0.753766409704359, -0.24299885843714247, 0.39298873642650706, 0.4370084583725189, -0.25720515482553147, -0.4582055761128279, -1.772559396940893, -0.23214044334247594, 0.22546845184795355, 0.8509598181390325, -8.264260642226584e-2, 0.9373256382819435, -0.5328267397476538, -0.42671506883327776, 0.4043909069274112, 0.960188328128535, 0.7441970852341238, 0.32788760934433175, 0.123836017381923, 0.9849801816566571, -0.35201658265422947, 0.9790935918791617, 0.7686142722831272, 0.9244150382277444, 0.7684045657224624, -0.5989315751937327, -1.3015441383008124, 0.6554469074871274, 0.43387250734136995, 0.3883372756087945, -0.3450669625295877, -0.4475693986799854, -1.9463520452334009, 1.2408863651908288, 0.25316803618803463, 1.1856319716043435, -0.2046445720173652, -2.7904320720210326e-3, -0.24581866719882128, -1.3869473274860895, -1.9871207039936223, 0.7005342978335404, 1.0966188249417677, -0.4574546477711211, 1.5765125628813181, -0.3199014604417388, -0.1561832446024795, 0.271443168791741, 1.2050964952728134)
