seed <- 855
log.wt <- 0.0
penalty <- 2.8115950178536287e-8
intervals.send <- c()
intervals.recv <- c(56, 112, 225, 450, 900, 1800, 3600, 7200, 14400, 28800, 57600, 115200, 230400, 460800, 921600, 1843200, 3686400, 7372800, 14745600, 29491200, 58982400)
dev.null <- 358759.0022669336
df.null <- 35567
dev.resid <- 225319.69085163067
df.resid <- 35402
df <- 165
coefs <- c(6.472040318814258, 5.75227948325629, 5.7452239539665815, 5.383256408195808, 5.078123282430546, 4.772664347607702, 4.850407822996881, 4.645554340614729, 4.385663997893322, 4.2938815523799585, 4.363271635550007, 4.259479831257592, 4.0278670358544115, 4.0123209247298, 3.7998052145691448, 3.547727117956254, 3.2918882182866067, 2.9836891555051523, 2.551110885701328, 2.1117706007442765, 1.703418781463921, 0.876474351428141, 1.0949743695710403, 0.3966976042942413, 7.557743852162152e-2, -1.0137239770974, -0.21122317789667758, 0.9954244880523481, 0.9887936830433895, -1.146316129737644, -2.442945088361693, -2.5637540786472357, -0.30380275169182314, 0.6943862106017747, 1.3204268767790388, -0.8514056534370817, -0.6323905304151864, -0.6978046987105357, 0.11449847096695712, -1.0618813814780934, 0.8516587346989477, 0.9244983053655733, -0.9530282370523534, -2.1470941173415743, -0.9119737413257788, -0.7319859393825667, -0.7294670113741323, 0.1428403498207965, 0.10581552524015987, -0.8774748665382668, -0.2499520622262738, 0.8180124850868337, -2.7698608628423105, 1.758002170652786, 0.8017798732128506, 1.0721956107210295, -2.1747194390132276, -4.92844470347221e-2, -0.4407159518790855, 1.58075183159058, 0.9708970395335034, 0.5964679288502895, -1.5747869006396849, -1.336849642325972, -0.5514258428522716, -0.5154221309916351, 0.6433974168934277, -0.3975368114019572, -0.6254936979555861, -0.6894964119145095, -1.9356891312059104, -0.6176285250030845, 0.4448253197722968, 0.8782072114437337, 0.6992493343311723, -0.9793379430094435, -0.9319079301895915, -0.9341853978940065, 9.366682051348359e-2, 0.7749364938962887, 0.9714605173602265, 5.7674311506640284e-2, 0.12692354204132975, -1.810418342596195, 0.17156466277488955, 0.35430436308767066, 1.2299249140178892, 0.8175690892009267, 0.8148696490785126, -2.4375079701522577, 0.4367417861763042, 0.6602887655570945, 0.6805004471395433, 0.3376641550559437, -0.5147352241216641, 1.260010205922367, -0.1392793197088368, 0.46466015383439874, 2.3643447508705447e-2, 0.4463758986401155, 0.5583202409229443, -0.16849330700105813, 0.8539162339534612, 0.2870355303250222, 0.810615174163254, 0.8121415427816135, 1.2435873262520323, -0.8066188575015937, -0.33684542282350055, -0.9303736041175014, 0.4252706237143865, 0.35931971180023453, 1.5447312121909642, -0.26069818570285747, -0.23157520297156992, -0.7728167631656663, 0.70038742606181, -0.3297914158572559, 0.5126632615347323, 0.6398043103805563, -0.36387807341258116, -0.4201551467326627, -1.6902890388109213, -0.6517304402502754, 0.3403218746902075, 0.8712820199971353, 0.10799864929824458, 1.0213758718978916, -0.7345452106779248, -0.27460646677310313, 0.37234627174408735, 1.0871001642183995, 0.650662729135796, 0.3409910264135312, 6.348202546851854e-2, 1.0516749544112256, -0.44147241814681015, 1.0625698177515375, 0.6848800850137134, 0.9117148955554402, 0.767061296881045, -0.6426321509477262, -0.9658325885616701, 0.6013823050203226, 0.29158193566718915, 0.5586174946032147, 3.889680569936175e-2, -0.24588776223464207, -1.907831303387671, 1.311996158546185, 0.14172989044713635, 1.2307293660354752, -0.2493690846408349, -6.054373946457623e-2, -8.448174077972896e-2, -1.6225153927093348, -1.2385313042853712, 0.7462841149635115, 1.1312855578664902, -0.21268945789322535, 1.5038029627936487, -0.46572535083381605, -0.1365622271230781, -7.707476343184755e-2, 1.0698790636992388)
