seed <- 721
log.wt <- -15.755433211803265
penalty <- 2.8115950178536287e-8
intervals.send <- c()
intervals.recv <- c(56, 112, 225, 450, 900, 1800, 3600, 7200, 14400, 28800, 57600, 115200, 230400, 460800, 921600, 1843200, 3686400, 7372800, 14745600, 29491200, 58982400)
dev.null <- 358759.0022669336
df.null <- 35567
dev.resid <- 224522.52073123786
df.resid <- 35402
df <- 165
coefs <- c(6.417431441036423, 5.6755733566522775, 5.690473088178091, 5.325717945827497, 5.132913122636767, 4.962524575649063, 4.774496420486391, 4.685026596097065, 4.3882425916044205, 4.314861544510843, 4.321603159960464, 4.226806501324638, 4.056890890413394, 3.9549943771449247, 3.78360913912587, 3.5479372616283684, 3.279490262928483, 2.9616304681045227, 2.526335513091598, 2.0521270053767, 1.6120697410991862, 0.8952378952464132, 0.9655889706628336, 0.41057129108979096, 0.7425190587902397, -1.1653470282771181, -0.2650879102425707, 1.0581056130108162, 1.113702993301119, -1.0738589655316944, -2.0195772696149916, -2.4096664793833997, -0.417941716081168, 0.8122591467808421, 1.36129143769532, -1.4987811207714343, -0.3418111010039772, -1.2792479661198497, -0.1159034152296167, -1.3167016724251055, 0.9164197684109122, 1.0940607955808201, -1.0164903028305792, -2.45094343588904, -0.6946432844454982, -0.782339511763244, -0.6694651094846209, 0.26170456598536895, 0.3759972152582457, -1.2409896547952552, -6.400409423122704e-2, 1.0467037888358603, -2.321354017100297, 1.6472170675799045, 0.8581660378170147, 1.1964031563085127, -2.3791316974781456, 3.592945428175051e-2, -0.4475679728829385, 1.5557478125858553, 1.0631591436750114, 0.640718258647031, -1.7450794315127882, -0.677265528771257, -0.573867289990586, -1.1285027238175814e-2, 0.5119434577393809, -0.2728112299312947, -1.0650613929536594, -0.7036022232702864, -2.421999741613835, -5.83178582427463e-2, 0.6053394548763171, 0.9571680607675821, 0.6941418662737818, -1.3827132958309005, -1.4410816431050517, -1.2449351169773335, -6.966592490838526e-3, 0.7269602218307822, 1.0918681117046225, 6.78688749795324e-2, -5.049779351288085e-3, -1.9705762020916058, -0.49272644955230105, 0.5482171599549116, 1.3078997405688702, 0.4047601697611874, 0.918858106120329, -2.4936333476498502, 0.4314700737579904, 0.6161706880467052, 0.8893001588067231, 0.3293452780374979, 0.24237249277487005, 1.189817508493407, -8.6466440522586e-2, 0.7762989919310576, -0.16050684486160055, 0.1304436512222383, 0.23695381964987897, -0.27019973216579934, 0.8001454763707994, 0.4015062740350173, 0.7198021972713656, 0.8069540544348833, 1.1480327730604671, 0.11439318853551186, -0.5745370407473978, -0.8259446705756363, 0.5595208203076663, 0.6392670219876708, 1.599179133266659, -0.6151887916943957, -0.2053660418386966, -1.1762993647482975, 0.9385594330258206, -0.3297393653667938, 0.48734460800695023, 0.5186052603655091, -0.9543152306528752, -0.3371235885426913, -1.5079183224436148, -0.2773530250514049, 0.2796267253562018, 0.8878933266367417, -6.213352132473371e-2, 0.956611267562938, -1.0448559545049103, -0.4860557377348755, 0.4087324713161811, 0.9018273542502375, 0.7970475631105355, 0.5331523816288628, 4.3187249449134844e-2, 1.092244596957813, -0.36434297052344594, 1.0791750310313828, 0.7362488219011237, 0.938531740840251, 0.8659541036267011, -0.5583533983115725, -1.1111582686974253, 0.5945687947996059, 0.3792013187800219, 0.5306853407171224, -4.3607082285727086e-2, -0.4130125361477945, -1.9262652052508769, 1.302749059354835, 9.867630088550627e-2, 1.2103010430635188, -0.15873059339582066, -8.750446731407192e-2, 4.187811851347611e-2, -2.0195605949995294, -1.5134074920112337, 0.8624127146639571, 1.2973574242076507, -0.30447878354909047, 1.5621705798650538, -0.30199429892656504, -0.12611644037200637, 0.26323611826423177, 1.2548806344239034)
