seed <- 268
log.wt <- 0.0
penalty <- 2.8115950178536287e-8
intervals.send <- c()
intervals.recv <- c(56, 112, 225, 450, 900, 1800, 3600, 7200, 14400, 28800, 57600, 115200, 230400, 460800, 921600, 1843200, 3686400, 7372800, 14745600, 29491200, 58982400)
dev.null <- 358759.0022669336
df.null <- 35567
dev.resid <- 225271.64227138952
df.resid <- 35402
df <- 165
coefs <- c(6.742565025288877, 5.825823806832584, 5.701122266013965, 5.401342570005676, 5.047481676342852, 4.914721989391665, 4.705664573775531, 4.663193932999141, 4.374384927816121, 4.32297247392694, 4.388858469230798, 4.177656808983128, 4.027598484529999, 3.979969409725175, 3.76359576315534, 3.5400234664923453, 3.282063111332653, 2.9412151555053128, 2.526635097941701, 2.0640578144636144, 1.480973895783465, 0.9063270426178897, 1.0669861463131272, 0.39708107968741363, 0.7157099696034733, -1.3141454258106056, -0.2484148548304686, 1.086129411459825, 1.1288419202534632, -1.6424680739565118, -2.523434629155649, -2.029508011724811, -0.13862053071994632, 0.755238402966191, 1.243106716841553, -1.121229630790179, -1.1323581744758793, -0.532482053531155, 5.803588582826295e-2, -0.5316497077180768, 1.0169612902297993, 0.8650469789887678, -0.8161833124534087, -2.4068087465076355, -1.15174463573462, -0.7429524284748334, -0.5387217540774893, -0.5479478906938914, 0.417225994291893, -0.6726106417776095, 7.022275080985081e-2, 0.8760418381863382, -2.8940797743450344, 1.7283114981990544, 0.7077368792945633, 1.185570606943994, -1.8684654404027465, -0.10248708313493368, -0.5704002790930721, 1.6005489389457195, 1.2106107232084593, 0.7701953170507094, -1.315934308359715, -1.0326103745171247, -0.5634438317759157, 0.5048456246959473, 0.531864042560335, -0.3516216695404562, -1.0952210742028898, -0.587982364318194, -2.406931040930266, -0.19583757060322157, 0.4333567504419548, 0.9545075921935713, 0.5324819155992299, -1.452320377855991, -1.5096534968498923, -1.233498580355909, -2.297470274383653e-2, 0.609462365629223, 1.1512024277014303, -7.825390896531861e-2, 0.27397500986106443, -1.4101512708181536, -0.3496187871032016, 0.39621255104430103, 1.1372421311573029, 0.5040526628551436, 0.9571898158128114, -1.9475120903238023, 0.4941453936254543, 0.7581781885187933, 0.7529504139555493, 0.3874191173731337, 0.24980348087574542, 1.3649141312227566, -0.14326879759629538, 4.105676587230045e-2, -4.6163358353223235e-3, 8.357930285548158e-2, 0.3578443516072471, -0.22462241899735444, 0.8847449629959105, 0.24895823888857435, 0.3397583264407958, 0.8397718563155322, 1.0693634026796843, -0.4654132510783049, -0.9425253222839649, -1.0224387354873483, 0.27656852337755466, 0.72195071888427, 1.6524602384892553, -0.6542026484899981, -9.219725451032626e-2, -1.0638128144693368, 0.7808086374696217, -0.336450189842893, 0.5378848617811329, 0.5182843587084488, -0.25968837837119363, -0.43915429310819193, -1.097102958890299, -0.582467809043166, 0.3549171220754229, 0.8182416194013642, 5.844801585638297e-2, 0.9723257587814905, -0.6745938920034127, -0.3752052344986012, 0.2475737810291914, 0.9026723377912197, 0.690824719222004, 0.4835155262479168, -9.922593099178781e-2, 1.1518409735973447, -0.2592732047770592, 0.9992680899129335, 0.7305025175811962, 0.8974776576763381, 0.7879211257992641, -0.5676984061359734, -0.9990791893675324, 0.6322936039457646, 0.19816261341957556, 0.4930109317669118, -0.43919134050935993, -0.5331562139368461, -1.8841075888362429, 1.1728551015458595, 0.16452396999911034, 1.1571833122339332, -0.10045315421172712, -9.772680390203521e-2, -0.1735611359131305, -1.675214836317597, -0.8384313103568461, 0.8423324655392538, 1.1299345226447286, -0.29139042476718824, 1.642343158115994, -0.38626510062047614, -0.11717588304978202, 2.2595113569764104e-2, 1.216457795908712)
