seed <- 556
log.wt <- 0.0
penalty <- 2.8115950178536287e-8
intervals.send <- c()
intervals.recv <- c(56, 112, 225, 450, 900, 1800, 3600, 7200, 14400, 28800, 57600, 115200, 230400, 460800, 921600, 1843200, 3686400, 7372800, 14745600, 29491200, 58982400)
dev.null <- 358759.0022669336
df.null <- 35567
dev.resid <- 226501.60783812412
df.resid <- 35402
df <- 165
coefs <- c(6.633215505079948, 5.8119790484132166, 5.6759702047501275, 5.133387548510319, 5.131673353062688, 4.8101350273553685, 4.735323875690856, 4.565141528109631, 4.329432758460491, 4.243335521550334, 4.348792430114475, 4.161300777094181, 3.962320633475257, 3.9568538691749073, 3.7401438577171917, 3.532779605372957, 3.2224512290622345, 2.947384842814382, 2.4190041464528527, 2.0478766138459887, 1.6421766131877502, 0.8964604121910967, 1.0675694717780553, 0.5256391619357631, 0.6703852977077751, -1.355769260329054, -0.2582518544986496, 1.0544901831413547, 1.0745742745762827, -1.2425402443154872, -2.2227452290725926, -2.73188893450597, -0.19566509743703472, 0.818566309075594, 1.1966622804108906, -0.8643694636705174, -1.290552414949947, -1.1334094753205712, 0.3190900931045092, -1.2323208057730353, 0.9044242111659054, 1.0901852402296874, -1.060595593861893, -1.4780110116549023, -0.800297102708013, -0.7948996971096046, -0.5224485586712189, 0.21253503817232244, 0.7652633791047764, -0.48792087959747704, -0.3999752656481853, 1.1642341018795508, -2.372840004881021, 1.6349875495721664, 0.876511181888909, 1.2838057044466116, -2.3918420837921697, -0.21862133623761387, -0.5281690149222129, 1.0743732607506282, 1.3052251499185397, 0.7590509798372462, -1.7909913454715818, -0.8061970345390874, -0.7149804680619567, -1.356754873595388e-2, 0.618493889156593, -0.47307875811699085, -1.1298203284704278, -0.6130820328944697, -2.2086982575911125, 4.612850868500828e-2, 0.7018211259164644, 0.9252335871798072, 0.7821752833084357, -0.7508159573915371, -1.1221694106834812, -1.1029778844507487, 4.9139259251318755e-2, 0.8530987934687195, 1.1717744381369768, 0.1971671856183819, 0.26562676105151467, -1.854019965352046, -0.43744665678309114, 0.24054348827864697, 1.2593298244878017, 0.31586449250852905, 0.8671473546216326, -1.5413657495626651, 0.4991437912527517, 0.8093370164946413, 0.8116502918089231, 0.38496022617649306, 2.9710318327358406e-3, 1.2503588091326128, -4.652055729264064e-2, 0.6382428862942682, -5.164663451224034e-2, -0.6703701055126412, 0.2677203631468838, -0.8297567602673134, 0.795604779208909, -0.5114271790998604, 0.3337982720083528, 0.8511373484624425, 1.1870091199442596, -0.6524561350253483, -1.5172898580391323, -0.9735203838679467, 0.5392538930760467, 0.8239365617580826, 1.5348277952761742, -0.652955295395345, -0.2596803018629909, -1.2066030807902417, 0.8876867427204839, -0.375001031500136, 0.397405082238031, 0.6064860316515011, -0.5007553853042164, -0.445493063656499, -1.3961994811984366, -0.26178316792314366, 0.30478762765895234, 0.8144340774202465, -3.315692382968644e-3, 1.0661943421172286, -0.3905988846399454, -0.3929858148027668, 0.22695949687568714, 0.973722142143541, 0.9868724847375587, 0.4695999465380005, -5.5808626444235974e-2, 1.2279474369563954, -0.34916289069361334, 1.0332698484220773, 0.7068406604989222, 0.967749562871176, 0.7055734241542568, -0.7298789637487918, -1.03383079159422, 0.6144331005878249, 0.4434526415759324, 0.5067159932239674, -0.13615146287891858, -0.6785002793731799, -1.8788071952138667, 1.144403717982595, 0.1399692122353139, 1.24055179862198, -0.21646575143053667, -2.3822605230705684e-2, -5.105662135234541e-2, -1.9328304890113088, -1.0804552065920279, 0.856726181419651, 1.1891755766753822, -0.18648542573120797, 1.4844783430881188, -0.33411695089932314, -0.13936595631220486, 0.18027174614752495, 1.2142060796491394)
