seed <- 958
log.wt <- 0.0
penalty <- 2.8115950178536287e-8
intervals.send <- c()
intervals.recv <- c(56, 112, 225, 450, 900, 1800, 3600, 7200, 14400, 28800, 57600, 115200, 230400, 460800, 921600, 1843200, 3686400, 7372800, 14745600, 29491200, 58982400)
dev.null <- 358759.0022669336
df.null <- 35567
dev.resid <- 226278.58579115043
df.resid <- 35402
df <- 165
coefs <- c(6.775595660410806, 5.789657207801133, 5.611905167424385, 5.38802510100603, 5.171413663155263, 4.8090376357698705, 4.7171458090409155, 4.589404031806327, 4.408030750308638, 4.2283418312035295, 4.2504829636413985, 4.146317495462105, 4.022038374539344, 3.9508591073670343, 3.748546832693046, 3.5334924629275153, 3.2457463669685414, 2.9268021149383237, 2.4546188396062103, 2.0645794179554224, 1.571366517967626, 0.8690386276783744, 1.0221090341390935, 0.31283974343777277, 0.5630871659333949, -1.1738735930918398, -0.34271483055227814, 1.1551389316435712, 1.1461034167538109, -1.4624759925727526, -2.2649072186912282, -2.437390368896535, -0.2968066357832797, 0.7449761956129216, 1.3119789468979006, -0.5786275661332017, -0.15498364798428696, -1.3123863681015169, -0.14720959537362657, -1.4282159838059147, 1.03600424709874, 0.8865660720242035, -1.0038759282504803, -2.615403918811014, -1.3723105032827068, -0.63925170425905, -0.41104823387612544, 0.14071168886178856, -7.89870605217474e-4, -0.8040997226538293, -0.6842815050134148, 1.1453834190223455, -3.271759076994209, 1.7217398389368417, 0.7572604143422533, 1.1971172918459596, -2.660644152408191, -0.165239824980099, -0.36040411758942786, 1.3552403428863407, 0.9266071053307307, 0.735258109582433, -1.2508491527050585, -0.8841754730214039, -0.5360147403023454, 0.23504244172339694, 0.540495614540724, -0.380134110243473, -0.9225554182200939, -0.6395458772881925, -2.308514804296037, 2.0453849632078403e-2, 0.5288435397396284, 1.0200109919643232, 0.8180699716863223, -0.7212690343239943, -1.200502686577804, -1.5949920177894699, 0.10509338365501913, 0.7602252289724055, 1.2238836042446584, 0.10417577656533895, -0.1308217821051151, -1.6803443888217433, -0.8019073432608375, 0.6175812665070246, 1.2228120497828958, 0.3574487785512707, 0.8798394210112515, -1.5928067653045184, 0.5247525212835051, 0.8523123245556589, 0.8754268033439143, 0.4234985966411815, 0.39121164138916165, 1.2054989892697576, -0.4232491932239491, 0.34143629946413273, -0.24254375311571338, 0.11413054699730728, 0.5251329352505175, -0.27430225544023784, 0.9430398800172216, 0.1022137083985624, 0.8426458318296703, 0.7814038750321638, 1.1225719431201382, 0.1324607271560472, -0.34002461726368977, -0.8626337605879995, 0.4145272553961425, 0.5822441877706713, 1.654724215164532, -0.7579480229422533, -0.2782803359307287, -0.684048917746836, 0.8821717260431163, -0.3564017800369616, 0.5092534676482735, 0.5980560819904409, -0.6021936687397583, -0.3891988751110296, -0.9314703932022098, -0.579877120162583, 0.38950565142736004, 0.9453687547314842, -3.656490583864286e-3, 0.9928479434719191, -0.532636627511318, -0.4428466783938977, 0.3334272787703937, 0.6233532903778015, 0.850546681387958, 0.4214311147849391, 0.17827412574396911, 1.182046715960917, -0.348776533775796, 1.0127373888753342, 0.72216896648016, 1.0521103653383757, 0.7305093473416541, -0.6468152877508764, -1.0837955131250134, 0.47328050097024604, 0.20896101776587758, 0.5037097576711654, -0.2165616577615732, -0.7244991904191221, -1.9230054181955345, 1.3010524812832769, 4.208699242253869e-2, 1.217706064778809, -1.3937131098046002e-2, -3.299191882086443e-2, -0.3959678609731893, -2.6029232596273406, -0.7548971690798646, 0.9027647795721498, 1.1819474851144687, -0.19835577821305822, 1.6487485691395591, -0.4199819235253381, -8.417779928503916e-2, -5.755561166395165e-2, 1.2442531555004153)
