seed <- 907
log.wt <- -14.009584822678764
penalty <- 2.8115950178536287e-8
intervals.send <- c()
intervals.recv <- c(56, 112, 225, 450, 900, 1800, 3600, 7200, 14400, 28800, 57600, 115200, 230400, 460800, 921600, 1843200, 3686400, 7372800, 14745600, 29491200, 58982400)
dev.null <- 358759.0022669336
df.null <- 35567
dev.resid <- 225364.91728159654
df.resid <- 35402
df <- 165
coefs <- c(6.749275214829423, 6.039930676631171, 5.671287834088531, 5.260135058596106, 5.180234016626775, 4.829795396895779, 4.781382590294918, 4.628578403869253, 4.398340696804908, 4.318243584982168, 4.275260306238157, 4.19496414263308, 4.03631058303184, 3.9527897267972336, 3.7357571772939795, 3.567600591054907, 3.2620777922454502, 2.9704766478846394, 2.5123130134723084, 2.073606544931913, 1.5718999695326037, 0.9362733241594575, 1.1111806671331113, 0.3258247266181922, 1.6385216722657105e-2, -1.3395572469284638, -0.34963653807049605, 0.9995456437514856, 1.162430518109114, -1.306237242930776, -2.8760569758369985, -2.4337087734358964, -0.45196604252790307, 0.814029610763427, 1.4082099997477648, -0.9783046087083538, 1.9806986115231094e-2, -1.3210591857918081, 7.873562941223378e-2, -1.5968198928405553, 0.9855211116365836, 0.8115999245740674, -0.6548338909443944, -1.6155136069111617, -0.7916968676751883, -0.7899429167573682, -0.9514077438942197, 0.3382369838264212, -2.9274374215923184e-2, -0.6663634660210505, -1.7942672881660234e-2, 0.9447327241808219, -3.008699653185738, 1.7809159976142679, 0.7925932493183486, 0.8689338903244541, -2.0190897197039237, -0.2515068209057317, -0.5204173884405022, 1.0845518517302917, 1.2722444390612673, 0.7743314639624179, -1.8869122017407496, -0.5148600296306923, -0.7137272200064922, 0.35106451760623747, 0.6912064062093253, -0.31619635730622786, -1.0711538919563979, -0.6502460676664662, -2.360484629901191, -0.38279401108302524, 0.37709623914737317, 0.9450353072781755, 0.6860001952218926, -0.8541473828356053, -1.6416053842497695, -1.083412883174635, -3.106052996389676e-2, 0.618840740266727, 1.0254243039723272, 0.16835804833025084, 0.26320565261860196, -1.9997749184444205, -0.7640838483895892, 0.3166782349510997, 1.1402823816749088, 0.3102037953944879, 0.9272714289261632, -2.56760771375924, 0.6666616452372487, 0.6955129462139339, 0.7503553419325382, 0.4810725795691735, -0.2507145738523179, 1.4277988813955371, -0.3944333284125514, 0.5524592622670248, -0.23483775526727993, 0.26000705729280904, 0.6369445025788439, -0.22510063211143894, 0.8487315330167932, -1.7434638701054484e-2, 0.860859629884017, 0.8545469283522047, 1.2419513812003375, 0.5044018947881871, -0.28265340767464125, -0.7164641593568365, 0.4029565852603901, 0.614019572993747, 1.650577042161278, -0.33405779625574544, -0.20430333891313485, -0.9764670898665594, 0.6505613624445307, -0.4055499179464233, 0.5578400466749719, 0.6744144636666578, -0.5420698654472358, -0.4226324102096849, -0.8158304806131456, -0.22298717772242843, 0.381403713793094, 0.8946263135295797, 7.480380412522881e-3, 1.0338079677150473, -0.7002295305781339, -0.49928518206307965, 0.40404048798718956, 0.7500245195704124, 0.7709898907392286, 0.483962023347752, 5.991810531938637e-2, 1.153637493926622, -0.24519208856078978, 0.9293583366498649, 0.7595874224802844, 0.89411979851851, 0.7003036243196237, -0.6381861367305107, -1.0509661173208826, 0.5598761701287951, 0.3626176193038396, 0.5284188986113849, -0.22776329397007197, -0.5788618100419569, -1.739503918415822, 1.2626091197069145, 0.14263733850122504, 1.1662903890618808, -8.344262433161853e-2, -1.956344910480907e-2, 0.14756221804713887, -2.304255953488663, -0.8066255669496474, 0.8651912778899983, 1.1650300456544933, -0.5144699944687184, 1.604579947213309, -0.513757941449109, -0.14264323951731808, 8.181473412030894e-2, 1.130074414219998)
