seed <- 865
log.wt <- 0.0
penalty <- 2.8115950178536287e-8
intervals.send <- c()
intervals.recv <- c(56, 112, 225, 450, 900, 1800, 3600, 7200, 14400, 28800, 57600, 115200, 230400, 460800, 921600, 1843200, 3686400, 7372800, 14745600, 29491200, 58982400)
dev.null <- 358759.0022669336
df.null <- 35567
dev.resid <- 226286.04522048446
df.resid <- 35402
df <- 165
coefs <- c(6.29365753517562, 5.995584379727153, 5.677026778369779, 5.369949386835471, 5.0507972168012705, 4.925947203911699, 4.681243267347321, 4.595865035909361, 4.283173074681451, 4.229479800255205, 4.346746011937558, 4.144116392101956, 3.974911954740492, 3.974103027067576, 3.7393139226312377, 3.4949203373395625, 3.267760819171046, 2.946213381964891, 2.4444848411125806, 2.0393509798246483, 1.5966208031240972, 0.9276040309245465, 1.1189935460856295, 0.4500652406940423, 0.10732855003128411, -1.4723623840402023, -0.19911223121098987, 0.9382434797849052, 1.1190042159441764, -1.3119836856102598, -2.037810811013409, -2.77413623783477, -0.35101083243851433, 0.7947900695472908, 1.4353721718360972, -1.147341213119236, -1.15052118143176, -0.8537344429754091, -2.544336642521409e-2, -1.1188607978262313, 1.0530352081704537, 0.6059400830616961, -1.1656888926195277, -2.3799529394222874, -0.6747546738204603, -0.5083939836737469, -1.1401968232641448, 0.6486377744925796, 0.3910722165869172, -0.9726620972525573, -2.7341780835054078e-2, 1.1698690957740456, -3.055866452444314, 1.678567936848381, 0.7218805371773223, 1.2478391253949253, -2.25146754259261, -4.916818356264404e-3, -0.6949509244037821, 1.1749520400870077, 1.3677289160461765, 0.7625044537431546, -1.487277056732599, -0.3798666404911573, -0.9435042095150062, 0.3099638258796233, 0.5996552637163274, -0.3947772244826832, -1.3347231436017062, -0.6933886774682557, -1.958899795491431, -3.528723202100419e-2, 0.6663538726203853, 0.9321948679424986, 0.6199773809499086, -0.6263823719242871, -1.1719971804647311, -0.9319955684241883, 9.714808649503288e-2, 0.793575547131777, 1.1434212584463825, 0.10719935417610398, 0.3742114866770616, -1.8737992028555102, -0.5729912261356853, 0.5346272746993574, 1.2083612154240437, 0.22599784231856093, 0.9125809162048086, -2.5612572019057707, 0.5816650479093184, 0.7228246070463069, 0.7394721988626478, 0.23479699868052484, -0.22753168741365962, 1.2272078794034846, 0.1202223655051502, 0.5017645866988889, -0.20244336721819597, -8.220107378396933e-2, 0.8054996780929803, -0.1388504079329404, 0.7666708306869628, -7.912438157377381e-2, 0.6348123746604534, 0.8317382765092236, 1.2781330822996124, -0.8493908134109723, -0.528217738773404, -0.6682445046673108, 0.3947763816773211, 0.5006938662331255, 1.6566258570775385, -0.5847649891143651, -0.32555681465328756, -0.9784267634453612, 0.8040728088939693, -0.2987050405530033, 0.7459942845922173, 0.5564896339916406, -0.382606506713819, -0.41856348219268974, -1.2294291309322192, -0.35352617704558387, 0.38425035562998405, 0.845220537077687, 8.49276675343037e-3, 1.1088448547823768, -0.49606996182439606, -0.4878366087733496, 0.3229672071847079, 1.1155923682461288, 0.6398868896262059, 0.283073632782385, 0.1285107531208495, 1.0981133719162364, -0.29152235140395544, 0.9760115291258348, 0.694544744016621, 1.1221228437415225, 0.7375305212890891, -0.7369100509946789, -1.3627542189208943, 0.7002269816166377, 0.2915358745959639, 0.45178106368543486, -0.3021047379293201, -0.6140918151257027, -2.0484182994040783, 1.3065455097755658, 0.22112442353012823, 1.3268019280304686, -0.14884750200239555, -0.16597755001801495, 0.10866167081863981, -1.9673534571248084, -0.9497920319574225, 0.9196210315764213, 1.121525940111428, -0.7579887798299698, 1.5803122621118086, -0.19339756878123324, -0.16212518199886664, 0.2844086406314482, 1.1975644941274275)
