seed <- 749
log.wt <- 0.0
penalty <- 2.8115950178536287e-8
intervals.send <- c()
intervals.recv <- c(56, 112, 225, 450, 900, 1800, 3600, 7200, 14400, 28800, 57600, 115200, 230400, 460800, 921600, 1843200, 3686400, 7372800, 14745600, 29491200, 58982400)
dev.null <- 358759.0022669336
df.null <- 35567
dev.resid <- 225601.74934639002
df.resid <- 35402
df <- 165
coefs <- c(6.51930540604427, 5.756632879923512, 5.682099818145525, 5.258461462320697, 5.115729390896085, 4.936334061040395, 4.744175211872659, 4.674570899267706, 4.388901322962069, 4.3158628233249505, 4.310680289678311, 4.164160118918666, 4.008739569016226, 3.9556715019898183, 3.7682104065800632, 3.5391658504202086, 3.2430507342444055, 2.9469809056119503, 2.4966968139496566, 2.044083785430679, 1.6331825470531132, 0.9096300592433951, 1.0858250669769838, 0.39730754859595996, 0.289606371219399, -1.3954037244800381, -0.41808856731527855, 0.9587866956140799, 1.1114521559133927, -1.0442711367640902, -2.4046410200801653, -1.9782723172705672, -0.40217609369305285, 0.7765774668854002, 1.2891550110377001, -1.12719446339242, -0.11516736149448287, -0.5043142646634565, 0.3319757458950432, -0.7817396759581343, 0.911579691902594, 0.8335499890000969, -0.9585751283819133, -1.7017034844700294, -1.131697008934597, -0.8099714698251489, -1.1669623509365408, 0.2948128083833648, 0.6497589334710039, -0.7505542901194869, -0.3871165519205135, 0.7375827440435144, -2.6944403159808954, 1.830678512202237, 0.7826517773889248, 0.9883138600722801, -1.8514978618992455, -0.14610730880512338, -0.4432708318552641, 1.2564350178661807, 1.1888488202783731, 0.8673345501374596, -2.168200553885331, -1.0648048844114084, -0.5205955166572848, -0.3211725924947021, 0.659893090262251, -0.6865462995714073, -1.7499872178311298, -0.6434002875513637, -2.000954199807509, -0.5644813313323829, 0.3572821969483626, 0.9001432570186568, 0.8015548041162278, -0.6543921577236708, -1.246554839100172, -1.7937384306514375, -4.535280741272133e-2, 0.6763748637204947, 1.2891470560954337, 2.7893051027916206e-2, 0.3846151446132388, -1.8336336270985965, -0.8891840035935656, 0.30932570271481225, 1.2423540969024156, 0.4262189682295979, 0.8509701509454122, -1.8411463326747497, 0.5469855084859797, 0.7541186315560696, 0.8843936131191841, 0.43643574082368514, -0.13558201229988245, 1.3323650985174416, -0.3261110518553077, 0.25561607794418695, -4.479498615262904e-2, 0.17962814892996748, 0.4083975021489815, -0.23495954575830727, 0.7874383246683644, -1.1650759766203176e-2, 0.9420411628987166, 0.8208608545255962, 1.1161036888199445, -0.3196941595884654, -0.7823107305024033, -0.6293385635318607, 0.42422719614702653, 0.6976711162060834, 1.6012902215045495, -0.39951905262889686, -0.25024482357398575, -1.1982705331551171, 0.8476962397652553, -0.2088205475618967, 0.5108596863438454, 0.5329133600220095, -0.7658069957237638, -0.6280982671719137, -0.9777849459415412, -0.4592172346057281, 0.2767639906317975, 0.8442181994814036, -7.794338453933727e-2, 0.965636688921075, -0.6024570689119031, -0.4018230979113514, 0.33203802189241627, 0.8153053866755385, 1.0059002364038794, 0.33788883961920135, 8.503089815430685e-2, 1.1400752190615386, -0.29586322056595904, 1.1037988636821678, 0.7945531902143493, 0.9288206715163314, 0.8263826770826358, -0.7144979501770046, -1.0766498660501806, 0.6781644441977747, 0.34417792652510837, 0.41269042866144406, -0.12206147338544573, -0.8606332511603458, -1.9487049736996482, 1.2994479125334866, 0.23961248003623378, 1.1885324050812618, -0.22318655906872115, -4.677651067400448e-2, 0.10482264126516429, -1.4623000828464345, -0.9569943416766082, 0.8247102538710427, 1.2329043373857003, -0.31917568822551573, 1.545705152957127, -0.27688638592733267, -7.43772070679418e-2, 7.464627336580967e-2, 1.1713410613773156)
