seed <- 409
log.wt <- 0.0
penalty <- 2.8115950178536287e-8
intervals.send <- c()
intervals.recv <- c(56, 112, 225, 450, 900, 1800, 3600, 7200, 14400, 28800, 57600, 115200, 230400, 460800, 921600, 1843200, 3686400, 7372800, 14745600, 29491200, 58982400)
dev.null <- 358759.0022669336
df.null <- 35567
dev.resid <- 225312.84877149083
df.resid <- 35402
df <- 165
coefs <- c(6.448298135739225, 5.899416495852624, 5.682096812753317, 5.34904821882247, 4.976566556167073, 4.77654303758079, 4.850012801278386, 4.634258655270219, 4.371081226044713, 4.3291857140081484, 4.326730846386846, 4.220172027206646, 4.048211953220628, 3.9903864747061446, 3.800047556969894, 3.586428952407792, 3.2699432209380603, 2.9652920414284827, 2.5004331676824973, 2.0988856957177116, 1.6279831966752498, 0.8952984002131136, 0.9525089775500655, 0.47141144962145887, 8.193379863790584e-2, -1.4266053214164864, -0.15729643033168997, 0.9413073345516696, 1.0573290658723067, -1.032186882876751, -2.2433020984537886, -2.1534873139366697, -0.41709124074899967, 0.7215885190301595, 1.2165450801336932, -1.1820323160142359, -0.4125436199960784, -1.0847791013065764, 0.1550662682789704, -0.2094333489944249, 0.9073533621437253, 0.7004923648329491, -0.7827606679725304, -2.5836221040256624, -0.6330272779833197, -0.5806696672445835, -0.5563143807483546, 0.5250579032817795, 0.2956562237949911, -0.512910577527498, -0.9615556251818442, 0.843204246321015, -2.530008666201415, 1.5861887645120214, 0.7852574890704389, 1.1009299256697889, -2.187493989210601, -0.11388541312208776, -0.52104261257552, 1.5377291003818956, 0.7663052325519532, 0.7900844973327119, -1.7316182653699455, -0.8956530258997782, -0.6433196463927424, 0.40526998356513866, 0.6705627012126221, -0.25998423092578493, -0.7308116922052648, -0.6968023434195691, -1.77229446312321, -6.836734280106373e-2, 0.27887252750659397, 1.0275526022387316, 0.7433726200783042, -1.1020514921513025, -1.214937258383317, -1.2660027431165135, 0.11266993644925914, 0.6997204658749618, 1.1524816682684362, 0.13862199648226886, 0.3317605802470741, -1.6906064870619977, 1.634574072900402e-2, 0.46188373775801256, 1.3185545470185573, 0.5800811589659897, 0.8643887713431244, -2.103602713040822, 0.3958071586413012, 0.5949226623986127, 0.6850623576149946, 0.3517927207235345, -5.4009090485856316e-2, 1.3084990773854044, 0.12465068414533209, 0.5765532177440793, 0.13943094209500548, -0.2896233012293207, 0.3498615173254319, -0.20952525959496204, 0.7814205440431181, 0.12108374143623281, 0.44450176120445106, 0.7886403861603984, 1.0472910483644196, -0.9099072115392333, -0.792708003635651, -1.0699645977790797, 0.5297023421147243, 0.6233047935980881, 1.5588547588619632, -0.9519192454762667, -0.3560025330076685, -0.9091315596995844, 0.7122311167363368, -0.3219952922247923, 0.5926596117458234, 0.5795771615064097, -0.44720302387795596, -0.5877841856681293, -1.2345591159538558, -0.6676574773652251, 0.320496344950469, 0.8174784898907915, -6.638299369787563e-2, 0.9928728848399939, -0.48740749995060567, -0.47605051316256736, 0.3055886859260045, 0.8717227119095631, 0.6768198641371127, 0.40770791614830876, 2.9656709550170423e-2, 1.0318149536694843, -0.3081822004731438, 1.031259459121178, 0.6734031613212111, 1.0232125466839355, 0.588144732920966, -0.5992237115701218, -1.3201449441268553, 0.5203520175628059, 0.3714495513861964, 0.5326462406951936, -9.250108345433258e-2, -0.2726807238903076, -1.8659426720742807, 1.2718183767598508, 0.1910351483343916, 1.2712206678640607, -0.24657418512608176, -0.10731508186566993, -0.22254849290730683, -1.9634360642328001, -0.9595789753794073, 0.8856155717807166, 1.2617470911558568, -0.582613117575882, 1.5041066230278155, -0.24927059457669806, -0.16170784594054374, 0.10226231382003319, 1.1199842484796148)
