seed <- 729
log.wt <- -14.894217602747691
penalty <- 2.8115950178536287e-8
intervals.send <- c()
intervals.recv <- c(56, 112, 225, 450, 900, 1800, 3600, 7200, 14400, 28800, 57600, 115200, 230400, 460800, 921600, 1843200, 3686400, 7372800, 14745600, 29491200, 58982400)
dev.null <- 358759.0022669336
df.null <- 35567
dev.resid <- 226347.54147815992
df.resid <- 35402
df <- 165
coefs <- c(6.440847388694984, 5.843720279907578, 5.695847814878236, 5.322406629287762, 5.008724143346278, 4.761821445173845, 4.820890259225063, 4.737370206884647, 4.377810269187227, 4.236208247493367, 4.311111264562083, 4.1665460924702, 4.039308259002854, 3.9579899906551943, 3.740665050331615, 3.5099665455480022, 3.2456309158385466, 2.913312641491591, 2.4647167184780523, 2.08416446040093, 1.5666058240076832, 0.9109913991443305, 0.9389307160952793, 0.3904884458098601, 0.5197855605688217, -1.1197740183054006, -0.1843401646306007, 0.9182823839128742, 1.0207690560335498, -1.1529198271448677, -2.3728305408893586, -1.997135368456412, -0.4972447392856524, 0.755827796630736, 1.2046137776984647, -0.8602514375484543, -0.34112567819161754, -0.7629969477056033, 9.953834542518941e-2, -0.40091398513003124, 0.9173289352185047, 0.8885695609443485, -0.9127185490757698, -2.0740516760910794, -0.7468845905058239, -0.7283293594824226, -0.8812359888166457, 0.31089642899438064, 7.812524312140294e-2, -0.9978552209186582, -8.324841004405222e-2, 0.8484092054634501, -2.635191802976255, 1.6973967915061607, 0.8111186230724409, 1.12974463532573, -1.4830692523507134, -0.16083054387741666, -0.1720301137341445, 1.2812289662091234, 0.8141096462683557, 0.7869140660063066, -1.7801501241859468, -1.056523318827523, -0.32627784695496465, 0.27431495409792583, 0.4858327070832489, -0.41586206429830164, -1.4587789186654871, -0.598219839984478, -2.060424802932109, -0.1109114194468302, 0.5755464491805256, 0.9779749128294027, 0.6771849355555564, -1.1209301022018257, -1.271139060673319, -1.4835717612277777, -7.0947000147569845e-3, 0.7091025980173631, 1.2239087791692376, 4.661838348208409e-2, 0.3084141607163238, -1.3653099125287502, -0.11212969066140427, 0.4296756952514042, 1.1336986680795123, 0.30969228703066776, 0.8973396331835943, -2.4317114781502602, 0.49178871808405966, 0.7155186440663626, 0.7677540017713528, 0.37422253965086705, 0.11804244271225484, 1.0965444588061313, -0.3388267079792453, 0.47357683589971067, 7.257609315711035e-2, 0.18661734013316822, 0.3141969097011259, -0.17583440636192801, 0.8383236146795701, 0.1739479830592475, 0.5623949982943564, 0.831505520510224, 1.0737332073406483, -1.0623693364893578, -0.47328593864156776, -1.0180130042200357, 0.3655552100894429, 0.8282780489948842, 1.5815678701981186, -0.41474949120985266, -3.8846686679394296e-2, -1.1485095906236706, 0.6972148027636111, -0.26623229824339634, 0.5036672777168818, 0.5570725472012389, -0.24456369596388924, -0.6301138966918507, -1.0390006852754465, -0.5449982887875104, 0.29273254070169014, 0.9069689872869788, -5.912316553310201e-2, 0.916422356422463, -0.5676372395109257, -0.46772303178624863, 0.22688218839464006, 0.8961846716235924, 0.8265225110871672, 0.4900153676243041, -9.778825263175006e-2, 0.9776894543828908, -0.4039594442087708, 0.9801788826855726, 0.6838228046050574, 0.8842899650925927, 0.615081389972, -0.5825624255554553, -1.1257581364423714, 0.510525995156034, 0.153380892254743, 0.5751990450680599, -0.26352329618224507, -0.6346217208495917, -1.910148009226045, 1.153070259800805, 0.1704144731915341, 1.1698891739076258, -0.240287657464193, -0.11526814048890283, -0.1348347287492355, -1.644099407786958, -1.4575385910432976, 0.795397165162341, 1.0994976806432104, -0.3109813041214173, 1.5227812190027665, -0.2417124722271484, -9.068729852347968e-2, -6.335665642185473e-2, 1.127548425812246)
