seed <- 473
log.wt <- 0.0
penalty <- 2.8115950178536287e-8
intervals.send <- c()
intervals.recv <- c(56, 112, 225, 450, 900, 1800, 3600, 7200, 14400, 28800, 57600, 115200, 230400, 460800, 921600, 1843200, 3686400, 7372800, 14745600, 29491200, 58982400)
dev.null <- 358759.0022669336
df.null <- 35567
dev.resid <- 226163.56204092354
df.resid <- 35402
df <- 165
coefs <- c(6.496816387944931, 5.621919179847781, 5.6050186643039375, 5.2797663171709095, 5.118952032078962, 4.839320426839016, 4.806935533895342, 4.648410560272261, 4.397971203817831, 4.28853382966693, 4.362269419344744, 4.154705665108935, 3.9694714232824078, 3.976634443815647, 3.806720351288122, 3.527954068900416, 3.229828124596993, 2.9917888160963013, 2.511473299870418, 2.1108311496542895, 1.6103262306751416, 0.8918712978345523, 0.9730763283937723, 0.2590536194799913, 0.7669358599664381, -1.187717823874736, -0.161984038361043, 0.9148795564542272, 1.08728341475578, -1.8877467713077667, -2.0531174842347086, -2.349875312664394, -0.38762263795932633, 0.737729806341024, 1.361276195180495, -1.396704525519248, -7.792882182672956e-2, -1.0606700310995336, 5.967213459277083e-2, -0.81969962558295, 0.93572228661807, 1.0510419490706293, -0.7769488020666682, -2.146686098077154, -0.9158345390962004, -0.6972782608611144, -0.8595213330779344, 0.4526207106327562, 0.44898237462528423, -0.5717239519421798, -0.5596019712429499, 0.985024826005427, -2.979495566687848, 1.7472043627489096, 0.8354019379834097, 1.0543283820633458, -2.363960876366931, -6.1904791455470835e-2, -0.19207790670968133, 1.1731026123455117, 1.009731036922616, 0.7494896613396272, -1.6220677137514083, -0.2016031089545569, -0.5473814966447339, 0.3019479183116506, 0.5295047555967453, -0.45975874960028984, -1.5992853973063472, -0.8128395661038639, -2.2293743595614304, -0.2670469299969022, 0.32632651181734507, 1.012130851708983, 0.7479635939276279, -1.006602735044606, -1.128143714696561, -0.9194787659475396, -0.16278410499653506, 0.6673896147704459, 1.2533535725956075, 8.269271211955112e-2, 4.637437504733204e-2, -1.3420272134431654, -0.5742895313670656, 0.5995061448153692, 1.2394019935734268, 0.5629270162356529, 0.9169007882902805, -2.278417406378543, 0.6255906006810106, 0.7697073505381198, 0.8309778341166975, 0.40240149272783543, 9.397371368643569e-2, 1.2469510697813648, -0.15333846922998298, 0.14541926740462527, 0.19557700677240483, -0.67209058989191, 0.4005080829611828, -0.18577965334798915, 0.725400093174378, 0.4056583599396576, 0.8214430736788104, 0.8074317398154025, 1.0895804776301303, -0.6322691800301425, -0.8247402995368713, -0.9912598122567248, 0.4286926397479943, 0.5788042719616471, 1.5902329811595735, -0.559739137260136, -0.25560029037276955, -1.0932152369305626, 0.8085494215520186, -0.2228829292268288, 0.5316499714786411, 0.6475305517456416, -0.4474729768161122, -0.5371246814648172, -1.0719647093162759, -0.5832672688355454, 0.3745029867379436, 0.9014840112817561, -5.80887694373903e-2, 1.0895573041774138, -0.33815188250084843, -0.412410325676686, 0.32521046657339436, 0.9360484907890125, 0.6744865016438077, 0.4774810702055992, -0.1350486265739599, 1.05716641367183, -0.31475168483156446, 1.0655238640431657, 0.6671327433787442, 1.0021088597698935, 0.7691002487495812, -0.6799076312022725, -1.1743458612337885, 0.8088143737596173, 0.13207079138642186, 0.5724218876848749, -0.26674245093294313, -0.39898041900929626, -1.8769373709082924, 1.2553094744466498, 0.14332605869122503, 1.2321206936392846, -8.839576121815067e-2, -3.490354431206807e-2, 3.417793259270604e-2, -1.886073579544422, -1.2807629775851477, 0.7920474174789188, 1.1461021415643282, -0.4165583370098678, 1.5415592932465187, -0.49134984566085904, -0.21981673839733729, -0.17133516762577342, 1.2098269437551106)
