seed <- 1065
log.wt <- -14.432542572385724
penalty <- 2.8115950178536287e-8
intervals.send <- c()
intervals.recv <- c(56, 112, 225, 450, 900, 1800, 3600, 7200, 14400, 28800, 57600, 115200, 230400, 460800, 921600, 1843200, 3686400, 7372800, 14745600, 29491200, 58982400)
dev.null <- 358759.0022669336
df.null <- 35567
dev.resid <- 226758.28090110602
df.resid <- 35402
df <- 165
coefs <- c(6.827975623295068, 5.868443282498584, 5.844451813825596, 5.305546074704713, 5.032768005611126, 4.936257013112276, 4.661616175345606, 4.626415720466396, 4.340828279743575, 4.297501386788499, 4.283016210877022, 4.167054287753343, 4.020156211343282, 3.9453057389472175, 3.7414241489492523, 3.5232301929160723, 3.240666236719438, 2.950837397741765, 2.5110878620132753, 2.06585683659324, 1.6816188773390979, 0.8883296719261172, 1.0275356621218035, 0.33692689645659607, -0.132250591262179, -0.8803248552371759, -2.0103199033066014e-2, 1.0241385258542477, 1.1334806848968895, -1.030938066529808, -2.6096333218412964, -1.8131037657132603, -0.605889329227421, 0.7872965481230748, 1.1926018499699018, -1.185760749405445, -0.20865763597617437, -1.422886141135103, 0.10417645733120848, -0.3834578592097889, 0.963930988497657, 0.8769164501332678, -0.9263232889678538, -1.7154634001536178, -0.9657321957485541, -0.8193633439873063, -0.7058397258034195, 0.12152783296711098, 0.22267271354077264, -1.3297728319584423, 9.170568290956733e-2, 1.0010565460154064, -2.7547755445887248, 1.7801494835899718, 0.7309256090548985, 1.0483104023564216, -2.2329027441019544, 9.267611789434619e-3, -0.8575359616877597, 1.4536599369549068, 1.1574375092042435, 0.7762310486797679, -1.823596210816668, -1.8330762599843777, -0.42855896599218063, 0.23522081852486595, 0.6074525332449664, -0.7540721957103467, -0.7197708931406307, -0.653090528507201, -1.5079016962385148, -0.5584502799186106, 0.3360533303100177, 0.9976539422783847, 0.7331025731086488, -0.6653126994969703, -1.6130436179244343, -1.366823844882539, 7.588885922559148e-3, 0.7214301803564565, 1.0734750353213258, 7.12146346249553e-2, 0.13766887902082223, -1.6725868241168091, 1.531823616173027e-2, 0.4872755177850314, 1.2119322787465316, 0.18592566686321776, 0.9443997916133651, -2.440988399758462, 0.4821622459631241, 0.7681262603089047, 0.7414554905816886, 0.35632853802659864, 0.13792673767687122, 1.296331289330523, -0.1390128540813417, 0.4633274644175757, -0.20463085791727736, 0.19002257126776317, 0.49598473701147583, -0.3387791836366134, 0.9189968249449303, -0.285522150158038, 0.951321537053631, 0.7895982197507615, 1.0995610253661574, -0.49633765045894435, -0.5279150074439376, -0.8694342679068718, 0.44578171911791836, 0.7432093084777847, 1.6204193952530734, -0.7380379893978072, -0.12035879953004147, -1.0835742828092345, 0.6932467461873549, -0.35091250541248903, 0.4798134078197303, 0.7858966211093333, -0.6755889596801495, -0.35396514268137813, -1.613219260003879, -0.41262031615470907, 0.34457181195463943, 0.9528208378300135, 4.882417724524615e-2, 0.9582702397878013, -0.622158256672161, -0.4269897088138559, 0.24541795660319346, 0.8782136664476401, 0.7376698851062586, 0.5722356186427986, 9.307792738719776e-2, 1.1335340262585702, -0.23590125394588216, 1.104388500186271, 0.7502342250045911, 0.8826377015504088, 0.7202740864403511, -0.5752638043847175, -1.1627112835384463, 0.5428234530141365, 0.30632717409213683, 0.6308377550042928, -0.17489792267931142, -0.4433756521451234, -2.0602571559605045, 1.3250308095507004, 0.24371066274884423, 1.2580109566649151, -0.1403989261348278, -7.641533313529318e-2, -8.653685131033523e-2, -1.5022441923804515, -1.0920537999713704, 0.9288218921111019, 1.1566708118490632, -0.540043857746069, 1.5897491291842074, -0.35895941560997074, -0.13357975378995524, 1.4950053519459392e-2, 1.10707944944124)
