seed <- 543
log.wt <- 0.0
penalty <- 2.8115950178536287e-8
intervals.send <- c()
intervals.recv <- c(56, 112, 225, 450, 900, 1800, 3600, 7200, 14400, 28800, 57600, 115200, 230400, 460800, 921600, 1843200, 3686400, 7372800, 14745600, 29491200, 58982400)
dev.null <- 358759.0022669336
df.null <- 35567
dev.resid <- 227809.5609380964
df.resid <- 35402
df <- 165
coefs <- c(6.5640109327858065, 5.98673769387478, 5.599655270921294, 5.2925381796520385, 5.052018071965963, 4.843270303648401, 4.731854175751801, 4.5894925832702524, 4.374665482680592, 4.213980104040796, 4.2588359790602395, 4.156775119772955, 3.9974089269369766, 3.9246061227310984, 3.707152498631191, 3.5377847217966116, 3.2373823606109298, 2.9432801852424286, 2.4549862628351766, 2.0369720167216023, 1.5979605208383172, 0.869043371818584, 1.1162224611801155, 0.5061274101093631, 0.3416742748083077, -1.4138073192347478, 5.3864248965535655e-2, 0.7877741333551386, 0.961758504750106, -0.9425904781250802, -2.6215355851474946, -2.3641743336421857, -0.1651627270834072, 0.7733518009438559, 1.4254738741932587, -1.1627609743912735, -0.33344154381627306, -1.2473988893176886, -1.9115762016656865e-2, -8.596413966207385e-2, 0.7460674534892916, 0.7854796433487391, -0.8016123535106233, -1.9282555525792895, -0.9236053419321697, -0.6761493231561149, -0.9613567503102278, 0.2752121131030031, 0.36980869313797277, -0.5619683573552283, -0.5383461139042848, 0.9331660189507665, -2.027287640987766, 1.510864562694358, 0.7624488219791525, 1.0909552071017978, -2.151302866471371, -0.40168487265761077, -0.8782762177738153, 1.5300704710702187, 1.2000786783786437, 0.836450717501712, -2.412616998545995, -0.7443431758099267, -0.7627764092503819, -0.1895133836370971, 0.6785707551678851, -0.42037413006952223, -1.3248986702207006, -0.5625523277302689, -2.3329489123053344, -0.49309005292502783, 0.7110664150145228, 0.9115073125615492, 0.6341971840479937, -0.922290873605468, -1.2455453306315174, -0.9357414395280746, -4.305911485287402e-3, 0.7220982466604975, 1.1156677814289926, 0.10497962843505701, 0.4839467325212889, -1.6764098548912658, -0.5019278156232388, 0.36651478949346783, 1.2851594058183935, 0.25196243077119207, 0.8367429123973604, -1.4128114057197814, 0.5428654176652397, 0.6483365697506657, 0.8540476844112537, 0.4521927554808643, 1.8602345250585304e-3, 1.204524945658997, -0.6283071683897686, 0.20595516034126968, -2.181898088862193e-3, -0.3166199225705127, 0.23625980776285332, -0.47547016966264094, 0.9346292279124179, -0.11685946090652176, 0.7146638163451331, 0.854153113896501, 1.1946563584351644, -0.213824772524353, -0.46281692443489614, -0.7986799995431159, 0.5040892626512126, 0.5306614061055106, 1.5014510965131713, -0.5726430371301355, -0.32493881491933946, -0.84723630987508, 0.7090255287189768, -0.4190895937531404, 0.703292945127336, 0.7051474929672089, -0.13938173034416498, -0.2783479221372253, -0.6768525935088918, -0.4666631553563455, 0.27452753623300646, 0.6811880833801941, -2.8155178846087134e-2, 0.9856308651754151, -0.4810983621900503, -0.33429089442005805, 0.328390237740429, 0.8113749709812098, 0.7508035604088061, 0.4876496950066487, 6.357222619260845e-2, 1.0947055616791006, -0.4479515938469976, 0.8885041547003757, 0.7469821033589611, 0.9528043298332692, 0.7035803532422668, -0.5961749473509279, -1.030045276255319, 0.47594107018740434, 0.3637804666205232, 0.5972041412076762, -0.14062598436896015, -0.5653518177833032, -1.4927067688421696, 1.1057867325669326, 0.1845862905124198, 1.1769235495371422, -0.19994391633267253, -6.377871150661651e-2, -5.121568707793495e-2, -1.9623128193455448, -1.6713369057604561, 0.8949206714757082, 1.2488570227578346, -0.4970364660740871, 1.4194604324131506, -0.4430532628878888, -6.953477268731588e-2, 0.1001510190138462, 1.1490267200837971)
