seed <- 371
log.wt <- 0.0
penalty <- 2.8115950178536287e-8
intervals.send <- c()
intervals.recv <- c(56, 112, 225, 450, 900, 1800, 3600, 7200, 14400, 28800, 57600, 115200, 230400, 460800, 921600, 1843200, 3686400, 7372800, 14745600, 29491200, 58982400)
dev.null <- 358759.0022669336
df.null <- 35567
dev.resid <- 226161.14134953872
df.resid <- 35402
df <- 165
coefs <- c(6.736939526371246, 5.498771362629519, 5.731918710422948, 5.191331558135229, 5.2254677768478235, 4.744988042305041, 4.752804187013651, 4.608890315722475, 4.342047885663161, 4.233216831203316, 4.239521136225427, 4.137271178376876, 4.033129844924027, 3.9564209484599195, 3.7604575081620375, 3.5091072462262014, 3.249263469183118, 2.9512446228900675, 2.4579569440528344, 2.016471102137831, 1.4438298087599963, 0.8826068387407263, 1.051651140684455, 0.4201962656701852, 9.692245596145725e-2, -1.1820581912057258, 6.093158085981761e-2, 0.8907799869221477, 1.0956778643572957, -1.549833195861921, -3.143787548020129, -2.323069836056236, -0.5086778159449473, 0.7584605404607572, 1.3010454954558404, -1.159446514222698, -0.583515685776237, -1.1956911348891675, -0.2162727891053256, -0.8180720330315937, 0.9669852776554182, 0.7106251077020073, -0.47477631262606546, -2.0820165688941485, -0.8065345706749275, -0.6304704521747446, -0.13526876639471647, 0.2345985736163419, 4.540071277011387e-2, -0.6073903832443481, -0.4305653673575342, 0.9512232524081292, -1.855211255982489, 1.7867257115388893, 0.6898794869425514, 1.0837877825773896, -1.519580763249819, -0.1631739377875595, -0.24529633139240598, 1.4903640696376197, 1.3206191111746586, 0.8104914706855145, -1.8654224198652443, -0.7144804109507472, -0.8128413772638546, 3.786442203945408e-3, 0.7462920963453368, -0.41162277315088247, -1.8235145398910195, -0.644025996751241, -2.61676555724638, 0.19247471050200485, 0.5806945367944936, 1.0083879939520854, 0.8290141951012635, -0.4110233610955329, -1.508572630121589, -0.8709828786398327, 0.14537660780627876, 0.6994551864156417, 1.0821624936633591, 9.99797256668225e-2, 0.33282144307284, -2.138141922055016, -0.1482105568198759, 0.4267552337118104, 1.333502355065456, 0.5081887487014566, 0.7532348083291274, -2.1663254809921724, 0.5698984720675492, 0.7678522234372279, 0.7368230767220229, 0.35789192312235996, 0.21423722529916464, 1.2231264019304813, -0.3791072748373827, 0.26992834320366454, -0.16618636042112087, -0.6513427306615864, 0.537011562398399, -0.11878683569167771, 0.8202403954685724, 0.35720951529958556, 1.0520828152285968, 0.7935759791847029, 1.0669176480638052, -0.24929878200408837, -0.1993817714585866, -1.0652436928471374, 0.5912309650151026, 0.5120993760028495, 1.6418489753949845, -0.7997996147040961, -0.10654752029852327, -1.267251644678247, 0.7718658292615715, -0.30951607500941297, 0.15061257280673934, 0.43490610636715077, -0.30802927522377, -0.3890638844018165, -1.4875941763359501, -0.5761026055874622, 0.3822559966014082, 0.9025675017250381, 3.681843337082803e-2, 0.95429457082925, -0.6287148613953497, -0.33821092010180226, 0.15419249722666098, 0.8206511388328397, 0.727724340713576, 0.489510114013818, 6.0242001050124255e-2, 1.1035057245030409, -0.3040226794633732, 1.144850376467609, 0.7205969699785929, 1.0089973315619238, 0.7362166167627059, -0.6634066316395997, -0.8887625698193369, 0.47974428765489935, 0.2018030239422088, 0.6498981026250912, -5.0595404649190585e-3, -0.36513866838449444, -2.459095236759929, 1.3218050915091062, 0.13284924150254027, 1.2557491447080367, -0.21242900461313882, -0.1437109937109281, -0.3853847977566657, -1.7491743359297263, -1.3549196172406637, 0.7844760283961717, 1.2961795564582532, -0.42963727882618025, 1.5627286948548003, -0.3646322252569456, -0.13684032253753386, -4.338493204962319e-2, 1.1203007241308207)
