seed <- 199
log.wt <- 0.0
penalty <- 2.8115950178536287e-8
intervals.send <- c()
intervals.recv <- c(56, 112, 225, 450, 900, 1800, 3600, 7200, 14400, 28800, 57600, 115200, 230400, 460800, 921600, 1843200, 3686400, 7372800, 14745600, 29491200, 58982400)
dev.null <- 358759.0022669336
df.null <- 35567
dev.resid <- 226165.71573937676
df.resid <- 35402
df <- 165
coefs <- c(6.716460113716537, 5.634536051755651, 5.70693980920513, 5.545704920547933, 5.152747674580921, 4.868339524466081, 4.72953857745592, 4.676661797211472, 4.398276150589455, 4.2708528225374485, 4.247432190733533, 4.154387122177726, 4.021937519713818, 3.954181333980611, 3.7495973075307365, 3.537093895985537, 3.223912783410985, 2.9462414146159968, 2.4955540052399976, 2.041782490857569, 1.5955498665004257, 0.9157506205401033, 0.9625632914913721, 0.21837949193499387, -0.4295305003475981, -1.0802301786523811, -0.3715868483623997, 0.9776015849225611, 1.086187677379458, -1.3872358292867346, -2.6398562804036523, -1.9970810259728267, -0.4446288878878002, 0.738799283789611, 1.2781057859156881, -1.071043474018228, -0.2714041051037005, -0.9072485625102354, 0.11725934732242678, -5.318332946798845e-2, 0.9449679277796187, 1.006291596184518, -0.6208105608752967, -1.7245771076266732, -0.8037182415101443, -0.8399232019586956, -0.19165895869678085, -7.963235720806398e-2, 0.6602730375152199, -0.9892256510888401, -0.5903963433566235, 1.0118594095682294, -2.272127540046696, 1.886740210664426, 0.7674210907867218, 1.0296322809325298, -2.3639186215117363, -4.447571115659878e-2, -0.4194295981807383, 0.9970776237753095, 1.050851045187327, 0.7597850696641534, -1.4770257399414795, -1.3117637688693518, -0.9354922781216453, -2.4070584240410153e-2, 0.6541037258188017, -0.3347676118595824, -1.1590276400336057, -0.6423645070974292, -2.783279767113577, -0.18835470844443272, 0.7927420250707324, 0.9319177972544505, 0.8422003527752727, -0.9349858211294204, -1.5272685711166794, -0.9412885187272134, 0.2010037867691504, 0.5669237298585552, 1.1979617339068225, 7.206699425962378e-2, 0.3176663713989061, -1.553759822430863, -0.6619182957830537, 0.5756452483789637, 1.2826201200739369, 0.6052038857519273, 0.878792642897319, -2.1565563117247226, 0.3733510249114075, 0.656525184467907, 0.7729917889783927, 0.39169095466116727, 0.3490091830239585, 1.4655412152717484, -0.3293544093508581, 0.629455970814607, 0.15777434727952683, -0.2966072711845906, 0.5109242431316876, -0.9637795803472546, 0.736004905534875, -0.12127611779667496, 0.657351279895503, 0.8064739751441558, 1.1296060524179135, -0.43195535810510544, -6.27857334804207e-2, -1.4341831843609976, 0.5466190014942183, 0.4059685075448714, 1.5851593841115736, -0.7654744776170903, -0.30274691203074955, -1.212746394184443, 0.7696830629843624, -0.21479415435700114, 0.5002631660850984, 0.6526828775728959, -0.2927009696679419, -0.42448272963544753, -1.8687726849966866, -0.5483072632315311, 0.42189338252192027, 0.8396584786669629, 3.0011886050842262e-2, 0.9426442282804577, -0.36823583766775436, -0.4277746613762192, 0.4248154201772521, 0.9547681216042727, 0.8507321263408202, 0.49428746472302143, 0.17846793399814637, 1.0468281470856404, -0.40903407215507465, 1.1730980627548357, 0.7253119892981374, 0.9684078089207039, 0.7652425289385643, -0.6960063541002202, -1.33473437693685, 0.6599370400290365, 0.4733574951631015, 0.5440835214592729, -0.15818901544969854, -0.6566862225018639, -1.8057857735570761, 1.3343366997639128, 0.15482728322146436, 1.184871242887314, -0.15375496359242707, -5.944323834858391e-2, -0.23292656958220354, -1.6236406499816018, -1.7802617155436238, 0.9001952339534528, 1.3410295291632757, -0.2459278584884867, 1.5217829771755889, -1.7197460913298598e-3, -7.862193908172373e-2, 4.144378209279101e-2, 1.130053797499789)
