seed <- 1098
log.wt <- 0.0
penalty <- 2.8115950178536287e-8
intervals.send <- c()
intervals.recv <- c(56, 112, 225, 450, 900, 1800, 3600, 7200, 14400, 28800, 57600, 115200, 230400, 460800, 921600, 1843200, 3686400, 7372800, 14745600, 29491200, 58982400)
dev.null <- 358759.0022669336
df.null <- 35567
dev.resid <- 225939.48368856855
df.resid <- 35402
df <- 165
coefs <- c(6.7799990984180845, 5.838823451559941, 5.514042488908881, 5.459911951710692, 5.009594534645924, 4.857765717024792, 4.815682247635861, 4.687031122058349, 4.346671797292693, 4.250661656697409, 4.2416340376675095, 4.166364949399055, 3.99976618389106, 3.9752912875406228, 3.763303173700021, 3.559328471624372, 3.2476333705878573, 2.9985829252785634, 2.508350106109044, 2.0897067574036607, 1.5835819389192174, 0.9327903032620499, 1.0105127731742254, 0.4410648386436738, 0.5403038016271728, -1.1921663033562067, -7.475873398988325e-2, 1.0846170027736401, 1.0100097119846163, -1.3422248800328116, -2.4590585149102817, -1.8462266654077002, -0.3233446527252929, 0.7604546732108336, 1.1313027945690717, -1.1380837656317864, -0.556233479888456, -0.9165277800516753, -5.0404796077559585e-2, -0.5532443181236458, 0.9034486636192552, 0.8283445051926267, -0.6833108312522216, -1.9472947792608601, -1.0164923339829155, -0.9849371426014654, 3.183795357464408e-2, 0.5634962777963768, 0.5050142574833817, -0.6369954546294376, -3.8277720712380885e-2, 0.8686574734955129, -2.1167344639770542, 1.6130800035283481, 0.829082398196102, 1.0104288232281564, -2.384218547873572, -8.708529378054682e-2, -0.8333526541662392, 1.1151443772370766, 1.2019368811741389, 0.6143462842756436, -2.212726576808682, -1.5230581504610525, -0.8917268798446589, -0.19658167304400032, 0.6215366714778814, -0.4873632336528093, -1.2887143283924614, -0.5090506923703294, -2.393917895096849, -0.6779806818777455, 0.6950593823436042, 1.0211796149299366, 0.8638094601172371, -0.8564895428553717, -1.721973304480481, -1.0111118378348698, -3.2615504347639344e-2, 0.6619864148260273, 1.180429305515096, 0.16177653454409652, 2.9624412414900103e-2, -1.426987546660923, -0.9321433820100297, 0.26444564345184474, 1.2646796542557774, 0.6645684814292085, 0.9071501258372288, -1.6766871764843303, 0.2779509526100705, 0.7637142115356188, 0.8172885872627226, 0.3624296966692967, -1.8051136509733015e-2, 1.5072184562679445, -0.6272660660557973, 0.6856654076237783, -0.2501573549909355, -0.340573675492142, 0.5709301412064723, -0.2752140846179048, 0.9198694458518334, -0.10773703266550762, 0.8158152092440405, 0.8513624444633652, 1.1351373945528966, -0.470375950195581, 0.14701958689505168, -1.4671944825701049, 0.4224209539568505, 0.6170658265507205, 1.5677869244071296, -0.6557281963550412, -0.29082648259591026, -1.124586998365691, 0.8200742268267542, -0.3690739846792537, 0.6083832462548949, 0.5663505261851721, -1.2218214461476462, -0.3289675112518806, -0.9747829326012615, -0.37530980224535204, 0.41463900762034517, 0.7842420674662619, 1.4551802423743033e-2, 0.8785157372772454, -0.32737858642352186, -0.47244332663072997, 0.2964686005153257, 0.9143060364226986, 0.8467403067598921, 0.567993446673197, -6.745981209032924e-2, 1.1402720226516883, -0.5158033086501981, 0.9852249973819583, 0.6855303978482076, 0.9483452931513195, 0.6948996250904796, -0.5970596901670475, -0.9354566310087769, 0.533627067023886, 0.3822412456093643, 0.4843367289297085, -0.10632947075016144, -0.4469060074758391, -1.626123962415441, 1.1878788787964103, 0.2552127712031513, 1.1797804638043174, -0.16077213562812787, -4.916352192037625e-2, -6.248885827439827e-2, -1.9277796352108354, -0.9808510877906873, 0.9038844059751352, 1.223987329691282, -0.2795993102473879, 1.4983973446926306, -0.24122260399676737, -0.13792310650490916, 7.043776552992086e-2, 1.172413631086729)
