seed <- 880
log.wt <- 0.0
penalty <- 2.8115950178536287e-8
intervals.send <- c()
intervals.recv <- c(56, 112, 225, 450, 900, 1800, 3600, 7200, 14400, 28800, 57600, 115200, 230400, 460800, 921600, 1843200, 3686400, 7372800, 14745600, 29491200, 58982400)
dev.null <- 358759.0022669336
df.null <- 35567
dev.resid <- 227224.8789946264
df.resid <- 35402
df <- 165
coefs <- c(6.497947574978977, 5.735799139931833, 5.754939228386984, 5.137094707887218, 5.168713825469595, 4.747605337704984, 4.7159531196987885, 4.625182336359869, 4.391769603262438, 4.197286378074056, 4.273091540746812, 4.136860672640881, 3.989032422377272, 3.9393260266842476, 3.730767404188857, 3.4623939535473456, 3.236310357013533, 2.9203206078178123, 2.482736962296786, 2.0501325584689307, 1.6770906682383908, 0.9332003895270387, 1.0429328994799025, 5.7000835982078925e-2, 0.37277910824115157, -0.969980644943498, -0.17184974299830783, 0.861141769794686, 1.0527872018257314, -1.314293720169482, -2.439639908713769, -2.138553855308544, -0.35722355939725703, 0.8207149991253996, 1.4038008248879672, -0.5439094952541557, -0.30759982463131386, -1.0073381221787108, 0.10662364804994431, -0.4293059449675494, 0.9854933351231541, 0.9792633011428905, -0.7875072784168082, -2.1070347188748393, -0.5468838411802475, -0.8317652974149394, 0.201768430825703, 0.34974382767796514, 0.5674540948545226, -0.597432058273452, -2.556933905754416e-2, 0.8977959187827921, -2.757158683566095, 1.6607437908590754, 0.9318413937215346, 1.1067364868746075, -2.2526791344395667, -0.323733954203787, -0.43870183903411014, 1.2522236652943426, 0.8058295713146519, 0.6623547431297353, -1.4453249212311092, -0.3917164999632668, -0.748949452536358, 0.26338857832763485, 0.5654093593623272, -0.22211316399672942, -0.6225946961745356, -0.6130547121257551, -2.9823500954644824, 7.237792190925486e-2, 0.6926983515213471, 0.9277508800577466, 0.7147207630183563, -1.0345323086207983, -1.1226229676089177, -1.5665746378683076, -5.613585334487807e-2, 0.8065621236754995, 1.0692883846726369, 0.10499251021768918, 0.12489046709323896, -1.9296354272656835, -0.9163332744423073, 0.2549061246916943, 1.2019491199829133, 0.5185163134709888, 0.8530280183238668, -1.7991864887820963, 0.5350671354106793, 0.7506809627285241, 0.6473086577606464, 0.35720537196432106, -8.000001206013758e-2, 1.165096911019553, -0.34205848021591356, 0.5501422585683506, 6.693446471930843e-2, -0.4343204191424078, 0.26771665780199233, 3.749375050706943e-2, 0.6999255141144488, -0.27916314726023567, 0.7250730755974079, 0.8786567132586921, 1.2105890088752436, -0.6219528084363316, -0.6738045328005365, -0.9001718554413234, 0.26531524341976565, 0.5483256427245876, 1.595129056565722, -0.7814845746548487, -0.17394164577265722, -1.1438374524720387, 0.6262006028753758, -0.18213451452065516, 0.4491825462218195, 0.5677257200260225, -0.40138711238896896, -0.49587789295699314, -1.6520931923333348, -0.7742252738863172, 0.38095913913951096, 0.8639301409697422, 6.346387262613382e-2, 1.0497492872422205, -0.5425693561370202, -0.45833539875003276, 0.39817392130660834, 0.7136461907743724, 0.8923461381876431, 0.30889387429067355, -7.410156121807843e-2, 1.0335377542623563, -0.3185688977023525, 0.9662043113206071, 0.7291680073644365, 1.0058620540607404, 0.5986746459918594, -0.6548689151804086, -1.2540582684035244, 0.5037863941956419, 0.28930979984007393, 0.5146791898810207, -0.17138398899293258, -0.38371169790876614, -1.7013443448716012, 1.2099676623118807, 0.16137674948747976, 1.2321676268359658, -0.4173192268396941, -3.087719189774729e-2, -7.62278837282101e-2, -1.5861037359230712, -0.9792338394803471, 0.7520735031748309, 1.1847795066409408, -0.41150525454633075, 1.5135309375052681, -0.5194521139642618, -0.22902734583890588, -6.105620350527879e-2, 1.0727244472703834)
