seed <- 228
log.wt <- -14.694202482822476
penalty <- 2.8115950178536287e-8
intervals.send <- c()
intervals.recv <- c(56, 112, 225, 450, 900, 1800, 3600, 7200, 14400, 28800, 57600, 115200, 230400, 460800, 921600, 1843200, 3686400, 7372800, 14745600, 29491200, 58982400)
dev.null <- 358759.0022669336
df.null <- 35567
dev.resid <- 225719.83521789077
df.resid <- 35402
df <- 165
coefs <- c(6.521648755173933, 5.681209359817674, 5.593688952678692, 5.102029214621017, 5.056926586278143, 4.898555679737302, 4.692463727641981, 4.693451862637055, 4.397863044060488, 4.248981068454052, 4.305842648903795, 4.151059365740504, 4.03333249850634, 3.955270412916107, 3.8094804949830343, 3.5418807358328266, 3.2683802928065946, 2.9398192310911604, 2.5507892500888314, 2.0782140958469144, 1.6801799304272786, 0.9004775828397587, 0.9404437945735251, 0.515133814549129, 0.7657316150722175, -1.7496503000688137, -0.30869440359509115, 0.9019867965738583, 1.0185717375162868, -1.109853450072445, -2.3075556668966173, -2.1094571110761273, -0.5258253433827297, 0.7671275940943992, 1.2398475467625105, -0.6793828184321814, -0.2908672127491553, -0.828769112957597, -6.250656682183289e-2, -0.42699215255528106, 0.8893992374308056, 1.0780308259473588, -0.8221622071727576, -2.571639535107646, -0.7266315150019165, -0.588116114761477, -0.4648652486233322, 6.76728852872224e-2, 0.18079508127099087, -0.8078139564446056, 2.919983564510554e-2, 0.7900319090731697, -1.7455833518565036, 1.763559642862717, 0.884000652957977, 1.1973492295384256, -1.8973434464125831, 7.504677450319852e-2, -0.4912021026780976, 1.0975140084341561, 1.1952162954661862, 0.8758762672998803, -1.9822948139755479, -0.7288426294554996, -0.6529934386896782, -0.12352179122376293, 0.6002899535537186, -0.3640050124195823, -1.793163227863836, -1.075365314635675, -1.8048515912027856, 0.1339707273172592, 0.7097617377223852, 1.081960093594913, 0.69637069382767, -0.5193385577969208, -1.1967192205277757, -1.281408559055909, -2.60491749531652e-2, 0.7673544492025369, 1.1306505771579323, 0.10072774709168128, 0.13058590069668607, -1.6808403639301446, -0.43167129438168506, 0.3138388550782892, 1.2614969098839421, 0.44197484694174904, 0.8350199238748117, -2.4026545328429405, 0.5298660523746461, 0.8656134491891233, 0.8462197364131614, 0.3885000034464491, 8.139494559402018e-2, 1.269211626907311, -0.8915018067788993, 0.46736495525465177, -3.720621729305765e-2, -0.7005035647185326, 0.3068078909042312, -0.4431874866468047, 0.7586636090282168, 7.020290129739523e-2, 0.9757154770678605, 0.8192585216876609, 1.009296515608818, -0.18841813239834038, -0.15610054065593726, -1.2911610386010441, 0.4207219253487269, 0.7267066078656785, 1.5898577022911884, -0.6251426112952468, -0.16923733878404923, -1.3182214496065974, 0.7575853493540087, -0.2566652095889124, 0.44383629065089997, 0.22132307523478426, -1.4949642804468848, -0.10648009984568024, -1.2399654114750513, -0.5684411089585424, 0.3352772454384861, 0.9648239204458969, -9.486137638311508e-2, 1.059992975427256, -0.6012930037620611, -0.4182309388693228, 0.2399876434724222, 0.8114338276786581, 0.9210597402814121, 0.4657115197060138, 0.15042761924183543, 0.9806846651289483, -0.35858651699637084, 1.1239624138455406, 0.7057151638740387, 1.0473907837264116, 0.7170436701051704, -0.7159286692591434, -1.1833227368569847, 0.6356205578237694, 0.4263128826998316, 0.6889109686551528, -9.65776387692891e-2, -0.5879737048762274, -2.5513659063030043, 1.2937771144647268, 2.0599345011084097e-2, 1.2493124848269204, -9.198452884305011e-2, 3.1680234513756875e-3, -0.14115095799772298, -2.2032392084716177, -0.9337722175004682, 0.890211848328787, 1.1690280679825902, -0.3092931072223783, 1.5303146969174821, -0.23838548642920154, -7.926901260991864e-2, 0.1061068350018879, 1.209026255167933)
