seed <- 581
log.wt <- 0.0
penalty <- 2.8115950178536287e-8
intervals.send <- c()
intervals.recv <- c(56, 112, 225, 450, 900, 1800, 3600, 7200, 14400, 28800, 57600, 115200, 230400, 460800, 921600, 1843200, 3686400, 7372800, 14745600, 29491200, 58982400)
dev.null <- 358759.0022669336
df.null <- 35567
dev.resid <- 225758.2175674076
df.resid <- 35402
df <- 165
coefs <- c(6.269794536918122, 6.161062210824449, 5.610567809275313, 5.362425822408681, 5.054535968216042, 4.894138771184576, 4.737119365115323, 4.622372286836725, 4.3033310946522505, 4.284152030254504, 4.361426917072152, 4.199552995535427, 4.014714509200449, 3.9478549377974974, 3.760856926718783, 3.541854006076559, 3.2485939388523586, 2.9301005410273766, 2.50518051241174, 2.058215128910978, 1.615175214176911, 0.9044866825868061, 1.1770303157002602, 0.44041805944051315, 0.5770859254094418, -1.0404035072873905, -3.6746706995160534e-2, 0.9188163412729247, 1.0693708407841853, -1.417889769997194, -2.6578112138183534, -1.7932426519310178, -0.2050283457274025, 0.7315814410537776, 1.420918541084758, -1.777640072124583, -0.8140904770454679, -0.7636622449155523, 1.2197834057656532e-2, -1.1822914975215784, 0.9542347538480727, 0.7812152828698948, -0.8776407564173402, -2.0877904085340053, -0.7980780285687085, -0.7005561303018406, -0.9288388146909732, 0.1663865800343133, 0.5508598816150192, -1.3397522908227473, -2.2297419845513974e-2, 0.9733366164927469, -3.0797368494760673, 1.6367023868549506, 0.8383466104927574, 0.9493238141603476, -2.7874584666270446, -8.713235101527111e-2, -0.6001805571681639, 0.9398068761110886, 1.4756576479951418, 0.6315850185066803, -2.1465453249713504, -0.8831059256042738, -0.6507343259030374, -5.977694648661705e-2, 0.5276433638631239, -0.4108116350917244, -1.763486625280182, -0.7072742766162406, -2.3622986499724687, -0.39434010353255416, 0.8479318439572233, 0.8821411875096388, 0.7790220005501304, -0.5539626334389866, -1.23589719385532, -0.8805804758832928, -3.478853181833029e-2, 0.6903725513472673, 1.2627419398517954, 8.625903626877285e-2, 0.1582463891257114, -0.6931226796546232, -0.32714481530988, 0.4704402940191593, 1.3147637873721953, 0.5509476469787202, 0.8888912603719139, -2.326618431590168, 0.5766134216140746, 0.7210556666940172, 0.9197077995969677, 0.3597423490138536, 5.9606374405241386e-2, 1.485478161072005, -0.729226598162101, 0.7382077717801718, -0.47461970669176684, -0.6487948480199504, 0.5489951200857094, -7.206673629472904e-2, 0.8405326761849472, 3.855455285356269e-2, 0.6924204967039819, 0.8538209051648138, 1.171405501970363, 0.12587616263166654, -1.2448718969906063, -0.7261646108239398, 0.5105034228482822, 0.6310803769376745, 1.6144278923351714, -0.5185813416520975, -0.12317356235914416, -1.047174750039126, 0.9329723410807527, -9.711044689291101e-2, 0.5007622598447367, 0.6286670696827564, -0.6168824984829737, -0.6339431819303608, -1.3852875935725766, -0.4187933786724711, 0.4107131877332865, 0.8881680860932111, 3.0937437468679205e-2, 0.9731389688443801, -0.2570677706458037, -0.42910766282319035, 0.28595181669444986, 0.9560054005882642, 1.0131340921191427, 0.37564013439848354, 0.2354942037861365, 1.2071589741322615, -0.320963645708836, 1.0489471893966156, 0.7768593076079896, 0.8017045519448307, 0.8440384093878784, -0.7283780645165903, -0.926375234591435, 0.710935752747784, 0.538621714346819, 0.5218799698495574, -4.881384532993462e-2, -0.4065525621130651, -1.7809031841763716, 1.2625333676968333, 0.18480338816637193, 1.1701660060470294, -0.11668810943463635, -0.18633148192183466, 4.37720575975588e-2, -2.588471206996689, -1.271074819451751, 0.8840314597163349, 1.2623293487917289, -0.18783911044405835, 1.581602143961182, -0.3420526110076384, -8.232214098472267e-2, -5.296666295840282e-3, 1.2759263596623054)
