seed <- 802
log.wt <- 0.0
penalty <- 2.8115950178536287e-8
intervals.send <- c()
intervals.recv <- c(56, 112, 225, 450, 900, 1800, 3600, 7200, 14400, 28800, 57600, 115200, 230400, 460800, 921600, 1843200, 3686400, 7372800, 14745600, 29491200, 58982400)
dev.null <- 358759.0022669336
df.null <- 35567
dev.resid <- 225893.52215761974
df.resid <- 35402
df <- 165
coefs <- c(6.6237722847513485, 5.8503845254063735, 5.60286773167509, 5.312910025165366, 5.096454082608553, 4.855883591006338, 4.833350676590916, 4.67380473649158, 4.424922492942061, 4.334163268270479, 4.30473326815816, 4.142382859867377, 4.027405764130437, 3.958209084985255, 3.7687782466734547, 3.5526150594706802, 3.2538874902480477, 2.981379703748619, 2.520215966940603, 2.027589775571702, 1.6156772203508414, 0.8973208509402444, 1.0245359764581932, 0.4484134241011094, -7.391453925588656e-2, -1.3447148317390465, -0.11433437756800248, 0.9543578873848408, 1.1127199719142424, -1.0821342275751904, -2.610138906007351, -1.9011508704531044, -0.1919019896412645, 0.7462833362326126, 1.3805528871130364, -0.6354206840553582, 0.2445570093224562, -0.6889138985787462, -2.4123676285761533e-4, -0.8020154606292034, 0.9486898333367443, 0.9031145782447512, -0.695036219732643, -1.984388909561295, -1.483029460121735, -0.8580503194768595, -0.6273891220394502, 0.12014646383588906, 0.5672528544819223, -0.8620550499156725, -0.29566942723386397, 0.8386958168234465, -2.6767643639474255, 1.6454058062520818, 0.8182079336354465, 0.802636522517865, -2.1340045836121297, -9.066713838467444e-2, -0.5016510819045354, 0.9704263495505372, 0.9687471886235998, 0.6722306791660111, -1.1924400736341254, -1.0933989968330218, -1.213462662283257, -0.16515373860812604, 0.7129267974098227, -0.2810404230353066, -0.873849597869685, -0.5402752937708284, -2.1600234013391115, -0.42393005966983993, 0.509178597388595, 0.8634452344966052, 0.5567321599347694, -0.878396298276725, -1.088737204198721, -2.1086550403939164, -6.685655113286666e-2, 0.6431928580127038, 1.1644792576650251, 6.210066328636909e-2, 0.15498442134927282, -2.070066326436081, -1.1899108225910506, 0.3332181028125698, 1.0661777321960393, 0.7298318936278863, 0.912444065778065, -1.4498817009327751, 0.3616657723809185, 0.7644924144354599, 0.7130870123732027, 0.3679191298587291, -0.21368538665593176, 1.1503568064781406, -9.765320166812815e-2, 0.4006069507222302, 5.3422318538239595e-2, -0.27767415466146256, 0.5482077181921824, 3.572592760690644e-2, 0.8172595746089917, 0.1477892764163199, 0.8801242304185908, 0.8205713199228905, 1.17953308202618, -0.4670282205507461, -0.7140144473892226, -0.7040240734094363, 0.36153158894277204, 0.6402692050518005, 1.6304088742142788, -0.6704119159469684, -0.19814137747139637, -0.9719926278635507, 0.7459582871884114, -0.29210279755678215, 0.6546281956729338, 0.644989327946584, -0.4493332606399862, -0.5257979415308752, -0.9819474191509691, -0.6449045069314583, 0.37670948389426523, 0.88052110707654, -9.408838112580628e-3, 0.8534624473556203, -0.5402078039843798, -0.39109368110759374, 0.2818168690821324, 0.8307462717352893, 0.7151522993464614, 0.46519157036638253, -0.183862218516101, 1.0645327587267772, -0.26172134700024974, 1.0468616949816643, 0.7965166318503976, 0.9160086716287338, 0.73832971572652, -0.6730901883452968, -0.9429684904573359, 0.6684199290372965, 0.530476936217762, 0.5185644667621976, -0.3328744622206802, -0.34906848432923443, -1.906359392464799, 1.2996114497850955, 8.418985277839908e-2, 1.1116368315938507, -0.19288406230266208, -4.8915881598798935e-2, -0.23033394930536727, -1.2370532819728197, -1.0105386138365202, 0.872248790847794, 1.063505415474715, -0.18222965995362778, 1.6178650225645843, -0.3350039404901782, -1.1184670207097342e-2, -0.10064619104729675, 1.173898994160095)
