seed <- 635
log.wt <- -14.638570656120416
penalty <- 2.8115950178536287e-8
intervals.send <- c()
intervals.recv <- c(56, 112, 225, 450, 900, 1800, 3600, 7200, 14400, 28800, 57600, 115200, 230400, 460800, 921600, 1843200, 3686400, 7372800, 14745600, 29491200, 58982400)
dev.null <- 358759.0022669336
df.null <- 35567
dev.resid <- 226202.0393906505
df.resid <- 35402
df <- 165
coefs <- c(6.476115984933616, 5.863461489939564, 5.825067878617183, 5.2762652816875955, 5.130097474343616, 4.839255146552254, 4.78433626519911, 4.666853787392143, 4.388200728527864, 4.184419475733608, 4.330702705526674, 4.16708498435613, 4.0689484332272485, 3.945969581103157, 3.7429168705859186, 3.496806684190103, 3.2285044954527162, 2.9707757038596254, 2.4568781546656724, 2.0681311705920313, 1.685581077748951, 0.8695848459674907, 0.9369289209575765, 0.5626822748486997, 0.4085432199653225, -1.0057696377815297, -0.33073299637189607, 0.916767837724671, 0.9703394161356085, -0.9192533523600809, -2.2024644453733093, -1.837687835064409, -0.6208038325853014, 0.7271023071997086, 1.1888718422174536, -1.1584935359637532, -0.1713581358715793, -1.3115753298427757, 0.24329410029512175, -1.0378247156675706, 0.8133271863223209, 0.9716987789352872, -1.0972704850321775, -2.5739761046065017, -1.0173249955483774, -0.5174115747880494, -0.5859754434964771, 7.906282940418151e-2, 0.5207843477058937, -0.36609316982495194, -0.20929345147472092, 0.7633982485411162, -1.7016595804279067, 1.6874855103202204, 0.831262836570126, 1.0405806299165128, -1.9751847521839434, -0.10117824480525323, -0.12405795546016428, 1.4825893223787687, 1.3381423520527411, 0.6642445310005517, -1.804946574648212, -0.8982686920492005, -0.5258594128937808, 9.375083816018265e-2, 0.6050041371981609, -0.5535496133843861, -1.447567853251062, -0.6933533259121177, -1.5304534373372958, -0.48133905240755565, 0.31526842888006, 0.961392042519094, 0.6787977375593904, -0.8936297658514342, -1.3145836914337943, -1.1702198986990509, 0.1846224115593588, 0.7233019283452933, 1.2396147232630685, 0.14687972022005744, 0.28690135205063566, -1.677538025950525, -0.2948106008593456, 0.4207912529565553, 1.255199327179398, 0.6851887404832907, 0.7552824665692807, -2.0048521362888794, 0.532682144769809, 0.8292472844899258, 0.8895990890727307, 0.21317969379253235, -0.5511455873239253, 1.3434040033564552, -9.71874227977357e-2, 0.3460093051059325, 6.740806817517715e-2, -6.796019873699615e-3, 0.1918054493012842, -0.5037472487332714, 0.7932256813903356, -7.455671899994984e-3, 0.2923247396448481, 0.8483815978683937, 1.074624938316711, -4.653460719045224e-2, -1.3772989988022966, -0.8650389204756809, 0.34614183825358436, 0.6390432377937455, 1.4761540103178217, -0.35192863122408363, -0.3765706281446991, -0.733007308713856, 0.9860202033538851, -0.16988291797550792, 0.40835536462353295, 0.5154636636122929, -0.7072174773944937, -0.5415282434508681, -1.1482890445072285, -0.44140878501148617, 0.11057103085397553, 0.7174289956365429, -8.863170023353462e-2, 0.9943621452339108, -0.7203531046188467, -0.4831735886419056, 0.3344252659266902, 0.8074610083097674, 0.8626026636924778, 0.4583185633177781, 6.582912374755813e-2, 1.0553147569098704, -0.3666639751866141, 0.9445921165984651, 0.7293858060625549, 0.9692407854045295, 0.9474416005590194, -0.7527861937221343, -1.1883518350659485, 0.5276558817121337, 0.37848884371662606, 0.42368018261098467, -0.3035559241565456, -0.7447514407169743, -1.8406878936318107, 1.1761886204835448, 0.16888477607631378, 1.221615998045183, 2.1570472811885344e-2, -8.734231920308705e-2, -0.25012342540874977, -1.9544137621100057, -1.1759572202876767, 0.8155694238648898, 1.1401477959483117, -3.703340228235828e-2, 1.4319749940735642, -0.6411435928289191, -8.013053484292637e-2, -7.267223776625907e-2, 1.4046637094820495)
