seed <- 462
log.wt <- -11.63889971805534
penalty <- 2.8115950178536287e-8
intervals.send <- c()
intervals.recv <- c(56, 112, 225, 450, 900, 1800, 3600, 7200, 14400, 28800, 57600, 115200, 230400, 460800, 921600, 1843200, 3686400, 7372800, 14745600, 29491200, 58982400)
dev.null <- 358759.0022669336
df.null <- 35567
dev.resid <- 226746.86265298486
df.resid <- 35402
df <- 165
coefs <- c(6.5123392541111835, 5.889445955739211, 5.592069288245703, 5.3923596477787825, 5.0887429801934605, 4.966462184939272, 4.672389933729786, 4.580461489730629, 4.405789527289459, 4.233225816917338, 4.309786335844757, 4.1464019806942165, 4.004734581027735, 3.9552133000094387, 3.7188545984029546, 3.5419776759998425, 3.2422226007251194, 2.9407008327406823, 2.512213267199185, 2.032813121295583, 1.5132599156478745, 0.9312418763486959, 0.8740280055469, 0.37855276338098903, 8.38184088515391e-2, -0.8202971550095475, -0.298153903915927, 0.955728162116559, 1.1103663246886688, -1.3132195013186512, -2.8139213965279875, -1.8807371516097817, -0.4125801674487861, 0.7644156197281888, 1.1703193176346343, -1.1447382835483844, -0.2333924681467966, -1.0874787825514691, 0.11098747011001671, -0.8185831922542737, 0.9198232076502602, 0.8762931955874542, -0.8414493257420372, -1.5941065494735704, -0.8839405018258039, -0.8091708808310787, -0.18384710273107782, 0.2887277298010078, 0.15605106146720024, -0.45447681575232857, 0.15352089012413925, 0.9777620678294111, -2.5445122971678216, 1.7308850004960723, 0.905916622083885, 1.1525111021377894, -2.172981770621548, -0.15276529522852628, -0.3797058311927059, 1.4390965994133873, 1.4898571741759048, 0.9190012847032769, -2.0404329440409104, -1.1096219738297677, -0.7876476725564898, 0.15733253115008472, 0.5355791923045656, -0.4126697830878493, -1.1407053339447792, -0.6695255969466164, -2.1615209741760126, -0.1670956644782736, 0.7364290266201113, 0.9852996908213192, 0.6756571885795818, -0.9552384411058147, -1.0362221586298903, -1.5611054018788348, 3.403590763549971e-2, 0.5790052121132377, 1.1420404626818625, -1.367764146574529e-2, 0.1690000299837882, -2.1112077172338197, -1.1279816952158126, 0.2505609743103463, 1.2186763570953167, 0.5455518464539044, 0.9053320034828468, -1.8630419200587187, 0.5608411473256859, 0.5549513200654755, 0.7411719820686989, 0.40143188885473774, -5.261916418101037e-2, 1.3337516434818948, -0.5893758877156747, -0.3011346725947709, 5.181644884425883e-2, -0.4930839894944302, 0.19745241784191792, -0.43872701645547907, 0.9050701338958688, 2.3435744561537925e-2, 0.7089079818309755, 0.8167146165603367, 0.9992704972222942, -0.6515678585052082, -0.3054392294721021, -0.885939452128743, 0.4416246462071264, 0.6754104296589432, 1.5782873052991124, -0.6215743314344157, -0.23817242728629592, -1.3339976776391829, 0.8094849804918876, -0.1566703061432505, 0.3660832930174305, 0.6095852068635526, -0.44309827020860204, -0.5426359012982692, -1.3389604030962108, -0.22917157643687378, 0.36742759857340146, 0.9061075836701511, -8.261775479472228e-3, 0.8512176359686437, -0.6492784072421315, -0.4142962848022548, 0.1691426413302541, 0.9536663736078395, 0.9738679463353951, 0.5245590193245783, 4.2650818711001525e-3, 1.0872356882518281, -0.35394662068445026, 1.1071233153222557, 0.8077789881572172, 0.9242270598424809, 0.725247814185686, -0.6281651694452033, -1.0514579365374008, 0.7666250570421793, 0.6258498202090793, 0.5515747265008628, -0.18562797757528043, -0.48364751507524134, -1.9227359188977282, 1.3171897869920923, 0.29143204991778227, 1.1541123568157912, -6.632633172133134e-2, -6.953282662920265e-2, 8.130722408290869e-2, -1.6953958498251798, -1.366585886900248, 0.8609670836747118, 1.2066271457967463, -0.152341506114213, 1.5663758103997294, -0.2972632420721169, -0.1388491162847319, -1.7949269694673052e-2, 1.198959291545256)
