seed <- 626
log.wt <- 0.0
penalty <- 2.8115950178536287e-8
intervals.send <- c()
intervals.recv <- c(56, 112, 225, 450, 900, 1800, 3600, 7200, 14400, 28800, 57600, 115200, 230400, 460800, 921600, 1843200, 3686400, 7372800, 14745600, 29491200, 58982400)
dev.null <- 358759.0022669336
df.null <- 35567
dev.resid <- 226650.14691660635
df.resid <- 35402
df <- 165
coefs <- c(6.567971303279898, 5.517820543754371, 5.685887148669371, 5.300908525242805, 4.971786015793983, 4.726852502986266, 4.699856426180851, 4.585587726081638, 4.382270364730346, 4.213121020829301, 4.2408148057899195, 4.09585138185967, 4.014363098397146, 3.929196153691365, 3.748135913189626, 3.437682800884047, 3.2282430791957806, 2.9256772844697294, 2.4654587566234585, 2.052184855741956, 1.5647961005091946, 0.9344904643593231, 0.956005720758503, 0.345864770764371, 0.13354901050712623, -0.9814150824756505, -0.35633192436194755, 0.9155543179516205, 1.124397772434205, -1.1956325207126652, -2.851916658396478, -1.714164034260891, -0.6393033275261248, 0.8254727034418262, 1.330115974749882, -1.1941402606912577, -0.693587927639949, -1.70258022733246, 0.14930100606688562, -0.31610974611237996, 0.9571284340913865, 0.9604052737773708, -0.6301112038576188, -2.194934178734212, -1.167110048456559, -0.7357838880039594, 1.9926311301853395e-2, 0.18999345539516108, 0.44932787939630686, -0.34077868283573415, 7.053617826121678e-2, 0.824903875004724, -2.292996943149053, 1.9612011012953998, 0.9351667597397931, 1.15210611245183, -1.722164238283156, -0.18178201477382008, -0.19875090685864838, 1.560940295129061, 1.1481344180638264, 0.7372491560646788, -2.282925952414337, -0.9986023109197192, -0.8320602334658677, 0.24630971875500468, 0.5639717515511024, -0.6563934611550164, -1.1380167221693385, -0.5595783622379299, -1.8234364720521405, -0.2354050542209398, 0.36701176775654976, 1.0452538317510611, 0.7368100106098152, -0.8188333305983828, -1.3410382457609833, -2.145849089636403, -2.565313429494066e-2, 0.7017484976694597, 1.1662008469889995, 8.031603467806768e-2, -2.8146174205719538e-2, -2.1690647204953932, -0.6127387396075847, 0.5015725230475839, 1.2342977050607638, 0.4096770956877575, 0.9210949196269423, -2.329802043648529, 0.41640434623462397, 0.6453106518299229, 0.7665738654016111, 0.3291049620024887, -0.4368744790313406, 1.3094864705111653, 0.9098577407670717, 0.3678010610801975, 0.127426442310914, 4.0798677556761774e-2, 0.17215812925124935, -0.31328145245810635, 0.9086704863804679, -3.210244984431155e-2, 0.8014246878981756, 0.8535049373899517, 1.0851627538248625, 0.100468148502071, -0.5812307413656366, -0.6922093864080043, 0.47033441337747534, 0.4071184685993149, 1.6679018737939126, -0.6086979582294855, -0.22195207577265338, -1.0588626315278091, 0.7449969481778472, -0.32178665057793304, 0.4508308520572279, 0.5491053442410744, -0.5471413623103619, -0.6797182986158324, -1.1359705175456978, -0.5012650938554659, 0.34700884364891954, 1.0705711017314292, 8.580277227133713e-2, 0.9717441206534178, -0.5590889525434023, -0.5236983540644108, 8.596926524200467e-2, 0.9279850083359663, 0.605106025734625, 0.4390331962455654, -5.65330690208545e-2, 0.939051823222314, -0.31098491355524577, 1.1362371384497523, 0.7576807898591817, 0.9294142945704185, 0.7549040153686717, -0.6301664988338653, -1.3021458117031954, 0.6179224174537042, 0.2852906391020451, 0.4966744936520841, -0.17168377652818725, -0.559428139731919, -2.0228187984223998, 1.46951654867087, 0.18089162035938974, 1.1484550797275934, -0.231557864909775, -7.009333337995657e-2, -0.13865703408323093, -2.0031558749250022, -1.4635787104040097, 0.809117415826505, 1.2147394841839065, -0.34286563680461474, 1.6102091615070475, -0.2509778179948564, -0.11895545407418945, 0.1076779986196201, 1.2231407900529716)
