seed <- 128
log.wt <- -15.143054149053057
penalty <- 2.8115950178536287e-8
intervals.send <- c()
intervals.recv <- c(56, 112, 225, 450, 900, 1800, 3600, 7200, 14400, 28800, 57600, 115200, 230400, 460800, 921600, 1843200, 3686400, 7372800, 14745600, 29491200, 58982400)
dev.null <- 358759.0022669336
df.null <- 35567
dev.resid <- 226331.14213462058
df.resid <- 35402
df <- 165
coefs <- c(6.964932881424362, 5.6669689886029095, 5.694399864499926, 5.4027958987388605, 5.149352097427636, 4.882603824794051, 4.790497774406048, 4.623758050494474, 4.338291081542921, 4.228721616645829, 4.301883879854718, 4.1887372595271914, 3.9929130119928886, 3.9753831282593817, 3.7318124404502426, 3.502996939923669, 3.1955212892043003, 2.9354716671447942, 2.5071198581380125, 2.0592949635554874, 1.5961808362291365, 0.9184785472733564, 1.0562278949794752, 0.15747219762533207, 0.5157900876496089, -1.4777169183976124, -0.26260208195400403, 0.9433757414085711, 1.1256250097360396, -1.4341519039761703, -2.3975002694071352, -2.820998780338477, -0.4806674630703964, 0.762151362675399, 1.3251063006373651, -0.9838178050248394, 9.889869240417383e-2, -1.3617577008660602, 2.5575314731473956e-2, -0.41695776138929663, 0.9479057311226373, 0.9100170242019356, -0.5144807336579307, -1.3796697738278099, -0.6307499483782186, -0.9367168617478968, -0.4885681099374106, 0.2784018808615749, 0.8084952412112804, -0.873836459114129, -1.5935642687291546e-2, 0.6538738565901902, -3.0365481595524058, 1.8466351042344253, 0.8977545138602102, 1.1152640081649996, -2.287452403268406, -0.1577305437815324, -0.5624676730988187, 1.050685868524074, 0.9756760372148571, 0.697216457701567, -1.6554635202577797, -1.1533933012755866, -0.8359945638369124, 0.1606585528740036, 0.4442163538777491, -0.5183117196982442, -0.9715770428939344, -0.4791952128872028, -2.8194390762000934, -5.318976439441974e-2, 0.2833423467388665, 0.915016930209628, 0.630322918515217, -0.9221508850644456, -1.1729583771047165, -1.3740962581022946, 7.788398737584951e-3, 0.7685077934279482, 1.052589973395307, 0.20355907261914577, 0.27841601030070007, -1.7330677933037304, -0.6089788565453947, 0.5353744799258973, 1.1557145481086948, 0.6989999711085367, 0.8575007083069413, -2.2646572453257456, 0.6012224291074482, 0.7907462782203278, 0.8070251965870879, 0.3802850253115362, 0.18914651695667892, 1.3848107072596672, -1.023408587930565, 0.87871215175642, -1.5314677754727554e-2, -0.2930155562040348, 0.4753477117460657, -0.3320324641854064, 0.7689534740620848, 9.974665992132645e-2, 0.78601274522498, 0.79030660620659, 1.2445250155519025, 5.8999360336349796e-2, -0.3192479136107365, -0.5884439199641303, 0.4214174321774888, 0.7390642895080287, 1.646441949707238, -0.6154257744646501, -0.3661299663020114, -1.171571780392823, 0.7210694541026627, -0.18339834004603311, 0.5021876950354164, 0.5274582944621268, -0.8368169744316291, -0.3085426824431678, -1.3621435073892671, -0.3413119550738597, 0.43604539784510915, 0.8650672813781701, -2.4842365747010875e-2, 1.0060773344423075, -0.37873350658316945, -0.430287869590259, 0.442182768493838, 0.7811089115583653, 0.725696186703161, 0.24153425080683205, 0.17131619132702738, 1.0214987645110056, -0.19713249510895348, 1.1687738069938307, 0.6915841838119685, 0.9279256540433934, 0.6586381378579947, -0.7078856643296162, -1.0353281868406585, 0.586116259808881, 0.14529454159925448, 0.48499514865720544, -0.26175117807717296, -0.4218982461214591, -1.8521459572628483, 1.2422739360271833, 2.891647683959607e-2, 1.233321619614671, -0.3655078388879391, -0.159566121703626, -0.13198915587840998, -2.054978117713419, -0.7647408010028781, 0.8574482617275216, 1.1688642032603433, -0.508084917997696, 1.605913044401728, -0.17306205965546956, -0.137482495182632, -5.103729357779948e-2, 1.0893526959139628)
