seed <- 472
log.wt <- 0.0
penalty <- 2.8115950178536287e-8
intervals.send <- c()
intervals.recv <- c(56, 112, 225, 450, 900, 1800, 3600, 7200, 14400, 28800, 57600, 115200, 230400, 460800, 921600, 1843200, 3686400, 7372800, 14745600, 29491200, 58982400)
dev.null <- 358759.0022669336
df.null <- 35567
dev.resid <- 226303.0297451513
df.resid <- 35402
df <- 165
coefs <- c(6.368030446004775, 5.557354049834664, 5.619665428481752, 5.247349216652845, 4.992714598578635, 4.8863427396070325, 4.75013113177283, 4.604178852465815, 4.467018033805279, 4.28745913273795, 4.324452203286537, 4.196936336881492, 3.9785396104638138, 3.954858816485805, 3.7588557878380464, 3.5248869301443526, 3.234615928209802, 2.9900145579967203, 2.4847493732594783, 2.063758345128273, 1.5887036236293808, 0.9021062961220468, 1.0226835181834313, 0.11467627125263806, 0.19662076072124596, -0.7624928287357247, -8.354960541110552e-2, 0.759119689747533, 1.0785516052702444, -0.8355870772536096, -2.3072759278595103, -1.9474411238226002, -0.5533830705416137, 0.8021714479189724, 1.2529142008985232, -1.3541022756728631, 0.25615660770165, -1.0193401101267392, -9.226246289589886e-3, -0.8326621558247768, 0.9824871294196548, 0.9568244183403363, -0.705537432871686, -2.060049475930427, -0.6020176680243141, -0.9667851610124858, -0.4297389970979623, 0.5502913817595131, 0.1383660015809575, -1.4567567511099675, -0.3699395026341887, 0.7254643307402938, -2.2627183961577875, 1.7973832789439312, 0.709869982291999, 1.2636162475684636, -1.8453682166604952, -0.18893949871914395, -0.22329174895789633, 1.4544877976809738, 0.41443191791423856, 0.6147202329730751, -1.3482908154712507, -1.3243670350583026, -0.41811902587248184, 9.751962146096506e-2, 0.6230608965208778, -0.36513646279080225, -1.1267129265592584, -0.5669326946483186, -2.047363914409948, -0.22677922443848175, 0.34030177302817527, 1.0372312273964972, 0.7296895024763985, -0.630723291691109, -1.5469885156840706, -1.0227649444029747, -2.522325825739331e-2, 0.6709670721830636, 1.1330185187355675, 0.10792341156917637, 7.947514817191374e-2, -1.561915189881238, -0.7739494312015288, 0.5272352481425879, 1.2620840288659891, 0.6220355693256783, 0.808077146928355, -2.3131989054895317, 0.5411601799967648, 0.5762590636209782, 0.77760384699657, 0.30459628253038895, 0.13687801632527413, 1.2316773723247243, 6.852778520873538e-2, 0.3546015053394656, -5.344424560282018e-2, 1.9502163791030393e-2, 0.37472418734482293, -1.2869366179130377, 0.6727946179320452, -0.1839531112956932, 0.38760968642230365, 0.8131354981576995, 1.0678648077824555, -0.8681281915339162, -0.28687490476727, -0.9611600414458051, 0.3482624992457248, 0.6308030709042645, 1.5581687074662804, -0.5631835803345027, -0.24157737243753916, -1.2621983930372922, 0.8147538469344001, -0.22964976687824454, 0.40781876739589346, 0.46956751100767274, 2.8736388675894002e-2, -0.3225932982173647, -1.5676454324836335, -0.2937173575433186, 0.2551255002573447, 0.9782275645582866, 1.644301876900051e-2, 0.9688344126931713, -0.8141082309946925, -0.3127691843886981, 0.25735059852379916, 0.9439615349276154, 0.5981668838606067, 0.5557055364000112, 7.146653483601299e-3, 1.0611758150649377, -0.3976506983751961, 1.2071740391438968, 0.6921926641574702, 1.0306012702732537, 0.7432307468190898, -0.6596917521077462, -1.4289127260471475, 0.6828588594407339, 0.15280841507265963, 0.5922940171735293, -0.15226131623116335, -0.463170601725277, -1.9421674565944609, 1.3686675187861168, 0.12383510589022838, 1.2055478964533188, -8.406826559604987e-2, -5.164878544089238e-3, -9.567767076833761e-2, -1.4365958468673858, -1.1332921977953838, 0.8405552622104577, 1.237174480051985, -0.27346019773093855, 1.5105098159972177, -0.38412531583985426, -9.97424741322876e-2, 0.10295260408453774, 1.169441732468444)
