seed <- 375
log.wt <- 0.0
penalty <- 2.8115950178536287e-8
intervals.send <- c()
intervals.recv <- c(56, 112, 225, 450, 900, 1800, 3600, 7200, 14400, 28800, 57600, 115200, 230400, 460800, 921600, 1843200, 3686400, 7372800, 14745600, 29491200, 58982400)
dev.null <- 358759.0022669336
df.null <- 35567
dev.resid <- 224856.84735983078
df.resid <- 35402
df <- 165
coefs <- c(6.178092983092261, 5.615914178652174, 5.655429077081121, 5.448905929692521, 5.177093003063353, 4.932309889694952, 4.817614032400335, 4.687469275535326, 4.357288763168761, 4.263291010994694, 4.326997647823116, 4.153631331316146, 4.034827988957647, 3.950346272682723, 3.7758012976838664, 3.5572918457868545, 3.2684578166927665, 2.953993842879244, 2.498480876575199, 2.0984679888292335, 1.6108011646014482, 0.933376748640291, 1.104325045130905, 0.5127942738505569, 0.5470179532119109, -1.350903649730387, -0.2725455535081, 0.9178554045238877, 0.9765788098145712, -1.4857922513362218, -2.6040916676083716, -2.3665788031104484, -0.5867948579381251, 0.7809706695851651, 1.4037643374783346, -1.3366373005031418, -0.33328763010880696, -0.8233023431621626, -0.26440036787715665, -0.3830108272374115, 0.870836838458294, 0.7830306098922831, -0.771635681193428, -1.7355682848252851, -0.8956445914960567, -0.7473330284860336, -0.22744385796665284, -4.4183873406166786e-2, 0.3497681116031921, -0.6354188276600834, 0.13054858220901722, 0.7786176033274368, -2.302501622504333, 1.7416014428562203, 0.7697377167729526, 0.947873730918875, -2.0909865531491305, -0.12653580350023796, -0.3819550330278418, 1.4746324798387918, 0.875297191621366, 0.7326194373636857, -1.9343833304267053, -0.5172556859381653, -0.4288646398702023, 0.2781250228895358, 0.6516378985162838, -0.26188228547277587, -0.8662599688632686, -0.7839951964317106, -2.327409528716395, -1.2528736488866345, 0.7135866287595846, 0.907559774609224, 0.7277341817339797, -0.9922791031598165, -1.4448699636165079, -1.2685947812258491, -2.2517796420087773e-2, 0.7762996205327309, 1.1861325878944138, 3.1209957378941857e-2, 0.1761278189525669, -1.1430667704760018, -0.7082285072508553, 0.39376073536070383, 1.3053950985474907, 0.6967912478604913, 0.8072054492214391, -1.9038592988740486, 0.5245208435127968, 0.7188797946187483, 0.7625358146479495, 0.44603139108436746, -0.12309581910130778, 1.4349359989548587, -0.9030317930966074, 0.33027133206525633, -0.2867849919685309, -0.19584876565598322, 0.26345931321108607, -0.2933788255705501, 0.9073415247763968, 0.30539941887530875, 0.7758042852865561, 0.844332276609095, 1.1277157647891147, -0.23256420400259314, -0.35084626782550254, -0.769079204888027, 0.41048565652307867, 0.7471748526248682, 1.566062741890307, -0.5762983773358253, -0.27909422314557775, -1.3081600796326909, 0.7758443859291644, -0.2633384722166656, 0.5448591376513537, 0.5281650926192002, -0.536045951639513, -0.48875156666467073, -0.8364196578347114, -0.926820625403717, 0.28124631619041374, 0.8060231088686306, 8.105224661677804e-4, 0.9199629836749346, -0.9298064368734262, -0.4672187626551236, 0.2894190041967555, 1.0074764843996646, 0.6890100602105645, 0.4656515308101984, -4.0405000947919954e-2, 1.0013973793470854, -0.4928269915150833, 1.0389797131571168, 0.7545849426411999, 0.8273788570021656, 0.702836046943597, -0.628522959226059, -1.3943328383221776, 0.6634939158781914, 0.40519936654261063, 0.4935019817107994, -0.1987045098476403, -0.7298135303752423, -1.6222363300285456, 1.2323087338041052, 0.21879869894248666, 1.1648569818299555, -1.0804953062588411e-2, -1.8976820781985187e-2, -0.19197403106461872, -1.6121724482667315, -0.7484391620279768, 0.744090800185496, 1.2594798933971993, -0.396807949913415, 1.5259100787485338, -0.35214509712555686, -0.15009277926080777, 1.1538065588379456e-2, 1.1771442406809045)
