seed <- 786
log.wt <- 0.0
penalty <- 2.8115950178536287e-8
intervals.send <- c()
intervals.recv <- c(56, 112, 225, 450, 900, 1800, 3600, 7200, 14400, 28800, 57600, 115200, 230400, 460800, 921600, 1843200, 3686400, 7372800, 14745600, 29491200, 58982400)
dev.null <- 358759.0022669336
df.null <- 35567
dev.resid <- 225608.46382641775
df.resid <- 35402
df <- 165
coefs <- c(6.662462630746521, 5.756686538158604, 5.693057621412712, 5.432653119661512, 5.136534884480982, 4.86091389760423, 4.84264712157759, 4.663458237197693, 4.37922426257762, 4.279859361726164, 4.2617441820989, 4.155355197281373, 4.039223158031332, 3.9601145776634485, 3.758428891162092, 3.559879545257938, 3.2664326712099614, 2.9404814868435825, 2.5219750406578862, 2.0227252874500943, 1.6134400381783693, 0.8978171388213533, 1.0564395298093154, 0.16251559871824128, 0.4268063032236373, -0.7037938655763406, -0.4993271140883057, 0.9395205912555175, 1.127099231633801, -1.0975034465973281, -2.012600140981664, -2.373940003118304, -0.21279132723916735, 0.7108052745818773, 1.3726502082967653, -1.3950046801619302, -0.16480766842830077, -1.256952093659587, -5.623795203386421e-2, -0.4814897908029998, 0.9778808042372296, 0.8011250800889942, -0.6109509905134091, -1.7438778170283322, -0.5556438146304493, -0.7239797415045892, -1.0108755057673868, 0.24728892375878792, 0.3002711002148336, -0.8157269662740482, 0.15101111233577041, 0.7272431032988557, -2.6602100650215683, 1.7246321630277353, 0.7751237144374084, 1.0580697831857184, -1.708042826510354, -7.785789568199124e-2, -0.14775149425493408, 1.095190993051375, 1.0585871667874631, 0.725549448868747, -1.9201059420621218, -0.7875059968510127, -0.8837747320887915, 3.6320802388856877e-2, 0.6138079642434916, -0.4849690989126575, -1.6416759369020335, -0.5989783126815161, -1.613609879583575, -0.3466452788758802, 0.5991311103520763, 1.009238994583592, 0.6795260535366247, -0.47706043006784876, -1.4711198987034442, -1.264712161931667, -6.974533977878002e-2, 0.753558041788218, 1.1571293574091714, 7.387424240242274e-2, 5.9439069557014834e-2, -1.6140357535256828, -0.33066080205094045, 0.38835025539221524, 1.3245021210437253, 0.22323457363143007, 0.8634704978453839, -2.437064294148518, 0.5103501780577085, 0.6603452907467098, 0.7850871878231208, 0.26650693277425735, -9.092780044294461e-2, 1.427840643997384, -0.6523195212902643, 0.5925779296803801, -0.18667207500753877, 0.22770950604695261, 0.39842245508820384, 3.245304702532554e-2, 0.687000669882144, -0.1256671393322692, 0.5241643055203179, 0.8331733533967615, 1.0717100324659607, 0.22484137868111792, -0.6349028358126428, -1.3802192388593468, 0.5345976023075402, 0.2771387868594318, 1.6333267639336864, -0.6680536597338985, -0.3665280379526941, -0.871672585342267, 0.7160524239744962, -0.27482417770002404, 0.5298720844800092, 0.5765998458807845, -0.6725904104969836, -0.38495121924280035, -1.2033535794101822, -0.709941189100244, 0.4109836632684198, 0.805761521749917, 4.4693950883589996e-2, 0.9408493355354416, -0.6918394610328391, -0.4462363214333316, 0.2818575232861701, 0.8203234481011139, 0.7647325545700716, 0.5201324072833896, 0.12298071823272991, 0.9742715377910381, -0.2841981324862395, 1.0997832583593536, 0.7172330430666523, 0.913852196348092, 0.7291450654413332, -0.6478367532462831, -1.4408947457966512, 0.7146522035308056, 0.11700643502753454, 0.5249366617319217, -0.2133948781674225, -0.4524580065903628, -1.719940273345324, 1.2691091697494865, 6.574128335739128e-2, 1.1400941587484614, -0.24802605277878748, -1.2463739728965629e-2, -6.79090220496464e-2, -1.9135673231561396, -0.8112534320964859, 0.7808576860719133, 1.2664739333129706, -0.46066268547075234, 1.6080596856388738, -0.301851479978303, -0.3541262947018566, 0.13335783738106768, 1.1464410789251358)
