seed <- 618
log.wt <- 0.0
penalty <- 2.8115950178536287e-8
intervals.send <- c()
intervals.recv <- c(56, 112, 225, 450, 900, 1800, 3600, 7200, 14400, 28800, 57600, 115200, 230400, 460800, 921600, 1843200, 3686400, 7372800, 14745600, 29491200, 58982400)
dev.null <- 358759.0022669336
df.null <- 35567
dev.resid <- 224773.78833321895
df.resid <- 35402
df <- 165
coefs <- c(6.857269281597955, 5.560657264805512, 5.864913620109938, 5.2932435712755375, 5.122611518364444, 4.88143535607356, 4.760167863755765, 4.691037840086302, 4.444528110865861, 4.255238774814076, 4.333745945746121, 4.179686148941212, 4.059658308927912, 3.9714990507676813, 3.79974342133642, 3.5449824597172146, 3.2606222720195563, 2.9749007063772575, 2.554832671982343, 2.0788008552044404, 1.5521706347753974, 0.912788563956078, 1.1073010784474326, 0.2423178729667889, -0.5378511926079359, -0.7454677521727915, -0.330804339989124, 0.9158986028701801, 1.0758161632591061, -1.0406509875031784, -2.3367621314583134, -2.065233358097922, -0.6194870812219615, 0.7922732297562906, 1.2829807732364469, -1.3490656282139688, -0.4666351490492977, -0.7480752199902887, -9.889039039210037e-2, -0.38928019974757466, 0.8782529079434581, 0.7884125747305247, -1.0702425073082196, -1.989955745633914, -1.0596838965364492, -0.9160915469119407, -0.7323515569450745, 0.5788039604032575, 0.3329189503140069, -0.9933173540506332, -5.434659384427659e-2, 0.8892289283534137, -2.2440203886822068, 1.6403887187952713, 0.7506369800984033, 1.0145787082061601, -1.6051610167739758, -0.11915162231283812, -0.643110313893849, 1.369685594276538, 1.1634425856461381, 0.7243111714694423, -1.7316938020106245, -1.077419673783352, -0.6189295348769359, 2.748488362234481e-2, 0.6537316599528918, -0.21227147986008443, -1.7200122840950378, -0.5068183978825179, -1.7771761924837721, -0.2413143737645662, 0.6566787089659274, 0.9712733706063454, 0.728531249273626, -1.0189306420549507, -1.5129686946879588, -0.9758964248862754, -4.337417094035745e-2, 0.5625079043109034, 1.2405046514690448, 7.183974104320856e-2, 0.2576951922796171, -1.5397920173369708, -0.8386907453313087, 0.47803046244763003, 1.2053845659470426, 0.5025324340850923, 0.8241059805329333, -2.139039901924897, 0.4651064440819356, 0.6604252957875024, 0.819961856295279, 0.4795490092216349, -0.16074108555105973, 1.5079548146223056, -3.576902957270618e-2, -0.38537724104093335, -0.32777310805608234, -0.1945452216938668, 0.23071049772680896, -0.4732959557746532, 0.7512039093294408, -9.726180257951547e-2, 0.7371858980030125, 0.8528627699930685, 1.2219684369171713, -1.028572936104513, -2.9978550446226424e-2, -0.7507348296643376, 0.5021854131593557, 0.7065600316793985, 1.5967661763949106, -0.48939477150475474, -0.13416473088021946, -0.7026590747829227, 0.7573887818437965, -0.2087211411265499, 0.5633637910554469, 0.8387063454911531, -0.5975298981029905, -0.44967401611833163, -0.944408049752558, -0.45241774663113804, 0.47480624150876294, 0.7266932655540878, 0.16037944939218501, 0.8620101245124789, -0.5311797078797865, -0.3378533633539455, 0.30481893762465045, 0.9270478168010209, 0.9213910650143613, 0.46412752880722097, 4.956500778724822e-2, 1.0403930791241895, -0.39858839315155786, 0.924605025050702, 0.7709858825716032, 0.944861788631846, 0.8218515272358502, -0.7785368073121196, -1.348776692469531, 0.7718537211429801, 0.6126351252317377, 0.5833761056946928, -0.21271769875143312, -0.2992982672624918, -1.8390178114208457, 1.2201118908959903, 0.15084045193097018, 1.0651149019305717, -7.593561319988155e-2, -0.2421404350705233, -7.597236821745973e-2, -2.0776251702840454, -1.1806118700617199, 0.8515277740119495, 1.214967746628878, -0.6227213249388963, 1.5330668554535913, -0.2094183170553118, -0.11834123677033381, -4.211726242507418e-2, 1.2345668848600218)
