seed <- 107
log.wt <- 0.0
penalty <- 2.8115950178536287e-8
intervals.send <- c()
intervals.recv <- c(56, 112, 225, 450, 900, 1800, 3600, 7200, 14400, 28800, 57600, 115200, 230400, 460800, 921600, 1843200, 3686400, 7372800, 14745600, 29491200, 58982400)
dev.null <- 358759.0022669336
df.null <- 35567
dev.resid <- 225659.99441345118
df.resid <- 35402
df <- 165
coefs <- c(6.631056480922345, 5.839213495298153, 5.535672009776044, 5.355048987097621, 5.135535633883596, 4.89636770258531, 4.80402481991701, 4.668042766957269, 4.4424187416934116, 4.313123132400182, 4.329142018280958, 4.169248979780167, 4.074084719799385, 3.9784830090950436, 3.7886224923054557, 3.572867737605329, 3.27865820310514, 2.983334013762975, 2.542847810938134, 2.058790395956294, 1.6481909064578502, 0.8610874320221119, 0.9357818789857285, 0.3748913142572509, 0.5578919870539073, -0.9135860295262234, -0.1384763789796412, 0.9342449512211618, 1.0451720766146078, -0.7584540251687003, -2.3020060628035246, -1.9943383557299577, -0.2670453909576349, 0.7243304031917253, 1.2228018080598555, -0.8948368638748703, -0.8672919201878133, -1.3072946918643435, 8.27120660599061e-2, -0.4196122867354803, 0.8761461717388807, 0.8444093406954004, -0.930404696233466, -2.1727017402689457, -0.8087981729567586, -0.7702466420835785, -0.3301590872128303, 0.3077885073125935, 0.23187205392389168, -0.7729544692239317, 0.12089521088975747, 0.842727448265674, -1.970777095225571, 1.589623582887182, 0.7025514082457722, 1.0445575979623865, -2.4091605012265065, -6.021783634398297e-2, -0.14648731146951396, 1.285940575204569, 1.3697434068708085, 0.7461283650473689, -2.455471607361718, -0.9321791201999697, -0.6347343186740417, 0.48620723325235665, 0.5474207978879122, -0.7816108390513832, -1.618631771116665, -0.7139600874171319, -2.2979711511446754, -0.6510842832611023, 0.5833126874866642, 0.9952792985284801, 0.9089279177216538, -0.6752557929515812, -1.2806061940221312, -1.1188580443330738, 4.2926561741578544e-2, 0.6490680350587226, 1.2860119029511223, 0.10912928165557749, 0.20651910505454155, -2.1380740331814394, -0.7566966024886677, 0.4774723176836557, 1.322252240645746, 0.1916690858167557, 0.9600742736944844, -2.300387494006712, 0.5493739425329022, 0.8049210788772446, 0.8296511145769782, 0.37306571919521814, 0.1005135861291966, 1.3539613392588292, -0.39395154376189184, 0.4435877084659457, -7.86889872802065e-2, -0.21052915763245936, 0.19324305176928477, -0.7727079316576582, 0.9244172137246603, 1.5826527246242013e-2, 0.6301364099491289, 0.7976050474629383, 1.046664061823987, 4.5585616754053086e-2, -0.7732207050789697, -0.7966919604384172, 0.5165971081499019, 0.7577685502107486, 1.5239727934802707, -1.0147948341723638, -0.2300658765852937, -0.7870686426308204, 0.7730467686356611, -0.24197126350073322, 0.4703645532925856, 0.5934993256706227, 7.884578772739814e-2, -0.5172992085502969, -1.6330567284377675, -0.472830871485442, 0.2996798581539864, 0.9208571101763188, 1.0213995593929891e-2, 1.0284761761700183, -0.3138926957928062, -0.36287718026472887, 0.19275286799547645, 0.9359654061472168, 0.684495828114619, 0.3372067606854894, 0.1568218233901486, 0.997571202155272, -0.43815816928165596, 1.1134820338595728, 0.676509991495412, 0.9293791621986387, 0.7262990895731848, -0.6489138695257326, -1.3157111479403525, 0.7221862280660922, 0.345101950109204, 0.5383158611444502, -2.7963544909576196e-2, -0.39405407849724905, -2.053906592783925, 1.2195729077673239, 9.737127123902445e-2, 1.221138813140318, -4.777139727423089e-2, -6.703100439192927e-2, -8.506916357397235e-2, -1.9358231323538222, -1.0601029297691316, 0.7698360480478688, 1.2254508801117285, -0.6195199301673948, 1.4798941445358749, -0.20894987929982514, -8.830854683894528e-2, 4.235218702751336e-2, 1.2201546436385435)
