seed <- 361
log.wt <- -14.165171077693582
penalty <- 2.8115950178536287e-8
intervals.send <- c()
intervals.recv <- c(56, 112, 225, 450, 900, 1800, 3600, 7200, 14400, 28800, 57600, 115200, 230400, 460800, 921600, 1843200, 3686400, 7372800, 14745600, 29491200, 58982400)
dev.null <- 358759.0022669336
df.null <- 35567
dev.resid <- 225363.44748208974
df.resid <- 35402
df <- 165
coefs <- c(6.684090381310824, 5.646281513169104, 5.6080527195273175, 5.286932551698735, 5.064963363809393, 4.901510284368834, 4.716384133049839, 4.596904101843985, 4.372910159022537, 4.311142551055979, 4.32680832428937, 4.179295044239458, 4.053319793885108, 3.989446149349569, 3.7437723760675943, 3.53927414736934, 3.2574420490171256, 2.9464375254686024, 2.499119411806086, 2.0651848781224658, 1.6847456532063698, 0.9328862292818353, 1.094165326720399, 0.19548673212406528, 0.23517799274847215, -1.2326216799064602, -6.348203787345597e-2, 1.012853037885707, 1.0442025290287602, -1.2318648587462162, -2.3334599916823238, -2.05601194726578, -0.2554133031589896, 0.7944326574843636, 1.2666236657456527, -1.1489433813489975, -0.43709735001618555, -0.96381073669406, 0.18848953807670715, -0.5831490965509571, 0.9191580277565645, 0.8864094532363579, -0.8867983717939313, -2.205294381799148, -1.156171973968057, -0.5523150993786495, -0.8064803406152753, 0.21558176489820952, 0.4835983103363863, -0.6833542634770456, -0.7797217285232169, 1.1630288805893612, -2.369704493928833, 1.6942581847635683, 0.7017378971131961, 0.9760824535180533, -2.38517847319568, -0.22171571532732684, -0.28705799498368506, 1.2782911574936997, 0.8039552311921512, 0.6875644647017574, -1.9577612842685963, -0.3232777655622835, -0.5396347358379261, -2.931698448241466e-2, 0.5170352691249901, -0.36980757305656153, -0.7307619282144865, -0.6375381054411944, -2.3771112316236946, -2.185311117019042e-2, 0.46837716200811536, 0.9615749144470035, 0.810802744993999, -1.2954923250290042, -1.1490201197887144, -1.0290342664646321, 7.165459462467455e-2, 0.6756579712935165, 1.1441186669787597, 0.1134426701507, 0.43645037041897744, -1.6243055270940372, -0.8038052267677037, 0.4190463135332877, 1.3153844723292116, 0.11518293993380363, 0.7751763043349583, -1.975889651710057, 0.4703997407281597, 0.6516992026473184, 0.793276638328198, 0.3763781975202782, -0.13091056518408664, 1.4173104246290256, -0.16013117254215353, 0.5707155829437671, -0.4485896439807382, -6.987299457282123e-2, 0.49967157944195323, -0.44932399266055306, 0.8496103111907901, 0.16839984022328938, 0.49841667404233797, 0.8377082676632812, 1.160973533339545, -0.46879075730844944, 6.134685310001323e-2, -1.1053359002676364, 0.567529266443981, 0.6354329079229919, 1.5452182424209435, -0.46129677666825064, -0.3105638227435906, -0.8287755043139122, 0.7982875452031782, -0.4306229717117737, 0.6061721257888018, 0.7254584941391085, -0.5425947733739982, -0.35413420026003806, -0.817527974025815, -0.6201448335610217, 0.28935886614698125, 0.7908891488990524, -8.799903006710956e-3, 0.9105102751202186, -0.6132057447705574, -0.4819148203223314, 0.3418511096335955, 0.9490042381576341, 0.6100665898488388, 0.3747568555685384, -0.10644303765495695, 1.035801386076918, -0.3765908296945624, 0.9925045269545661, 0.7836222279480407, 0.8739278491396659, 0.8190450712424604, -0.5625780894194291, -1.117754008227376, 0.6681171726564915, 0.2689999264402541, 0.5054765305886801, -6.50238685175759e-3, -0.896461251893161, -2.1308382118852465, 1.2149734290902316, 0.17993334074407238, 1.1920539285799936, -0.11635667821357885, -0.16816322050000207, -0.18692199101285847, -2.1853572071765837, -0.9878935429742127, 0.8201221188221979, 1.2978220713344641, -0.1739008852395709, 1.4930028420050718, -0.4023082122116869, -3.437129224729781e-2, 1.1557885913285616e-2, 1.2039435057264019)
