seed <- 1095
log.wt <- 0.0
penalty <- 2.8115950178536287e-8
intervals.send <- c()
intervals.recv <- c(56, 112, 225, 450, 900, 1800, 3600, 7200, 14400, 28800, 57600, 115200, 230400, 460800, 921600, 1843200, 3686400, 7372800, 14745600, 29491200, 58982400)
dev.null <- 358759.0022669336
df.null <- 35567
dev.resid <- 225958.57477233434
df.resid <- 35402
df <- 165
coefs <- c(6.533414221883564, 5.912657718787409, 5.562090359188594, 5.3392282247215865, 5.0227100157900955, 4.870871082803679, 4.74537918824777, 4.617753257351347, 4.377544548110496, 4.280478772062667, 4.282359461855307, 4.175994588781452, 4.04626864665096, 3.9578999942249053, 3.7639931892381204, 3.541961186782038, 3.2637790487411174, 2.9784540414102527, 2.528875512702003, 2.0723724025483596, 1.5185529736876215, 0.9144153616497435, 0.9711279851488878, 0.2742718099765723, 0.5951132123358863, -1.6287466901386292, -3.4967558933251035e-2, 0.9050550384082885, 1.1545487112992183, -1.333818917183181, -2.0928099717287925, -1.9891154735331378, -0.26532338161375607, 0.7298862994443551, 1.2093863490661767, -0.643697426569035, -0.11402519632398152, -0.8723203104280013, 0.18465863455985998, -0.7654737612620082, 1.0186904143935729, 1.2914267711071574, -0.7276362090899804, -1.534408364539837, -0.7881272561701643, -0.883980291986761, -0.42279133143884484, 9.438855999761696e-2, 0.23108378500317095, -0.4861573495556263, -0.5407314597143146, 1.1571746457577514, -2.8328012422313926, 1.6667354518197877, 0.691449705200631, 0.8956231332422695, -2.1185145018312435, -0.1580398559379487, -0.25312961669397854, 1.0896276742045194, 1.0874194875794079, 0.7286227823904472, -1.5524683695718426, -1.2596863572244865, -0.7852952056406853, 0.23571420260775974, 0.6110474620054374, -0.7756341289318102, -1.3232999392805544, -0.5567119244855028, -2.0406694414678013, -0.7245724418314764, 0.5417840326553832, 0.9754016367189399, 0.599117949177348, -0.6075733814056749, -1.2397653346403463, -1.6993709644602308, -0.1397240395493097, 0.7141986286439131, 1.1152373663312398, 0.13449939252921714, 0.12287803425839831, -1.0342951259217126, -1.3653536711463026, 0.3536495442222303, 1.2622552423720652, 0.584112837986602, 0.9047564485393443, -2.025901941710783, 0.4358792174108352, 0.6594334574459014, 0.7990559053102368, 0.3019442499932734, -0.19619606521471342, 1.3290936508298359, 0.17216862413866918, 9.625318634430972e-2, -0.16956597295286416, -0.9131513064553451, 0.43903498511199934, -0.16589576630124306, 0.8205268249387603, -3.4929928514644826e-2, 0.968360597500638, 0.8604975870668664, 1.1044247449951377, -0.6886460855586278, -0.41596162769297135, -0.785260152938828, 0.515914660611858, 0.7424620696210275, 1.6458995664934744, -0.8406012088996527, -0.1480720910521185, -1.0703262935957252, 0.7345519591999329, -0.3905674120360641, 0.4041083574623991, 0.42353964481049794, -0.5763694662710761, -0.4793180497994905, -1.121239246375066, -0.3099025154689466, 0.306064783177756, 0.8848485279340761, -7.009759064853731e-2, 0.9261868614104548, -0.6545046154007186, -0.4111680386731294, 0.26237564971999805, 0.8403633546153124, 0.8802242351882124, 0.5286663256297127, 0.10365516993263273, 1.1476201333003577, -0.1974110117217413, 1.066161139358987, 0.7157314795854252, 0.940173646007437, 0.6895980526090195, -0.5223276849335593, -1.0482710064168683, 0.4997662157715741, 0.39638837947596606, 0.6308285476749468, -0.3798878908149695, -0.35290546951907653, -2.003878830609897, 1.2834932215790176, 6.349093743402713e-2, 1.1327970517091224, -0.250408275024646, -1.844768263037825e-2, -0.11324365941882618, -1.4598398303251354, -1.4324717949423678, 0.9383805298799667, 1.1332588417085945, -0.3277319337384768, 1.5901567158285523, -0.3627905158519045, -0.1597857245063768, 0.136001410656026, 1.0933740883698564)
