seed <- 233
log.wt <- 0.0
penalty <- 2.8115950178536287e-8
intervals.send <- c()
intervals.recv <- c(56, 112, 225, 450, 900, 1800, 3600, 7200, 14400, 28800, 57600, 115200, 230400, 460800, 921600, 1843200, 3686400, 7372800, 14745600, 29491200, 58982400)
dev.null <- 358759.0022669336
df.null <- 35567
dev.resid <- 225908.58377108505
df.resid <- 35402
df <- 165
coefs <- c(6.6288380884551605, 5.6822754394773725, 5.774180315016842, 5.386015191121083, 5.082686029515674, 4.861272602242462, 4.708499530534564, 4.654725393478352, 4.342594778999539, 4.275473610744671, 4.31452471975699, 4.228123280083105, 4.026147977258728, 3.976801569697985, 3.7211285833652794, 3.5211320111497, 3.24430564184315, 2.949272056619135, 2.4789740581719393, 2.0535523624446252, 1.5524948306312103, 0.9049309964611596, 1.0951679843159725, 0.24852537311745135, 0.41638729282279896, -0.9684397219651929, -5.7473127793907355e-2, 0.8106204058298311, 0.9774470385336403, -1.4066942137902152, -2.1124785485592215, -2.199882037989034, -0.48800512202518964, 0.7924801216184946, 1.3481311458583602, -1.3350452032110454, -0.7619904215758054, -0.5083766843655549, -0.3916321306423614, -9.646341105446958e-2, 0.8548493947126665, 0.8036264212952579, -0.6219816318262047, -2.5997902037481797, -0.8344886812633006, -0.7083019955990787, -1.540716150652351, 0.16362324287025543, 8.772633319050986e-2, -0.911021524336561, -0.22512469323740064, 1.1054481454181524, -2.1619942583184537, 1.6444930556684538, 0.7210156858303652, 1.0612784609766008, -1.887314306797713, -0.19239811537084459, -0.43017476156370205, 0.999305094969543, 1.328349505309259, 0.5957968366956106, -1.7152361997127292, -1.3508423035316222, -0.734676711699101, -7.539425162535431e-4, 0.6734054498053644, -0.5934958262187541, -1.4368590034704851, -0.6217210715496656, -2.1175653639650096, -0.3844274165846384, 0.5214577568527579, 0.8748568898586451, 0.7406838631733701, -1.1591794338686516, -1.3622285079049181, -1.163895354121361, -0.10468488792015265, 0.696004992114521, 1.2245568219142953, 6.83829985140257e-2, 0.19146664698786195, -1.3370015184539101, -0.8837514419590375, 0.4216495818896945, 1.2534578510471144, 0.2777750625699939, 0.8071765385955254, -2.0913815883032725, 0.4140977503814577, 0.7172058533520028, 0.8288368714331005, 0.3198001995124323, -6.077112759628363e-2, 1.4605280108057013, -0.31643246422299753, 0.48153058016323746, 0.12920679591267925, 0.26668135293655576, 0.4780233805719485, 0.12148961832468212, 0.756414419851901, 0.6172720763389621, 0.5867143560936744, 0.8455570295468127, 1.2534986525970204, -0.8227843033676188, 2.2952872740364193e-2, -0.9538028490219018, 0.5069743729853882, 0.5521303241794934, 1.5280459121668206, -0.7083035277931008, -0.25692406984728616, -0.856807243463469, 0.7330546268660604, -0.20439854369128718, 0.5773616890282434, 0.5908462733315119, -0.2579342447150883, -0.6251868553582843, -1.3526326544931822, -0.49434329280706646, 0.2900233631162544, 0.8244335521067607, -6.43100139808466e-2, 0.9217631750985488, -0.49785942611247336, -0.4659819758869741, 0.4791831987915029, 0.9556910224413891, 0.914809226108064, 0.35887646384814254, 0.10704429607598512, 1.03108349795938, -0.43165840446601034, 1.0279172179312708, 0.650161380776476, 0.9683093841076197, 0.7389863769372704, -0.6147673921534759, -0.8810079874998596, 0.668969376770002, 0.5376796361573947, 0.4581865618504562, -0.26496511495471514, -0.5230981627438845, -1.6726269958657816, 1.2551380507716625, 0.10911130503017781, 1.222820504649655, -0.15919359038741387, -0.12358225140179288, 8.542607369831204e-2, -1.208229952688627, -1.6092540507082473, 0.7759307207416765, 1.2696967416397014, -0.4198121848877118, 1.4276192505573986, -0.3060692895739438, -0.1638268395420344, 4.532086478157024e-2, 1.1915710768121566)
