seed <- 285
log.wt <- 0.0
penalty <- 2.8115950178536287e-8
intervals.send <- c()
intervals.recv <- c(56, 112, 225, 450, 900, 1800, 3600, 7200, 14400, 28800, 57600, 115200, 230400, 460800, 921600, 1843200, 3686400, 7372800, 14745600, 29491200, 58982400)
dev.null <- 358759.0022669336
df.null <- 35567
dev.resid <- 226892.9118858279
df.resid <- 35402
df <- 165
coefs <- c(6.386762118181654, 5.809950451585423, 5.555407123761613, 5.313269724662634, 5.050205670951314, 4.805525392830916, 4.727920800442396, 4.687206530299619, 4.377083540816741, 4.24224056124618, 4.32508000988299, 4.177848735033579, 4.008407336023736, 3.9457807171136396, 3.7456202281988835, 3.52633203323079, 3.2761749303880476, 2.948880920614471, 2.4706028875425097, 2.069706515891295, 1.548575750894947, 0.9003169658836436, 1.0373165752733366, 0.5209053817941209, 0.1214901075981853, -1.049908818586046, -0.30843399820004375, 1.042687984756527, 0.9742867554439234, -1.1160689092433338, -2.3320671515460085, -2.1443058436007307, -0.31323663924765066, 0.8035378315705387, 1.2391048964232607, -0.6546197772182373, -0.33209300372059586, -1.4058829716005017, 8.014517535976444e-2, -1.1542080417592337, 0.8703720571895893, 0.831613916344013, -1.198619679998797, -1.6881429189011152, -0.9630558168120846, -0.8234217450487643, -0.6920673658511282, 1.8926842904996122e-2, 0.34757586836256626, -0.548551642345008, -0.3585677949362524, 1.0454743227179089, -2.0534201152955025, 1.6485248309038858, 0.8509483898398018, 1.016551704104996, -2.072529993342767, -0.3266749147082702, -0.43402421380139666, 1.2128647185765726, 1.0632974306508345, 0.6870897801591453, -1.41160185742678, -0.7931160793191165, -0.6702038440878039, 0.6079668020148378, 0.6217939327968591, -0.3721123511133348, -1.0568799558643605, -0.5943650205697648, -2.3396531894278825, -2.3006373392967332e-2, 0.5195233036604358, 0.8968550229208073, 0.6689749168595791, -1.2072192405217483, -1.149394569272031, -1.2830551591458057, 0.11322685837395388, 0.6218682203001941, 1.0750310388660245, 0.1052522371228932, 0.20986776424377546, -1.5929646731251106, -0.6782495822972983, 0.42018151470218645, 1.1590419456025924, 0.7301397956697206, 0.7829456361831577, -1.8769374557574434, 0.44976280746713077, 0.6833917031411696, 0.692829192811472, 0.4435813703224612, 0.31185599512695683, 0.9970169128524337, -9.795779234164595e-2, 0.5807290253338806, -7.719000221659046e-2, -0.2022589630102509, 0.5131334234362954, -0.6292116670300109, 0.818886667914163, -0.1484924079283278, 0.8562552419533858, 0.8396899551500169, 1.0696949200489636, -0.5421369000048685, -0.35680294021013775, -1.104037607237485, 0.37462374258427394, 0.5452711225594572, 1.56639184920698, -0.6928134244619363, -0.1781458810160536, -0.9421016386317308, 0.7010885721574261, -0.3661655051285973, 0.3819032738722556, 0.45738190802738854, -0.7357782420882714, -0.28428425636558274, -0.8931705011808004, -0.4904366313585474, 0.38248282140733336, 0.8127312094985593, -7.264806749623609e-3, 0.9396925486348806, -0.5452245689576264, -0.366969773142036, 0.375091506155586, 0.742596242765412, 0.7157530299946011, 0.4053956452107297, -6.720340087349076e-2, 1.1765130178233305, -0.3848900468631996, 1.0261225228680642, 0.7321208301484691, 0.8914395672543004, 0.7381698122881452, -0.6125863032708478, -1.152669317804681, 0.5244720397568657, 0.4374708926799822, 0.5551184727126566, -0.2772486721724185, -0.2842798922688725, -2.3665996213621727, 1.2476982615093626, 0.201446044530068, 1.1713787447865667, -0.18575299572333343, -2.1950981812188493e-3, -6.420844258972573e-3, -1.661436322936616, -1.0042290722886587, 0.8472958350952101, 1.1106304466001515, -0.40856739528913844, 1.5348956540135408, -0.5765709275002237, -7.208801176003285e-2, -2.916732804692865e-2, 1.0733061118713578)
