seed <- 1054
log.wt <- 0.0
penalty <- 2.8115950178536287e-8
intervals.send <- c()
intervals.recv <- c(56, 112, 225, 450, 900, 1800, 3600, 7200, 14400, 28800, 57600, 115200, 230400, 460800, 921600, 1843200, 3686400, 7372800, 14745600, 29491200, 58982400)
dev.null <- 358759.0022669336
df.null <- 35567
dev.resid <- 225869.29984955932
df.resid <- 35402
df <- 165
coefs <- c(6.773032754434136, 5.742386319302903, 5.683726805259207, 5.311936749017185, 5.121220581303386, 4.8884152471372735, 4.757123953578062, 4.63295519882299, 4.358257644170238, 4.286626303304339, 4.304076911566989, 4.164010349770446, 3.9894782522598344, 3.9349502758073185, 3.7556113832745948, 3.538343568367595, 3.2513115428557686, 2.9497285535220223, 2.5299639496556163, 2.0722693403192443, 1.6891403126392432, 0.9453798857660258, 1.1085325381649773, 0.20940665222228147, 0.38383084800427886, -1.7681069555301157, -0.269604530521193, 1.0412529966668778, 1.0994516390787814, -1.1978531966881734, -2.7347836759586204, -1.856655089134419, -0.3493305935965494, 0.8137855099699544, 1.5242176255232998, -0.465383793389751, 0.19709335307634496, -0.5931951430757874, -1.3324725183170604e-2, -0.42931994072032675, 0.9293651055870511, 1.0204183878085988, -0.641329443261846, -2.180398396663843, -0.7651345241954369, -0.7192907349921358, -0.5936312252731464, 0.24301990725757963, 0.7109976433082166, -1.0710089835282746, 0.17939896752386597, 0.6079632966734405, -2.4990523521044197, 1.6532231084626936, 0.8467372176179734, 0.8917071806168421, -1.949163193461541, -0.27372546400938114, -0.5462448737816306, 1.454774135355408, 1.016804603162392, 0.7016508172232607, -1.8487985935449132, -0.552267483451729, -0.8153587986509506, 0.34434829146554474, 0.5912144520219001, -0.46241680912598876, -1.48475016633114, -0.745685448206379, -2.7260277727079516, -0.3615525654535465, 0.9833511546398517, 1.0101061152120945, 0.6296837781110702, -0.5344384655097721, -1.2710628095794183, -1.9331752449025899, 7.99214783977294e-2, 0.6864732287788635, 1.1277866197507915, 0.16106058965437153, 0.41786597787805196, -1.8915461410222574, -1.3928186104532778, 0.4102113453115441, 1.2328296304589959, 0.4368652526222271, 0.9409716827441255, -1.8637492861231237, 0.37774970365081034, 0.829230631991933, 0.7807106437952092, 0.34290779581063596, -0.1780899944482181, 1.3433954750788863, -0.8796032907062361, 0.18950431785371802, -4.8708927289922294e-2, -0.6853672429291767, 0.5178597699726526, -0.33937681795124647, 0.7769185877774983, 0.5476312137623123, 0.967646808932168, 0.885089609094003, 1.175171348178052, -0.5199338289252117, -0.5979232382975512, -0.7528715339066361, 0.3304648942029671, 0.42677515937396415, 1.6203330419100959, -1.055938678133215, -0.19379543850304595, -1.6494441172192187, 0.7583608699390486, -0.25410868886135884, 0.5728370502657248, 0.4308006677297787, -1.1494978728548702, -0.19920365025375897, -1.060140893881519, -0.23701187295963796, 0.2812204501571141, 0.9146401117867562, 1.4852344858845607e-2, 0.9256727851191261, -0.6350535395794269, -0.3089737435780098, 0.5326883332760591, 0.851217538089583, 0.8543222876471546, 0.5499562559891426, -0.10828241141866869, 0.9997493135984239, -0.382237126665402, 1.1369183863782357, 0.7533313678239936, 0.9334150479229285, 0.6940731539935641, -0.7495593210885367, -1.3382135963107629, 0.666692787822029, 0.6109759908148, 0.5490582495420088, -0.16528066667537963, -0.5633510384902983, -2.0067220423329934, 1.2335792471547107, 0.1962768287488112, 1.2061378991980862, -0.28440329865182995, -9.687998955905014e-2, 5.0894589235574904e-2, -1.9608908347648095, -0.7375328683410975, 0.9738991651628118, 1.1417634782178285, -0.5108499748739673, 1.5852314398832619, 8.696569074178243e-2, -6.70934231740336e-2, 0.12864642475343968, 1.139257219405206)
