seed <- 259
log.wt <- 0.0
penalty <- 2.8115950178536287e-8
intervals.send <- c()
intervals.recv <- c(56, 112, 225, 450, 900, 1800, 3600, 7200, 14400, 28800, 57600, 115200, 230400, 460800, 921600, 1843200, 3686400, 7372800, 14745600, 29491200, 58982400)
dev.null <- 358759.0022669336
df.null <- 35567
dev.resid <- 227112.242537347
df.resid <- 35402
df <- 165
coefs <- c(6.7165614406836545, 5.713767511677049, 5.595795933416905, 5.450105364476294, 5.002393452397171, 4.824534838192692, 4.700633953138581, 4.6086752473867065, 4.432180725604464, 4.2640671149345115, 4.383894048165546, 4.108654605626595, 4.0387327075567185, 3.9541635885195765, 3.734277332601441, 3.539331503278076, 3.218616175707438, 2.947221098688726, 2.4896266453694684, 2.0260091693348294, 1.8070073612728887, 0.9238703273013829, 1.0470907758445356, 5.577931518547391e-3, 0.9350503840297536, -1.224234449868379, -0.18089462491320699, 0.9485484167241317, 1.083743504513347, -1.528461076135797, -2.4542519094888324, -2.09702799653122, -0.16088875835377917, 0.8268558910305339, 1.157094759348358, -0.9955061886350812, -0.5343073693538307, -1.4500750567918153, 4.219912179457701e-2, -1.5388284307849067, 0.9650597752802431, 1.0003472578589085, -0.48883989852763204, -1.8481246010022785, -1.252277130010682, -0.6912273260222652, -0.59813405504207, -0.233491452741064, 0.13714118930764968, -0.46074971388855834, 0.37492831758732165, 0.9709821018511319, -2.4992927010163144, 1.63825254766016, 0.7400693851724611, 0.9829803046121625, -1.8810132362099905, -0.44420087221368426, -0.35915603634416815, 1.5672885861304569, 0.5953087966389804, 0.7478620998558042, -1.5017493087669558, -1.1094667671583744, -0.6662638194103503, 2.2732645097608407e-2, 0.5258838619316922, -0.5240138036939778, -1.2618724721847028, -0.8293775741551183, -1.8088559320531785, 0.13110823462623689, 0.6406706424381132, 0.9897966353047991, 0.6020314396756062, -0.9281397448567079, -1.329707023696529, -0.8807159441356259, -0.13295767154565213, 0.7328108727682282, 1.137551998152899, 0.11518366466702493, 0.30563894825822924, -1.6906910400493467, -0.67494463548655, 0.2921052464775803, 1.0912877839913513, 0.5981970610701378, 0.9092286634112434, -2.3026483862405445, 0.4454451941499746, 0.8938111298032807, 0.7420418597737443, 0.34127652081432025, 2.0701758135345465e-2, 0.9478516052263428, -0.3266359375434354, 0.4208181316077316, -0.3517734180786239, 0.5366779189461518, 0.34928590711162016, -3.1786947402096095e-2, 0.9235342104703849, -0.5101849003710598, 0.45485533727093136, 0.8673256573238829, 0.9886393199680191, 0.3887095714243046, -0.42045904294629277, -0.8473704091993792, 0.4212555047379315, 0.5978651524929584, 1.5972457579256907, -0.5264184679679567, -0.33438506512488014, -1.0294709270439901, 0.808987750039328, -0.10261581532253831, 0.38134844012284325, 0.5688050635877733, 0.10502430671102563, -0.29162097088934835, -1.173035073471931, -0.24508497007326738, 0.2799951105033718, 0.9252181350447393, 2.3693380998874403e-2, 1.0268177968172536, -0.47114425058772247, -0.3171631243271615, 0.35723683806538076, 0.6338173146667688, 0.833552258693692, 0.5432366712109503, -6.838254199769908e-2, 1.0871848570842075, -0.2918626573352104, 1.0099161757813258, 0.7316586197574342, 0.9782896220692011, 0.8209916376420596, -0.6333862231996942, -1.296900551303635, 0.6787586919264679, 0.3546875212362225, 0.5331239039579112, -0.31960333585975825, -0.1653507407904335, -1.925488037582599, 1.213384717038842, 0.1463172427929962, 1.3050668036138693, -0.12385387925641242, -5.654112589685126e-2, -0.1947042649996201, -2.0022283176813986, -1.6450881137253137, 0.7471079122227168, 1.0637361353013008, -0.7525848545050483, 1.5280555202952701, -0.5398206565997292, -0.12616735058684528, 8.904569895845559e-2, 1.1866211437242447)
