seed <- 516
log.wt <- 0.0
penalty <- 2.8115950178536287e-8
intervals.send <- c()
intervals.recv <- c(56, 112, 225, 450, 900, 1800, 3600, 7200, 14400, 28800, 57600, 115200, 230400, 460800, 921600, 1843200, 3686400, 7372800, 14745600, 29491200, 58982400)
dev.null <- 358759.0022669336
df.null <- 35567
dev.resid <- 226709.11453485137
df.resid <- 35402
df <- 165
coefs <- c(6.316651523442775, 5.650943714954474, 5.474181781839559, 5.435018439396228, 5.028532848681922, 4.885716745196753, 4.865429918911919, 4.580415376251514, 4.363312282181349, 4.248275271511198, 4.275467264810805, 4.16558493428136, 4.000734577804872, 3.9711357625108845, 3.7641318738097937, 3.5074258365286535, 3.238323168590675, 2.9323795776531982, 2.513744723812669, 2.020345383923666, 1.7320042023950348, 0.8869832408064157, 0.9438995408270147, 0.32319275278120296, 0.36162995451839036, -1.1939200930798142, -0.4332977189174707, 0.9395762367460523, 1.092852990715185, -0.9655536172309928, -2.5296793826879975, -2.2481316870770662, -0.5866241788349592, 0.8115504769427446, 1.1134640484857194, -1.4701786657686993, -8.776193160865176e-2, -1.444351054024553, -8.139537338456489e-2, -1.5799637015299486, 0.9339170691435615, 0.9502309758441752, -1.2621618831665729, -1.6294999189590984, -1.6145018105595883, -0.7886164785239902, 4.726607110920909e-2, 0.33996536221798956, 0.40423158415950156, -0.7160892403144062, -0.15788721488670504, 0.9437594973215045, -2.274206514309707, 1.6992867978949266, 0.7964112060277887, 1.0258580544856966, -2.0730065944872074, -0.46339534409590344, -0.4519322873380296, 1.4719280787934226, 0.7710370188027189, 0.7323735815927809, -1.7795753487807877, -0.9230004536623072, -1.0683314272458369, 3.7979388556227144e-2, 0.6912273930968014, -0.5407248497143519, -1.0367775109672952, -0.5370255131310452, -1.7852890322734705, 0.17544856926676022, 0.6682413043206983, 0.9946280148675236, 0.7011518306930016, -0.5566570624076088, -1.4852514339667031, -1.1520627512283013, 3.927359235195856e-2, 0.5754680735656843, 1.2431255971596689, 0.11681807290524954, 0.20555722605921276, -1.6789585233915603, -0.46959427595559805, 0.41171579036213085, 1.2354491161142485, 0.4013426056678027, 0.8911075518630545, -2.288769770658648, 0.48073346009049606, 0.7111434355195486, 0.9093592074447011, 0.3442330813952965, -0.3467050657332533, 1.1938924849298054, -0.3457472485426257, 0.2617264748152639, 0.28002860970725224, 0.14080596285069363, 0.5899310466580461, -0.5298134527451579, 0.6994540601717327, 0.1293617398391708, 0.5706427475040012, 0.8327319454546651, 1.1033087309352518, -0.3603259959933138, -0.41612977733514955, -0.6469410094243694, 0.5220682356672156, 0.7092233315679081, 1.6428946913514986, -0.553765512658683, -0.14580653522493403, -0.9283377429792503, 0.9093935449622013, -0.2600624808093883, 0.4290285345617727, 0.5117443405452702, -0.9419703388323643, -0.3152728161802454, -1.3951605415234114, -0.400793020896162, 0.2690198189929812, 0.9099329995616744, 9.3287128521111e-2, 0.8978519165457179, -0.4489406993551707, -0.38793647579687357, 0.2783606388216868, 0.9011477411115343, 0.8518131985654632, 0.46735537387744613, 0.10322908379392652, 1.0560074398626496, -0.22635790629022232, 1.0213649410423842, 0.8520038478494246, 0.871450471062232, 0.8639657422067705, -0.44418974394463107, -1.2851396472860122, 0.5808641410654518, 0.3288477343472567, 0.5545065494356737, -0.19071181816890512, -0.5890771292676639, -1.9326303333774162, 1.232460989809672, 0.27095896040549144, 1.1044991542295488, 1.189832046028439e-3, -0.11109078120263693, -0.25181875816907784, -1.988720285557869, -1.1245972224396301, 0.8942684280725544, 1.1961011396860695, -0.1412237062529011, 1.5670544464661835, -0.3612909881874268, 1.4298152564762925e-2, 3.1061353482169107e-2, 1.2621741228808565)
