seed <- 732
log.wt <- -13.184829758931823
penalty <- 2.8115950178536287e-8
intervals.send <- c()
intervals.recv <- c(56, 112, 225, 450, 900, 1800, 3600, 7200, 14400, 28800, 57600, 115200, 230400, 460800, 921600, 1843200, 3686400, 7372800, 14745600, 29491200, 58982400)
dev.null <- 358759.0022669336
df.null <- 35567
dev.resid <- 226010.7180797888
df.resid <- 35402
df <- 165
coefs <- c(6.625484266528218, 6.040183383733257, 5.651403369277602, 5.291244743963932, 5.083011138347101, 4.903129291297719, 4.815505020101497, 4.695402295880451, 4.346886563958636, 4.266379762305217, 4.288574321059492, 4.185495686798172, 4.032389719726476, 3.965954224134049, 3.755700315787119, 3.5270142034938825, 3.2357361808209046, 2.9361169147424384, 2.513313407475875, 2.0813594968296556, 1.5812907945070491, 0.8499680645777955, 1.0143629065604818, 0.1695812356230157, 0.24294008741564876, -0.8008188740703518, -0.24385054276564455, 0.8764850747442221, 1.0217145505406964, -0.9582647155434691, -3.0959595914225226, -2.051260211020539, -0.6459917549972789, 0.7834252215497209, 1.2098539805310804, -1.1429253996347448, -0.41410990661455993, -0.9290008447298855, 0.40645945943417716, -0.7765878075637145, 0.8325025235035184, 0.7758142491144998, -0.6269526354775071, -1.6147755908973085, -1.049451344697356, -0.561931686100475, -0.6794129223176875, -2.8229430827360884e-2, 0.8139801655572801, -0.43994151313167285, -5.438444688464462e-2, 0.6865085887845149, -2.2444753754871125, 1.7555288827719002, 0.8082833020974449, 1.1913558909980027, -1.823914323909439, -9.003138278324897e-2, -0.42729019022201487, 1.2412844545234978, 1.348200057671568, 0.6074954904366202, -1.8884032919648472, -0.6846754168356802, -0.7644367598163793, 0.6215962774357502, 0.7763673271219597, -0.48374009740923496, -0.9917788554497335, -0.7573630332965215, -1.6061685212097299, -5.8045675087999404e-2, 0.7677356037355646, 0.9938163029371713, 0.6930084786354952, -1.002656192024486, -1.4924394304446837, -1.201624468849326, 3.817552132648046e-2, 0.7772986929464186, 1.1716441764891627, 0.13058645635488153, -0.23894298677920925, -1.265875247139588, -1.0087640749151865, 0.35404194546593853, 1.2187301934429007, 0.6559445673052938, 0.879154115192304, -2.4032492332347095, 0.5935650710642877, 0.9059122174306607, 0.7337960765506445, 0.2355192036247197, -3.802698875831076e-2, 1.1655870309199454, -0.7775088502333044, 0.20545497746912714, -0.20461185776142823, 6.48417004255438e-2, 0.47189835642866773, -0.7681190032254049, 0.8315501468224757, -0.6409713528944468, 0.7556918264770515, 0.7918097022377465, 1.0737690817256276, -0.26751613189076207, -1.157977501020377, -1.122720934005198, 0.42351647207981225, 0.6008852866266176, 1.5769517175084782, -0.621157301546332, -0.1690855594257599, -1.4217177741044118, 0.7369095822348439, -0.22892653015799114, 0.5119502348543438, 0.6416374700982428, -0.21899120648941062, -0.6519710175972048, -1.4789734604924192, -0.6771246861731987, 0.3837062689180853, 0.8410743917971785, 2.1824928957191788e-2, 1.1842457548363317, -0.6835475133906682, -0.45020226315947204, 0.43948040385989345, 0.7973271443134925, 1.026411782299865, 0.4201246483805006, 5.027599455654401e-3, 1.109376984672799, -0.34743015451927617, 0.981630217012014, 0.818648666288121, 0.9630345275960929, 0.7335315463584542, -0.7152712819845695, -1.2496932721746394, 0.2523851433790589, 0.8241855069027204, 0.5496145394380075, -0.12582343129590537, -0.38754209572673104, -1.8274713823746387, 1.2708633814271646, 0.13947477989020454, 1.247951395212899, -0.13391926791626677, 1.2417529137537084e-2, -9.881726069783745e-3, -1.5052105942767995, -1.4461016643098397, 0.8139052794069018, 1.2493048281168377, -0.46545600423515116, 1.5103255705504777, -0.2940926771594405, -0.1358919572423567, -5.733345269454861e-2, 1.1970298522505671)
