seed <- 324
log.wt <- 0.0
penalty <- 2.8115950178536287e-8
intervals.send <- c()
intervals.recv <- c(56, 112, 225, 450, 900, 1800, 3600, 7200, 14400, 28800, 57600, 115200, 230400, 460800, 921600, 1843200, 3686400, 7372800, 14745600, 29491200, 58982400)
dev.null <- 358759.0022669336
df.null <- 35567
dev.resid <- 225538.9883697269
df.resid <- 35402
df <- 165
coefs <- c(6.627196349204842, 5.728155775279785, 5.802911934873064, 5.275418301703314, 5.065284907813819, 5.0011492651589595, 4.726474938018179, 4.6641928434237805, 4.373099470718855, 4.23073585643347, 4.372354001039706, 4.175168240239083, 3.9894624370429512, 3.963610932798918, 3.7640487241213068, 3.564681646647248, 3.268369710974234, 2.9572974965549625, 2.504072720062222, 2.060396763835157, 1.713367167018921, 0.8885763020565559, 0.9451502402129189, 0.29974636490663636, -0.16681969451623957, -0.8699524455236362, -0.37883492904185134, 0.9933202492018541, 1.0235202352822332, -1.440321921422669, -2.7182196218895887, -2.0372913684039076, -0.2343260115801453, 0.7800792381846955, 1.266177685560254, -1.3397165034449503, -0.3151056344618484, -1.4151199162040564, 0.18381621442758156, -1.012169561806308, 0.8402200908385201, 0.8291820690523519, -0.8512330373796954, -1.5783947910369154, -1.0064292814003566, -0.7303824268317739, -0.5715819677010049, 6.7772600627546324e-3, -0.21379949503974258, -0.20569295009440264, 0.10011646555707712, 0.8504599477924928, -2.3140909343361717, 1.752477508362849, 0.8672054332321432, 1.1398607669867227, -2.141713395680267, -4.4303106399827076e-2, -0.3276977749963833, 1.4602534964195946, 1.2611577400213694, 0.7595602520287827, -1.5536366896726634, -0.8626316670788269, -0.5618796469402806, 0.24910549065310755, 0.5904909219678914, -0.8137639600646439, -1.0312930818509878, -0.5317110597518957, -1.772350948699196, -0.4939827347191386, 0.5388694589374912, 1.0648120237544367, 0.603323927580488, -0.692082334134512, -1.3233424748548497, -1.3751374565833703, 0.21422722757455231, 0.6280596794599914, 1.176313785610808, 0.12544223596544335, 3.7827368226105e-2, -1.5709899085406576, -0.9016047262624666, 0.29492221119768214, 1.1796304046656771, 0.43831000625329536, 0.8810300344130761, -1.8577655400864692, 0.3907817552909882, 0.5981762972867595, 0.6892088965313826, 0.3638157819922537, 0.29331540097508824, 1.5633819149040626, 0.4006544605863003, 0.3537424614355281, -0.19681151415630663, -0.2529480981855531, 0.2901302841423782, -0.7179729421337359, 0.9572496550839915, -6.2512922602308675e-3, 0.6039778595532254, 0.8020554340673963, 1.1036881893204675, -0.24604841689507675, -0.21532401470284634, -1.592840422014066, 0.46871688476263446, 0.6961273837855192, 1.5578990626403417, -0.4918521343598685, -0.17481664907036187, -0.7031715804603377, 0.6765223443440023, -0.40030232434182944, 0.3434181641820705, 0.45118594834298714, -0.30672602378183084, -0.29223027590274797, -1.4932037709333477, -0.7552460337084076, 0.25112248002470305, 0.8121951196647418, -6.659337896176987e-2, 0.9418796541100033, -0.4252983218335139, -0.408824474728942, 0.23854299684117905, 1.0211039338747667, 0.9093032275356768, 0.5054479152063485, 9.381015729307915e-2, 1.0788250997014048, -0.36432580812976906, 1.0428390962601195, 0.7660973183348972, 0.8833735563212488, 0.7011752664108059, -0.6902708368754282, -1.2714920319281509, 0.7036052167901538, 0.2828046056837855, 0.5490927682033365, -0.24255971695203565, -0.2596751471753934, -1.765036916934897, 1.3587487126238598, 0.11115874756103025, 1.128885925446114, -0.14193697589642026, -0.15417476333677926, -0.28499732199333766, -1.855316571701162, -1.2734099039996696, 0.8482583779127439, 1.2356325664697272, -0.22228984464553775, 1.484753593854336, -0.1614980020309874, -8.634837174406403e-2, -0.181362887385048, 1.1337989157914192)
