seed <- 487
log.wt <- -16.093466583047963
penalty <- 2.8115950178536287e-8
intervals.send <- c()
intervals.recv <- c(56, 112, 225, 450, 900, 1800, 3600, 7200, 14400, 28800, 57600, 115200, 230400, 460800, 921600, 1843200, 3686400, 7372800, 14745600, 29491200, 58982400)
dev.null <- 358759.0022669336
df.null <- 35567
dev.resid <- 226949.2198287257
df.resid <- 35402
df <- 165
coefs <- c(6.790029857494931, 5.763057664835324, 5.58923851809205, 5.324550895343625, 5.070051247151182, 4.842270422968026, 4.848880453070576, 4.606631352468231, 4.369666008132897, 4.301292624194808, 4.242247873925577, 4.137749813092321, 3.9783701187055462, 3.9631301002986126, 3.6931504606017804, 3.5095548059915966, 3.198045869138977, 2.9208863048396374, 2.472721245900819, 2.0644463289584394, 1.5951137517040859, 0.9175650454661021, 1.0207097114004753, 0.5331801607767952, 0.5082175397795434, -0.8743494691622817, -0.29634160609890353, 0.9423915005532623, 1.1280458789717969, -1.4036659290306421, -2.428542416114106, -3.6451571344154123, -0.5079695139362926, 0.7674177595767858, 1.2696913545366455, -1.0314512725343978, 1.80334154674858e-2, -1.532359794266919, -0.1003020830839203, -1.867747890750227, 0.9760080889980238, 0.8209340260463622, -1.1691635926519786, -1.5968234173124933, -0.827118257453109, -0.6829775350630705, -0.695657708610554, 0.2778826914416353, 0.34902569143149775, -0.6906566359644869, -0.38402964630810227, 1.1834225740079685, -3.0629738438570553, 1.7714226168191516, 0.9148250616909209, 1.1639564776162081, -2.1388114366449313, -0.31359027507380727, -0.8103808379935502, 1.547853102263859, 0.8825257325454443, 0.833513242587197, -1.4589832114256813, -0.9315699491133566, -0.5096786044524738, -0.10144643683360105, 0.695242148744412, -7.760540897562399e-2, -1.1056507131380378, -0.6943511859806696, -1.4684624631643435, -0.10499306319974541, 0.5507262151905736, 1.0073124839954513, 0.7117176052255839, -0.5933326022701112, -1.3582102549390898, -1.2283354148634837, 0.15950352182297992, 0.6855334105565446, 1.176766476795881, 7.323402981846082e-2, 6.594857058494617e-2, -2.505808657516584, -0.3661441355393365, 0.2905366869738742, 1.2550069531346264, 0.5513570276493607, 0.9341940998784585, -2.326389602907602, 0.3557992671954617, 0.8528831886211427, 0.7618130343868048, 0.37751507374593246, -3.8702974969185774e-2, 1.4251627383128502, -0.1454921388159348, 0.11813334258582421, -9.682520850865527e-2, -6.203465860755786e-2, 0.4289289254038778, -0.3178575808878931, 0.6983808858215317, 2.5049551737993683e-2, 1.0272128738426782, 0.7950445749004459, 1.0935874492674673, 0.11638437755224108, -0.6256618331807444, -0.9918237545555688, 0.44984127364242116, 0.6311824666240914, 1.653552183070998, -0.5133460225110139, -0.13013870174603567, -0.837558211110902, 0.8473030642129298, -0.17828935575730318, 0.573534967653298, 0.6168504489146885, -0.7586796558538154, -0.23866023410690962, -1.1888647150912264, -0.23832926945627028, 0.31178566692343995, 0.8799102092107736, 6.897351652614485e-2, 1.106368814390144, -1.0371405402887142, -0.33618120979888627, 0.30461982259018877, 1.0349458308460182, 0.6027332194588486, 0.5876520018245025, 2.3906914831153176e-3, 1.2028777334992302, -0.2554620892523697, 1.1623360324074228, 0.7746926946244557, 0.9467461829066349, 0.8060780644632866, -0.6790247124258717, -1.3260605998338775, 0.6561464702726676, 0.40554963323259363, 0.5776573810190373, -0.12526684728673446, -0.4972692218021648, -1.83779820980626, 1.3384635967663323, 0.14761003787089982, 1.2530339920918454, -0.2117828499841518, -4.636220940808903e-2, 1.1172708538477563e-2, -2.566152827130049, -1.420833683716123, 0.9130447490702631, 1.2316567943174082, -0.32094771033429415, 1.5916081590604072, -8.202549421601495e-2, -8.718242378482226e-2, 0.12357255389380069, 1.2092997977436182)
