seed <- 280
log.wt <- 0.0
penalty <- 2.8115950178536287e-8
intervals.send <- c()
intervals.recv <- c(56, 112, 225, 450, 900, 1800, 3600, 7200, 14400, 28800, 57600, 115200, 230400, 460800, 921600, 1843200, 3686400, 7372800, 14745600, 29491200, 58982400)
dev.null <- 358759.0022669336
df.null <- 35567
dev.resid <- 227022.70360605596
df.resid <- 35402
df <- 165
coefs <- c(6.603726541595511, 6.012434276873809, 5.721496256516837, 5.3663982910749555, 5.092180329723774, 4.754598579151865, 4.705085704986725, 4.630175407810864, 4.345521801971324, 4.269476120349617, 4.263638732349606, 4.169579382904929, 4.020142393399331, 3.9698768080689906, 3.7472235022943376, 3.5156519617347115, 3.2495255279785407, 2.936859606240966, 2.456759318270554, 2.053510310991496, 1.6489880941375485, 0.8636784950402644, 0.9550544234271755, 0.4185194188620163, 0.41195384121929146, -0.9052132967132176, -0.3523257990267035, 0.9423957299483615, 0.95323533943582, -1.6791092628453133, -2.2920439624150464, -1.7701903677756714, -0.3197272502023784, 0.7516638027201473, 1.140194627744656, -0.8911338749678844, -0.33143271574237115, -1.3670114962435755, 9.118715798945241e-2, -1.0101099509861355, 0.9094306637064158, 0.8227865840640785, -0.9524723725024007, -2.256906359762945, -0.8955551720240725, -0.9338928282460757, -0.46851013770010425, 6.335824401088391e-2, 0.203162765085759, -0.4543287032128034, -0.14415144019086606, 0.8758477261496902, -2.3170750713805037, 1.5926267914874002, 0.895095924516377, 1.1097695592383117, -2.3228966436001666, -3.9053830481603956e-2, -0.18944193603187606, 1.1764850904825677, 1.2349889526780242, 0.7362011134450449, -1.8128385076673466, -0.8678720989119945, -0.6418038582307626, 1.32578802021266e-2, 0.7256865732440047, -0.556893656435074, -1.2765477313326876, -0.7258933786233172, -1.5487795133478712, 1.954141690196419e-2, 0.5928130287902247, 1.0627933059070644, 0.6785654885513634, -1.0578598776759123, -1.1916872298343837, -1.2517289101895113, -0.14191227594811842, 0.7404597555150351, 1.173755649674573, 0.20650020930987714, 0.12867161970791016, -1.415914400412702, -0.6915753074925443, 0.4004202231504564, 1.1884761199255, 0.5548904502791077, 0.8507412728678329, -2.493114575650231, 0.5357320180610825, 0.6539207125224279, 0.8163985702401577, 0.284401591989576, -0.3479651058627552, 1.1231916315829196, -9.247392498095043e-2, 0.36067631034314684, -0.16566441232990875, -6.098584217412547e-2, 0.49650481317399664, 0.3218753646612486, 0.6754239431613404, 0.20961361163310652, 0.8110714505055787, 0.8309722751923918, 1.0689792511837877, -0.5264737298808886, -0.8568723962261221, -1.4302153444187151, 0.3533624237573743, 0.7146101253917747, 1.5530388332425682, -0.22580258514915483, -0.15907693120320882, -1.569229274820485, 0.7099591099422199, -0.24730545597772607, 0.33062419743497823, 0.598956037234098, -0.822235633334827, -0.489904329521195, -0.6645213933121571, -0.4977007957406547, 0.33717506352532556, 0.938374852289524, -2.0982129578123725e-2, 1.0524685773950706, -0.49866042702135366, -0.38817692364014594, 0.20800719817381225, 0.8131007178868375, 0.8500954595788003, 0.570630112526671, -7.470577873061501e-2, 1.090429732380154, -0.36509106643636713, 0.9315783366695801, 0.7032732757254244, 0.9996876891008372, 0.7585415281497994, -0.6454876795665851, -1.1763282809633524, 0.5412126226551145, 0.25408222557241655, 0.6232772692446157, -0.23657449433316496, -0.49342272787973324, -2.105091416034668, 1.2053793065540253, 0.21241732294896276, 1.2965395351827929, -0.17773003224484044, 4.2593722283023404e-2, -0.10050634376622841, -1.9208431743549657, -0.7525062951477197, 0.8926748354924855, 1.1391906353670562, -0.19022247078053967, 1.5206226559648806, -0.17612378209396287, -0.18114138601031007, 9.076021820651009e-2, 1.2213909479131333)
