seed <- 429
log.wt <- 0.0
penalty <- 2.8115950178536287e-8
intervals.send <- c()
intervals.recv <- c(56, 112, 225, 450, 900, 1800, 3600, 7200, 14400, 28800, 57600, 115200, 230400, 460800, 921600, 1843200, 3686400, 7372800, 14745600, 29491200, 58982400)
dev.null <- 358759.0022669336
df.null <- 35567
dev.resid <- 226257.7132661403
df.resid <- 35402
df <- 165
coefs <- c(6.35253089025534, 5.932856220053678, 5.646002565557741, 5.370020042261606, 5.182603996474603, 4.863357252879515, 4.761786839815079, 4.690620463238087, 4.341806287208607, 4.307189851038345, 4.267027559660006, 4.145401591974943, 4.044082728226012, 3.9626483337987217, 3.7650962207244674, 3.5155566322614624, 3.2622722025500037, 2.940979438781029, 2.4951496508808053, 2.0364080780506972, 1.625654696522726, 0.9061981858949621, 1.021115663863174, 0.2801943961363707, 0.4721873232039117, -1.08030458156829, -0.23681759646858128, 1.0756145026664674, 1.0230083581595626, -1.1416631447758954, -2.854859505075841, -2.3480139414786034, -0.1352719319033341, 0.7492980039502607, 1.2903445872787977, -1.4518696869456353, -0.1705772256348761, -0.9864762143127948, -5.64295890518913e-2, -1.2351008085736463, 0.8858990471344292, 0.8523526595014598, -0.6161725629009143, -2.347948347217565, -1.07544348994668, -0.6062299795889871, -0.38228075006822376, 0.3505408312034783, 8.285224732111572e-2, -0.8712592995898144, -0.2628021241779116, 1.016232737519775, -1.9930541872155088, 1.5865370844125795, 0.7426908562293153, 1.1044144440266972, -2.1254996634839505, -0.261375848911048, -0.7156258394389446, 1.2576936147377045, 1.2277342771167967, 0.6898513339258158, -1.5766554747315336, -1.0465208175258274, -0.772804167585148, 0.2144633770576384, 0.7356151617586558, -0.3196564584864822, -1.609106703082583, -0.6015594428971631, -2.57563072713318, -7.099880044366927e-2, 0.39923669135096773, 0.8889715757521267, 0.754479581191054, -0.5599664051677309, -1.2084257705630452, -1.2353514037665703, 4.588935146018144e-2, 0.6980423257499284, 1.1815512435703768, 0.17101500056104663, 0.26655843798789863, -1.9183478584747442, -0.3072734281235246, 0.22986892343767504, 1.3084475206469561, 0.5171127180670649, 0.8173714859481905, -2.3160409168135314, 0.49473199208886326, 0.6388060586427705, 0.8137181426387841, 0.32780177207146566, 0.2513102475732041, 1.2034175288861606, -0.36731569417855525, 0.5870974214541397, -2.0975038737720938e-2, 0.5533169417404731, 0.31464549221562804, -0.45568599138116495, 0.9084891400351649, -0.17885999487548573, 0.665777480416981, 0.851566812168041, 1.1450116345273376, 0.1550717080389128, -0.16678716984032982, -0.8539985630766953, 0.4534834792222449, 0.7196848095162853, 1.4916937530834782, -0.24211182998027517, -0.375223941442427, -0.6916602539768517, 0.7932543931957869, -0.3295961724313856, 0.6985741485625139, 0.37493311409116503, -0.7357970298165476, -0.35540181309198426, -1.308557476287248, -0.9161495095599917, 0.2746001215555044, 0.829100054872224, 6.980451572963454e-3, 1.0410544677541784, -0.2908527941887715, -0.47960027371945285, 0.31631023918653606, 0.7931057775847514, 0.83538895237801, 0.4232737807704538, -0.12574801808134747, 1.185623051124446, -0.3376350889338082, 1.0202363577452533, 0.744872842768846, 0.9775899676778849, 0.7970248285678317, -0.67150528570946, -1.226420230088726, 0.5757551590948079, 0.25572813585116777, 0.46339252970209954, -0.10878939087093063, -0.70942279832356, -1.9652126468860158, 1.200920646115185, 0.23748736194410563, 1.2522080981922272, -0.2118246767163945, -5.601277138823584e-2, -8.926741225043046e-2, -1.5494957839093466, -1.5253770796281414, 0.86498490659728, 1.1803641273468464, -0.6004244214837872, 1.469913603086831, -0.3127568929869507, -7.050114843891904e-2, 0.17402363399131934, 1.1966731709319096)
