seed <- 569
log.wt <- -14.142392755974917
penalty <- 2.8115950178536287e-8
intervals.send <- c()
intervals.recv <- c(56, 112, 225, 450, 900, 1800, 3600, 7200, 14400, 28800, 57600, 115200, 230400, 460800, 921600, 1843200, 3686400, 7372800, 14745600, 29491200, 58982400)
dev.null <- 358759.0022669336
df.null <- 35567
dev.resid <- 227179.50336445234
df.resid <- 35402
df <- 165
coefs <- c(6.239286707818421, 5.996975362198999, 5.757147425772107, 5.453750236796293, 5.089394413984677, 4.86689137517186, 4.684174311942522, 4.609677626646214, 4.356517561300698, 4.264761669473257, 4.305657064391651, 4.148601960393837, 3.954341707243238, 3.9638485221605437, 3.751435335925683, 3.520716448416809, 3.20124311124635, 2.9224812590318376, 2.4687936621001767, 2.050700031580786, 1.6055941031711323, 0.8763559555313877, 1.0126616878153518, 0.2631193624917236, 0.5604023476938685, -1.1938121757009326, -0.25208988658041215, 1.012475823092727, 1.048940298741979, -1.320775114218016, -2.440018477022865, -2.453418137615596, -0.3841866902221906, 0.6992740182311176, 1.2076115371492373, -1.287846670766124, -0.18199518297470846, -0.9881648970647656, 0.1504849633084683, -1.0022615201801537, 0.9111642725796271, 0.8374625220131163, -0.7729191216075008, -1.8231061555272707, -0.9555108474463767, -0.7084255113790779, -0.289077370044196, -0.10448829188988731, 0.32281011684692434, -0.32197089914253796, 5.2897382359144166e-2, 0.8932659869771762, -2.2608604040207045, 1.6534122649669152, 0.8682440309824754, 1.0838017679003027, -1.6700566597756512, -1.973279846568385e-2, -0.4829016212231826, 1.2575295939510664, 0.7677809679007523, 0.7250553523375134, -1.746094786083011, -1.4780442153189657, -0.6587750067970982, 1.4754985557851449e-2, 0.5995559895189653, -0.19966423176539747, -2.1601416579582486, -0.7276996842107716, -2.012081239242265, -0.7945165950328829, 0.40122034808903223, 0.9162672175556449, 0.6850246254248986, -0.49786542774333264, -1.4538508947896662, -1.1262224709450632, -1.5256179610093549e-2, 0.7788421242892698, 1.1968306496531966, 0.17834754767333347, -5.333130538600736e-2, -1.1343933188875304, -0.9297931374154698, 0.26456408403101267, 1.1902984298560464, 0.3391858717212842, 0.8585318496076315, -1.9216660346961536, 0.6159752649809473, 0.7981823160136201, 0.7757939822520642, 0.3341676939730316, -2.9525103544962468e-2, 1.4981024620626184, -0.11315771568207245, 0.6310259929780546, -0.2237403955347365, -0.24434859203668557, 0.49078836895722117, -0.16966142051432975, 0.7715608385173561, 5.7966269141214326e-2, 1.1506239555784348, 0.841555150094919, 1.1195037478584604, -0.4458206262265179, -0.2919319022951083, -1.3482171161922814, 0.43901274792925227, 0.6001482310088411, 1.5733036408385301, -0.7880352774328157, -0.2840033814258263, -1.6995767427596074, 0.8322760740256497, -0.20803942466407127, 0.6346796281412577, 0.6139983063438128, -0.6832736099369179, -0.27402542910940453, -1.2894823086740514, -0.18909935923552415, 0.42178527929149034, 0.8973607270360595, -7.689828453330798e-2, 1.0085604808021509, -0.49015944534085665, -0.5140607067734165, 0.4117125386427927, 0.9442499008463202, 0.7122208811214227, 0.4372308686774177, 2.8453775925494237e-2, 1.1003041937639508, -0.38378833720535993, 0.9584995726398309, 0.7464035675833904, 1.0481770123864416, 0.7265217697900875, -0.6778473116996669, -1.2966655599839103, 0.5896514207952649, 0.36178390830356205, 0.43247994941551354, -0.18843467556617335, -0.1496261477332379, -2.055191585968519, 1.1945711981966898, 0.2056848560358943, 1.2686288784233621, -0.17127211954839677, -7.389492831119925e-2, -0.22258694018250247, -1.3995855436878737, -0.9260670216512863, 0.71956705221473, 1.153670127634996, -0.3841348443160702, 1.5079525187651137, -0.2297009526041345, -0.21832910341948006, 0.131606418711416, 1.1492809889923055)
