seed <- 452
log.wt <- 0.0
penalty <- 2.8115950178536287e-8
intervals.send <- c()
intervals.recv <- c(56, 112, 225, 450, 900, 1800, 3600, 7200, 14400, 28800, 57600, 115200, 230400, 460800, 921600, 1843200, 3686400, 7372800, 14745600, 29491200, 58982400)
dev.null <- 358759.0022669336
df.null <- 35567
dev.resid <- 226208.37617865944
df.resid <- 35402
df <- 165
coefs <- c(6.799852744814023, 5.856504369505337, 5.477311138425419, 5.404247688538705, 5.102963269280902, 4.858573519497448, 4.791301725984039, 4.585113289577225, 4.285832854162901, 4.244107313953814, 4.327376934439282, 4.172610033080744, 4.005043001207368, 3.9574684535019937, 3.7622404805189693, 3.4808178038579833, 3.244237495495172, 2.9401619616757153, 2.5235651899328206, 2.0496261240444555, 1.527998251442817, 0.911407952004224, 0.9328699477892385, 0.6571887661090616, -5.449750164732715e-2, -0.8434003967567999, -0.2327684831220977, 1.111733134468677, 1.098668281673286, -1.0193745354055441, -2.3606309665301355, -1.8931285784587337, -0.3178890863364437, 0.7886347071607985, 1.2061666936324527, -1.315061793289359, -0.6673898563828444, -1.1855763596492028, 0.2838781597088621, -0.6092030018507114, 0.9640993963346762, 0.8810269047294537, -0.6535029748428927, -2.5704480980627804, -0.9026576023302904, -0.5034904324110283, -0.48540521541823695, 0.5457457027671716, 0.8060269321496042, -0.6071952996942971, -0.3012385350095866, 0.8388632004181419, -3.3560941860557385, 1.7977637482736277, 0.7422302695013389, 1.1851822282848508, -2.3820227829859477, -0.22010897714357008, -0.19383102308484756, 1.2813325963509783, 1.1450634733327407, 0.7747679887482625, -2.448895736335896, -1.7851631565439183, -0.5182916231078197, 0.11276004448285329, 0.625199327655735, -0.4949524585074794, -1.4053272927286364, -0.6898361734977657, -1.6666688361036721, -7.714585464637255e-2, 0.6484234015055393, 0.8690705812841643, 0.7905679318242483, -1.072985498798849, -1.3628409565029789, -1.3444289192162349, 6.321223194247984e-2, 0.7701682808180731, 1.2007828010718087, 8.692427954921668e-2, -5.2218719461048294e-5, -2.084897577378601, -0.555033326240873, 0.30079744711787154, 1.3454673669303368, 0.4016447022582358, 0.9282577663496547, -2.041772950329298, 0.5737770253683838, 0.7972266584786954, 0.8911218058109663, 0.3390922989329209, -4.431819834447245e-2, 1.5259735908166474, -0.45918781436438577, 0.4976801264734144, 0.12818851485881305, -0.10039902707425093, 0.5272022899475086, -0.8100585229876347, 0.787793438533974, -0.1918052697300091, 0.7814019986540635, 0.8319486236512272, 1.027817525473935, -0.5991936311163807, -0.6712198168593233, -1.0107273165326878, 0.38996804399126167, 0.6797419007324347, 1.6372272736614615, -0.6873348955309684, -0.19377577505986837, -1.1695725809770154, 0.8063117629865686, -0.35079056021073557, 0.4214169570765775, 0.4324620091012449, -3.7066055889024084e-2, -0.518866930366611, -1.3898675369231455, -0.38816806691608263, 0.37986458682888646, 1.0010438030107043, -0.1485899157062402, 1.1627831811556935, -0.7133874198284054, -0.5107611236466406, 4.1184622966424646e-2, 0.9422415793985915, 0.7150323505496244, 0.4784383973467883, 0.17733587030351375, 1.0513722000795003, -0.29148644372367233, 1.1490616511040783, 0.6926112971279549, 1.0390609175533967, 0.7962811941106994, -0.6176911609699492, -1.0759285522754662, 0.8454396315678517, 0.28053477618152295, 0.4322624732969131, -4.701942564534821e-2, -0.21730567511161814, -1.6003169266031372, 1.3786553686957266, 5.8111165976613595e-2, 1.301365247062376, -2.7727784397944886e-3, -6.53294334189577e-2, -0.16325170299241645, -2.1540850196808394, -1.1506865623352727, 0.8127492887322109, 1.3043838294189924, 8.986928833845663e-2, 1.59371054119787, -0.4173416968268569, -0.18643512396740514, 6.41204723829587e-2, 1.2481574000153577)
