seed <- 812
log.wt <- -11.456268613443571
penalty <- 2.8115950178536287e-8
intervals.send <- c()
intervals.recv <- c(56, 112, 225, 450, 900, 1800, 3600, 7200, 14400, 28800, 57600, 115200, 230400, 460800, 921600, 1843200, 3686400, 7372800, 14745600, 29491200, 58982400)
dev.null <- 358759.0022669336
df.null <- 35567
dev.resid <- 224991.1440926171
df.resid <- 35402
df <- 165
coefs <- c(6.628261456321533, 5.856868599513507, 5.739176545891856, 5.247661102260382, 5.134715819677641, 4.940971486472516, 4.712883340754091, 4.641982875624691, 4.378460353649168, 4.341771010007825, 4.327338575352374, 4.230814929591882, 3.970293599462363, 3.971491040779053, 3.8112043055587486, 3.547978503676992, 3.2609396586117967, 2.9708921927976433, 2.5266261083559405, 2.058976910116806, 1.593070655023105, 0.8767718202707006, 1.034700236947302, 0.15053038696860124, 0.717637509190703, -1.6678368526539333, -0.4579380018499049, 0.9705690894430702, 1.0551322736086999, -1.6668920020509805, -2.3439101315261044, -2.482292972021691, -0.3908747002507833, 0.7569143333050858, 1.2194455604957743, -0.6680567364381345, -0.7729481690179151, -0.7605579607330402, 0.1860406666416666, -0.38377452977052573, 0.9692796854717003, 0.7773336448762282, -1.080177442155873, -2.0688760096905003, -0.9875966120351507, -0.684294296081383, -1.1724101065302994, -5.4759596933644364e-2, 0.28076591291078384, -0.5706655789566131, 7.43289446505145e-2, 0.9080121782539372, -2.5064246415273566, 1.843546488770829, 0.6681659370459366, 1.1877033930750913, -2.0421110467744934, -0.1001461901020025, -0.5115699759864654, 0.7298095538535212, 1.5192344027649838, 0.7032971168091752, -2.17951782677853, -0.3385218278451231, -0.46069133135668894, 0.28307782462432607, 0.5801463057952592, -0.676992762705296, -1.703888684522913, -0.6251238263300885, -2.008643777832775, 1.8328652350865685e-2, 0.5715684041813487, 1.0063587912514707, 0.879827631504071, -0.9603938216467255, -1.3698860221799856, -1.04025534982622, 8.893386080833608e-2, 0.7928028364574258, 1.322791020899402, -2.51113039067128e-3, 0.1554181038512503, -1.0215920936218288, -0.6482863540007721, 0.4631328293362585, 1.2867462185679528, 0.23414386401354367, 0.7649165887089402, -2.8267662672451364, 0.5615388613766851, 0.9103592895417357, 0.923426219469885, 0.3888394160192797, 0.3231722577376674, 0.9715882542760933, -5.547985547584116e-2, 0.41219969955929964, -0.28219433022071533, -0.1729982339498989, 0.42903772175873184, -1.7968941844661353e-2, 0.8409580685503891, 0.43598459576367427, 0.2574043947114394, 0.7912777205770342, 1.193617182217156, 8.330113067253121e-2, -1.131240586607993, -0.9957574494855301, 0.4220188540751247, 0.609187100147732, 1.5903734685474342, -0.697120859534027, -0.2567543043844974, -1.4114535237835115, 0.9391883714443496, -0.20890855939205444, 0.7045208546858222, 0.5376432059458853, -0.84801077507081, -0.4985046192010382, -1.197480673430069, -0.9213213773498685, 0.347223948185455, 0.9395819905427989, 9.737984549617193e-2, 1.0712420440884292, -0.32299917361482233, -0.41729151089076455, 0.23411618757084993, 0.8765932640164464, 1.0170632545432299, 0.5166688981571673, 0.1964581930998846, 1.0837034311172438, -0.33632227777065854, 1.1810763853226938, 0.701022954584299, 1.0581663939630832, 0.824376399361612, -0.650503156182364, -0.9933071795145743, 0.5560065859083843, 0.28645978083466916, 0.5585603500925451, -0.14536774206386296, -0.4569290620832731, -2.0485020920059305, 1.335634973985985, 0.22409787886140203, 1.3093679325670338, -9.311076220581653e-2, -0.12502462080275062, -0.1790593436417785, -2.179392606998777, -0.9367635242524114, 0.8331047758242278, 1.2170780658037603, -0.5716768103301186, 1.5658626785595853, -0.11124788762190964, -8.140183445196059e-2, -0.12601121725537456, 1.2733945735172028)
