seed <- 195
log.wt <- 0.0
penalty <- 2.8115950178536287e-8
intervals.send <- c()
intervals.recv <- c(56, 112, 225, 450, 900, 1800, 3600, 7200, 14400, 28800, 57600, 115200, 230400, 460800, 921600, 1843200, 3686400, 7372800, 14745600, 29491200, 58982400)
dev.null <- 358759.0022669336
df.null <- 35567
dev.resid <- 225713.25195131282
df.resid <- 35402
df <- 165
coefs <- c(6.556339040011187, 5.766294934665493, 5.640943700226092, 5.337864301742316, 4.979976617818164, 4.880776648998635, 4.791500977371889, 4.618988339668271, 4.332889919578708, 4.290266115665625, 4.257525539216138, 4.147016721579223, 3.979054298016724, 3.937536554657241, 3.7390880536638877, 3.561112191795891, 3.2477374892154596, 2.918821499780875, 2.474552673163594, 2.0315438215309416, 1.568580930861054, 0.9578073468475082, 1.0906060995104059, 0.42903320886223884, -5.864532978173962e-2, -1.007792012233421, -0.14278222693635262, 0.8974643857762326, 1.0912323544635087, -1.3155911327487875, -2.2524932549984453, -1.8640380113514987, -0.3736818772168457, 0.81932165497381, 1.353968065700654, -0.6567352212719463, -0.6850636810656401, -1.3096741934842435, 0.15622453732463376, -1.0733910736157388, 1.0346930742723763, 0.8705610815561048, -0.8249395591393911, -1.734010540197851, -1.0302642850966985, -0.5488208114318208, -0.23941917932603632, 0.27334006088638857, 0.8793050362020054, -0.5872462480695918, -0.361667116083227, 0.7473494234459309, -2.442796049862848, 1.7665896927244502, 0.7031975060870189, 0.9906356348807133, -2.0680082777217814, -0.2856128890413476, -0.36783326005377165, 1.2348580872439539, 1.4479576420913496, 0.7148866155885302, -1.8233608264934635, -0.4085675807698577, -0.8099037233755901, 0.244349282751222, 0.6402864075617261, -0.12289810206958901, -1.7391846413765857, -0.7571060429478097, -2.5289097124276476, -0.2666328907328531, 0.8824738348280015, 0.9686548837016536, 0.5969989972525827, -0.777812478264987, -1.3991131397640562, -1.790231554686679, 0.1805857632714635, 0.7012881006138338, 1.2377755117028857, -1.950068902989878e-3, 0.36903519981286015, -1.6391769246904324, -0.8442831552411669, 0.45661519127073763, 1.198679821230003, 0.3396311825767192, 0.89974789350468, -2.007174006965087, 0.32196977103236213, 0.6701639904442642, 0.9071044737908333, 0.3958399385392028, -0.20984870538509437, 1.3416209900932494, -0.5639406466329464, 0.5766097956776856, 0.12592052726731637, -0.22061320781368043, 0.5260894230505345, -0.3216104624253659, 0.7535681010159391, -4.973709322927514e-2, 0.8181681385166346, 0.8676355003418981, 1.1822120600155437, -0.5122871866612447, -0.8624184152331461, -0.6782437413707207, 0.2896783967010403, 0.5729149943054095, 1.6578905232248151, -0.46606807992712196, -7.652216105356702e-2, -1.424330064549649, 0.8428608699896509, -0.40272629718090097, 0.5444967754119224, 0.5617573443424496, -0.4433927083822218, -0.8520061195355341, -1.0205259121264347, -0.3081838836731022, 0.3738379409164566, 0.857590100972604, -0.1340257562970989, 0.8668490238260482, -0.5801306240882153, -0.3362722644812296, 0.19900260990481194, 0.8361359069916278, 0.9943701501678719, 0.4823752859686276, 0.10066939715865435, 1.0000978887386693, -0.3567100447104415, 1.1232418159688726, 0.6882365680119008, 0.8605501000408885, 0.8096585390620387, -0.6005069479491156, -1.3601219165853629, 0.5673827144364116, 0.5838166564076078, 0.4458310851324665, -0.20992091444471514, -0.5392680844368172, -2.1417065630285106, 1.3363725811103826, 0.14322757093914298, 1.16672892624521, -7.077860995399395e-2, -0.10760911876735008, -3.318803657828279e-2, -2.1692960894998685, -1.3301793833599693, 0.7899894573537803, 1.090085319149895, -0.2296215662687762, 1.5667383113089852, -0.29802931833073054, -0.14309095643106073, -6.120196465309771e-2, 1.2464807823920416)
