seed <- 965
log.wt <- -14.928619387764527
penalty <- 2.8115950178536287e-8
intervals.send <- c()
intervals.recv <- c(56, 112, 225, 450, 900, 1800, 3600, 7200, 14400, 28800, 57600, 115200, 230400, 460800, 921600, 1843200, 3686400, 7372800, 14745600, 29491200, 58982400)
dev.null <- 358759.0022669336
df.null <- 35567
dev.resid <- 226349.14544942565
df.resid <- 35402
df <- 165
coefs <- c(6.42224786388751, 5.6563789416470245, 5.675790017725116, 5.4953484866097835, 5.128098378248799, 4.918762924316186, 4.714940345940007, 4.638253704404684, 4.397307178765059, 4.279798027391813, 4.293254121097947, 4.15300850544443, 3.99246327711557, 3.9750863669110985, 3.729353145436621, 3.537441143303709, 3.2681342091808627, 2.9768703769499982, 2.480067995461662, 2.0704966663633035, 1.6100745116003217, 0.8465974856097762, 0.9176208228894807, 0.551791101575708, 0.5793908344740782, -0.6938131110559932, -0.31826825855810326, 1.1244795161964447, 1.1450912699776452, -0.950396628583506, -2.378828993870758, -2.70011959110379, -0.14974495836963359, 0.7435365474292575, 1.0989712139119572, -1.6771670391733524, -0.4264458710760664, -0.623503158931918, -0.1717434486735223, -1.13962522306247, 1.177205221534525, 0.8414668708664944, -1.1414475217722337, -2.706348323256905, -0.8200728603496671, -0.5622619791509899, -0.10067065212907216, 0.5622435801406342, 0.36202574165113877, -0.7285049558129244, 0.32077823859280685, 1.0091333201890984, -3.3520305903301684, 1.692647129989728, 0.8200231407292202, 1.1161897411028567, -2.7832255796278442, -0.22579053516333986, -0.441873460848322, 1.176485714751348, 0.6935070279153093, 0.7742210959840735, -1.6750034576671, -1.792055309753852, -0.6700527278671786, 0.19950322451603322, 0.49301686303366155, -0.17600104934622923, -1.189619480957982, -0.5741906232763129, -1.6656833385210645, -0.7366102988121895, 0.5175516097617077, 1.0291818956955774, 0.8076462723871849, -0.4028638334265017, -1.4155810783667562, -0.9998588233045231, 0.1327486268231172, 0.7709597985430671, 1.2549360419105813, 6.406296049356301e-2, 9.093362506086451e-2, -2.040853599528982, -0.5869195830269126, 0.4273549279741303, 1.291530932323167, 0.511942451769811, 1.025006274647307, -2.9682487619939724, 0.5278657404896742, 0.9345199274260086, 0.8691029757458162, 0.29636683758278387, -1.0389854313703801e-2, 1.4121074802048452, -0.4676176780401453, 0.5478621383566693, -0.40648409380480427, 0.16547562976051175, 0.3273746467345833, -0.5943298629309816, 0.9325471769256378, 5.795852609085677e-2, 0.43141007559538175, 0.8212830465838103, 1.0552054325635174, -5.5209369614919596e-2, -0.3561366644768508, -2.282196233599554, 0.4304721178777387, 0.6891458710596061, 1.7435423669899188, -0.32033736565554755, -0.1803639752089367, -0.8131774732265171, 0.8781094182482886, -0.2076191707894841, 0.402168584792641, 0.8750950105429366, -0.470131667183975, -0.19327002068432736, -1.446044790793826, -0.43038474473632926, 0.5340254696349237, 0.8891512628604044, -4.2923595678311964e-2, 1.0130674876912582, -0.6522670863143497, -0.4355562807675639, 0.1552251113255666, 1.1393394919050093, 0.6102543084258693, 0.4302176127789139, 0.12018082345950724, 1.311821562839492, -0.23915227724851365, 1.0726661448250983, 0.735073587904984, 1.0396465437963816, 0.8496453191387201, -0.6882170927135463, -1.0529100902535626, 0.9065549300941268, 0.43300858580944707, 0.4960732351089282, -0.1631761915127855, -0.7578140516729438, -1.9621641278568491, 1.2721709242737784, 0.18434906328609735, 1.255997413332932, 5.166385367605874e-2, -7.821119583776429e-2, -0.44859739447819724, -2.1137770020851816, -0.8884866442335967, 0.8163765741863974, 1.2101118563697357, -0.28925518916285486, 1.6867355521504697, -0.13443411486313278, -8.206011266223358e-2, 0.20730699895012913, 1.2600622813045375)
