seed <- 1045
log.wt <- 0.0
penalty <- 2.8115950178536287e-8
intervals.send <- c()
intervals.recv <- c(56, 112, 225, 450, 900, 1800, 3600, 7200, 14400, 28800, 57600, 115200, 230400, 460800, 921600, 1843200, 3686400, 7372800, 14745600, 29491200, 58982400)
dev.null <- 358759.0022669336
df.null <- 35567
dev.resid <- 226152.19054198565
df.resid <- 35402
df <- 165
coefs <- c(6.63004967670402, 5.891187210193362, 5.6060142398589745, 5.269177264849567, 4.986672011440907, 4.772261789093775, 4.7631666747714565, 4.56075508109159, 4.356636185441186, 4.236740179117513, 4.301090264670801, 4.158843772650625, 3.9998113554110653, 3.951833647303958, 3.7515128456833806, 3.524501176631614, 3.2108785699723947, 2.9084190294329395, 2.4773671686483727, 1.9656972927087095, 1.6038916312174931, 0.9279631862402632, 1.0269678873542707, 0.4120301434545849, 0.6595948522741982, -0.9218338062045535, -0.17257952036176796, 0.8732384539105329, 1.0526018353412536, -1.5394140693653613, -2.418608878249369, -2.546971918714306, -0.4868000345316054, 0.7824142544789818, 1.1907717712409986, -1.142074661988062, -0.2244356604917899, -1.1121690599643077, 0.15128653320710714, -0.6337245857187545, 0.8087212024159658, 0.9979889386372903, -1.0637768412986321, -2.124153866130849, -1.3670764066973307, -0.7764936636418662, -0.44214124254393644, 0.38791408879112277, 0.5502469975515044, -0.5502784318129866, -0.5275533374963118, 0.7731285064557071, -2.3555605869161345, 1.7633341236222881, 0.7651724887272711, 1.1241984999696613, -2.2938814873758835, -0.25731510001453883, -0.20524674382115374, 1.1213335684775012, 1.1697770062668769, 0.9948176869360019, -1.2150478160577092, 1.0946364471498955e-2, -0.18884413074786652, 0.1914666812181401, 0.672010950036639, -0.3769382954782755, -1.1802469086860874, -0.5412548701557987, -2.2525388364312824, -0.5624448327145335, 0.7196857889623638, 0.9604694485185583, 0.7618029173385623, -1.0759636941739665, -1.3360122040568188, -1.1126596019029578, 5.952722529270885e-2, 0.78822142707854, 1.3243184849794098, 9.30106036191595e-2, 6.876718125037103e-2, -1.8749085741058182, -0.4183615544512501, 0.3795253582070014, 1.2608263104037467, 0.17179036965332267, 0.8495684516230023, -2.593701673003176, 0.4452694084044146, 0.8365136425397438, 0.992701725221284, 0.3944018609832784, 8.799597080403647e-2, 1.428555532270522, -0.4452932953909488, 0.1636161968482407, -0.39716615477476597, 4.669768830527921e-2, 0.23185125747365853, -0.20531084684154086, 0.6833986358991266, 0.2570103516989839, 0.5627715245537402, 0.8663751538731785, 1.1017535895937076, -1.5395562830379666e-2, -0.10319062422941237, -1.1053940956351278, 0.4212894095762057, 0.7343841581019259, 1.5611016960340194, -0.6495848188977317, -8.8595037944194e-2, -1.2560887336171556, 0.858685619049179, -0.2886735022823797, 0.48224272262733314, 0.8408035940518506, -0.7462295639565103, -0.5075440767931144, -1.238159653028854, -0.7764213652855346, 0.3374768345943367, 0.951201871632761, 0.110144478712759, 1.0848667283477202, -0.6395868560015593, -0.4979651322285214, 0.34884046616838077, 0.8413290710983705, 0.4206226234510476, 0.27608024426547473, -7.422383412120771e-2, 1.0342398611150283, -0.3263738337770372, 1.1558182557828889, 0.7329256742880934, 0.931217436945402, 0.8451659892347136, -0.6897861413712592, -1.2258969155303365, 0.5141791077932157, 0.22819203177668415, 0.5152659551109259, -0.20104292981433267, -0.683874657490686, -2.1361327826036782, 1.3576947215094466, 0.15400603942026997, 1.2337531456179842, 5.3854063720187695e-2, -1.2676649500656747e-2, -0.18151585071232904, -1.9513214742984064, -1.8106086017627787, 0.9074445805238982, 1.2305680751292634, -0.47444109934434053, 1.5016022606189365, -0.31683358239204706, -5.1474143289117764e-2, 4.837158174260892e-2, 1.3300942865338647)
