seed <- 1011
log.wt <- 0.0
penalty <- 2.8115950178536287e-8
intervals.send <- c()
intervals.recv <- c(56, 112, 225, 450, 900, 1800, 3600, 7200, 14400, 28800, 57600, 115200, 230400, 460800, 921600, 1843200, 3686400, 7372800, 14745600, 29491200, 58982400)
dev.null <- 358759.0022669336
df.null <- 35567
dev.resid <- 226222.87410745816
df.resid <- 35402
df <- 165
coefs <- c(6.581637837085329, 5.746050117885288, 5.78905406583601, 5.266774225864066, 5.0006878601658356, 4.886988930589851, 4.788312539512475, 4.576976347327244, 4.371629430694311, 4.2453851833515435, 4.286684227125296, 4.1465815695778625, 3.9719752949141474, 3.942092751595868, 3.7376627314269135, 3.506497022707309, 3.2083681619863977, 2.922757136685283, 2.452339047209972, 2.040872798558934, 1.5608444644049613, 0.9133983271904681, 1.1413363505096115, 0.7329133390874817, 0.5803703336510451, -1.3075999514688919, -0.3304890801413855, 0.8893324570406488, 1.115944395895435, -1.3147464627183956, -2.088090939381313, -1.9806066065359604, -0.43739314710713895, 0.8245141905749303, 1.477792439139263, -1.40050813197761, -0.18383293895267203, -1.100629635185765, 0.22831797808238774, -0.43873676984428667, 1.0111835415088237, 0.9060761542905761, -0.767161910331525, -1.9185477977805099, -0.904878768939827, -0.7647859302070861, -0.451083580882163, 0.2544394300119686, -0.3125772521541279, -0.5759307247094553, -0.3344344205340484, 0.813323787136003, -2.7303997797699098, 1.5728107992461067, 0.7093455015401556, 1.1331300625406175, -2.1562523876880957, -1.825153668126617e-2, -0.5345237352943744, 1.6099080295397776, 0.7325214570868982, 0.676300140963477, -2.060132536322478, -0.5636556992084122, -0.8910040197484413, 0.2688985019827228, 0.6774475581419345, -0.5634303175723762, -1.6172943881465183, -0.5346223305493568, -2.972104940451453, -0.165268971555937, 0.43145727903564335, 1.0159481435536895, 0.7128412307762647, -1.039071147236972, -1.0446185442729836, -1.461666199256119, -2.8393341397624904e-2, 0.6480650851475143, 1.1351399213968716, 0.13440396648164402, 0.2957577336130449, -1.893943094806428, -0.1443525169988464, 0.43055939801619153, 1.2254756295158586, 0.46155291420229727, 0.8698144421489948, -1.8002559043944446, 0.46109372883026917, 0.8304691026360878, 0.8513058346413901, 0.34630868442752893, -0.14515331987674765, 1.5134000614570835, -0.379763152829323, 0.4580743368507163, 4.901871746552636e-2, -0.4274360332427554, 0.47860786091172747, -7.012008090214186e-2, 0.7062343723265145, 3.444486610488534e-2, 1.148915488301728, 0.8295733133593871, 1.24647443117231, -1.0817693958556964, -0.5283084739474613, -0.9901258017391905, 0.4500860545472818, 0.7055263340549272, 1.6468788014069655, -0.8368325701364578, -0.20464397054209488, -1.3610599477249148, 0.7875838161406187, -0.35871543160275937, 0.6001175492765897, 0.5031167135030877, -2.9990606449174515e-3, -0.5683023340868416, -0.8472070331533411, -0.5635973072109262, 0.3201077026603577, 0.8004909824163899, -2.5920717222718624e-2, 1.0516121742638092, -0.546599077907709, -0.4399709089356704, 0.42082324935870036, 0.9958422760736194, 0.68493068815377, 0.5537106438684857, -2.3575883123940024e-2, 0.984408222475239, -0.14615706634975875, 0.9781592186084156, 0.6843533219521689, 0.969202205562012, 0.8274555023377342, -0.7993444820133799, -1.1194175951014196, 0.645810722481581, 0.35798024506745296, 0.4771618901221219, -0.24368731763102222, -0.4396422580276416, -2.2397025461245814, 1.260627505525272, 2.9103806841493097e-2, 1.2513511572752105, -0.3459286868367539, -0.13250786204421497, 3.998141853664458e-2, -1.7139409779589552, -1.2354266074674518, 0.9308338938154591, 1.1737866605188216, -0.38200450013808845, 1.60934521173316, -0.30344194466188484, -0.15336741075724147, -9.462998391634285e-2, 1.2579458938077888)
