seed <- 870
log.wt <- 0.0
penalty <- 2.8115950178536287e-8
intervals.send <- c()
intervals.recv <- c(56, 112, 225, 450, 900, 1800, 3600, 7200, 14400, 28800, 57600, 115200, 230400, 460800, 921600, 1843200, 3686400, 7372800, 14745600, 29491200, 58982400)
dev.null <- 358759.0022669336
df.null <- 35567
dev.resid <- 226117.53063885492
df.resid <- 35402
df <- 165
coefs <- c(6.617656146107706, 6.0664711577396115, 5.659063596755392, 5.442926025787343, 5.065716958513277, 4.874610221534857, 4.789746106295538, 4.71038503646372, 4.4030609589589265, 4.292127161483109, 4.330457761278564, 4.168055193737629, 4.032467502270186, 3.9770421037800263, 3.734003828235152, 3.5290842375337927, 3.231371363770765, 2.9259616124996457, 2.5122427350067267, 2.1087036249031867, 1.6513130917167733, 0.8615455496628978, 1.0308509502432481, 0.3854440831391038, 0.15961150178328248, -0.989728543243728, -0.11837387827914655, 0.9500510182901922, 1.0805968050932073, -1.2600272905807046, -2.2852950867417063, -2.732048617117413, -0.3517727683795088, 0.7457490818439954, 1.197175600790983, -1.1798024349542842, 0.38050097019830315, -1.1721058870622327, 0.22469562556100794, -1.1143849632636813, 0.9560706658617569, 0.9361646423392452, -0.8314678848981119, -2.6033574133231867, -0.5153839910234639, -0.7930729571268439, -0.8756476952819765, 0.5397830917495251, 0.32884565159678425, -0.8599139344367114, -0.13830838995508493, 0.9876373822886927, -2.8141301920869544, 1.6672886712661896, 0.858759566615311, 1.1860832496084242, -2.506396490153909, -0.2457744934909125, -0.4677908337107912, 1.5133634010405437, 0.7562785713129699, 0.8263767074985893, -2.060435669417603, -1.4035467050529828, -0.4720422092770464, 0.23625269859188874, 0.6031906287353112, -7.499692675487367e-2, -1.2005180398194197, -0.5812457878038579, -2.098562198081115, -0.6327331752676025, 0.3517859951633505, 0.9202774575976403, 0.7476091584962704, -0.31109375161069114, -1.188878466694888, -1.2395365463504446, -0.12214809075065532, 0.9686545228718645, 1.2599685097294835, 0.19596950601850122, 0.38038234766802076, -1.89471543452387, -0.25296033632723136, 0.21180823376047853, 1.3401114080338592, 0.5512248643372867, 0.9311736613355308, -2.323839522238259, 0.5553378266646186, 1.0496383947057162, 0.7700348007535442, 0.3463230507594579, -1.4932646694557426e-2, 1.3442180516775146, 4.788464079086907e-2, 0.5591361276219727, 3.634609787950016e-2, -0.18703696869593578, 0.42006472309758525, -0.5100544324529752, 0.8263738319257872, -0.7739119987182279, 0.5315840113521245, 0.854815809420679, 1.0951613046067332, -0.6361782652326832, -0.6484503880316342, -0.9076974072517607, 0.45489955000793114, 0.6201945237463182, 1.6095911226335011, -0.4625299000504851, -0.33299854370175125, -0.897400237301225, 0.7245670353355933, -0.3239272652186764, 0.3498723988225707, 0.819347815391312, -0.7180022272344491, -0.38609423542186383, -1.3851073560916516, -0.28193019730373375, 0.35115861056593384, 0.8836037334507217, -5.005776673802913e-2, 1.1588029477015842, -0.3534112834313272, -0.3973510678244521, 0.384953420650251, 1.0648106702603044, 0.5988069159712676, 0.517176666806034, -0.23709573503559458, 1.0684851655206307, -0.23958982992343122, 1.0642159841258096, 0.724227903665056, 1.0895261057975103, 0.6523245449099478, -0.6290562386856442, -0.9179121582212681, 0.6399861573103617, 7.459095563801552e-2, 0.4225867455622693, -7.493172906913534e-2, -0.39943386631620653, -2.209407066907262, 1.295432894796896, 0.24937546876626537, 1.421425139917682, -0.192482378432901, -3.397518755523914e-2, -6.355049079200988e-2, -1.9635239605902777, -1.0788922508615473, 0.8581780685693496, 1.2105909178695993, -0.4801665019398559, 1.5753921763022114, -0.2869709328978687, -0.19529785354199922, 0.2075848326121635, 1.1814860491598866)
