seed <- 714
log.wt <- 0.0
penalty <- 2.8115950178536287e-8
intervals.send <- c()
intervals.recv <- c(56, 112, 225, 450, 900, 1800, 3600, 7200, 14400, 28800, 57600, 115200, 230400, 460800, 921600, 1843200, 3686400, 7372800, 14745600, 29491200, 58982400)
dev.null <- 358759.0022669336
df.null <- 35567
dev.resid <- 226802.33276274407
df.resid <- 35402
df <- 165
coefs <- c(6.305191226697274, 6.129935806857375, 5.683726797986354, 5.376120507186788, 5.106283160240781, 4.891785179612755, 4.7273759935857775, 4.607605386348853, 4.436580727819922, 4.260344805912219, 4.299805375023459, 4.17345609370143, 4.01321156507751, 3.9436395191692135, 3.7665196187237107, 3.506262976343048, 3.2777024910109156, 2.9698902077685196, 2.484449674406505, 2.0242634689344965, 1.5614293818519902, 0.8676804886635866, 1.0052082198460663, 0.2437454635742424, 0.2648875821238889, -0.9068780383541957, -0.22301710912255995, 0.8994609462297808, 1.0463656194666255, -0.9162181372493352, -2.5627592226712346, -2.3822230114417358, -0.7336785403601627, 0.7355010220197084, 1.2419419818861315, -1.1900623348866892, 7.421638491308437e-2, -1.5192335410054578, 0.11459123625914541, 0.13878438580402228, 0.8362761634094981, 0.5343569751228296, -0.5114430337986499, -1.9511770281682572, -0.662379421411585, -0.6634805722444783, -0.3241689022906326, 0.38636038356900065, 0.6150297017803935, -0.9691875879012354, -0.3329228027891112, 0.9617476048797758, -1.9897295297551558, 1.4822545527040139, 0.7080222355936445, 1.1307664584128088, -2.187919175781176, -0.20120108311760201, -0.46353074808418504, 1.481912301885573, 0.5615594186586268, 0.8252434621595335, -1.8613255574643783, -1.3454977015220055, -0.533026422146544, 0.22352443658905624, 0.6238311370249543, -0.6076713901900156, -1.1757844419808627, -0.5047386155538459, -2.2919897493264467, 1.2830864579278466e-2, 0.37419366750098365, 0.9409491687237734, 0.5895573276360891, -1.392331315151543, -1.4638029385375038, -1.1595426498700514, 2.414294891627292e-2, 0.7242680159965657, 1.2071535095033283, 0.12552103432453937, 0.24437826613984026, -2.173149651001764, -0.4910894005564184, 0.4305653393261458, 1.2194260910166432, 0.7164089850552053, 0.7824874701599901, -1.512186013201905, 0.4037816583955107, 0.7649757505320023, 0.7324270065761641, 0.365599871171307, -4.580977434570696e-2, 1.2658412924325964, -8.421703297319323e-2, 0.46882373701649155, -0.12134854140039876, -0.39477292021975663, 0.3380547858915629, -0.5605632589187195, 0.7440310802893515, 9.747447961421304e-2, 0.7735756173499077, 0.7976644838138621, 1.0170779133650065, 9.382257755585266e-2, -0.5622595218752194, -0.5484220291600513, 0.39642311632852734, 0.7056127783593528, 1.5528931312328125, -0.42897292459939, -0.133400367299055, -0.8847151784080696, 0.7109592833111199, -0.3118531426816717, 0.56231522088786, 0.6270248985863396, -0.9785666651306051, -0.47096767948668833, -0.8147960713477655, -0.4620141621107279, 0.26785974162608434, 0.6426032174543171, -3.052905073045804e-2, 0.9431931166553136, -0.4850098076265317, -0.4546841804086585, 0.24204197294191998, 0.94612231695174, 0.8568628267625218, 0.3991644023355789, 3.970605525130432e-2, 1.0745360864890396, -0.34136077677710586, 0.9472149438200356, 0.6935788818555517, 1.00450879484095, 0.7535036357014939, -0.7239577031850701, -1.0684934908267703, 0.5459199649760014, 0.3897242944224158, 0.44946221892200927, -0.12117735068984739, -0.43185184322511505, -1.971381940928017, 1.1140339717563288, 0.10315991143974289, 1.1826652769801, -0.10086972023070395, -3.205160280180127e-2, -0.11897091019302691, -2.240368078222172, -1.0203412556264562, 0.9004805474241181, 1.1148836063222682, -0.47008284458804406, 1.4753646963579725, -0.366505113607175, -6.241617901558747e-2, -2.2065284823838648e-2, 1.1680220549489049)
