seed <- 461
log.wt <- 0.0
penalty <- 2.8115950178536287e-8
intervals.send <- c()
intervals.recv <- c(56, 112, 225, 450, 900, 1800, 3600, 7200, 14400, 28800, 57600, 115200, 230400, 460800, 921600, 1843200, 3686400, 7372800, 14745600, 29491200, 58982400)
dev.null <- 358759.0022669336
df.null <- 35567
dev.resid <- 225389.6653386796
df.resid <- 35402
df <- 165
coefs <- c(6.5636848215116235, 5.448680730292559, 5.559137683226394, 5.398564476851422, 5.008567508294955, 4.854101558483749, 4.846161998646746, 4.597880932500201, 4.345290593843631, 4.273132153519469, 4.349657834712776, 4.1063920309443915, 3.985414726955593, 3.928830667350942, 3.756583346062745, 3.5525131928645086, 3.2568736259418856, 2.9851328169496334, 2.5137223826213577, 2.0179457219602552, 1.5268194677739628, 0.937357283368247, 1.1061097822710568, 0.351577478251183, 0.597787938055024, -0.7761542714044957, -0.22660056328613945, 1.0719999126595923, 1.1644195550690417, -1.5555775822188846, -2.3120648607069128, -3.0397486483658533, -0.14985427228891315, 0.7316358785025737, 1.3790519410142417, -1.518639865101131, -1.0824554305633127e-2, -0.940996882775298, -7.474874403526229e-3, -0.7765761558432812, 1.0560615108276799, 0.8452104495975975, -0.9850197921100785, -2.4166906122024434, -1.1693984372726174, -0.7441186075323698, -0.7865918686144687, 0.22498964739816935, -0.2981245453539944, -1.2512860846034413, -0.6441687956011005, 0.9565598776722625, -2.527323332217809, 1.7362007946905793, 0.7967719587987798, 1.205188364838925, -1.94949777209223, -0.234999147196018, -0.11166090524589573, 1.3831509512018245, 1.4630879401532475, 0.8517651608705, -1.0476406658527868, -1.3341876217202058, -0.645679560321105, 3.696900663755526e-2, 0.6708223503159124, -0.5129923692855897, -1.7895706475138693, -0.6132634010232455, -2.5992526166894865, -0.3549319118794499, 0.23535895968624276, 0.9509595959139685, 0.7392785791227139, -0.792259922376748, -1.7865090673174557, -1.0670748968715025, 0.11251229851037697, 0.9009849421376429, 1.2438448655343477, 0.11679748529670526, 0.339571320886523, -1.9596000216725955, -1.3296472586561172, 0.4650774929354379, 1.2792509485428556, 0.5527751632953408, 0.9986088982161704, -1.707482617535208, 0.6569475281022251, 0.8443328700522167, 0.8619599373988314, 0.37118820550493314, 6.725218244949846e-2, 1.351071693756464, -0.4169016499486024, 0.4520943180325798, -0.15960207983937721, -0.539995533736353, 0.6368247318745835, -0.2349584552819352, 0.6921017720523763, 0.49606818092529636, 0.5839058085934086, 0.8398104237692373, 1.2485762307701718, -0.2572419670244765, -0.16031121956164018, -1.2596376278224481, 0.42447520330025096, 0.6594895885236656, 1.6876970725451914, -0.9828257777063493, -0.198232492355137, -1.1555467977734584, 0.855882736030898, -0.28944079115639465, 0.5923192376836578, 0.5788689651384298, 0.11445421573329895, -0.2682084334395145, -1.3653175913294553, -0.5650801791130646, 0.4021997970118043, 0.930947993048158, -0.10588269550160813, 1.1898257842432853, -0.37365513299358444, -0.4113045908216064, 0.2876292290017104, 0.9839923281425674, 0.7514628430076359, 0.438693992180664, -0.1477295186328264, 1.2393699368169204, -0.29715084586657875, 1.1119137171913742, 0.7082328616403758, 1.0948609069102082, 0.8028383467203117, -0.6460780996800216, -1.3775937560141147, 0.7107017391446543, 0.27729947846428044, 0.5101644566929705, -0.11072474801599322, -0.4969813627429147, -2.2733942438943857, 1.3132298539251803, 0.1696996739023258, 1.3351581499425869, -0.17326739254742937, -5.758463903167007e-2, -0.1454107775129049, -1.4939390373556514, -1.2236421472737533, 0.8275282834189891, 1.2662541059953547, 2.488629656475239e-2, 1.5842454840729716, -0.4265524854766439, -0.20588860264854894, 5.85592285770245e-2, 1.2568119604308412)
