seed <- 231
log.wt <- -15.552822915501547
penalty <- 2.8115950178536287e-8
intervals.send <- c()
intervals.recv <- c(56, 112, 225, 450, 900, 1800, 3600, 7200, 14400, 28800, 57600, 115200, 230400, 460800, 921600, 1843200, 3686400, 7372800, 14745600, 29491200, 58982400)
dev.null <- 358759.0022669336
df.null <- 35567
dev.resid <- 225652.57987726753
df.resid <- 35402
df <- 165
coefs <- c(6.479823662065983, 5.845056554916167, 5.748601717747661, 5.34059345214221, 5.045282297198875, 4.98626620232404, 4.8048226481698135, 4.66106325482556, 4.311245137281438, 4.259037443111938, 4.291353987037826, 4.1615393266571745, 4.032351738772212, 3.998457437850217, 3.758487671121573, 3.510300477703357, 3.2692432597008456, 2.9522059026816807, 2.501197660662497, 2.087654180202928, 1.5959863868285176, 0.8998228499608331, 1.0604506734303702, 0.47020737916990957, 0.1301492950761553, -1.0555316120478622, -0.2706039460840701, 1.096703098130856, 1.0609361097532155, -1.1129388458706133, -2.4254564441163544, -2.4096178977371445, -0.25591930240823707, 0.7675770627300728, 1.425629759809973, -1.8426703340237605, 0.14052657935143714, -1.283405219869887, 0.36518959812658663, -0.31335456608020695, 0.8182952320455606, 0.8649685450473733, -0.6828108664392345, -3.2036369199630763, -1.442336156167754, -0.6455880469495225, -0.41377180057304086, 0.2648316797309522, 0.4175409561193169, -0.8328977449480249, -1.9304455687071294e-2, 1.031319685523955, -2.324076454782011, 1.84164277203392, 0.658984001673922, 1.0948812042757443, -2.5724902337197926, -5.6393932707414746e-2, -0.9264306559970092, 1.2198638902593681, 0.8710817995238016, 0.6475102545310362, -1.737154883387246, -2.3381653996472194, -0.7871033127376247, 0.18771963861457258, 0.6644209510362913, -7.403723253756947e-2, -0.8707372252041096, -0.5704700959614791, -1.5988031572361687, 0.19408541279787855, 0.4172757954124142, 1.0545972860211181, 0.6715327921819519, -0.7009163497080123, -1.1301418829637944, -1.3007490332912144, 0.12001859046907978, 0.8121362947220734, 1.2014775782666904, 9.229603144131741e-2, -8.011958780027732e-2, -2.1692450111693717, -0.9735795817006576, 0.3525342511876174, 1.2597467431786207, 0.33244576954645544, 0.7997911126868482, -1.8576694708641808, 0.44007292405112663, 0.8353492880480753, 0.8203897053213121, 0.4035553214993824, -0.25490186863978626, 1.2928234075654748, -0.20468566929309187, 0.4890217326097637, -0.20769128935204784, 0.11528106754033882, 0.47636976929749825, -0.8221127869034152, 0.8504437198518782, 0.2652295801429804, 0.8904829364199175, 0.8277386845224142, 1.1840134936076148, 0.14399770236171744, -0.3012606848810482, -1.0418647656752154, 0.3796363516422086, 0.8438596386363173, 1.5030097385514194, -0.8269190959246349, -0.16070595391439094, -0.9384040688591323, 0.8011176342029362, -0.43007105869759327, 0.5457351303042575, 0.9856731778985113, -0.20781310206426615, -0.3565024048391273, -1.3225530524451696, -0.8564403394675918, 0.2615485525629818, 0.8387276829693138, -0.12513546513008583, 1.136250062643794, -0.3672776374879804, -0.49937714023584817, 0.48288985831802217, 1.2400129850363388, 0.5811382065311033, 0.5110101728269578, -1.9207539666502755e-2, 1.1545203925094196, -0.3797421315724327, 1.1594506353939524, 0.6865537160371972, 1.0764785006587134, 0.842737169646586, -0.6438241306701277, -1.1935624604231991, 0.8559093429110884, 0.2094096233039896, 0.5950647995448478, -0.3113264809089609, 5.289788961115724e-2, -1.7545784698351008, 1.3068599126860152, 0.16345764864081055, 1.3305322329697664, -0.24332823230552977, -0.14526554493214466, -0.23112938480076567, -2.655489632538147, -1.079783217379183, 0.9204632506588118, 1.2117361624015466, -0.418150886595502, 1.4556917369930154, -0.27897995389117597, -0.18984282216025322, 7.483895563563016e-2, 1.1958837634359116)
