seed <- 793
log.wt <- 0.0
penalty <- 2.8115950178536287e-8
intervals.send <- c()
intervals.recv <- c(56, 112, 225, 450, 900, 1800, 3600, 7200, 14400, 28800, 57600, 115200, 230400, 460800, 921600, 1843200, 3686400, 7372800, 14745600, 29491200, 58982400)
dev.null <- 358759.0022669336
df.null <- 35567
dev.resid <- 225856.45487024062
df.resid <- 35402
df <- 165
coefs <- c(6.632421196891213, 5.644851522982795, 5.683330959006931, 5.277027326043844, 5.1814248713556665, 4.831904206040069, 4.673838726240605, 4.630638383506384, 4.412282431156124, 4.263243971222118, 4.239066060263313, 4.117510061705295, 4.04539619078549, 3.9336135201976896, 3.790808123441658, 3.556982189544358, 3.266764626069317, 2.978492277884135, 2.529765108829199, 2.085837066284301, 1.545700546002781, 0.905276969394099, 0.9040627249795767, 0.2150041267424996, 5.604698430197763e-2, -0.865810352889434, -0.12072976071123567, 0.8422826247572878, 1.042301551483771, -1.4721681826584476, -2.1018919136392467, -2.043828856476355, -0.10085354256675592, 0.7494026547245857, 1.2315010444166519, -1.4484508085905528, 0.26739031516916584, -1.4507625576157175, -6.153793700934764e-2, -0.6366948293541024, 1.021450224337855, 0.7837153547539095, -0.7780825962780262, -1.998880806072885, -1.2434131172652079, -0.7563755827860056, -0.3347266914889887, 0.31941678982618416, 0.48083490087225667, -1.11262104211569, -0.36278682925889383, 0.6266208153660252, -2.532840899019291, 1.633329045619328, 0.669504803433426, 0.9966562601403345, -1.9081113983259828, -3.249500071748676e-2, -0.4796364998704155, 1.3031982220235454, 0.8872350216664545, 0.8503388528059904, -2.2337919756224927, -1.3853673302127865, -0.7814391988671036, 0.1855248114104672, 0.5000596426893181, -0.8417216802943528, -1.2591741685375792, -0.6968247540514614, -1.667130700590028, -0.1239692921686273, 0.7698254086221167, 0.981229779997481, 0.8017728922220274, -0.7678308995274638, -1.0985509950005505, -1.41193896630758, 4.967264609537918e-2, 0.7139953968857167, 1.2160888815580946, 0.165311778510542, 0.47189392981281203, -1.652271355980272, -0.10662105582153583, 0.2747952287578461, 1.3045223915758335, 0.5911285681843453, 0.8886170303974951, -2.278977277405113, 0.5445885722997773, 0.8624359448006825, 0.7254532026221591, 0.43371803059534647, -7.91346030932081e-2, 1.1262844419946132, 0.15260967784221566, 0.35858724716267737, 0.20582217176900444, -0.32304535707652055, 0.40687931206685807, -2.532227616496536e-2, 0.8001103934623749, 0.23481435414036508, 0.6787206364206461, 0.8335930754284104, 1.075552371757171, -0.15351024240341737, -0.8765144361906579, -0.7606651705965615, 0.44879357648218443, 0.6879463886190622, 1.619502882855983, -0.570106154681197, -0.2759759768003968, -0.8484069495171579, 0.7966584592035806, -0.4085026249003665, 0.4158413352094375, 0.8262486957161317, -0.6312326691207829, -0.23472642681923733, -1.008148582246125, -0.33678211898071725, 0.35246735040506394, 0.9745520174578983, -2.8719481540248126e-2, 0.9508461627958755, -0.667869219844377, -0.4767968864667174, 0.2348127858035569, 0.935236257678202, 0.7414349870258516, 0.5222257224230984, -2.6745685067741633e-2, 1.0377476949577207, -0.461740702345459, 1.0516795508133567, 0.6829472736219493, 0.8844153429859696, 0.7729109034699494, -0.6372850850558558, -1.3726497801184665, 0.6056571067796391, 0.35432743085234925, 0.5598734125965465, -0.20158505378701144, -0.20682355889636952, -2.0139931479518043, 1.2699452617879794, 9.491780565589336e-2, 1.1356666344854252, -0.22772077121507234, -7.90225746751588e-2, -0.40038591681810404, -1.9528439416179524, -2.0953365652194065, 0.8775353062930341, 1.2544147916537922, -0.1291819978364631, 1.557346591637442, -0.14023318462569623, -0.1571311690002424, -4.599180387385058e-2, 1.2173101344804984)
