seed <- 1023
log.wt <- 0.0
penalty <- 2.8115950178536287e-8
intervals.send <- c()
intervals.recv <- c(56, 112, 225, 450, 900, 1800, 3600, 7200, 14400, 28800, 57600, 115200, 230400, 460800, 921600, 1843200, 3686400, 7372800, 14745600, 29491200, 58982400)
dev.null <- 358759.0022669336
df.null <- 35567
dev.resid <- 225880.15333370114
df.resid <- 35402
df <- 165
coefs <- c(6.543106832057649, 5.789998727098633, 5.671419041234831, 5.357849018157677, 5.108544263185016, 4.924481651108395, 4.714926486370205, 4.6748521702587515, 4.375441833124021, 4.25281382266917, 4.222802144488163, 4.194308111639427, 4.010507396600251, 3.9690441897712003, 3.7567782612308234, 3.52632932652076, 3.2643495591231417, 2.953946542603536, 2.4584705782635115, 2.061373220234946, 1.589234621451204, 0.9019398056370802, 1.0078905001877239, 0.5464029311996195, 0.5449366706047545, -1.1443239013765973, -0.5834237338600998, 1.1016012069632333, 1.046260488906106, -1.4186233993030928, -2.3556158492250883, -1.8542290832327324, -0.1373665814057456, 0.7698900107908907, 1.3695601715944854, -1.4126759208450754, -0.4958171781293121, -1.6176444758785784, -7.924797292147506e-2, -0.7683371245367381, 0.9748469099366506, 0.8945359644897667, -0.909788712736278, -1.7495627557738807, -0.7188153885667582, -0.8584185651646635, 8.721242684627568e-2, 0.5568027265391572, 0.2286400036324089, -0.45795223803997404, 1.4797655144291585e-2, 0.7825044402863156, -2.3573645787113797, 1.754403689664673, 0.7867504709218938, 1.050254828135483, -2.2241073336126513, 6.353680074920012e-3, -0.6661542229598358, 1.6077770228761177, 1.20159997060199, 0.8263131468912639, -1.4120644076271154, -1.2893676022659486, -0.6209207773324324, 0.2821980047609628, 0.6397677301207721, -0.7650405863792644, -1.341965028367645, -0.7665386748718878, -2.4411096580027882, -0.7500255316457163, 0.6563715756684717, 1.016363603122362, 0.6846566783351663, -0.7819484858541101, -1.1344816198558332, -1.346586496606711, 3.0430274356038806e-2, 0.6337925890301268, 1.132541997390279, 0.16585337044752707, 0.3896983479283836, -2.113094081240301, 6.107422504526274e-3, 0.5723620335053864, 1.2578124614049928, 0.47681474664094414, 0.7477649008201024, -2.4260696289595893, 0.5467490609208312, 0.5579997001493929, 0.7388223370859747, 0.32723271858009945, -2.3358839554732537e-2, 1.4201465385614926, -0.8932065705266783, 0.12583118908168256, -0.2533832209399199, -0.16895033309592697, 0.41066875499695893, -0.3153044495106999, 0.8635433528499492, 0.24270411293412694, 0.7002838133601933, 0.8085904384184663, 1.100050164459588, -0.4245603368921678, -1.3024575015935271, -0.8709593901072819, 0.4914057899410436, 0.5285872337873396, 1.577456631490051, -0.6605892230254058, -0.20015153352380044, -1.21636457649846, 0.75256885886478, -0.28257787001593654, 0.2314603594667946, 0.7335715675005028, -0.38871072937315365, -0.5715543910555285, -1.257425721528186, -0.43219136336488134, 0.2934526924028031, 0.9515670215408266, -0.16386084417229915, 0.9299734779027683, -0.5920385123090532, -0.4298759647562784, 0.34213750497231726, 1.0120841081312626, 1.0098268580029297, 0.5693140262712435, 0.10188752876987892, 1.2405061986542139, -0.3816568233162601, 1.1039915028237515, 0.7551392094651291, 0.9804989760620001, 0.7405076764049195, -0.5729598681045149, -1.2180299230507163, 0.7523172991518455, 0.4879974702594715, 0.6270417330652295, -0.12281709771850338, -0.2446270583838856, -2.0812833812421294, 1.3475733711942668, 0.15346373419622242, 1.1887490158428151, -0.16675582735289884, -6.948908103567702e-2, -0.17935683188751164, -1.9287463233367677, -1.0552879916518816, 0.9252086645207847, 1.1578020409998275, -0.44459185883054564, 1.5252568019056016, -0.1670963570687661, -0.14642689317339422, 1.2243018276751401e-3, 1.1163239885085356)
