seed <- 443
log.wt <- -13.039547689358397
penalty <- 2.8115950178536287e-8
intervals.send <- c()
intervals.recv <- c(56, 112, 225, 450, 900, 1800, 3600, 7200, 14400, 28800, 57600, 115200, 230400, 460800, 921600, 1843200, 3686400, 7372800, 14745600, 29491200, 58982400)
dev.null <- 358759.0022669336
df.null <- 35567
dev.resid <- 225576.7931840716
df.resid <- 35402
df <- 165
coefs <- c(6.273865912444194, 5.9427492664344985, 5.833468416660316, 5.307638068838451, 5.0566345814133555, 4.847600968896227, 4.756618163818065, 4.616410036686033, 4.403738162079844, 4.33125194962408, 4.251319014882228, 4.196929307957316, 4.048673016190725, 3.9770919514335863, 3.745674779946277, 3.5504012736220956, 3.240086565602179, 2.9335700596881518, 2.476950261129381, 2.066300103839319, 1.5686869653562296, 0.8683309401055308, 1.0549770158355412, 0.23874943502242923, 0.7669882854121908, -0.9472003540264197, -0.2758188148286955, 0.9289539098886616, 1.1036146853562012, -1.5734330089988597, -2.424641277192171, -2.5888171720129485, -0.35302950935294364, 0.7539523890570301, 1.1812117885427909, -0.6627738513427436, 0.1020374047952669, -0.6975596375875955, -0.22512488419527887, -1.2284244153451884, 0.940351823646318, 0.8588511559907446, -0.8817620799176219, -2.158096120554302, -1.2958966890184296, -0.7198737139156405, -0.823711661164602, 0.15804389400729615, 8.060119596340458e-2, -0.5166958458728207, 0.2042402645045054, 1.2494151968592986, -2.2423098159808132, 1.779214401276957, 0.7744505548001541, 0.9457731696502433, -1.9034271627607156, -1.0742789154748815e-2, -0.3991776037965962, 1.1101391454094667, 1.3438996417155735, 0.8202886904822653, -1.5901826679765723, -1.256070617777711, -0.3479308221964437, 0.21087946784328257, 0.6481516702379349, -0.30980484178719614, -0.8921116577484328, -0.6524487657202764, -1.5967438494961426, -0.2879602126832531, 0.503115087385363, 0.9088970679437003, 0.6778421177282337, -1.196537615559549, -1.4419830987253803, -0.9149292357021979, -0.11473458280499486, 0.7007574065657147, 1.1048234759973523, 0.164406353216957, 0.3643005560021671, -1.6362810142046966, -0.874937791540391, 0.35381310483859413, 1.1961747011886992, 0.4535919390192175, 0.8714874003589732, -2.6074864146486245, 0.44813275613229675, 0.668301437914234, 0.7338076048134309, 0.32631300211013625, -0.15220639780675485, 1.2887590954954513, -0.583852568477676, 0.18974579803514777, -0.11018067811128726, 0.30412040127422263, 0.28963731618196153, -0.3438620257993571, 0.8585548608935085, 0.4478708701649417, 0.6435667918878608, 0.8054106406170713, 1.123910468524296, -5.422653761569927e-2, -0.642244645926774, -1.222989300281235, 0.3222921462186022, 0.6661925212786556, 1.6059777357790546, -0.4225196981467416, -7.852966443339363e-2, -0.7126854010030856, 0.7126276077252486, -0.287021992213713, 0.48658340796686517, 0.3422199224809993, -0.514477842222183, -0.5264569263351204, -1.2111931597376169, -0.751249715131331, 0.28393273930766383, 0.8584895571751736, -3.7125748117117316e-2, 0.9491796547119291, -0.4565793563105563, -0.4475430228307524, 0.23641650599981046, 0.8478940524435055, 0.976739260969989, 0.3060659509396908, 8.620901859733192e-2, 1.2084200510835084, -0.25681415268526725, 1.1124099229179303, 0.7652811566059695, 0.9350942600522487, 0.7537256473284444, -0.6639320231118521, -1.3842323825969962, 0.5877963187900378, 0.4395781867693936, 0.5167840006610358, -0.2540553509609325, -0.33301662766861667, -2.392001637319492, 1.340137991652436, 0.20687111585457232, 1.1997651172463362, -0.20612045985450836, -0.13685101815967537, -9.132784801037801e-2, -1.9323602478027866, -1.5974462148441482, 0.8153074512027432, 1.179797307572893, -4.5395027921182246e-2, 1.5860378262770862, -0.29775211356093545, -0.16464876205912798, -7.733838094812018e-2, 1.1586137072932088)
