seed <- 173
log.wt <- 0.0
penalty <- 2.8115950178536287e-8
intervals.send <- c()
intervals.recv <- c(56, 112, 225, 450, 900, 1800, 3600, 7200, 14400, 28800, 57600, 115200, 230400, 460800, 921600, 1843200, 3686400, 7372800, 14745600, 29491200, 58982400)
dev.null <- 358759.0022669336
df.null <- 35567
dev.resid <- 224772.4527137453
df.resid <- 35402
df <- 165
coefs <- c(6.455217865574953, 5.9071641191337445, 5.737683007295894, 5.173271321655096, 5.106404605282018, 4.94578603033691, 4.797921738914334, 4.683016853488383, 4.368102730706285, 4.341056831799898, 4.306070818604832, 4.167981075339099, 4.036723675735861, 3.97526654440816, 3.7791120561742, 3.5126597178239463, 3.236945052602612, 2.94571030508449, 2.5540335316030727, 2.152027276655325, 1.587198883583731, 0.9563418604174471, 1.1052309375774407, 0.40014484799145855, 0.3379366875982515, -1.2601897668055093, -0.4064771048488703, 0.7399566153923008, 1.0814561986866917, -1.5370814021269834, -2.4166318924518753, -1.7534861043374472, -0.5359007428892086, 0.7571026555505549, 1.4311035406823691, -1.4937516617011564, -0.22936649334625758, -1.226747869685821, -3.176799669665591e-2, -0.6227323365872264, 1.0565769544449646, 1.053273946476698, -0.9831636351729779, -1.6290797670380974, -1.041454298805509, -0.861948655010099, -0.18444639113774827, 0.2067011223446158, 0.408350730476034, -0.2139724386911312, -0.11938200198161088, 0.9913271194599546, -2.7243334463759608, 1.7260902402838336, 0.9027705706109265, 0.9565998046672044, -1.9310847040408574, -0.19947271724458768, -0.5655502610620372, 1.681318263069227, 0.8332618870834639, 0.8143326389654135, -1.5624888774777972, -0.727052958173312, -0.7358391092269266, 0.3253736220648489, 0.7068931488407355, -0.3883544417018984, -1.0098072204190067, -0.5713807512651752, -2.3452263926998964, -0.47114436631139583, 0.49405207380968447, 1.0021290483630894, 0.6706923256643327, -0.7523203676177734, -1.2756574837093946, -1.2528379780520602, 2.1655676694469377e-2, 0.6198063207769171, 1.137141791472288, 0.10837860487044612, 0.1811372993396031, -1.9547693653710305, 0.1587555723736218, 0.5774014856103187, 1.3072404782312022, 0.45571262930124284, 0.9114741121481967, -2.6516802147417677, 0.37860530579972135, 0.5811056161798701, 0.8090625602507285, 0.42054150503588633, -0.39391011547575744, 1.3299808650404963, -0.4138081722465511, -0.24177142113810862, -0.19108954784723545, -0.1214300114844619, 0.4175644425249395, -0.5633751162645039, 0.8711680345534657, 0.4176424821697647, 0.6686903619821392, 0.8658605672764305, 1.1843040119768733, 0.3404135557645713, -0.6810625340349852, -0.9450335282352054, 0.489249157477913, 0.6023178351547119, 1.63589688686274, -0.48750312162698267, -0.2806399736744635, -1.5710119447645383, 0.7968073792476454, -0.2370863681275393, 0.6222033811636369, 0.5694937085817736, -0.7147629344654163, -0.5289458242555475, -1.2827416717837656, -0.37165777448530346, 0.239008928445633, 0.9750193373889274, 4.410735630087604e-2, 0.8868029332739086, -0.6510143287769059, -0.48112195198676055, 0.18915352985476677, 0.8541747858784131, 0.640221067292399, 0.5026972110732028, 6.822756876822374e-2, 1.1295386865772432, -0.3540476900284217, 1.095743962737464, 0.7455785951986295, 0.9228091984773773, 0.7599627092845344, -0.6598533523658265, -1.3453237853361533, 0.5369019804705347, 0.2777224471830029, 0.637351369207633, -0.1696205354072662, -0.7974271684359169, -1.8734978170479106, 1.3470571506880125, 0.16312371621577032, 1.1518865358276402, -0.12894712732120495, -9.736139715099876e-2, 0.12132424511700836, -1.9994637357575245, -1.1113003317232544, 0.8827490955916598, 1.228158205901412, -0.5262322691014306, 1.6213980232755034, -3.0080426827555767e-2, -0.1534669029153221, -0.19472063353074598, 1.1265436200153551)
