seed <- 158
log.wt <- -15.061911064667427
penalty <- 2.8115950178536287e-8
intervals.send <- c()
intervals.recv <- c(56, 112, 225, 450, 900, 1800, 3600, 7200, 14400, 28800, 57600, 115200, 230400, 460800, 921600, 1843200, 3686400, 7372800, 14745600, 29491200, 58982400)
dev.null <- 358759.0022669336
df.null <- 35567
dev.resid <- 226115.4941634371
df.resid <- 35402
df <- 165
coefs <- c(6.385061962582589, 5.781695961215746, 5.59381366025913, 5.282118571915472, 5.109472018858902, 4.828732225231894, 4.796588180468237, 4.676404528885742, 4.396058455114366, 4.280277755467275, 4.3149156258208565, 4.16094634763775, 4.008760408919475, 3.940258328445431, 3.7448980267570176, 3.555113328877809, 3.241970517327291, 2.9439866286036747, 2.5106367943020533, 2.0721439840975076, 1.6728988060670353, 0.901949324702965, 0.9936921843283769, 0.4338328445039929, 0.4053330522904421, -1.1923241341684852, -0.2419663986782115, 1.0299547651862817, 1.1052806962834425, -0.9544495978726462, -2.417384663964123, -2.2994040182705615, -0.607240367171002, 0.7946946308134163, 1.2122759318862193, -1.1415192058577182, -0.5301618024880522, -0.6188714616890287, -7.122453680591288e-2, -0.752360138426977, 0.9524151554374805, 1.019489724484342, -0.9823996885289863, -2.3329382242079784, -0.9905502809880625, -0.9092220708026992, -0.2232153997956474, 0.11884380221315324, 0.6544130969860171, -0.982156421962556, 6.941258666821831e-2, 0.8136018683401028, -2.7142563382370106, 1.590686601802438, 0.8801099533569691, 1.1592168525704782, -2.1131636671836564, -8.554882168584264e-2, -0.4739310710377164, 1.283489670388251, 0.7108859728245992, 0.8078134378246165, -1.1104463532499766, -0.8301959217698469, -0.6683389703181275, 0.35764493543170234, 0.6373581418978306, -0.4206927352392286, -1.096963863167355, -0.654612457042488, -1.9497615732978648, 4.9077354315465234e-2, 0.6316483169996865, 1.0329990092285501, 0.6359530634432979, -1.2286432426271, -1.431393720710619, -1.5258867055875072, 2.740282027648925e-2, 0.7116230951288728, 1.2308630620004726, -9.047374563926407e-2, 0.3921473108101905, -1.3903236069332898, -0.4584140484536146, 0.3733993021742662, 1.1877039853289533, 0.43752866935079754, 0.941348384771863, -2.4924172468565553, 0.5190783453121766, 0.7602621056153472, 0.7317419653847916, 0.38503657307121325, -8.420556080165004e-2, 1.1873851441230534, -0.9035868850441517, 0.5280523276590137, -3.5500925463703266e-2, 9.964426841260635e-2, 0.49309483071825466, 7.170520064450067e-2, 0.9385591402107901, 0.3168244047961646, 0.7781471949338893, 0.8375675567322097, 1.0338406052457851, -0.85448929687088, -0.6532285983017921, -1.2539541314980918, 0.328624609480348, 0.7200088335268615, 1.645003622460997, -0.9559074148206639, -0.29947895629486154, -1.5554108814838696, 0.7917982679119615, -0.20159890541236491, 0.4196055786977669, 0.5694921152051565, -0.38804911960954325, -0.5872716781074767, -1.6369159542817002, -0.493686694521948, 0.3749858841116464, 0.821357900547897, -5.648086045164579e-2, 1.0682484086510655, -0.7111202120577534, -0.3698314813962872, 0.2147976189244403, 0.9546511154555609, 0.8314317688380163, 0.4856390678618605, -0.13458692769476718, 1.21607431903769, -0.24864120178631433, 1.016490960918236, 0.7443212969590336, 1.0797103032434998, 0.8198092767275967, -0.6007988552191771, -1.3247732591407944, 0.7075670723379346, 0.5189308508616929, 0.5894741533356693, -0.19478176487398416, -0.5783648221051184, -2.0202886484191387, 1.2910248773252107, 0.20889886511656008, 1.3041092127363272, -8.290883534165837e-2, -7.161748122072377e-3, -0.21047236581905074, -1.918007008880697, -0.8192026049033344, 0.8172005293416212, 1.203728616127417, -0.4335619044033232, 1.5707903056873331, -0.2397392360170414, -0.1999843938902314, 0.2084514764598206, 1.2495874589507419)
