seed <- 652
log.wt <- 0.0
penalty <- 2.8115950178536287e-8
intervals.send <- c()
intervals.recv <- c(56, 112, 225, 450, 900, 1800, 3600, 7200, 14400, 28800, 57600, 115200, 230400, 460800, 921600, 1843200, 3686400, 7372800, 14745600, 29491200, 58982400)
dev.null <- 358759.0022669336
df.null <- 35567
dev.resid <- 225607.3596482388
df.resid <- 35402
df <- 165
coefs <- c(6.960868017812517, 5.750039571091247, 5.775387045687141, 5.254015978449185, 4.994159713621808, 4.937688354357885, 4.735411375805771, 4.645478712359836, 4.364412996413411, 4.300865569453707, 4.301338101364626, 4.161235182221157, 4.006452293470185, 3.9353626717267387, 3.723933706377297, 3.543760529998286, 3.2166208146912822, 2.8911415526786866, 2.456633372499136, 2.044337161767108, 1.500674754235021, 0.8737433559527432, 0.9960638068318222, 0.3922966529928914, 0.886516979439989, -2.175286309351746, -0.5200590011322865, 1.0796079584277758, 1.1152286225011065, -0.9947872326449143, -2.3868244385795947, -1.9739234227615272, -0.4916308830802017, 0.7869793570972501, 1.2659584201334864, -1.0238455544459395, -0.789039854000607, -1.4754046929205948, -1.3139221002368525e-2, -0.931290869073064, 0.973238010593539, 0.8625101862936744, -0.8093994328494936, -1.5003144926417542, -0.930419631984736, -0.7627705301289882, 0.23638609207158498, 0.5198920651388506, 0.5521381572740689, -0.539402492852536, -0.4005056450624253, 1.2890600859404369, -2.642067084940744, 1.7068060942035537, 0.8808746554867063, 1.0189151543130976, -1.845764152926398, -0.22769589543056584, -0.7893004260991362, 1.1448599672036943, 0.6178944048824415, 1.0074671719755488, -1.9263082879047237, -0.9716290659037735, -0.6543861502763193, 0.22258895613012902, 0.7291889743724033, -0.6386498120320041, -1.4102155689379918, -0.4834859904986887, -2.2432978718798178, -0.7141299970758556, 0.6304351356327824, 1.2609259859671549, 0.7794461002912317, -1.2641401061814714, -1.0574197067129, -1.6586207715253065, -5.712766152186063e-2, 0.696663105187944, 1.2451200674680094, 0.13078738175563917, 0.11920479871120147, -1.493883451943862, -0.49967671525849416, 0.46391471608044604, 1.3239614334734897, 0.680511023352749, 0.9346996828975744, -2.4509171480579766, 0.4253886867958144, 0.7475377463709262, 0.8647068502309531, 0.32764140620370574, -0.12453363798020858, 1.617376858641503, -0.10446347112557658, 0.8123800653521872, 0.10585184294454708, -1.1596175279567331, 0.4202955987222398, -0.14849520465921184, 0.8919131850741834, -0.10742760368504065, 0.5988354273295207, 0.886160308895413, 1.0511514206797248, -1.2025701254254775, -0.5887839609212553, -1.581360896809469, 0.3607766023680925, 0.9360002265792978, 1.612311600146364, -0.4031619555136533, -0.2860373101611584, -1.2895861016394032, 0.8453957209407656, -0.3723378396677337, 0.46537349950630447, 0.7855845348539349, -0.30930130047707594, -0.14437189273623627, -0.7681421273784458, -0.1866849748330765, 0.27810637539281424, 0.8168789124172117, 2.4610657352996706e-2, 0.9229373279505348, -0.5820318225095693, -0.5602315709595068, 0.22717999597569674, 1.0277981566769654, 0.785837656914941, 0.6480806605969562, 8.701792352817404e-4, 1.1679225209450281, -0.36682458902809373, 0.9515427096247949, 0.7065612895690683, 0.9360626952096057, 0.7534686856794656, -0.5765321942330317, -1.1588468572611754, 0.7527871455813677, 0.14474277218904139, 0.6898622253235162, -0.19480246967871015, -0.46256869418639734, -2.2243333216354206, 1.267767553053085, 0.11351403867502244, 1.2104116143032393, -0.23052316654250443, -2.2257788986318323e-2, -4.533924068947304e-2, -1.806166252198072, -1.3262998045502492, 1.0331954593747994, 1.2520505938462043, -0.17717057711076553, 1.611150962339613, -0.1721120993214171, -0.23266264421408817, -2.262621057562713e-2, 1.1830584743327623)
