seed <- 122
log.wt <- 0.0
penalty <- 2.8115950178536287e-8
intervals.send <- c()
intervals.recv <- c(56, 112, 225, 450, 900, 1800, 3600, 7200, 14400, 28800, 57600, 115200, 230400, 460800, 921600, 1843200, 3686400, 7372800, 14745600, 29491200, 58982400)
dev.null <- 358759.0022669336
df.null <- 35567
dev.resid <- 226463.35709796747
df.resid <- 35402
df <- 165
coefs <- c(6.65550019304659, 5.803605935655604, 5.767353718061414, 5.063490683786809, 5.077458654073777, 4.922745091869203, 4.728609047313013, 4.601109166006406, 4.327203599865839, 4.292897790644907, 4.356821255349835, 4.180170705813343, 4.069701196146294, 3.9753265256739336, 3.7423357654532854, 3.538327921822264, 3.2425203207734246, 2.9160040382956054, 2.459330137463558, 2.053188075433879, 1.5329089062836554, 0.8706765301489531, 1.0378980963171365, 0.3813829999912098, -0.16497738061786876, -0.967745975760581, -0.16605477407870253, 0.9544032078926312, 1.011554324444679, -1.382286136354901, -2.605853032220748, -2.6144577279023498, -0.327289324900783, 0.7521735703335716, 1.3932230634975602, -1.1642361773163996, 0.48239720070136605, -1.8480451416093489, 0.12275451064558213, -0.5713698489725292, 0.8161077123592221, 0.843960271161881, -0.9168160213792138, -2.1905670683972187, -1.4867093585726319, -0.5713686095983326, -0.6413447224963619, 0.1662342069839531, 0.11840571268321036, -1.0803173970028077, 0.11563457239150059, 0.9568484005796603, -2.183783277359215, 1.7892339050900623, 0.8641324779338923, 0.951988214019072, -1.9562598211962121, -0.40732169710273436, -0.9041642156474056, 1.3119748422878488, 0.9351972739461706, 0.7799761848357107, -1.845247767279178, -1.539313206503175, -0.6927163170908804, 0.3756313756288012, 0.626726954821671, -0.3911172680044462, -1.0246483249805232, -0.5085642839091222, -1.7057965364630088, -0.24379473178124816, 0.5792791108716558, 1.0268858030492876, 0.7166674633707086, -0.9419417193678136, -0.9723637323396553, -1.0645036958631584, 0.18220933286921578, 0.7077502438991485, 1.1450714039298426, 0.16556138441755974, 0.22112407165390127, -1.658475083300602, -1.0148459535929417, 0.4930533125035442, 1.2009355156269972, 0.5207169888812038, 0.823983777345511, -2.4985761641675226, 0.5170279982288014, 0.6840942172249085, 0.7240846300991552, 0.3580466427314627, -2.4147312604629698e-2, 1.2230153264390922, -0.15127534771018156, 0.588634027535439, -0.2781519037094246, -0.3196013667828395, 0.37484849166803236, -0.7715523094748548, 0.9331483968035593, 0.31284732452652014, 0.9328073715203676, 0.7950898457992696, 1.163679798472992, 0.22632043570430274, -6.809331281772346e-2, -0.859676567061879, 0.31668212451043243, 0.7571649405335181, 1.518162152733851, -0.11927931017191709, -0.30017089913357664, -0.6625053996630652, 0.7824765929964244, -0.28824457449533114, 0.4792907589046884, 0.4021974980126214, -0.11801315309846135, -0.14870439704933025, -1.107535700717479, -0.26317619657415486, 0.33652949248047515, 0.7834444054999599, -7.412145168479549e-2, 1.0355958482792407, -0.5392353240759222, -0.38635107886850767, 0.3877134146040222, 0.8725967123214114, 0.7314656298034005, 0.45905000900013665, 7.414190764237483e-3, 1.1593457837501726, -0.4983343908335074, 1.0926583414614763, 0.7790803250807946, 0.9378968798762221, 0.7648171888835641, -0.6530552969657554, -1.2212967440716291, 0.7024773588913232, 7.758525160731278e-2, 0.5775150013866007, -0.20737849661428415, -0.39600648858222404, -2.045738629758406, 1.2278825905831336, 0.1245528729770276, 1.1984626379401195, -0.12349734689919903, -0.12664243249115673, -0.1861796721671884, -2.2196933882335443, -1.407125031775952, 0.9793751401731349, 1.12428026508958, -0.31707049485446154, 1.5117503963498935, -0.276613273393067, -0.12991695429662234, 3.001209820198792e-2, 1.1083823131958734)
