seed <- 307
log.wt <- 0.0
penalty <- 2.8115950178536287e-8
intervals.send <- c()
intervals.recv <- c(56, 112, 225, 450, 900, 1800, 3600, 7200, 14400, 28800, 57600, 115200, 230400, 460800, 921600, 1843200, 3686400, 7372800, 14745600, 29491200, 58982400)
dev.null <- 358759.0022669336
df.null <- 35567
dev.resid <- 225957.86145610566
df.resid <- 35402
df <- 165
coefs <- c(6.504324419197815, 5.621919384111022, 5.812171419836537, 5.39488230476012, 5.12402083108034, 4.781922961917913, 4.8102307352841445, 4.577509464216512, 4.3243826044008635, 4.238664835508923, 4.340687130711248, 4.145912878698152, 4.010808086379886, 3.9674608855507763, 3.738849425490212, 3.52410888518257, 3.2652076827716106, 2.9476011221970304, 2.4464347190627795, 2.0456340339864982, 1.5173576651581222, 0.9073394706762271, 1.0355940286222838, 0.825681385334606, 0.5003328728741425, -1.7330282891454716, -0.34251346729361787, 1.0162591365078946, 1.1007232452738303, -1.4527357774235312, -2.1950883722778998, -1.8882861822957577, -0.7202510396476774, 0.7361018861957411, 1.3476145445850414, -1.153324833115463, 0.260233782292534, -0.8356590693621162, 0.11920343652687826, -1.096629262127423, 0.940087090964953, 0.8701525765466624, -0.7889484993979974, -2.0509358166097087, -1.0871410215169193, -0.651499248294503, -0.8743296732422853, 0.21179683669144458, 0.4019618164016944, -0.5673791396306809, 0.173940358727716, 1.0881444823058857, -2.403490164013036, 1.748248041078637, 0.6706646329544049, 0.9100471670628395, -2.5090815944458176, -8.051215313940434e-2, -0.3029117831166015, 1.2728174262542986, 1.2402454919185848, 0.9987633958446648, -1.2152594516216901, -0.676369085280198, -0.6698408777766465, 0.24907424972371447, 0.5794628141263264, -0.3191200793579032, -0.5797274309429056, -0.6899866587228329, -2.4689768138078265, -4.594375190483169e-2, 0.44916788680790554, 1.0916810591064812, 0.5707087880157097, -1.111318406043863, -1.4179852544804614, -1.490991583146245, -4.9375782014163316e-2, 0.6001386654387708, 1.2201315974942102, 8.629506940324462e-2, 0.26436518823725885, -2.2168953081331, -1.012107018492518, 0.5554729107320053, 1.1092738447288932, 0.5819066960707889, 0.8876484007255705, -1.5641646287510669, 0.36204711811632867, 0.7701826084527583, 0.8059842256489503, 0.37019075319835637, 0.5308209055614547, 1.4665108651687113, -0.697366595327447, 0.4952607225969066, -0.14414831798695868, 0.1069006973259617, 0.5755882382092167, -0.34993750369650145, 0.840562880712041, -0.15792880378999366, 0.561254467386339, 0.8355140138906496, 1.0920530452347739, -1.0298400612380647, -0.6749472173986718, -1.7819969386254189, 0.22761801597576625, 0.6807634594942562, 1.533732258030747, -0.7422452766926475, -0.2509932762164645, -0.7055968402799562, 0.8742052147041657, -0.2738308036518141, 0.4889706253467136, 0.8677104598567621, -0.45551381490815224, -0.26091987709736997, -1.0671609022968833, -0.693776818200368, 0.2997104491371883, 0.9060918470225703, 2.3189624355883624e-2, 0.8469723940265642, -0.4995589522772457, -0.44399634420548306, 0.3204771217738834, 1.1017376551525386, 0.8426671090553011, 0.5455749542711349, -0.12044011364909235, 1.0751959908108524, -0.4374512555591962, 1.0428374708741925, 0.7652894190625681, 0.8859392612049343, 0.8708800870102942, -0.8147944088260277, -1.3176789213161528, 0.6748752320929969, 0.45524651635745916, 0.5638736180312361, -0.3607625190582139, -0.9120315614914144, -1.9441628048881874, 1.3267254591193431, 0.20990230298902982, 1.152854213642487, -0.20641999257240246, 1.9178423475693766e-2, -0.11599826787848905, -1.9751259061599253, -1.3099208295808475, 0.9283566532786135, 1.0495403279314761, -5.904532937239454e-2, 1.5354406743758813, -0.5430548746551771, -0.1667128624101632, -4.4266587495011556e-2, 1.2697244391589015)
