seed <- 1002
log.wt <- 0.0
penalty <- 2.8115950178536287e-8
intervals.send <- c()
intervals.recv <- c(56, 112, 225, 450, 900, 1800, 3600, 7200, 14400, 28800, 57600, 115200, 230400, 460800, 921600, 1843200, 3686400, 7372800, 14745600, 29491200, 58982400)
dev.null <- 358759.0022669336
df.null <- 35567
dev.resid <- 225805.75049620026
df.resid <- 35402
df <- 165
coefs <- c(6.628041785419622, 5.8375004535817405, 5.722608579161882, 5.21173184073385, 5.072510962635306, 4.8773795315169055, 4.768157708661612, 4.678464424017475, 4.343598619566807, 4.289783004576247, 4.3250560105753975, 4.15271378296696, 4.052579993339341, 3.97584685761239, 3.769850312985051, 3.5624530852968617, 3.24819913552659, 2.9645011284417206, 2.493743473382653, 2.049298113172031, 1.5658259549337183, 0.8827671739186659, 1.0336286427365182, 0.3601993370031405, 0.2596021129854813, -0.8006977992486454, -0.19489462470749386, 0.9898499084023208, 1.0109733935610308, -1.2287355999019123, -2.368509702783985, -2.776373680783493, -0.4500231264988001, 0.6829784635562529, 1.2417399176272481, -0.4342160391107992, -0.2650077116454398, -0.9895948150587506, 0.26901051949875326, -0.3519299220598571, 0.978415542649237, 0.924869491104724, -0.6275060403475113, -2.3640398588780958, -0.8260948401218093, -0.6379706586842532, -1.0056382427978592, 0.3833187552420936, 0.4224920125170601, -0.9746970239643439, 4.836169890541038e-2, 1.0650203963135594, -1.7448445325383144, 1.6363229341109553, 0.791322925685335, 0.9984491172233246, -2.3355942837750856, -0.14052908802046288, -0.3161796483776896, 1.3004386118774054, 0.6170694829464785, 0.6248462769859786, -1.8054987003746106, -0.8412300607120377, -0.7668553056129934, 0.10317953678745567, 0.46163593041878936, -0.515805211471327, -1.2708667498783994, -0.632355173414678, -2.1968590749852295, -1.0138987065576361, 0.3381335970232705, 0.9030983381913348, 0.5083026250232865, -1.3485149974816617, -1.6578868692274598, -0.8249882998886969, -2.6735307018215526e-2, 0.6959813864142937, 1.1559875505255506, 0.20407114942615234, 0.27909939725511446, -1.8808024178873723, -0.4060799831744877, 0.4797328001974205, 1.2023817158905519, 0.44987584208407033, 0.8479713238138707, -1.8763950379374754, 0.49118984222245166, 0.6938717286857373, 0.8778257231325793, 0.2948746858218159, -6.400931326881876e-2, 1.3334728643466633, -0.17671987936791447, 0.5117512204735563, -0.19983193381549777, -0.46228102463352333, 0.34653440451233203, -0.24498877129136093, 0.9005928208598252, 0.44160242542650674, 0.9432768244018038, 0.8449401043360212, 1.1346847259440493, -3.680356354898004e-2, -0.38285730543340185, -1.0580998483362296, 0.43084305603027606, 0.53978202507323, 1.5692593296332475, -0.6920176899944671, -0.3092623611073282, -0.5249039949822415, 0.6740354229750163, -0.3385844745915178, 0.3493972378553728, 0.5390771972217613, -0.19605073251147323, -0.3346467399375849, -1.0455789531455475, -0.786930781117022, 0.43142956580805303, 0.6328870532675231, -6.491682682396782e-2, 1.0176698838101839, -0.5954209347884134, -0.3974314691942443, 0.32927909528179, 0.8909635345346745, 0.6724379256513155, 0.46024037736552054, 7.664244960971056e-2, 1.1266979244946922, -0.4621393554748176, 0.8917988748821015, 0.7426412367061709, 0.9841590501559965, 0.8398580096759916, -0.7165685928143242, -0.86842937809582, 0.49104769777961005, -7.778128958478722e-2, 0.42939814485422084, -0.4258376476250348, -0.19439327188368835, -2.0734114583439704, 1.1724796709320238, 0.1802941259058996, 1.2395518649964794, -0.21463401189902592, -4.6192120339467e-2, 8.32866408252861e-2, -1.9327972709005712, -0.8052382294061037, 0.74866906847755, 1.1360997947101072, -0.18594603848008978, 1.5205539612197692, -0.4944121620710048, -0.1707466437173784, 0.10983728940261239, 1.2016504162504573)
