seed <- 813
log.wt <- -12.83151067739274
penalty <- 2.8115950178536287e-8
intervals.send <- c()
intervals.recv <- c(56, 112, 225, 450, 900, 1800, 3600, 7200, 14400, 28800, 57600, 115200, 230400, 460800, 921600, 1843200, 3686400, 7372800, 14745600, 29491200, 58982400)
dev.null <- 358759.0022669336
df.null <- 35567
dev.resid <- 225826.76953757694
df.resid <- 35402
df <- 165
coefs <- c(6.6179470202732364, 5.632142205033975, 5.624585312579015, 5.350204463937269, 5.060897385230495, 4.792598065456107, 4.710899989095067, 4.636009138766778, 4.314618795007976, 4.277978257387343, 4.263159761111404, 4.185944059271155, 4.002405187842584, 3.9518664408419086, 3.768278942723532, 3.5250034003303425, 3.2232369663282165, 2.98775173907207, 2.451608783019132, 2.033575709977208, 1.6458980258003697, 0.9283748507982813, 0.9947428919952785, 0.41450053955723754, -9.099804460411329e-2, -1.1388495333196091, -0.4949549598542329, 1.0332820218949155, 1.1065564504273127, -1.3737810183714954, -2.222396483248588, -2.2075065807394094, -0.5905474486594356, 0.7810380809823524, 1.1143011709297743, -1.4109810786635821, -0.3450934878665663, -0.956171745226842, -0.22009840524833654, -1.035139225416351, 0.9989123679237454, 1.1383223469179553, -0.8382849898117846, -1.751613791455735, -0.7858850273903922, -0.7520753485995354, -0.5945865981358812, 0.49864437237246306, -0.2502318845887146, -0.8514988540693744, 0.2640039022051503, 0.9549160079003441, -2.4579354601752708, 1.8613082508808498, 0.7070075870856596, 1.0266376547687026, -1.95090623047141, -8.343878663134796e-2, -0.2941875401896976, 1.6840882669838635, 1.2182525632262713, 0.6240338791772452, -1.6034871955228855, -0.8817554853009046, -0.8865013861640516, 0.24686148652151163, 0.5927219606586842, -0.4985515300578273, -1.3389200503072358, -0.7320164348248543, -1.7931787962957773, -0.12733382841849059, 0.5044073679888192, 0.9708848000898012, 0.7190589187983435, -0.7828804419025889, -1.6052148864252014, -1.742705645526568, 3.0879833625421214e-2, 0.6576158416206314, 1.117774556235494, 0.14782872334454894, 0.12702967507557955, -1.8639784645630852, -0.2979372110425773, 0.5218385537046348, 1.2235200024007644, 0.5056506588848831, 0.8355601422173293, -2.3512994838273658, 0.3799734955270736, 0.598848734025022, 0.7644820675759573, 0.3579353123402308, 0.15630547110493495, 1.2142051877747266, -0.3615393298560269, 0.4158928996040177, -3.223633741331828e-2, 1.7038113138828206e-2, 0.588371637722279, -0.5137602017958596, 0.7882001838741548, 9.36427065850708e-2, 0.8641434451440173, 0.8507278678860294, 1.0611763616024943, -0.5096583709957497, -0.2600997031158712, -0.9016522882575733, 0.3518947886019086, 0.4916688657589595, 1.6648778001771773, -0.5136133695094778, -0.21674777574526258, -0.9498347069358413, 0.6919260855874986, -0.2459122282985372, 0.32697263035907853, 0.4455742681945461, -0.5230156209196885, -0.38115587814516866, -1.2801821576304797, -0.5125266880039916, 0.36221438168329473, 0.9511183855012698, -2.4033855197000836e-2, 0.89685695147039, -0.4817878184181745, -0.41001095162404955, 0.3305963016574333, 0.9046563478492043, 0.8429578847387651, 0.46730921997766545, 9.871549375062412e-2, 1.102611400642409, -0.4300198292719794, 1.1065441640802616, 0.7432530267911812, 0.9062803124369679, 0.689313878272128, -0.7697815920812602, -1.1664825545113044, 0.6915525580079351, 0.22401888341726636, 0.4409050468429599, -0.20190941303505724, -0.5548999110133241, -1.7351738749711947, 1.397563138381566, 0.17473331182833607, 1.165439158999583, -8.638060929382475e-2, -7.266949329204249e-2, -0.26268901359193536, -1.9412697980991247, -0.6607214173775573, 0.788463899622334, 1.1756753629474248, -0.33796531658317336, 1.558352656856308, -0.20655805325274415, -0.11530629538788342, 6.2185249282338866e-2, 1.1067871517253338)
