seed <- 300
log.wt <- 0.0
penalty <- 2.8115950178536287e-8
intervals.send <- c()
intervals.recv <- c(56, 112, 225, 450, 900, 1800, 3600, 7200, 14400, 28800, 57600, 115200, 230400, 460800, 921600, 1843200, 3686400, 7372800, 14745600, 29491200, 58982400)
dev.null <- 358759.0022669336
df.null <- 35567
dev.resid <- 225537.8733641829
df.resid <- 35402
df <- 165
coefs <- c(6.482412934056041, 5.643578604682584, 5.753297074403942, 5.339066080882302, 5.035371104416395, 4.978777076311641, 4.811480342688607, 4.744993153093438, 4.391998328858897, 4.2883243637144695, 4.252396806166293, 4.170013693088198, 4.052895466787489, 3.9768077845886936, 3.7840046964869947, 3.5694642813146618, 3.2429183894250513, 2.980335293572581, 2.5109257820770963, 2.038509557290101, 1.5076390358939293, 0.863292678496068, 1.038994143560036, 0.4884698236937187, 9.05035682855428e-2, -1.327979593039986, -0.511167208403239, 0.833074365638112, 1.0123385884539113, -1.106913105767163, -2.958660777964292, -1.6511742215084528, -0.36591719136248996, 0.7025800795854062, 1.2134302769923442, -1.605749670357999, -0.6029894573528152, -0.9737324194486108, 0.1913210403863977, -0.23998600576039456, 0.8449717664651653, 0.8505407325540663, -0.802651935924822, -1.7857993032301132, -0.9314489885647607, -0.7554037915350137, -0.4818117909475874, 0.37413639048506153, 0.3208803709466775, -0.5942093390609363, -0.28269711421816857, 0.7272853675436994, -3.0274251256454567, 1.7497048613002928, 0.8345827343891469, 1.0347272776553689, -2.6822287976670287, -0.1473745077886618, -0.44400697921481047, 1.2992296074420084, 1.0303293747837043, 0.7890006013168495, -1.2630737848142761, -0.23018000414943357, -0.4017493779462176, 8.517560746459409e-2, 0.7282415039468968, -0.37984378094549776, -0.702640646312343, -0.666558170705775, -2.222935633929123, -0.11161917499048775, 0.5558634310013901, 0.9768704695407586, 0.7261495587510581, -1.2061673780510667, -1.1910678434175486, -0.8112928367872788, 5.127748068260523e-2, 0.7238681042681271, 1.2828618370795195, 8.152791146802427e-2, -0.18185530412086945, -1.7043605647140139, -0.4892963328981846, 0.4894847263433559, 1.2539239122350132, 0.30752921143024975, 0.8413476849196149, -2.1353943703666185, 0.5601737568998563, 0.5631436289360965, 0.8861042365538365, 0.30924194776625, 0.2955363193188282, 1.5900262752917742, -0.4012138846871679, 0.32059448701324333, -5.541008069469804e-2, -0.6595085646033959, 0.5223728207087434, -0.7444029055275991, 0.9011584175783885, -0.5549698938128165, 0.6481075406880633, 0.8045447316787727, 1.1474768797330255, -0.5492873742460862, -0.8070368234979268, -0.7411065628011791, 0.29406249542109847, 0.37424626887889023, 1.5848097316184862, -0.6573314588421747, -0.12245640865464248, -1.0597313337675298, 0.7921440109086283, -0.23417527025433454, 0.6698560908995359, 0.7158900947470219, -0.22390149273273444, -0.5047843420481144, -1.2050488899918983, -0.11045875321506336, 0.2745094408177824, 0.8148947733352999, 0.11217496935195534, 0.9950520365651173, -0.7091090089299493, -0.3594174996196822, 0.4145344101906649, 1.0342835657588063, 0.9515561073389378, 0.31722903452864665, -6.700878264455662e-2, 1.0771616571096736, -0.3653478177660764, 1.0706197763834937, 0.719467587116946, 0.9095507857524904, 0.8054933747003326, -0.6534581696845903, -1.2670201069030331, 0.8698110064092422, 0.2490215987961376, 0.45940027112834314, -0.2503262930197057, -0.44356988432642275, -1.6385514850575504, 1.2603184708173645, 5.9266964740112366e-2, 1.161175952017068, -0.19457401164058477, 5.520006059336036e-2, -0.18219830557899744, -2.400829979519014, -0.6737164599835573, 0.7892326665275765, 1.169275146992943, -0.42942628049487114, 1.5437916168490458, -0.3759195445644022, -8.257429216205946e-2, 4.400074807001873e-2, 1.1712076445465451)
