seed <- 348
log.wt <- 0.0
penalty <- 2.8115950178536287e-8
intervals.send <- c()
intervals.recv <- c(56, 112, 225, 450, 900, 1800, 3600, 7200, 14400, 28800, 57600, 115200, 230400, 460800, 921600, 1843200, 3686400, 7372800, 14745600, 29491200, 58982400)
dev.null <- 358759.0022669336
df.null <- 35567
dev.resid <- 225388.78972082864
df.resid <- 35402
df <- 165
coefs <- c(6.923945598700082, 5.919897382991119, 5.77756742573416, 5.229004068956151, 5.139600428639917, 4.846161729857815, 4.747848411253715, 4.662032996422343, 4.402664130058446, 4.252009989925892, 4.323391501708573, 4.2048879997186654, 4.011759198644155, 3.9621526140189847, 3.775462845649858, 3.564961291385057, 3.333161763044984, 2.9337586762512347, 2.464362182063357, 2.142060709092055, 1.6696327442441268, 0.8974852468636966, 1.0187352545775763, 0.27575021053251564, 0.47480194810949283, -0.9094065570338985, -0.2103946264349951, 1.1069348367527019, 1.1049796212694003, -1.731403073364112, -2.1506548746414973, -2.1457893430478503, -0.34198628963940114, 0.7097298645644573, 1.317584889457489, -0.8388677341700713, -0.1433094412098555, -1.7800577466652114, 0.12336501067095423, -0.9194779893437398, 0.9109042907528179, 0.7087136760733901, -0.6675318369702514, -1.3688796487557424, -1.2626266619119464, -0.90028401592269, -0.3662845096970987, 0.24824325505655254, 0.3495238406742609, -0.5520258884747078, -0.1522089804702447, 1.1499835381739634, -2.5992950775683696, 1.7785100616268388, 0.7740866233769591, 0.9232176827340912, -1.588389735919783, 0.1174346080572141, -0.2554089594942609, 1.1439529360902143, 1.1406953843409693, 0.7842026134689598, -1.408789821679045, -0.9680806430243568, -0.5816242169839049, 0.3901733424111963, 0.5950967741922303, -0.6065121010878693, -1.3813677909524515, -0.6680046425755356, -2.6481057915448027, -0.8520209777244812, 0.5622632396512196, 0.9611968040900215, 0.6292708151196846, -0.5477790201560466, -1.3428035470241442, -1.1360733868476707, -4.413006811440944e-2, 0.5618497324746742, 1.146245856022913, 4.610154760769113e-2, 0.19588585401198746, -1.3478442276441553, -0.6611536371408525, 0.3742591922492604, 1.1005427526482305, 0.6121126030973336, 0.8535357594885338, -1.882254906474753, 0.48924168701971577, 0.6538144797433141, 0.770232760881164, 0.35353269325565406, 0.11912739453549959, 1.2960821933509326, -8.615555894554637e-2, 0.6519932113753836, -5.7279575693989615e-2, -0.8429425979363439, 0.5352805938200802, -0.5101456408759124, 0.8653164333544664, 1.2593941878398362e-2, 0.7786668053174136, 0.8699806955082123, 1.1656725638617982, -0.3273394136566464, -0.8435724517110293, -0.898938543362236, 0.24162453399847342, 0.6505332350472731, 1.5471699625313031, -0.44171886475228905, -0.331140742633228, -1.0943780345501315, 0.8204830059263937, -0.22436889219816408, 0.5941201397123956, 0.3816934248703183, -0.5171978716709156, -0.4255234126997291, -1.1354474848772922, -0.6987128934407427, 0.30573446396168663, 0.9685689302641047, -0.12008028149139027, 0.9472843930048962, -0.6856834057354722, -0.4209704479478229, 0.324257003200604, 0.8440518755572253, 0.7714416707807493, 0.4412218088614557, -5.2710172060756205e-2, 1.1373294889387409, -0.31538725007227586, 0.9404143250443644, 0.7306101621238185, 0.9274997468076894, 0.7509970264294502, -0.6684751114879538, -1.3988288833623874, 0.5862237810639243, 0.3827050202956707, 0.5168767427739044, -0.20230997096539238, -0.20977359007638458, -1.9647950619079988, 1.2510409518411458, 8.287747768029677e-2, 1.1340163403225119, -0.18192070408425268, -0.11216154572481342, -6.675495525877925e-2, -1.4099253233263835, -1.4300421431741643, 0.836201775416695, 1.1243375197442977, -0.4701269680323522, 1.5463004617328902, -0.33582541494643725, -0.22369135389667436, 5.5282810476021106e-2, 1.1753491336659612)
