seed <- 451
log.wt <- -15.223026934133626
penalty <- 2.8115950178536287e-8
intervals.send <- c()
intervals.recv <- c(56, 112, 225, 450, 900, 1800, 3600, 7200, 14400, 28800, 57600, 115200, 230400, 460800, 921600, 1843200, 3686400, 7372800, 14745600, 29491200, 58982400)
dev.null <- 358759.0022669336
df.null <- 35567
dev.resid <- 226286.34891749604
df.resid <- 35402
df <- 165
coefs <- c(6.542334920043543, 5.784138275965282, 5.918499807147074, 5.309591794924799, 5.008784632654718, 4.868404827595294, 4.806124024349092, 4.53990882525797, 4.361024396443906, 4.227309755502099, 4.25458738889881, 4.1280825839159325, 4.011619638740355, 3.970588307031696, 3.7522360619900232, 3.5147920875147274, 3.2201204953879192, 2.916161572669581, 2.5055755210848867, 2.012019483226915, 1.5930040121587665, 0.9059594015995053, 0.986860603298311, 0.25054882814057006, -6.60420261356171e-2, -0.7943586951639235, -0.22959323092786207, 1.0223738194321341, 1.0101402832972863, -0.8141856044617767, -2.4504504121879487, -2.3875300316807144, -0.289131114673284, 0.7398472484088501, 1.1512872634518587, -1.5232426179371537, 0.37880026217705015, -1.918315432925133, -0.21079935516962786, -0.1883398324317392, 0.8765536764396413, 0.615194651785529, -0.8923821031780185, -1.9824460675699636, -1.175430558068436, -0.6070775996005116, -0.12971602067122245, 0.4069347726310997, 0.4253811613758352, -0.5050184713522443, 0.16142717855474148, 0.8755938399343771, -2.184160462174568, 1.783554116824981, 0.7792143069534793, 1.0715989370484325, -2.209027724315723, -2.9788319794201122e-2, 0.1734929236708858, 1.0326076649917317, 1.325525539744734, 0.7826010505685124, -2.053681646456229, -1.636633177845172, -0.4934934316448363, 0.1329541653679593, 0.8732230333916666, -6.673739267474602e-2, -1.7878102133235243, -0.7960915650912234, -2.093020707539112, -3.371835670328192e-2, 0.7394959817115326, 1.0188694514007695, 0.7171319543828047, -1.1425522916021267, -1.0794753020195076, -1.488116590029769, 4.70583959931377e-2, 0.6006424383998985, 1.18575306014967, 0.12568953613810444, 1.53417357526989e-2, -1.6718552344917534, -0.9155199338145985, 0.514612528309686, 1.262379226818968, 0.5073692459753959, 0.7619723342847108, -2.488619225414168, 0.4241198513031705, 0.7575677285019657, 0.8874544602391137, 0.3152797571038682, -0.14663617193822542, 1.2273642486876901, -0.6359622372239716, 1.3175688224438209e-2, -2.227328954423694e-2, -0.1277220528884105, 0.2694952072033689, -8.472647260170248e-2, 0.85438204599405, 0.2734806122483544, 1.1181126866908306, 0.846299860039474, 1.08681033556205, 2.312363407677789e-2, -1.30333051430182, -0.682868254454526, 0.522428573362778, 0.6289405386144732, 1.5738008069747276, -0.508897183505011, -0.368678399116312, -1.599397750799122, 0.8541193577188557, -0.24964452555160072, 0.6128137957095529, 0.7282171727536676, -0.27155088768550273, -0.43644368868397926, -1.1739954089940647, -0.30511683375093224, 0.3570454627659233, 0.8988589426958988, 2.320139492886062e-3, 0.9842169337137563, -0.6242576016718203, -0.416252499018151, 0.35478680555132364, 0.9394095088528367, 1.0197404937665404, 0.46293764634654755, 0.16385870132674482, 1.1028563595526073, -0.3446528525208642, 1.1744676177212905, 0.7251378941229332, 0.9809492478720669, 0.7933551225667703, -0.6897585354048216, -1.539711171397341, 0.6442172730678567, 0.49513870073129373, 0.5775081292111031, -0.3679943763569417, -0.30013291993941066, -2.2575213022474934, 1.2927741243130522, 7.734392570224186e-2, 1.2254793946310731, -1.7303031780167823e-2, -0.14446275882931203, -0.47230939145068995, -2.023606894070052, -1.191676540345502, 0.9673000485187455, 1.2311116730029332, -0.4366366950511695, 1.5102955796413178, -0.5132585426964077, -7.128867847129079e-2, 0.14217595030881133, 1.2641655564677252)
