seed <- 227
log.wt <- -13.664726565633035
penalty <- 2.8115950178536287e-8
intervals.send <- c()
intervals.recv <- c(56, 112, 225, 450, 900, 1800, 3600, 7200, 14400, 28800, 57600, 115200, 230400, 460800, 921600, 1843200, 3686400, 7372800, 14745600, 29491200, 58982400)
dev.null <- 358759.0022669336
df.null <- 35567
dev.resid <- 226191.07927016483
df.resid <- 35402
df <- 165
coefs <- c(6.59776067503772, 5.946687314562086, 5.682263758208711, 5.390589049013723, 5.0683708712075655, 4.892732552373608, 4.796364547602598, 4.647164878360127, 4.400429151052416, 4.257687396451749, 4.3167518778895, 4.187562190766047, 3.995087936675343, 3.9551134838284723, 3.7270690185017297, 3.530337482610075, 3.2764368166755915, 2.9889998650038607, 2.486281353737634, 2.0728000697828737, 1.5742572991323394, 0.8521325237007839, 1.0108703249481177, 0.49747163476408185, 0.7261922486022808, -1.2754599257484305, -0.30435095338632495, 1.0169697123889891, 1.1306289676558985, -1.3762727166336814, -2.1528242789433167, -2.439205247387351, -0.30217412665099447, 0.7079993625058801, 1.3082343880413771, -1.126620808905621, -0.9407490610929595, -1.2112820268531457, -0.16554402189968026, -1.9722152136050993e-2, 1.011463008537515, 0.9321751629255984, -0.9067671563578735, -1.8136112935712523, -0.9589610940184566, -0.5653721624373055, -0.3998613453836775, -2.089178972485718e-2, 7.375408174705649e-2, -0.5747149611197225, -4.1916110117601234e-2, 1.0149541522389744, -2.5958624083183053, 1.6432549566409778, 0.7977894480476155, 1.0694569917848207, -1.7248189511203944, -0.16320850467272444, -0.41536714220724835, 1.4193399483557951, 1.0914230971632821, 0.7238860449962701, -1.2607369647069713, -1.0379629755997128, -0.7481160990307484, 0.28270258037479673, 0.5428155491444153, -0.1430223143111872, -0.5944519029877283, -0.6317779586718946, -2.0175404423420944, -5.8290008415966564e-2, 0.7067252798291919, 0.9870323080230897, 0.6942232737448585, -1.400269365682026, -1.3347698458169792, -1.1375843228115414, -0.2246733056254962, 0.7005845175521385, 1.0367585790559064, 0.17822470899547344, 0.2521906924111791, -1.2425540001412447, 0.15480714317913652, 0.5328120458940703, 1.151259465627708, 0.27290548338042014, 0.9729773151783566, -2.0503778838326663, 0.5038885429539158, 0.6353441380848958, 0.6256627552386252, 0.294931078632732, -1.9747737287816418e-2, 1.1385127061448737, -0.2897549226387006, 0.3857849033594863, -4.071985379307754e-2, -0.15990399514095946, 0.4113814024526725, -0.5086822579543845, 0.836218334900372, -0.3740147906385395, 0.5946794676385684, 0.8159895403402844, 1.1241079888799081, -0.5420453879398751, -1.0907850033935662, -0.9029179169638054, 0.2942510739573591, 0.5677009408978951, 1.6354434846923644, -0.681823866089502, -0.23737453015112792, -1.214014125860462, 0.6464817517272377, -0.3325806772203374, 0.40884674301889545, 0.5923916924298115, -0.2576272878237293, -0.7176796163682536, -1.2406329505679856, -0.4314518486269715, 0.3894108483165608, 0.8837440666511969, 5.8802309347281034e-2, 1.0423846686525102, -0.8945459705226497, -0.3689176808787336, 0.24897279099693026, 0.7803185215395685, 0.938716819234965, 0.5597745344465275, 2.941670318307124e-2, 1.0860533055561352, -0.3605733751124397, 1.0322758409801245, 0.7451576478653543, 1.1243734513123682, 0.5949868254865671, -0.6905009791230771, -1.3648713125482699, 0.46543850694627403, 0.44014895404349774, 0.5158416662792508, -0.2505994026267715, -0.6031795162053569, -2.0833101460630843, 1.2577388289912397, 0.2484980323434849, 1.2836101046251143, -9.506898711368736e-2, -9.69192511711143e-2, -0.1358349485273148, -1.9030710150528292, -1.552851348850473, 0.9769229440546819, 1.1353497405853075, -0.30609374107134096, 1.5713268475081863, -0.27715038924228197, -0.21153059352466894, 0.12811389975699133, 1.0714516532670435)
