seed <- 525
log.wt <- 0.0
penalty <- 2.8115950178536287e-8
intervals.send <- c()
intervals.recv <- c(56, 112, 225, 450, 900, 1800, 3600, 7200, 14400, 28800, 57600, 115200, 230400, 460800, 921600, 1843200, 3686400, 7372800, 14745600, 29491200, 58982400)
dev.null <- 358759.0022669336
df.null <- 35567
dev.resid <- 226009.613174613
df.resid <- 35402
df <- 165
coefs <- c(6.309665203838603, 5.88449636584159, 5.723953693956093, 5.349736230420265, 5.140457648009167, 4.955838875218218, 4.790590891557697, 4.653568307777918, 4.3618271072939505, 4.3001389260516785, 4.3161899697567, 4.146372404520318, 3.992678379204156, 3.9464318383610584, 3.764879243670209, 3.5404655997306844, 3.226480345129198, 2.9287120598223955, 2.48196068866911, 2.078270932988603, 1.6137202325098308, 0.901103621657009, 1.019918471554235, 0.6698280152876085, 0.6505325940323365, -1.0069101079846523, -0.4490067797029615, 1.1682161644591404, 1.1103979453823547, -0.9525722884711407, -2.5190689007907934, -2.7376413108979953, -0.5393824448758525, 0.7413782707964058, 1.2460020430690297, -1.3746999174766457, -0.7591099326981455, -0.8732925335123709, 2.5632223993689564e-2, -0.3220252805191692, 0.9137332753547572, 0.8521426181647491, -0.9723672949920316, -1.8840876507295024, -0.8397101943926694, -0.7496142885886212, -0.1603275245737049, -0.12038290627538831, 0.29000439700777425, -0.6850192133817822, -1.9751283217884486e-2, 1.215637337117806, -3.014966166289706, 1.508134646700389, 0.6688191808927069, 1.167170113826755, -1.3241786934625701, -0.15328304076959087, -0.2662984028848726, 1.333428128739133, 0.7170624859728347, 0.8248948970802211, -1.4600406677315196, -1.7590439087772143, -0.4498437843285161, 3.837562380340783e-2, 0.6069456649136802, -0.40539668619450636, -1.6357539654276672, -0.8366059169590074, -2.4151589249378715, -0.36469983038905524, 0.7927635510032095, 1.1528775639136166, 0.8912045921762072, -1.4621370861457355, -1.0281199429323786, -1.1392723594606797, 4.158415963378874e-2, 0.8289792604740516, 1.0403590619669227, 0.17730647269420677, -9.98782063285702e-3, -1.634887429479092, -0.44888336122798783, 0.3924038984419658, 1.1838371000465269, 0.23838116094865894, 0.9158402033670769, -2.361701043910252, 0.5197093514973251, 0.798557771298115, 0.7439095742652376, 0.3302677053848079, -0.17418983850323058, 1.5671543641434798, 0.2058402677957391, 9.229646239571379e-2, -0.22441391455268375, -5.336173212799267e-2, 0.3978126039314578, -0.2796275956577097, 0.909963376642317, -1.2541253008942809e-2, 0.8686469422701314, 0.8377994135353, 1.1498958457731705, -0.6043014295338324, 9.757839208995618e-2, -0.9097951990674609, 0.3744322596742605, 0.7600301408987408, 1.6013854479519707, -0.476861008914012, 1.432007515694243e-3, -1.017227521306051, 0.7360837892725807, -0.3042240463327, 0.421196209271937, 0.6555976726156456, -0.7864284896027075, -0.9008481629446727, -1.1582014499537767, -0.44857458636617853, 0.4014452271965604, 0.8404067859222925, -4.419991549154007e-2, 1.0334588372944555, -0.7358186292360459, -0.31113458633149454, 0.38114530092730836, 1.012029683965348, 0.8514200363277337, 0.43015671683912005, -0.10231825149476997, 1.1301321213053888, -0.35642740707858317, 0.9983891342661261, 0.7202475607211953, 1.0360672887271125, 0.780407823949933, -0.6411709697886472, -1.094585414944576, 0.5315540231699912, 0.4334742174785296, 0.6044005548882903, -0.19699344648994624, -0.27480648294867277, -2.04282174704036, 1.205067532426185, 0.20695214113912128, 1.313549503357703, -0.30678748082418367, 8.177364702155797e-3, -9.760994411845547e-2, -1.6706203747671515, -2.044254158179287, 0.8788351233320552, 1.1356196172527457, -0.1924478478447603, 1.551564344485318, -0.23248204486945895, -0.14001733168143973, -0.12088835284118261, 1.212224216494107)
