seed <- 184
log.wt <- -14.932967151290427
penalty <- 2.8115950178536287e-8
intervals.send <- c()
intervals.recv <- c(56, 112, 225, 450, 900, 1800, 3600, 7200, 14400, 28800, 57600, 115200, 230400, 460800, 921600, 1843200, 3686400, 7372800, 14745600, 29491200, 58982400)
dev.null <- 358759.0022669336
df.null <- 35567
dev.resid <- 225289.428305644
df.resid <- 35402
df <- 165
coefs <- c(6.450651015074124, 5.921730047407969, 5.598118847193771, 5.378556679900349, 5.050650245838053, 4.8973459328893965, 4.822908845357128, 4.720878361880954, 4.374022131936681, 4.29713436358453, 4.324229187533327, 4.188477339988353, 4.019547793199095, 3.9824230970681116, 3.7709196691951434, 3.579023087176464, 3.3059717964564763, 2.9824225807584295, 2.512247213709625, 2.101378206836528, 1.5349189938139791, 0.8804835474608701, 0.9508953641016101, 0.6253560833387988, 0.5343608500850183, -1.3561887826831278, -0.3200328328099413, 0.9586173340694675, 1.1287846535514263, -1.2265923262208749, -2.4212379977216623, -1.8656778624291457, -0.5476831528050914, 0.7500304032350371, 1.2975310723778004, -0.82326521617597, -0.5281536423972049, -1.7595292750163718, 0.4034564972314849, -0.5709155559620869, 0.897620854564049, 0.7119711300755305, -0.6929747004576812, -1.7437379135620177, -0.8761710309483879, -0.9495055103727448, -0.5364448154509198, 0.21090154192549831, 0.5575066537069362, -0.6667404269019701, -0.47753575763035894, 0.9804522092287782, -2.626516396950445, 1.6561606697007678, 0.7072021291087994, 0.9499588329562001, -2.010849920336271, -0.17209821500945627, -1.0806323031521168, 1.0854933524903412, 0.5435955707277704, 0.9277517319639573, -1.6221723919502822, -0.8588279438373161, -0.7579801244045894, 2.9570943256614652e-2, 0.46951150284977, -0.226083467931782, -0.6140924942625883, -0.6157231852419155, -1.736689680585613, -1.082960732798277, 0.45270114175375165, 1.0780018140662875, 0.5854341676405616, -0.7262323249390166, -0.9344333138230441, -1.1766221316466403, -9.89969169851567e-3, 0.6276830365178251, 1.1963100257270995, 4.8882282770944585e-2, 0.3481013445535875, -1.5385244677760288, -0.444630436822048, 0.42115474330282465, 1.1274886701573872, 0.30319392778780496, 0.9388754171917524, -1.507946521036224, 0.4712806898834853, 0.7646822018533472, 0.789520292864739, 0.3872567159751319, -9.455492540286223e-2, 1.1374841007531833, -0.31086766648066877, 0.3663930697703252, 4.432520086540571e-2, -0.38471622887307055, 0.24023823925112156, -0.3296508962148584, 0.8556150144994152, 2.7497275976543497e-2, 0.17419281059946157, 0.8636313072900873, 1.0362168339076714, -9.441362769194606e-2, -0.5300725771121343, -0.8130573931621168, 0.34720762369605895, 0.4684521139402728, 1.6136643705346234, -0.774792206328755, -0.28015093009807185, -1.2475417995288969, 0.7895561013530012, -0.2755426859571227, 0.42043518351474324, 0.7566547210228008, -0.5065199441430998, -0.23747488595120003, -0.8793330747799131, -0.3941551484559146, 0.30957148300205245, 0.7639260253370056, 6.416173584520014e-2, 0.9251278605456915, -0.7158922892660695, -0.3786341960023277, 0.4277176335435456, 0.8730800675458846, 0.7956756808295947, 0.6154384496143979, -1.460732216958139e-2, 1.108125774182172, -0.4311793765265003, 1.022279110488076, 0.8013501076681161, 0.9070968895729118, 0.8030930817749821, -0.5715721066427262, -1.0432761872769178, 0.6680014419177251, 0.5443444233979616, 0.5144233387119137, -0.2859703737803185, -0.7577414618097392, -1.9467490972717787, 1.2117424917984128, 0.14933396848953592, 1.1002239677416177, -0.2281113264222172, 3.2791642494091125e-2, 1.070047986941498e-2, -1.8178072645520114, -1.1079400535458954, 0.9098276162851439, 1.0917395935294323, -0.1262526953313786, 1.5681032908812726, -0.3800462892091683, -0.11419182836832269, -0.21922902171224895, 1.2401279017213058)
