seed <- 996
log.wt <- 0.0
penalty <- 2.8115950178536287e-8
intervals.send <- c()
intervals.recv <- c(56, 112, 225, 450, 900, 1800, 3600, 7200, 14400, 28800, 57600, 115200, 230400, 460800, 921600, 1843200, 3686400, 7372800, 14745600, 29491200, 58982400)
dev.null <- 358759.0022669336
df.null <- 35567
dev.resid <- 226422.6066785879
df.resid <- 35402
df <- 165
coefs <- c(6.646308687750246, 5.5308224556588845, 5.80906920664377, 5.338646524093697, 5.07389542084412, 4.891346764675917, 4.78242323540404, 4.621675915544306, 4.393435942744405, 4.262342041114632, 4.362243865644314, 4.186854353681511, 4.057045767994934, 3.95939858677385, 3.7570178915736716, 3.5345299613868093, 3.2474992793956208, 2.9648083539769488, 2.5130470019117976, 2.090680379810884, 1.508561618909925, 0.8230482282538005, 0.9512024974604999, 0.5666028658053138, 0.48982323143277845, -0.9914401913240936, -0.1434434794643026, 1.0969260423295768, 1.1282797054539546, -0.9413610985924713, -2.5993942087786617, -1.6131397008547133, -0.3266077515037595, 0.6716717613466272, 1.3050804399944416, -1.7741958527717008, -1.7640342528963864, -1.5289566351961092, 0.3836501658878841, -1.1614853137821033, 0.9200478224541755, 0.8766420308799627, -0.9654138950085212, -3.1537902695740776, -1.1368467344836133, -0.6945927807160809, -0.338384377734927, 0.5540158030974428, 0.6031336013663104, -0.4122594048243777, 7.516030679442726e-2, 1.0053636406256548, -2.8408443358583275, 1.6181090308604982, 0.8360805328201212, 1.242565532282293, -2.5470994919301706, 1.0043273261738423e-2, -0.49903033916821765, 1.0727216325342182, 0.9035873942829094, 0.8163616576230425, -3.045981716137575, -0.834163245762852, -0.22541848513433085, 0.4432090041789969, 0.6978413175494713, -0.26146250817883687, -1.3433614392451145, -0.6098247333171599, -3.1399248620881255, -0.6127468550156739, 0.6598219516938495, 0.987562708273936, 0.8422190233240723, -0.8554897217540682, -1.3831420443866815, -0.6449228698148306, 6.41211884047717e-2, 0.8033064677643281, 1.195374105393014, 0.12585479751251566, 0.200605554498465, -1.690310189895172, 0.4451694759808127, 0.4120422568396113, 1.3518853300164546, 0.24770868279937944, 0.8817874543650096, -3.407255566836794, 0.5731128468705878, 0.8587037526778916, 0.821819527732967, 0.3228931583820114, 0.53759678689514, 1.4065230061661236, -1.2651028855454356, 0.38707033917980155, 5.310972797268697e-2, -0.2873990938210618, 0.5555836945341142, -0.6711658936197704, 0.8859823953406718, -0.950426949467363, 1.0839739877432257, 0.780176294607109, 1.1255108108312473, -0.15170128413312314, -7.144358714140885e-2, -0.9906433060391683, 0.4684013384160991, 0.6428432516718793, 1.5951483368062913, -0.3156880199716855, -0.25237788691046054, -0.7246272479967074, 0.8081622625365346, -0.3587030600815144, 0.49388155589276933, 0.5371465586869765, -0.3473476692450832, -0.6632050717774018, -1.4371533358589843, -0.45710352681562877, 0.2615068164030364, 0.9077377767027777, -2.4052749115606037e-2, 1.1901927924392313, -0.3882787561495241, -0.418204580647334, 0.4939557740028454, 1.2127136264873046, 1.056625952833948, 0.4852075658659562, 0.22663894385552483, 1.290126910976836, -0.4282972310483255, 1.091491738208743, 0.7123764814617873, 1.0674150883811333, 0.8103872383883289, -0.6077791101771571, -1.0746282281086124, 1.0364565653963327, 0.651487610377418, 0.6285065867037315, -4.160787748672812e-2, -0.466164228834747, -2.0332090793867694, 1.259867864376408, 0.16909931649953938, 1.3147718440366454, -0.1874507411986795, -4.458324842480613e-2, -5.586561247550245e-2, -2.157225876358114, -1.3617208231397224, 0.8697534946749692, 1.2671215726804634, -0.22116339763285162, 1.5685573457973732, -0.2166639963720076, -9.737533913371951e-2, 0.22649119849009558, 1.2099277927167125)
