seed <- 549
log.wt <- 0.0
penalty <- 2.8115950178536287e-8
intervals.send <- c()
intervals.recv <- c(56, 112, 225, 450, 900, 1800, 3600, 7200, 14400, 28800, 57600, 115200, 230400, 460800, 921600, 1843200, 3686400, 7372800, 14745600, 29491200, 58982400)
dev.null <- 358759.0022669336
df.null <- 35567
dev.resid <- 226707.4623755059
df.resid <- 35402
df <- 165
coefs <- c(6.780327220965858, 5.861997792822291, 5.6615552135369445, 5.271959315282177, 4.962063105774606, 4.833544327823857, 4.688190105902499, 4.620286924181644, 4.356026228128546, 4.328597137945779, 4.304641123051508, 4.189941871012218, 3.9699735048716183, 3.9694141002221492, 3.751041422841248, 3.519040803813814, 3.242959045946384, 2.9564316814808618, 2.518985764391525, 2.0229872951283006, 1.494630750408663, 0.8511891802134788, 1.0610065687307229, 0.4003331581595587, 0.24063931114878184, -0.9721953594517103, -0.2877746012710812, 1.0192382918712646, 1.1589269704211629, -1.118271149829051, -2.7118161919718355, -2.517622592282512, -0.4361679117712716, 0.7781947652432076, 1.2377966259522435, -0.8674888462393996, -0.3346765947096681, -1.0911874532533072, -0.1553134106198115, -0.7774816274963211, 0.9398002209069966, 0.5629710911297368, -0.7428657291671695, -2.2950942314486387, -1.041049585838727, -0.8960732061384845, -0.7192359048124948, 0.2108886003535984, 0.5706363688605888, -1.3878041744309126, 3.809217127172726e-2, 0.9086431688380926, -2.431587246776972, 1.686401571965729, 0.8475906260761659, 1.0910096832634502, -1.8570227967357598, -0.1773852033965092, -0.907420995956298, 1.5018876561371168, 1.3137810783584618, 0.7531713602449267, -1.4085877376605906, -0.6649046336314038, -0.7513484387789114, 0.21846105197752494, 0.5936695123285701, -0.5135900250276154, -1.0126919129091922, -0.7971391068104968, -1.2323411570349898, -1.0061778638240286, 0.5806768858456622, 0.9299753789715448, 0.6613251619060008, -1.0275635782135277, -1.3376640874930728, -1.3630076508382787, 1.3901082894395917e-2, 0.7273902423178644, 1.0622791392525686, 0.24311211022059323, 0.22720277369102226, -1.4112182808154914, -1.1387027962539817, 0.23954349366800795, 1.1612279121799696, 0.27307918129279757, 0.8457368832105616, -2.0494929495706775, 0.5416001788788114, 0.6716435017972995, 0.7474631807879816, 0.42035966421926724, -0.19483111887746882, 1.2292614140886828, -0.1045299488607688, 0.5806626334529871, -0.38204213225710987, -6.137300229242934e-2, 0.4356425808529839, 0.24481924003776334, 0.8616837699501195, 0.5542342130871053, 0.6105373709287806, 0.8750367055028092, 0.9511723477993294, -0.20042081394240432, -0.7028276207723557, -0.7846895818631153, 0.3415980614273382, 0.4210499159212573, 1.5748607796294156, -0.8144438390610353, -0.1545560097824437, -0.8479765127645214, 0.819184480236267, -0.27247076481260774, 0.4811202630395877, 0.45877221939374874, -0.6059620939377367, -8.196635025385866e-2, -0.9657584404231548, -0.39133912235736606, 0.27592959659749594, 0.8665438168196739, -4.802732678978638e-2, 1.022879824566168, -0.6246437400226599, -0.3606790199116796, 0.31957700636714337, 0.8889514764362141, 0.7521421678770673, 0.4647736541091011, 5.734799250787539e-2, 1.1287353197093761, -0.34381324108868927, 1.0508457875791568, 0.8191690503573008, 0.9310510021993059, 0.7877307430348841, -0.6381515660541196, -0.8846069469178123, 0.4692265005400197, 0.4288225008113788, 0.5012817152225689, -0.21075522373999478, -0.25135359816163055, -1.9017897758130475, 1.236898799627064, 0.11112568114483685, 1.2422545115368442, -0.17178786658904227, -2.5993558275264953e-2, -0.3394394619808841, -1.6740152202876388, -0.9999992583674282, 0.8484346835837451, 1.1506402466788501, -0.5767303154801195, 1.5353057583319734, -0.5217257698377724, -0.1314746439189046, -6.617961724484363e-2, 1.1161688996261863)
