seed <- 390
log.wt <- 0.0
penalty <- 2.8115950178536287e-8
intervals.send <- c()
intervals.recv <- c(56, 112, 225, 450, 900, 1800, 3600, 7200, 14400, 28800, 57600, 115200, 230400, 460800, 921600, 1843200, 3686400, 7372800, 14745600, 29491200, 58982400)
dev.null <- 358759.0022669336
df.null <- 35567
dev.resid <- 226755.03693127327
df.resid <- 35402
df <- 165
coefs <- c(6.360890188688427, 5.930746321629794, 5.745936481673621, 5.233171114077528, 5.039545539230632, 4.828625306831536, 4.729204876176931, 4.61247604915488, 4.368667530370729, 4.255796016870196, 4.2155167527096316, 4.139995947317829, 3.997296359242737, 3.9268344272053364, 3.754790495485063, 3.540183014262244, 3.237286756290945, 2.9598709688672162, 2.475489624954096, 2.08236689597968, 1.4950650647023636, 0.8821428167244192, 1.2062226481186378, 0.44311742067711196, 0.15853635373051572, -1.1641520718144907, -0.16630856532290472, 0.899235447569679, 1.0302806286401678, -0.6462086652150825, -2.187951479644077, -2.1744214217426023, -0.39322317556003344, 0.6672468307142906, 1.4582184390932877, -1.1168279787424327, -0.3483584474171305, -1.0530158771173748, 0.12298582675062174, -1.571621153862184, 0.8673045648318557, 0.8830075250491135, -0.5671933058253094, -2.1506892823730706, -0.3709347296463615, -0.696921524906155, -0.13277892315712445, 0.34699876283581765, 0.3907502926506348, -0.8670310556524997, -0.6718113610658693, 1.0684309629628845, -1.9657902503091351, 1.7149803275729378, 0.8194242626669804, 1.0794674345016022, -2.1416766105714085, -0.14259143056459034, -1.0852377236373727, 1.314007598428239, 1.1660163903438197, 0.7838974004336079, -1.770271234646, -0.9232405079628903, -1.2193519989592851, 0.18049226412606112, 0.5937387306676928, -0.5874076420594507, -2.0047737133193255, -0.5299416249494214, -2.287742246704539, -0.1655995441770193, 0.6623461399218742, 1.0174750344293497, 0.7509530737655231, -0.5875762764310805, -1.145467579353982, -0.8931393599046629, -4.611072218177809e-2, 0.7004382648657804, 1.1569615243496885, 0.10732735003823954, 0.2810672407386471, -1.583442383312017, -0.5101083064284554, 0.50779662409503, 1.2709156442293508, 0.7836675706516028, 0.79195045538303, -2.929968069786421, 0.3828805116330497, 0.7353800119853147, 0.7967927454002657, 0.37694888777291247, -0.7263575515362904, 1.1576933971632575, -0.36823097386489895, 3.177615860308881e-2, -0.1469744344407913, -0.20150844286443617, 0.5714048089531901, -0.5370281697351691, 0.6860594893703679, 1.1796781007145991e-2, 0.9045221078044888, 0.8107500119625857, 1.2616570553759605, -0.6385229526056659, 0.1619775322242555, -0.8348639664511927, 0.4816786981746206, 0.570397469735729, 1.579377660822597, -0.5354917880699449, -0.3737490433742496, -0.9516949869258977, 0.7631143341196374, -0.34783246873266604, 0.6591957787793871, 0.6279002123020309, -0.96980041159472, -0.3942194821692154, -0.8725336791376512, -0.2877749028397034, 0.23257624970255267, 0.7695827938044187, 1.2043155814095973e-2, 0.9724500956978948, -0.682781855923173, -0.2757837704566258, 0.3882473241994489, 0.9853127443666783, 0.721310027239672, 0.5779846121573309, 7.356909444318763e-2, 1.061585257582663, -0.35888206558211755, 1.0077086816530543, 0.7031940701256321, 1.025851400945484, 0.753788203474533, -0.7234752297291752, -1.0848332665423122, 0.7750633624596632, 0.4361702594608536, 0.5396451670990886, -0.32837976203346364, -0.6070442523289006, -1.874213554555489, 1.3236386390423536, 0.17457669207894627, 1.1860736006705088, -7.647157778223954e-2, -0.127869847873995, 6.234122527225957e-2, -2.145700639395717, -1.5006088562664381, 0.8547074563872624, 1.2561766992833023, -0.204551172213343, 1.4908110804268644, -0.33757417853674226, -0.1969123613313907, 0.1527557434271814, 1.294682747653906)
