seed <- 770
log.wt <- 0.0
penalty <- 2.8115950178536287e-8
intervals.send <- c()
intervals.recv <- c(56, 112, 225, 450, 900, 1800, 3600, 7200, 14400, 28800, 57600, 115200, 230400, 460800, 921600, 1843200, 3686400, 7372800, 14745600, 29491200, 58982400)
dev.null <- 358759.0022669336
df.null <- 35567
dev.resid <- 226166.03846698787
df.resid <- 35402
df <- 165
coefs <- c(6.729821236126078, 5.856510869674931, 5.821342880361163, 5.325359622915366, 5.142698247182199, 4.913950968437414, 4.766333156344376, 4.607622700430633, 4.344537166532163, 4.265230643014357, 4.300139951015921, 4.172476857813346, 3.9951065015180833, 3.9540977643427473, 3.722884764671051, 3.528253415318418, 3.25035974471245, 2.9832627091172017, 2.488631837163866, 1.9972691927589867, 1.6206695884550149, 0.9137363612963154, 1.1468857761102256, 0.3405273893991781, -0.1941628922234799, -1.0525846210584486, -0.3195448338672967, 1.127554785635569, 1.0826721409171893, -1.126788640086275, -2.9696694168524784, -2.019437133878935, -0.2766845034675838, 0.766373007922193, 1.2655163130369014, -1.1620902099810266, 0.11246186467713057, -0.5131061120049688, 1.9825355230219163e-2, -1.0551922630961816, 0.992663740167613, 1.0194595501722892, -0.9628282022323712, -2.4221093823433213, -0.7899323579208957, -0.6463714968896824, -0.6669941946534903, 0.3706703274200267, 2.4494558268333875e-3, -0.555209629328899, -0.34869464133264316, 1.1318546761141426, -3.068242208613294, 1.6523478797018738, 0.8615080775922248, 1.0135540946566675, -1.7339096637878952, -0.3790497039820935, -0.6044044738293438, 1.6731840990789615, 1.2087526038031229, 0.6387178399870056, -1.3367052270550006, -0.6808893939567249, -0.60091616558269, 0.3238888667860403, 0.7954423130702301, -0.4395640423676148, -2.2710348284614956, -0.6983084076682922, -2.8619217172559517, 0.12516032243446412, 0.6939026571705836, 0.8744823815821515, 0.6477053845403798, -0.8332696727611943, -1.3053559361472968, -1.002440180074241, 2.9515007660091512e-2, 0.7639994649737685, 1.220285430038769, 0.18425693442153349, 0.35479980160166635, -2.18611811743717, -0.7270532169080677, 0.28100888789465356, 1.201256312854398, 0.3529716371828427, 0.9041959872009924, -2.577322331666585, 0.6204413541058618, 0.7662972297079017, 0.8131350443794266, 0.3949081183565924, 0.34502377536808887, 1.6267781927703588, 0.1646049302578043, 0.19464959530598983, 0.12933580868848318, -0.130794651439113, 0.4222618203036243, -0.6905493161608114, 0.840492940932896, -6.693025193931391e-2, 0.6619048118180003, 0.840976954972858, 1.1595196130362284, -1.1116979164871468, -0.7304229317747292, -1.0459728811000064, 0.3598958776751227, 0.5444757390561823, 1.6126305247498949, -0.3980392241524301, -0.2008434004809499, -0.8058942841458068, 0.7644331990527287, -0.3132462281874964, 0.46524876142454963, 0.5353412784544979, -0.41618189617660994, -0.392360183879179, -1.0639624935880407, -0.7417021505069963, 0.41347793947268585, 0.8521573679248303, 1.6804012592591424e-2, 0.9123968173713426, -0.4110061802448664, -0.3881448893815821, 0.3174190909552966, 1.0667125792240775, 0.8606574243077366, 0.41410058044863146, -0.14381195631042087, 1.0788543936475892, -0.34471678661854166, 1.016275402017726, 0.8008186962945849, 1.0168856853673633, 0.7608915714343225, -0.5840173525735932, -0.9139461059899125, 0.7064425895615832, 0.19591877300076765, 0.4479425369752401, -0.27718611939509474, -0.4419268557017179, -1.6894278867045893, 1.2227380126777143, 0.21121822330058188, 1.2628336557671687, -1.5941949864218046e-3, -9.111329828670317e-2, -7.146639804217989e-3, -1.9849105344378197, -1.1709267719611167, 0.708331605177737, 1.1318865325598386, -0.35193624417440783, 1.5807568308544713, -0.2917273871401319, -4.289960598322784e-2, 1.7968146830708864e-2, 1.263511672145795)
