seed <- 550
log.wt <- 0.0
penalty <- 2.8115950178536287e-8
intervals.send <- c()
intervals.recv <- c(56, 112, 225, 450, 900, 1800, 3600, 7200, 14400, 28800, 57600, 115200, 230400, 460800, 921600, 1843200, 3686400, 7372800, 14745600, 29491200, 58982400)
dev.null <- 358759.0022669336
df.null <- 35567
dev.resid <- 225123.68240332673
df.resid <- 35402
df <- 165
coefs <- c(6.517642970540354, 5.92428559591626, 5.677795833263407, 5.2645267546845185, 4.99461000649123, 4.9381451560992, 4.724133304203399, 4.625652353956783, 4.397030174824996, 4.258145740674985, 4.388024684821202, 4.155488982103822, 4.042384467628526, 3.9473671197248716, 3.7880379657207213, 3.558695864119201, 3.296465093993212, 2.9090140589732667, 2.4829048566133665, 2.1023097110464124, 1.542276897816758, 0.8938160758228031, 0.975281645550794, 0.6235884147684251, 0.3046700614005893, -1.8008678837262568, -0.20122668720849826, 0.9077559736939269, 1.100144119451474, -0.8452623592174162, -1.908902044022518, -2.061687733888858, -0.5074157268222149, 0.7325504433745295, 1.3621306169523784, -1.0539028162859245, -0.32666844542093554, -1.0709080914647622, -8.180359796031023e-2, -0.3892043487894833, 1.0117775410066772, 0.8647201088593963, -0.9378090066111839, -1.7841802001777258, -0.6256701440730871, -0.7001832530412916, -0.6938495034926923, 0.6314877945381232, 0.26671690314579655, -0.8047152337767832, 4.742731609267632e-2, 1.0280830584749823, -2.0472203647110585, 1.7514148153453803, 0.7119845182629996, 0.8988989333036299, -1.9344871596598165, -0.390462931829699, -0.4115694695116318, 1.1672897352384046, 1.2557111624568802, 1.0030838411354506, -2.0838932781813466, -1.2980692136803267, -0.7253828530967927, 0.42159999560892275, 0.6065102305742668, -0.40468112587887783, -0.9393539286893086, -0.6113173717870674, -2.589297440779606, -0.874750599928137, 0.43758844542696546, 1.017936341212814, 0.7512269567680618, -0.7494715286573396, -1.9307729597241037, -0.9527732929530898, -9.317689718038984e-2, 0.6360940746860473, 1.0655776100995666, 0.16820807574790952, 0.337892348100449, -2.001964093755945, -1.1348531682244694, 0.484431071853409, 1.3118878623055574, 0.5700364106169665, 0.8958715304279466, -2.3369308196640683, 0.46570763210373295, 0.750717955770042, 0.7508378323599477, 0.4104400606872222, 0.2839947521027918, 1.3839761376362045, -0.32285144115871994, 0.32338820853195577, -0.31388039769612985, -0.5052851070160246, 0.6793108795374347, -0.10903609933545293, 0.7173187595740294, 0.4510139202688546, 0.5134804119073966, 0.9099915476016516, 1.1121686487215554, -0.5638328451473177, -0.39712142781269677, -0.43742751756638226, 0.5158618315335252, 0.45900887784069705, 1.610809581038235, -1.1872014680469156, -0.21489944213179446, -1.2667426649255973, 0.7163204461466665, -0.2031791513417432, 0.4162099939319192, 0.7355144918807816, -0.20708960624968106, -0.6317745594455769, -1.3868236666787845, -0.5486481826461755, 0.19041988748390443, 0.7881127675687685, -3.652567274774396e-2, 0.8300817853707056, -0.5454003792853901, -0.4157761662458112, 0.3382275763464158, 1.0705074022623178, 0.9115069968328277, 0.46077580416366787, 0.17492880306978795, 1.1216947469740195, -0.3703849928178396, 0.9550377995016828, 0.7257641800009947, 0.9175280449299547, 0.7102876342132288, -0.6612293020403438, -1.131787344801097, 0.7101492268489432, 0.47751851906317155, 0.5280746019234673, -8.796315291701762e-2, -0.6037484331939108, -1.9944235287311112, 1.158071699294067, 3.198660872969467e-2, 1.1224347419761178, -0.30605498625703564, -0.13285802694840165, 5.981768787930346e-4, -1.8280628480558867, -1.2651279994597413, 0.9280034171589738, 1.3542580108724926, 7.847746382694308e-3, 1.579851160135229, -0.5077531469612919, -6.79588665520581e-2, -8.947773143427011e-2, 1.1018783900600446)
