seed <- 588
log.wt <- 0.0
penalty <- 2.8115950178536287e-8
intervals.send <- c()
intervals.recv <- c(56, 112, 225, 450, 900, 1800, 3600, 7200, 14400, 28800, 57600, 115200, 230400, 460800, 921600, 1843200, 3686400, 7372800, 14745600, 29491200, 58982400)
dev.null <- 358759.0022669336
df.null <- 35567
dev.resid <- 226295.09975449328
df.resid <- 35402
df <- 165
coefs <- c(6.881149819781818, 6.077880309016929, 5.820604098601376, 5.414289574456401, 4.973822693077801, 4.807037015039755, 4.8061800450756555, 4.6483986850322045, 4.384490776721146, 4.245582903634577, 4.30395931608052, 4.144019824239926, 3.99916155811201, 3.962649738173501, 3.7392710889936, 3.4959417291463932, 3.2437722467474397, 2.950419007205734, 2.495195088434474, 1.9866359755675373, 1.5918917750751496, 0.9120244340870095, 1.1119068984830272, 0.33965791621800784, 0.33811556734224, -0.5252798004106162, -0.25231681167642805, 0.954785745231267, 1.0655971121084415, -1.0554421437588457, -1.9957067970403857, -1.4649347645347375, -0.30866024923608926, 0.8060540928865547, 1.411003719320957, -1.5399099571177013, -0.8346270727749779, -1.438112545482283, 2.841902924691724e-2, -0.6401045673967269, 0.9606828086317785, 1.017962680312929, -0.7267841420068557, -2.5421812676324236, -1.2845443927988627, -0.8212789384985042, -0.316734309956477, 0.20784681645652078, 0.6609534601378918, -0.7448277505392056, 0.12110100591310292, 0.949820256616255, -2.903008505887313, 1.770527765305001, 0.7340260531691382, 1.032386345830095, -2.558511202719948, -0.1231334149569045, -0.7580179371604379, 1.3882655190056927, 0.5692802496947876, 0.9544212448330569, -2.3823877474650588, -1.1872252139717656, -0.648091212129649, 0.3743636998726622, 0.6486830665826612, -0.38160996032662553, -0.6568620586086124, -0.5664445966543, -3.120249579689001, -0.24574770245826297, 0.4140467652011232, 0.8396893506886085, 0.7541065954686329, -0.7116848908245189, -1.1629066638087415, -1.48569461677546, -0.12247077528567275, 0.5920789906683883, 1.1628704519057331, 0.21416503475464677, 0.4295422728822829, -1.7946387233679713, -0.4672857283540434, 0.30649158228734846, 1.2457532178319664, 0.6067594807637612, 1.0265870994384882, -1.9465486038321687, 0.30620734176477005, 0.6923849456622986, 0.8050913193478997, 0.28210604628767144, 0.1030733250426834, 1.5088856303897629, -6.224757717224745e-2, 0.20240827777667125, -0.17221599212738337, -0.2761801748432078, 0.42685540269396927, -0.36021372689383924, 0.6792440887342557, -7.2358143130415295e-3, 0.6930722442608203, 0.8928599635354443, 1.230084442722842, -1.9812343275385037e-2, -3.688901164427449e-2, -0.7110524818835489, 0.4117397360021429, 0.7272684315611948, 1.6005920345836355, -1.190965069853356, -0.23125971231712186, -1.123354711908181, 0.8137177000376911, -0.37549816369059325, 0.5788315380714258, 0.19136592839131258, -0.28644361586206696, -0.4447603623972289, -0.8915581712140959, -0.3941103924898701, 0.46934731259087004, 0.8047493308682415, 1.125818416080217e-2, 0.997108323731453, -0.4754228141278796, -0.456783946394934, 0.5433979493897105, 0.9175643958170373, 1.0995136995524433, 0.38263602490430904, 3.480180013635633e-2, 1.0777665986829525, -0.30413623214154717, 1.0296810704331703, 0.6861021367533015, 0.9001888455499656, 0.7002499114744397, -0.7328406935000575, -1.2174467278616616, 0.652424520361844, 0.12695762700755472, 0.48999396271220796, -0.15774180735703683, -0.5860911233533057, -2.1111124899016165, 1.3140166940350144, 0.1637564445213241, 1.2118850322170511, -9.932212224349041e-2, -3.122981785598418e-2, 4.608408754660564e-3, -1.6059020004208786, -1.52137436312845, 0.6883924975106201, 1.2602991452408454, -0.5210041499760045, 1.5795933338215389, -0.27243707971325726, -0.15305588903610354, 9.328403505577595e-2, 1.2083212127081842)
