seed <- 663
log.wt <- -15.50733566676956
penalty <- 2.8115950178536287e-8
intervals.send <- c()
intervals.recv <- c(56, 112, 225, 450, 900, 1800, 3600, 7200, 14400, 28800, 57600, 115200, 230400, 460800, 921600, 1843200, 3686400, 7372800, 14745600, 29491200, 58982400)
dev.null <- 358759.0022669336
df.null <- 35567
dev.resid <- 224435.6393609314
df.resid <- 35402
df <- 165
coefs <- c(6.612753036940583, 5.927868208260511, 5.627096364364246, 5.267927315534904, 5.095083469619486, 4.911279045522872, 4.735425914578297, 4.71407296493886, 4.354530477784642, 4.294978207040363, 4.406943715483448, 4.232797452080835, 4.033678074548246, 4.002479596802276, 3.7908929914864844, 3.5734094999966493, 3.2684031989037456, 2.940832090304522, 2.5263989489292955, 2.136857652546118, 1.6340798563275976, 0.9166785478806931, 0.9901852110094931, 0.5398104381965465, 0.5992116412574634, -0.6490213117652454, -2.738440294888867e-2, 0.8628549737388113, 1.076522131667509, -1.079476799416002, -2.3015646085098322, -2.4578371015795635, -0.27743906146947356, 0.7486923198272826, 1.1670670446933706, -1.0704431780795214, -0.43662683029497473, -1.4811106168924737, 0.1338154312716121, -0.23790654244479909, 0.9686481545510851, 0.8519054764905925, -0.8032400642177201, -2.0437031558132386, -0.7799498576621999, -0.820084825401117, -0.379785209370902, 0.4999965435769722, 0.5539738352890881, -0.6556136621835157, -0.20849516066443205, 0.9167477368455738, -2.4456636899819992, 1.6938251801175226, 0.8966664653667027, 1.1119856079506216, -2.0222886069569257, -0.12108750781152251, -0.7295932694142103, 1.4968945327363496, 1.2582295950946953, 0.6197045410319285, -1.6795260431809151, -0.8899931779136, -0.7516946901995953, 0.40319340843610074, 0.5674402146955339, -0.19819867920964682, -1.9068952855352124, -0.4927693805735622, -1.4693928141423118, -0.6324907633421352, 0.34439419848694264, 0.9055870139895694, 0.666111077940141, -1.0520619893573018, -1.203565497013729, -1.406735919212557, 8.105358933786014e-3, 0.7708514774504444, 1.2083022402960124, 2.783552866642209e-2, 0.11200805448964281, -1.7849109380763728, -0.7364146863609743, 0.39387769664801997, 1.2764705658972801, 0.10046475648723399, 0.8375313388261151, -1.8849180520602051, 0.4454208462493027, 0.7838512230341002, 0.8153568622771256, 0.3768499669886109, -0.1022616163795508, 1.5300529652902364, 0.32370061081048435, 0.5587914121301703, -0.13628175920790125, -0.3204387503954108, 0.4382991265230739, -0.18561395783504844, 0.7293601934460896, 0.23946426704786664, 0.841601938943724, 0.8605101087448821, 1.0908441262722368, -1.0139318301425972, -0.9194540876581861, -0.9786362680963909, 0.5069830331593476, 0.5320454671544174, 1.5754071496147921, -1.0085061896687937, -0.15179993260040206, -1.6874781900577465, 0.8045075298641268, -0.35093792183253697, 0.6227587319991518, 0.6581877202662224, -0.7733432361136955, -0.4353707398692158, -1.7611694900753958, -0.4376773245505446, 0.2499230140045685, 0.8990775367418741, -0.11344360765461965, 1.0555561363263446, -0.7284926041401141, -0.38524967792949266, 0.3820470772972161, 0.9861427971633654, 0.7726365776187457, 0.43714177416290323, 8.568426578510509e-2, 1.0247198906167292, -0.3651834302749316, 1.0595168173531888, 0.7190088575594141, 1.0815244011712826, 0.8016680972261715, -0.6548832540925786, -1.467697714877572, 0.6241077580208929, 9.900071113794247e-2, 0.44115925817974666, -9.784575706820602e-2, -0.3034934485137973, -1.9151460194773826, 1.2460183213107148, 0.13607626731226025, 1.2754913721206877, -3.615596573305854e-2, -0.10555390446701134, -0.21617962157660106, -1.8334160456099708, -1.0853083292675172, 0.8434909026644966, 1.241638239092252, -0.19526159166730364, 1.5349224117604545, -0.5882858222575033, -0.13202999058047282, 6.84926415587863e-2, 1.279784712889773)
