seed <- 511
log.wt <- -14.95606092631034
penalty <- 2.8115950178536287e-8
intervals.send <- c()
intervals.recv <- c(56, 112, 225, 450, 900, 1800, 3600, 7200, 14400, 28800, 57600, 115200, 230400, 460800, 921600, 1843200, 3686400, 7372800, 14745600, 29491200, 58982400)
dev.null <- 358759.0022669336
df.null <- 35567
dev.resid <- 225876.2374246914
df.resid <- 35402
df <- 165
coefs <- c(6.596354504231204, 5.762424559352378, 5.6674902855145, 5.421659753574294, 5.058150278559022, 4.8353032235138205, 4.728747655096463, 4.66667458508025, 4.381251518665967, 4.241667796666617, 4.317911532702298, 4.163108669974748, 4.0510697130743445, 4.0067134920616505, 3.7472993733930413, 3.528442010795326, 3.2763641952350997, 2.947677245895089, 2.533454886659075, 2.118682263537148, 1.6198661641114567, 0.8936915355895954, 1.131578777279232, 0.343145143260761, 0.5307600870645658, -1.5295557286399624, -5.661901512904792e-2, 0.930748124581667, 1.0190577955530078, -1.5555989339157668, -2.242936887862057, -2.1948405500047854, -0.4046733759779598, 0.703160178769225, 1.4019665681475082, -0.8772752188979154, -0.8839135628329674, -0.9337403014583233, 0.10308251999825468, -6.730725766833479e-2, 0.8768933126261295, 0.839194180717498, -0.7790677630894947, -1.5775223941025878, -0.8603255481121845, -0.9494648611372567, -1.3187799978044625, 0.13487512137181643, 0.5934620495251575, -1.133319534611028, -0.2042030949398499, 0.83938403230215, -1.9413670218831423, 1.7642261820578387, 0.7858997243911093, 1.1362020692750507, -2.077235717692218, 6.32763304475023e-2, -0.39731332261939695, 1.17475615351512, 1.114518388235022, 0.6904764063561353, -2.10086626066593, -0.23769481879516807, -0.6172042204185226, -0.2555333433660302, 0.6493055338223255, -0.5971341780853835, -1.0018777672773973, -0.7423321935865513, -2.2992694392381927, -0.3621142145923583, 0.2889768925285364, 0.9732093676807095, 0.8293667558477905, -0.9105500877562285, -1.5261372429742275, -1.086256496760666, 3.456069701478601e-2, 0.6558576157560192, 1.214731289580521, 5.12985272511902e-2, 0.6329917827087007, -1.00078720268012, -0.5516500335539742, 0.42289395226641896, 1.3187745031989928, 0.47699318516613354, 0.8259893772906297, -2.3818087890821067, 0.5182206915602608, 0.6331932288568812, 0.7462734484614142, 0.42788865579773494, -6.1568985551224515e-3, 1.3771714740764787, 0.3157470532804369, 0.9765133906980111, -0.2033955102320872, -0.5648162168709543, 0.38825183690879406, -0.2458840162240918, 0.5514446002982079, 0.4065366097613042, 0.6775411341147038, 0.8289726824178596, 1.1853683604425076, -0.4917985350263826, -0.428387876978644, -0.9214463341168754, 0.41933118934829433, 0.5350060568729273, 1.5246265591429435, -0.2589072952150531, -0.3064422589450666, -1.2551909272335355, 0.7742576566241551, -0.12105107942849176, 0.443229041723662, 0.3065614826122306, -0.7013563788474217, -0.3356129673554982, -1.2497910971446557, -0.68481159009875, 0.2520126614301495, 0.9244023977938484, 7.878822926012051e-2, 0.9143353711722737, -0.9063496553390458, -0.3902792710927456, 0.3984779688020971, 0.8006135807007306, 0.6385168517561519, 0.46402684747279477, -3.0676975904513504e-3, 0.991508099688886, -0.40943725643630935, 1.0979031305452158, 0.6913454287305744, 0.8513146146679398, 0.688878051416205, -0.6651750843623436, -1.1499635387290377, 0.7089274130541754, 0.3298304669876965, 0.4388810427820972, -0.1447400377253854, -0.9323891404284359, -1.8539242365851822, 1.295743420468015, 0.21510331659198914, 1.15531110580972, -8.364760071418747e-3, -9.998542066573457e-2, -2.2129302157479946e-2, -2.114075197394556, -1.2465039371645723, 0.8876738589255054, 1.2921277450339537, -0.3760703869938856, 1.4612384353454921, -0.1374804370187478, -0.19622131177273971, -0.1280625658728168, 1.1571452442732248)
