seed <- 886
log.wt <- 0.0
penalty <- 2.8115950178536287e-8
intervals.send <- c()
intervals.recv <- c(56, 112, 225, 450, 900, 1800, 3600, 7200, 14400, 28800, 57600, 115200, 230400, 460800, 921600, 1843200, 3686400, 7372800, 14745600, 29491200, 58982400)
dev.null <- 358759.0022669336
df.null <- 35567
dev.resid <- 225994.60892126098
df.resid <- 35402
df <- 165
coefs <- c(6.619967760634086, 5.88876271748046, 5.623893233740357, 5.296360432804662, 5.109727746095227, 4.812602567024462, 4.699131850716271, 4.688732239370602, 4.3549380938648055, 4.275941124562895, 4.276334635205089, 4.159975019209789, 3.991194639663667, 3.907156845626256, 3.7240569518807622, 3.5183485545234032, 3.2341958617298183, 2.932843694490381, 2.493793913287379, 2.1020333467132053, 1.6331235150413796, 0.939446339529288, 1.046660397718694, 0.6866884576820675, 0.9072575327242877, -1.5598630875657693, -1.2065730730872937e-2, 1.034234262333554, 1.1138766711055077, -1.3143369595127783, -2.5461708370848166, -1.6205565339994774, -0.27631294186504674, 0.7866673408034608, 1.3162728478570132, -1.3547565173145708, -0.6540348931849918, -1.692576308957969, 0.14034411208573713, -1.2742850233881282, 0.9856410399418264, 0.7082840409298392, -0.7006277813871769, -2.224782833388147, -0.8934561029506335, -0.6879224071439209, -1.0081602295671306, 0.5342094524049039, 0.4500907619713431, -0.5183751530175664, 1.2007706530115318e-2, 1.2322322269822998, -2.7580150311752174, 1.6567427033231703, 0.7495621371087973, 1.0032125104361278, -1.7710781968076448, -0.20972842601039404, -0.22765009949823645, 1.5415140912661889, 0.8551335397412323, 1.0063545409053123, -2.213368381884176, -1.2985804252386377, -0.7105563533496648, 3.1173396772806016e-2, 0.5455336942682215, -0.8173592070991259, -1.0657353043289497, -0.585792895485943, -1.8686556476545424, -0.6884319241531849, 0.3748339009123643, 0.9847473007710692, 0.7540852320469491, -0.7729808187066511, -1.1834961756145983, -1.1643048235067635, 0.10124913611362678, 0.7114423867842997, 1.139447095402703, 0.1224137845515555, 0.3788008060728695, -1.7951130390912333, -0.7526242616605353, 0.5158822945809443, 1.3892221898370656, 0.3713753955952576, 0.8586154362939926, -2.1468448289678075, 0.5284802549112473, 0.8234536455120743, 0.751890246287927, 0.31422775234409955, -0.45474857495201054, 1.46830900284584, -0.6634687591054782, 0.5677277598905344, 0.345501971367181, 7.5227924933833e-2, 0.2635486351617944, -0.24690431934585835, 0.8616162470953737, 0.4498061661252755, 0.7177222290067928, 0.862949812986699, 1.1776708301395302, -1.2318200425914934, 2.3681642248413366e-2, -0.6478746556305519, 0.4720760221038497, 0.6506735280680842, 1.6379456665678678, -0.30263832834447074, -0.18781508791240686, -0.8483910409753233, 0.7473985806955714, -0.2557236060939474, 0.5268126970221452, 0.6804855366496111, -0.15371917246106698, -0.5140216922787335, -2.239420338643567, -0.4535829442911289, 0.3077986559249918, 0.7725323117140528, 1.9117280390472703e-2, 0.8198058448061795, -0.7658974012547249, -0.4730911705285982, 0.35251665912076025, 1.2211149246593758, 0.8581684965490312, 0.42936019683977866, 0.12410981466000916, 1.1652439871933857, -0.22501623793951753, 0.9792194465784886, 0.7344718113859835, 0.8462692402401828, 0.6113419171840231, -0.7989529401665338, -1.1960978284548354, 0.8049926958341477, 0.14815103304197938, 0.5310895573746426, -4.9027710290408845e-2, -0.7508993057008986, -1.8950565425325334, 1.288677931638361, 0.13744200803324413, 1.2111821294284453, -0.3306237066419551, -1.4493584785772914e-2, -4.342185780429515e-2, -1.867192638191672, -1.393469820776577, 0.8975492470883221, 1.2765351129180091, 2.134119221900102e-2, 1.6047142356154573, -0.26160057127914205, -0.2428588629226253, -0.3540823078706348, 1.1353035852719586)
