seed <- 1016
log.wt <- -14.153676229210735
penalty <- 2.8115950178536287e-8
intervals.send <- c()
intervals.recv <- c(56, 112, 225, 450, 900, 1800, 3600, 7200, 14400, 28800, 57600, 115200, 230400, 460800, 921600, 1843200, 3686400, 7372800, 14745600, 29491200, 58982400)
dev.null <- 358759.0022669336
df.null <- 35567
dev.resid <- 224881.298458859
df.resid <- 35402
df <- 165
coefs <- c(6.601286635816584, 5.874176440625037, 5.7245036242593175, 5.3664485211928294, 5.08866277754649, 4.887119757867091, 4.793884278692824, 4.557315066092758, 4.381309479970542, 4.309917756561602, 4.350047547964552, 4.1957518106249285, 4.053568142476687, 3.9844766376323215, 3.7499597441118606, 3.5228303873311893, 3.265383129916963, 2.993842631567827, 2.4759905138655793, 2.0601556323491788, 1.5386315021093941, 0.904508121264714, 1.1096485117378247, 0.34807767072419676, -8.18716004448344e-3, -1.0493893499229918, -5.3245267207045206e-2, 0.9399160079731175, 1.0515532222090287, -1.7220826524930635, -2.0979537308026726, -2.376628886861074, -0.432956972628644, 0.7439632013068788, 1.4690739659925525, -1.417418309326702, 7.558267149020244e-3, -1.094996587294021, 0.16343400694554455, -0.4026675023229885, 1.030164039068365, 1.1888742660235754, -0.9568389388552971, -2.151420996452794, -0.966458607513174, -0.8516606852710763, -1.1261600081532441, 9.891543058246473e-2, 0.32895404552798535, -0.4071677145225026, -0.10268804642918547, 0.8232015166928378, -2.488627841950375, 1.780635036038564, 0.8664045509020949, 1.175604124763751, -1.3239056539385772, 8.771959463737346e-2, -0.5237521539844487, 1.164874438652695, 0.8184034865472317, 0.7882615640519011, -1.818908570436574, -0.9049258963800727, -0.6716807935244984, 0.41964487087156693, 0.5403321711895608, -0.26085535689261624, -2.029047265264539, -0.6878500817484712, -2.51673700029548, -0.23599050230299085, 0.4108955040938786, 0.981031765228064, 0.5330054132524165, -0.8222229740714111, -1.4388788228457823, -1.1543514038200782, -5.530839363067157e-2, 0.6818568773418265, 1.1779119200920176, 0.23281255386521263, 0.12279765677038464, -1.8846267964760843, -0.5326967685042535, 0.3054681561212422, 1.2178166364665113, 0.14648445748270136, 0.9024670719055239, -2.6653193185351585, 0.2715660718317557, 0.48688805788535106, 0.7286099623864392, 0.2901465092885032, 4.0962503044158646e-2, 1.4566011396920655, -0.9426183820004713, 0.2262098277456133, -0.1581484621027338, 0.13947833698630435, 0.3141633308097002, -0.247176918273763, 0.8589641001820186, 7.396040917965135e-2, 0.9278227722943837, 0.8749650268896663, 1.2582685624180594, 0.10780327695393316, -0.3928782767459922, -1.295842951949124, 0.466902992257699, 0.5710481665953996, 1.6261836191872057, -0.630786626480587, -0.17741774356744927, -0.833399782691625, 0.7528851736845236, -0.4176298128593611, 0.6199692338161842, 0.6399129329854001, 6.160816749993446e-3, -0.22998158171492736, -1.0836617863388613, -0.4168517085495206, 0.2975977726889499, 0.9130090525985036, 9.772098051737363e-2, 1.0299944125041083, -0.5010113950514132, -0.4080565881485141, 0.3209292815590374, 0.7666828458372427, 0.7693051926048875, 0.4986976086944307, 9.285988842144076e-2, 1.0954294473645643, -0.27007794779576927, 1.0191586381010531, 0.7734900141095551, 0.9917200052136727, 0.704264541794887, -0.7533216126663991, -0.9277433237043092, 0.6695774344824672, 0.23836085339143456, 0.5327962675348832, -0.4006136984133503, -0.9086076644612047, -1.9225121894784083, 1.3145042564106437, 7.768638239948926e-2, 1.2111747917011186, -0.21111914722047526, -1.5596226558731757e-2, 0.15274277079939677, -1.7144095618047088, -0.7032575787692508, 0.7449129960274236, 1.1432468935840892, -0.26028218730970987, 1.5696485397260687, -0.21610920044134913, -0.1986454642757603, -2.889365569130896e-2, 1.1730046713646487)
