seed <- 576
log.wt <- -15.648786681536073
penalty <- 2.8115950178536287e-8
intervals.send <- c()
intervals.recv <- c(56, 112, 225, 450, 900, 1800, 3600, 7200, 14400, 28800, 57600, 115200, 230400, 460800, 921600, 1843200, 3686400, 7372800, 14745600, 29491200, 58982400)
dev.null <- 358759.0022669336
df.null <- 35567
dev.resid <- 225434.5149357177
df.resid <- 35402
df <- 165
coefs <- c(6.245034453224978, 5.835057593572657, 5.914228235952834, 5.241289355814534, 5.043081120996595, 4.87239029707293, 4.793203562953138, 4.64908629588954, 4.361527746855326, 4.359811916130648, 4.30991578590515, 4.139134753495704, 4.066802800613664, 3.9784075485672026, 3.7760209664863456, 3.551496227684384, 3.280348514392256, 2.9647715059570494, 2.500336163380435, 2.0614131082835887, 1.6587791048352645, 0.8790290575637572, 1.0083690824590867, 0.5387584291431686, 0.3871442834326491, -1.285999780002565, -0.17449050278513117, 0.8238164592997475, 1.0281723685665063, -1.135951773961976, -2.4362373989728576, -2.3548490312249, -0.525462921552971, 0.7819322609035462, 1.108382610047821, -1.1051581247950122, -1.0735524553701432, -1.6166242931251853, 0.13652335749019462, -1.0684500091923137, 0.9218423564918194, 1.1086024804810624, -0.7136246178088452, -2.596016150488633, -1.306521279820781, -0.8203873231240453, -0.19947941924097587, 7.043543417318447e-2, 1.039085828241453, -0.6105059087356476, 0.2692018789323034, 1.0157305164994046, -2.3094988153607647, 1.7511420667789788, 0.8419652818260311, 1.0872975308516477, -2.0869358461755647, -0.10621483346389463, -0.3795921524146007, 1.4461982641858013, 1.3453531807721975, 0.9614820974656538, -1.8170463350291735, -0.37982264680448474, -0.5377873290965454, 0.10268613590662047, 0.5834248631047269, -0.3765813545787722, -1.221721504871139, -0.5265365652962387, -2.0777888773283912, -0.3719312650557773, 0.40868879391637514, 1.0426477846255373, 0.726810961984026, -0.949600439272948, -1.4275549400289231, -1.0357095283301843, -7.452620338415387e-2, 0.7292302905863195, 1.1635859065389333, 3.385552653622813e-2, 9.509870888252618e-2, -1.829302417399727, -0.2678698503846698, 0.3208728721358152, 1.175391710859533, 0.365377865371028, 0.8369288580398329, -2.234237115865763, 0.532217317394185, 0.6975495386248317, 0.8902414190904154, 0.4175667857118299, 0.22675347564322038, 1.2252775252553345, -0.34977254775448624, 0.32019069028919644, -0.3072111482685831, -0.11176601901203714, 0.3636730356260564, -0.8746665393253208, 0.7958403495597113, 0.42011308136140707, 0.8336855373685994, 0.8418272036150682, 1.1210095147259138, -0.6171006926504287, -1.1464713832770779, -0.7452031152060672, 0.38146017885626704, 0.4831175431976079, 1.568760727837833, -0.6333159247167218, -0.2333650133838484, -0.9269536476060393, 0.8400500855910835, -0.3688965438804988, 0.301871507856303, 0.6483407727155407, -0.6549602299578086, -0.2689906698265932, -1.433745036419024, -0.5483823636407705, 0.36269802838999815, 0.8702371333468127, -0.1577582665514443, 0.9844391832474881, -0.4878611020668102, -0.3976361385604363, 8.612730754790403e-2, 1.0036037572583059, 0.908799513963459, 0.49914631780605057, -3.229843744912777e-2, 1.098649591966752, -0.38570432725247317, 1.0841354832156802, 0.7317237811281266, 1.018447554880099, 0.8092724795253976, -0.6379990619057415, -1.224537430568958, 0.6375610751146468, 0.37952929517561373, 0.5768609779652388, -4.684392917231154e-2, -0.3221369473306994, -1.9640191829516647, 1.305894820263036, 0.24728527264550554, 1.2567173891580277, -0.1271054596456747, -9.654036809973306e-2, -6.621432760988459e-2, -1.646682757945046, -0.9759744287575701, 0.8061230266085287, 1.1222473010009504, -0.40653355108129935, 1.5424892197378939, -0.30881723779233555, -0.11694536555709555, 6.060561518844401e-2, 1.218772686018455)
