seed <- 303
log.wt <- 0.0
penalty <- 2.8115950178536287e-8
intervals.send <- c()
intervals.recv <- c(56, 112, 225, 450, 900, 1800, 3600, 7200, 14400, 28800, 57600, 115200, 230400, 460800, 921600, 1843200, 3686400, 7372800, 14745600, 29491200, 58982400)
dev.null <- 358759.0022669336
df.null <- 35567
dev.resid <- 226346.12757429475
df.resid <- 35402
df <- 165
coefs <- c(6.498067484854804, 6.238189318909136, 5.751476095214544, 5.362945008824446, 4.999471403457197, 4.816290028236397, 4.78671409231513, 4.586917560072521, 4.343217832247126, 4.198391730531594, 4.350733185149697, 4.164979594815227, 4.030362413080572, 3.9413858084697546, 3.7579153253579833, 3.523512627651386, 3.24759588120611, 2.9090048549538734, 2.4591745622469925, 2.0364222024717478, 1.589634252122877, 0.898081117938662, 1.11004752809145, 0.3150608848986762, 0.33434682801763665, -1.180665426911395, -8.725702210843826e-2, 0.7062018016136846, 1.036102506778302, -0.6980693241966706, -2.5278684234489393, -2.3339897486587673, -0.2869145000957496, 0.7284620175798703, 1.2805189634399738, -1.1184102451721145, 0.23721527692393557, -0.9812690195270701, 0.2442979621910497, -0.19472993491652915, 0.9087787407938717, 0.9397248881076775, -0.8378337146359828, -1.3468884427261893, -0.9909240240141377, -0.6866989848631427, -1.1387233089435402, 0.4587207809744172, 0.22728441761232965, -0.878310159316052, -0.41396197343032376, 0.7165431941270598, -2.485774246292687, 1.8484005662976766, 0.7854649257591174, 1.1150908390507617, -1.8987469895222737, -8.455834428756728e-2, -0.5748289975877443, 1.535560567779536, 0.901591672379542, 0.8388703695398645, -1.747568108358168, -1.0130208127103644, -0.686280390005415, 0.11295739588963312, 0.6593004426130911, -0.557443039961691, -1.3062184022724042, -0.6054067493861254, -1.9755714696339945, -0.32603446296492355, 0.1646229931116985, 0.9083838182814874, 0.712375959628451, -0.5355145930075839, -1.4901582602388643, -2.0625950863303544, 8.411913880839406e-2, 0.7411954323661133, 1.1171836818909524, 0.11917419169414077, 0.3308017614816761, -2.032131575394914, -0.5942436776640548, 0.37278216087001825, 1.188491401680425, 0.26874686060646974, 0.8684742834820499, -2.3603903631033254, 0.4975359593277442, 0.6247913128717955, 0.6845796021158784, 0.27887233145404156, -1.5132027964768896e-2, 1.3084522203564566, 6.927327808243518e-2, 0.5058076724104663, -0.1470961668181987, -0.15037483516945885, 0.5295838696611257, -0.43867379935205764, 0.7285837131830198, -2.2114663224534217e-2, 0.9019034076984206, 0.8839705983784187, 1.202120353946057, -0.49712722578470214, -0.2980102197692856, -0.712311470405487, 0.4853696988048878, 0.43643638275000546, 1.5716497180537128, -0.5912934770216696, -0.25285054458901984, -1.1190727596245582, 0.7294255538135355, -0.3974101239512994, 0.6304486528387796, 0.6695340593703196, -0.7740582113955049, -0.5238991140359094, -1.180185386193507, -0.15854465708830448, 0.3982934887780673, 0.8843837463105964, 7.942433172257105e-2, 0.9313643759095243, -0.6820411050135712, -0.4483367408152973, 0.31922314601921753, 0.868935245318168, 0.5867075289630003, 0.3435065978484085, -4.9251918608282555e-2, 0.8994062449139938, -0.3629187960840343, 1.054514064403036, 0.742600453655267, 0.9575066697427869, 0.7416501129199584, -0.6341525734518849, -1.1849966265293417, 0.710781531989804, 0.30849243071567434, 0.5077969748439182, -0.22817094667532214, -0.6938868134708354, -1.8294162255766053, 1.3954271053688088, 7.549500089917745e-2, 1.1955281787504108, -0.1890455762359675, -5.199674029012279e-2, 1.6092024842208362e-2, -1.8933417813707496, -1.1632223169774174, 0.7993075964017693, 1.2229564998874307, -0.28126283764812626, 1.5416653106505205, -8.43857163734726e-2, -3.397128329444552e-2, -0.18596815449559834, 1.179148238715225)
