seed <- 710
log.wt <- 0.0
penalty <- 2.8115950178536287e-8
intervals.send <- c()
intervals.recv <- c(56, 112, 225, 450, 900, 1800, 3600, 7200, 14400, 28800, 57600, 115200, 230400, 460800, 921600, 1843200, 3686400, 7372800, 14745600, 29491200, 58982400)
dev.null <- 358759.0022669336
df.null <- 35567
dev.resid <- 226211.6709152116
df.resid <- 35402
df <- 165
coefs <- c(6.738222026638352, 5.682460785245179, 5.4515136028051865, 5.277711595523983, 5.0392523443359964, 4.780380554412304, 4.75365873206412, 4.660648353544525, 4.360714245895926, 4.206084184301972, 4.319188330245634, 4.159006097380526, 3.9861138528492837, 3.9449931102798743, 3.751082755917571, 3.551803805924764, 3.2325337681559674, 2.916938124641885, 2.4628880200530325, 2.028729785418615, 1.515434720789624, 0.871227581880817, 1.1485199256773975, 0.2571669942571316, 0.6931637668138294, -0.8283636362569202, -0.3102163334684425, 0.9696088593648824, 1.1143364878832938, -1.8190407566907145, -2.483237600893076, -2.779131015534139, -0.41439288487220705, 0.7370251799738641, 1.434570966003175, -1.4160066409413057, -0.9555789562968723, -0.5548509390706047, -0.4624450896084501, -1.0244553126919445, 0.9506552755583525, 1.168312503063828, -1.1041365968624588, -1.7523010400088124, -0.833893608944046, -0.5519073122482206, -0.5627694479164971, 0.2124973260848732, 0.5931926832603753, -1.0490031009218803, -3.793610414533714e-2, 0.9057466421025214, -2.6753069135676513, 1.8476741522834568, 0.8451308390862395, 1.0926736003278537, -1.9208157484580544, -2.4923698771698543e-2, -0.8158358542270242, 1.4369141501371112, 1.329533617067546, 0.7441532601762253, -0.7923788156300086, -0.8733090237581905, -0.9513301003325262, 0.13166022267621963, 0.7851888639585438, -0.47139837612787194, -1.459875914616148, -0.8699086504391573, -2.2724318689630434, 0.29159372940837985, 0.9291121677840225, 0.8613053429934464, 0.6429744460037163, -0.6494275803016407, -1.3381302293655677, -1.6609616264233726, 7.274685327404841e-2, 0.6094687200748193, 1.0838342809888075, 8.444016029833532e-2, 8.884027520184982e-2, -1.8868545319246781, -0.6216073308779834, 0.4064165408494439, 1.0961897915160308, 0.5604052159058194, 0.9857713179869144, -1.838074968388312, 0.40307886151696914, 0.598344672582009, 0.753468688699063, 0.34495680026540326, -0.11127655900923994, 1.4435752222133134, -0.5766147961422491, 0.4756271601542893, 0.20086333572105924, -0.24081130922925492, 0.4943991443006459, -0.3094058764711152, 0.7757148455471052, 0.18059526085187133, 0.9168278510152522, 0.8209115540849432, 1.296238171617746, -1.1307174312704438, -0.7285698744789885, -0.9883718401004743, 0.2203351640069573, 0.7316822253430192, 1.652425662803627, -0.4237549089691297, -0.1576505401033667, -0.7267565248050883, 0.8084591732944725, -0.31662143835289186, 0.5168825696301504, 0.650581794450165, -0.4659939653514103, -0.45015515606207196, -1.2467544245671685, -0.5428087161135751, 0.4589561439854925, 0.8876511173863981, -6.008022199745526e-2, 1.0741604482622402, -0.5534219210489759, -0.4465346076592717, 0.4280646981523055, 0.8231465352200105, 1.0471457458593525, 0.2989099179303888, -4.1270144020635224e-2, 1.108740409584406, -0.3908391353927007, 1.1283886092484756, 0.8140636568340789, 0.9665309636025177, 0.7921114745792837, -0.6172198924293183, -0.8675457246158179, 0.620527504050125, 0.30718356604514085, 0.311036748223833, -0.3287405146729868, -0.5448535507641353, -1.8913788151229938, 1.3171684916228321, 0.17851223158579488, 1.177750110759095, -0.32531241987417425, -3.144567660304371e-2, -0.28325715155094344, -1.3024246516847098, -1.5509666236827584, 0.7732957020843486, 1.0593786888651764, -0.4005178594419354, 1.5904411612630376, -0.42961695933865757, -6.933119194642079e-2, 3.0063180015475796e-2, 1.153011029236704)
