seed <- 154
log.wt <- -12.911892058864957
penalty <- 2.8115950178536287e-8
intervals.send <- c()
intervals.recv <- c(56, 112, 225, 450, 900, 1800, 3600, 7200, 14400, 28800, 57600, 115200, 230400, 460800, 921600, 1843200, 3686400, 7372800, 14745600, 29491200, 58982400)
dev.null <- 358759.0022669336
df.null <- 35567
dev.resid <- 226325.18255723096
df.resid <- 35402
df <- 165
coefs <- c(6.305527247561585, 5.6944038370362495, 5.78353012747922, 5.327467135454793, 5.153198797125562, 4.853468652741074, 4.766816425933176, 4.632187477722514, 4.401733019596289, 4.280144085479399, 4.242075110225465, 4.1472620030236715, 3.977718236648693, 3.9735563603760995, 3.7615100909156074, 3.523671265612487, 3.2424254309302727, 2.962719815509904, 2.519122668958204, 2.0490860793511776, 1.6011500104635368, 0.9319811208114666, 0.9702798782616057, 0.3965530055962479, -0.21625667082438993, -0.9062878346574952, -0.1281763356749623, 1.0671171757421152, 1.0368928613643669, -0.8451726050633066, -2.541797077607453, -2.7904469880220195, -0.6005143065461378, 0.7861832357701252, 1.1700941146095802, -1.0088911311714834, -0.4161200375434259, -1.2838728944541091, 8.790640904629708e-2, -0.5477106952052506, 0.9676591485725835, 0.6639357314629106, -0.6378539260234083, -2.6591654415786787, -1.0021204761003346, -0.7476175280103731, -0.9121415096994429, 0.22445780114330277, 1.000156103076521, -0.881456473501004, 0.17945491951791379, 0.9031986049613454, -2.850953301278981, 1.6335917138132245, 0.7309014750581962, 1.1787877605082435, -2.2707223239237724, -5.969246853988482e-2, -0.519442779411818, 1.3746670083028218, 1.4419313390224173, 0.9187348279817764, -2.3369803403841374, -1.574098028231749, -0.7241303498395285, 0.3248416489933859, 0.722488922368884, -0.36955253754622513, -0.6076355180014475, -0.5670981216826927, -1.5333864940883823, -0.12519185642969882, 0.3121784242146212, 0.9515811903120031, 0.7123966383113158, -0.91432739820003, -0.9918734429520937, -1.4904786115278699, 6.2345966918049084e-2, 0.943325304972998, 1.2266364087920523, 0.10247009352256685, 0.29087117534729057, -1.806915357413158, -0.5348186834516453, 0.4632489310419421, 1.2496335406519752, 0.5585500764132919, 0.9358349971035982, -2.5154276078670885, 0.4137100328543978, 0.873341466460565, 0.7311636136453928, 0.38632696618731055, -5.8086606857506294e-2, 1.3932527424099808, -0.12793991941626384, 0.5619730712029729, 6.614009675587461e-2, -0.2843849187213617, 0.3043615543491871, -7.964422192380795e-2, 0.8371753529858208, 0.35609215945975176, 0.6020723491424598, 0.7911632013195932, 1.04282993682849, -0.5799781241703309, -0.7041818282093153, -1.3222857837573996, 0.3706709233890449, 0.7218834393222536, 1.5992548004665748, -0.6395944224181864, -0.30759177678038296, -1.0675951473284249, 0.7037086753263528, -0.3819534490041119, 0.4298409639884802, 0.5317028192677205, -0.6956638299312963, -0.5197675805805444, -1.3204200029904607, -0.23279315745237586, 0.35544213587974827, 0.966767037012368, -3.572462464897038e-2, 1.11066815257563, -0.47171063967945304, -0.47546963533886877, 0.3271094894769611, 0.7306167722485721, 0.8793613094952621, 0.5447513285432076, 7.114262610605553e-2, 1.2245443065346067, -0.35860820939093957, 1.119997143342448, 0.6943825193939794, 1.0292682007403526, 0.6383220843238676, -0.6480392798121132, -1.0765402396177084, 0.4809631779477184, 0.25599750603964766, 0.5112648327948676, -0.15134122691634033, -0.33174788250535114, -1.8467890665745286, 1.2776758738340006, 0.11263888908560386, 1.3376732866294492, -8.584131222663537e-2, -0.11825413522301056, -0.13142792883762028, -1.6112368577317089, -1.1946437124721638, 0.9621163850737485, 1.19957275218738, -0.5902315226574862, 1.5729088722997375, -0.4164916796581447, -5.067575360476465e-2, 5.7603783128147956e-2, 1.1366414452475124)
