seed <- 831
log.wt <- 0.0
penalty <- 2.8115950178536287e-8
intervals.send <- c()
intervals.recv <- c(56, 112, 225, 450, 900, 1800, 3600, 7200, 14400, 28800, 57600, 115200, 230400, 460800, 921600, 1843200, 3686400, 7372800, 14745600, 29491200, 58982400)
dev.null <- 358759.0022669336
df.null <- 35567
dev.resid <- 226486.80220537592
df.resid <- 35402
df <- 165
coefs <- c(6.5911461161319025, 5.876120163880512, 5.847623622691596, 5.4132278883290015, 5.170260843472934, 4.891317727777754, 4.72653233332171, 4.607840083281706, 4.346062727422183, 4.2840866165212335, 4.317367516249722, 4.154502495438002, 4.009678060764318, 3.971109442867819, 3.749836406396626, 3.550321061111929, 3.2571417232590987, 2.918967111147711, 2.4836760788367793, 2.1036118060731557, 1.5711924498679926, 0.8814621622658467, 0.9406975875962069, 0.3956877555985987, 0.778582154612216, -1.030037357835435, -0.29165510922999544, 0.8478857595710887, 1.1341291891177272, -1.336069834160738, -2.2905928702883003, -2.231520431144251, -0.4471692971568946, 0.7468810366154524, 1.139385912740271, -1.6162754403997055, -0.16000148304737427, -0.7039889706725436, 5.598190104282988e-2, -1.5225667211964258, 1.0123260182437606, 0.9728206564231403, -0.5650659894778803, -1.8224610638487424, -0.6986232785411964, -0.6320307377229669, -0.46976193689526696, 0.213080224245569, 0.6405278655321526, -1.4516965481809299, -0.2940376048757726, 0.8095916112217129, -2.888345187494199, 1.657396774071837, 0.6861868432122888, 1.0758010196563168, -2.6069754617736893, -0.20795120512047394, -0.6237730285454091, 1.3396434426904449, 1.226561258727195, 0.7090488034459385, -1.4491958270315695, -0.14385173462503487, -0.5927758727747325, 0.36387121780715787, 0.5976894443021802, -0.16769247728456466, -0.9655487854768497, -0.4825036042374267, -1.6609254722801252, -0.6484473623036322, 0.5805241417142014, 1.0677976120497894, 0.7277827917234458, -0.6562912679487966, -1.344754723687368, -1.5795606168623406, -0.21656162335679457, 0.6112321242925993, 1.3158689833924864, 5.62784562298274e-2, 0.2637595785899884, -1.7652372213480796, -1.0529424374790597, 0.580007631390191, 1.2409342174559548, 0.3761210012985866, 0.9252747391152497, -1.9009968663729133, 0.5945210746436405, 0.6928317183273713, 0.8381355074093109, 0.33109642235880915, 7.552595244771337e-2, 1.2706904161028545, -0.7393310042012935, 0.5194697902627655, -0.2188113280904059, -6.220577397079373e-3, 0.34094878580956345, -0.4651624891643074, 0.7393484116459705, 0.14653429018024136, 0.3704406219929193, 0.833159014946384, 1.036027511653653, 0.2742925803352078, -0.40705883572222007, -1.3748043598788169, 0.3450293643099167, 0.5500955459972954, 1.6263885574987709, -0.5512821773039346, -0.25822223211967216, -1.3053078153825646, 0.7839663903077355, -0.19827343704489286, 0.2858417258042694, 0.5831601479860223, -0.45670607053437795, -0.3262549128797605, -1.0980800222954124, -0.5182379441528108, 0.4859401436278862, 0.8639941343933945, 6.646448990470291e-4, 0.879481523484256, -0.3942998486211136, -0.41522288296391996, 0.17991260907159096, 0.9006223117275475, 0.7700746712121934, 0.5649744112971519, 1.2090600188126242e-2, 0.9505139793497227, -0.28836767147270886, 1.04623824773836, 0.6336861975030174, 0.8678804096334602, 0.7606833111248009, -0.7455881440141703, -1.0953902410933674, 0.6056398393026107, 0.34640534760810554, 0.5521251341506312, -0.18393264953201807, -0.31620634087216654, -2.0129296667871395, 1.3330257729494983, 0.22768723646662933, 1.1590817986372952, -0.13044001749157116, -0.16730708131247723, -7.13001990895532e-2, -1.55285669393743, -1.526635608421742, 0.8933587668509436, 1.1538936663347499, -0.37083331124606633, 1.6021656888031144, -0.4042748195193297, -0.14934113743014557, 9.413890344851229e-2, 1.1739618748340368)
