seed <- 114
log.wt <- 0.0
penalty <- 2.8115950178536287e-8
intervals.send <- c()
intervals.recv <- c(56, 112, 225, 450, 900, 1800, 3600, 7200, 14400, 28800, 57600, 115200, 230400, 460800, 921600, 1843200, 3686400, 7372800, 14745600, 29491200, 58982400)
dev.null <- 358759.0022669336
df.null <- 35567
dev.resid <- 226133.66741081388
df.resid <- 35402
df <- 165
coefs <- c(6.50464487816871, 5.750433554006164, 5.681588907807936, 5.256407249821601, 5.078974067037703, 4.954207817036284, 4.823862876096078, 4.630351755188209, 4.357792742152995, 4.275368925533966, 4.275622735235613, 4.149900515970847, 4.0090283168310075, 3.975111817610235, 3.7560899007677135, 3.4943847091228797, 3.211810590986252, 2.968542398444262, 2.504906706064772, 2.1104004243105425, 1.5758924479449372, 0.8846855423159611, 1.2406530930991964, 0.2656744732173772, 0.6813136139611193, -0.7662984029328963, -0.2621223506357947, 1.1709829541318955, 1.0497050376928927, -1.960657014287178, -2.050301657442299, -2.3837747598059575, -0.5391529597438627, 0.790453800768663, 1.4403350545934475, -0.8487679665926849, -0.5574354375217924, -1.2792340897985295, 9.89050400067935e-2, -0.5256487203948357, 0.9262372159911755, 0.9747809189612525, -0.8883070520476093, -2.3971982966013243, -0.796576116413546, -0.7500296523768462, -1.9996448644977927, 0.2021278847229296, 0.5765095207496087, -0.5384025623762286, 0.2509729320639828, 0.9090846031331689, -2.122093709420319, 1.6115090388405795, 0.8021616230509285, 1.1440226237324265, -2.102898323562171, -0.1943925199733849, -0.5555755967907734, 1.1160598533401285, 1.1057625677493277, 0.8483432848385918, -1.3285617965594982, -0.6191210971976293, -0.4375887710799723, 0.1426442821335589, 0.6594290450244811, -0.5083667908860405, -1.2471721613953828, -0.7569087999292075, -2.4655102650284055, -6.207878763871324e-2, 0.6721757306061581, 0.9295239325641893, 0.5789189810559313, -0.6215655899878844, -1.662841879548032, -0.9618053441517834, -1.5479427694784968e-2, 0.7406320260039599, 1.2177515399094596, 5.5463217317739885e-2, 0.4701092445638881, -1.7957026682252817, -0.9233262148131991, 0.5644528823804148, 1.132039670260774, 0.3124423276539667, 0.8046193485476263, -1.546338247049618, 0.3680626576676705, 0.8456712517200632, 0.8758088309375067, 0.4102386109490395, 0.10536825424020135, 1.4269633601170548, -0.9052635705320612, 0.1807297583214676, 0.18402280043455432, -0.8737706770123725, 0.2778339712150875, -0.2703586564599191, 0.7929035226277753, 0.3322199733609557, 0.5523806956133335, 0.8429500389892157, 1.3195195464545129, -1.03273683405719, -0.18234514438183058, -1.3605624529969123, 0.409982021005098, 0.7203224229036904, 1.5817241456244677, -0.6046136433547075, -0.2108179136262885, -0.9669034486408842, 0.8564614281566876, -0.24410926783597342, 0.6529570521589861, 0.6224731518513087, -0.6717018804710015, -0.3857039330367341, -1.599536901253908, -0.6036698690356368, 0.33541721251008433, 0.7480467808589917, -0.1107637118971806, 0.9110804837265445, -0.6255588708753265, -0.32343936981902244, 0.5599455050298024, 1.0413211054378133, 0.8286287828590151, 0.4450716803089351, -0.1878046487807722, 1.1165394545343224, -0.3795382854227751, 0.9358119628421585, 0.6802402472386243, 0.875751328151204, 0.8186541026688982, -0.6034868667947402, -0.7750165434670647, 0.7039242154059356, 0.49752607860915565, 0.5063606364588082, -0.3864253327763268, -0.6774716115393623, -1.9061657484816787, 1.2470221765289708, 0.13056075022846403, 1.2386183782821856, -0.22116261528446124, -0.11142473361150575, 6.859519643941879e-3, -1.6392577875787149, -1.1218440468144932, 0.8557192662688627, 1.109609585179102, -0.30812419718932443, 1.532691462371418, -0.31604225486234755, -0.15768808312977936, 0.16824723095691416, 1.2114644499888834)
