seed <- 211
log.wt <- 0.0
penalty <- 2.8115950178536287e-8
intervals.send <- c()
intervals.recv <- c(56, 112, 225, 450, 900, 1800, 3600, 7200, 14400, 28800, 57600, 115200, 230400, 460800, 921600, 1843200, 3686400, 7372800, 14745600, 29491200, 58982400)
dev.null <- 358759.0022669336
df.null <- 35567
dev.resid <- 224683.05071474123
df.resid <- 35402
df <- 165
coefs <- c(6.64232376324199, 5.921664702776366, 5.619018311285569, 5.396134819250499, 5.089753311999239, 4.829506575816783, 4.755105955315376, 4.665808523358082, 4.389233502682554, 4.30418320293994, 4.324377986507636, 4.228606598505617, 4.063497866546436, 3.999725370826908, 3.808312680871962, 3.562401840475119, 3.264560093711177, 3.0126623559309302, 2.537811944613141, 2.065064972548563, 1.6407267462999744, 0.9101122595911616, 0.9161387980282685, 0.8001470004198737, 0.3772619181744149, -0.916035539400794, -0.24451449088574154, 0.8777391042493448, 1.0389462290986204, -0.8680047014203801, -2.239373667921334, -2.7029273471427464, -0.288636312827274, 0.7307821637107316, 1.1987774734756464, -1.3366751909741241, -0.8448798960070112, -1.3695893102073973, 0.31732265053194103, -0.8105808924401776, 0.9714882122062017, 0.9205513725773082, -0.8061653955961723, -2.3094770279407664, -0.6235128822541447, -0.6543239605092491, 0.23218358674513448, 0.42227854735187337, 0.5978327447876849, -3.421252784194447e-2, -0.6627654602481678, 0.9172265352443464, -2.327510462500772, 1.6579606258186779, 0.827521330707401, 1.223427141322121, -1.9480323553479757, -4.054332961488414e-2, -0.8291173119683702, 1.4947688603719573, 1.0223129061536724, 0.6250930928891815, -1.7876054347211026, -0.8934451247173122, -0.6192724808808087, 0.4065195709350646, 0.6196887044731768, -0.4862201466701537, -1.0548325876228009, -0.7435226242349686, -1.8199782027820506, -0.8668413982037334, 0.5181194320982386, 0.8606454509437653, 0.8025919895570058, -0.9135644526073363, -1.3055117370357276, -1.3298660769339072, 2.551397153702514e-2, 0.8272203125705508, 1.0326624252376313, 8.453956000909464e-2, 7.804892907503466e-2, -2.065196319191943, -0.31764354426513447, 0.20525040821632254, 1.2238210798615217, 0.6698394201047969, 0.8716027271248575, -2.6884120495848403, 0.47812343828316745, 0.8834384239732773, 0.7708818803103071, 0.3555448329825767, 0.13616710820023648, 1.7291148701785857, -0.12368582937786084, 0.25919670123444183, -0.30462250794654677, -0.17601219385636077, 0.3183746125013918, -0.6341831253750353, 0.6509437275393036, 0.46554218975128486, 0.7234421269642146, 0.8107505142407679, 1.0448486869131874, -0.7697904029893229, -0.2690406202295739, -0.716562186094602, 0.47621922684907964, 0.4085292838294273, 1.5360811079833454, -0.4259374013236876, -0.20115021418570872, -1.532104051877176, 0.7119010620441489, -0.3142657599881715, 0.41977524209410566, 0.614619620644126, -0.5567752494353109, -0.5609961431413415, -0.7099620852369163, -0.28632102793237096, 0.27962139899207494, 0.8681172600253612, -6.214811838119034e-2, 1.1700025381398673, -0.9147644103049849, -0.40337042131010564, 0.1258841220707584, 0.9972135752952977, 0.7935594467609179, 0.45997341046756407, -0.17202171010514547, 1.1716177244710568, -0.43996972588404026, 1.1034954816153586, 0.7147884926074864, 1.0338138312906096, 0.6727411950353188, -0.6389224084449754, -1.3289803827668463, 0.8290247168287264, 0.17021305118541585, 0.40465063334713575, -0.160991903896884, -0.45989707265246754, -1.8147477365633096, 1.252950681443602, 0.22341206360716687, 1.3138117022519276, -0.18326761653056875, -9.678082643227987e-2, -0.17374804908506075, -1.8486638797313282, -1.3672743598454413, 0.7825860095875766, 1.2225286462408065, -0.5051313036929246, 1.4908978549586265, -0.2631916377775482, -0.2311543326703058, 0.11347243433124037, 1.1014174752960872)
