seed <- 929
log.wt <- 0.0
penalty <- 2.8115950178536287e-8
intervals.send <- c()
intervals.recv <- c(56, 112, 225, 450, 900, 1800, 3600, 7200, 14400, 28800, 57600, 115200, 230400, 460800, 921600, 1843200, 3686400, 7372800, 14745600, 29491200, 58982400)
dev.null <- 358759.0022669336
df.null <- 35567
dev.resid <- 225441.55203470887
df.resid <- 35402
df <- 165
coefs <- c(6.384388247721691, 5.757217280789983, 5.942236224938688, 5.19410719784847, 5.004053070977951, 4.880635889743992, 4.766845869500423, 4.637252511283014, 4.361332924020345, 4.245843685995858, 4.3631186400835125, 4.192939730287611, 3.9994943586714338, 3.953550305300733, 3.772119636640278, 3.5396258869641417, 3.2560521008918983, 2.9395272755936643, 2.517452388605228, 2.0684089888374393, 1.7346489419347306, 0.9254181935947465, 1.0772965035990887, 0.4814904650746717, 0.4137556927190652, -1.23336199976974, -0.24251791645780357, 0.8688008877021426, 1.0524676436715519, -1.6241533300850248, -2.363485519179165, -2.537312437411357, -0.3520502552319199, 0.7425877049683836, 1.2202966975042215, -1.1550869606588936, -0.7172937699702423, -1.191578995400105, 9.664879559715397e-2, -0.6278219277643814, 0.9410976241671678, 0.8850983115072025, -0.7921255540951067, -2.1215112399510683, -1.5164347573520545, -0.8489398118497026, -9.127742482323717e-3, 8.751219305653211e-2, -0.15555573883871188, -0.7564168884857467, -0.4058947571134052, 1.0773832561090833, -2.69327367635465, 1.5551844251398954, 0.7733822622945293, 1.177591957139886, -1.912044269473168, -0.14164504101275233, -0.6913521540510652, 1.4954405836952056, 0.3626508891527547, 0.7972495650172658, -1.2202548247132161, -1.335928108234966, -0.4415265803718427, 0.49327257173379835, 0.5814216764864147, -0.6367818913845222, -0.5887320745542286, -0.6959322871232504, -2.240716050260207, -0.7226678066540434, 0.799474971523083, 1.0314858039081287, 0.5978965575463945, -0.4208812620471186, -1.3524785849522225, -1.2044149701921345, 2.487768239857278e-3, 0.8024511400697956, 1.14148569574626, 4.041276370256341e-2, 4.837025807332245e-2, -1.6523856941788704, -0.42243219419411665, 0.5394394512199241, 1.2129814312107017, 0.5498496290769109, 0.9376724779176584, -2.276057566127188, 0.5397482811869199, 0.8709792661397124, 0.7829914067714977, 0.41236015838911655, 0.32399028850911116, 1.276194425088098, -0.3138260301988239, 0.33308308222367145, -0.43300117023208945, -0.43224460331963876, 0.4865566747199894, 0.12849018914387733, 0.7969531813850573, 0.3548847746890887, 0.743361329230841, 0.9095053561106283, 1.0760079507665348, -2.995221215437008e-2, 8.189768192393206e-2, -0.99935603695414, 0.4081434547144224, 0.6752964201715365, 1.6239398973887493, -0.6913101279112593, -0.18421342393006465, -0.9439625617946484, 0.6733334129176899, -0.23156864961009782, 0.3320696065239377, 0.5403452379176852, -0.6556854547061697, -0.6845599105941884, -1.0674365669973698, -0.3949145814606881, 0.3140377734501049, 0.9357355533419418, -9.401999122097657e-2, 0.9653734720032809, -0.5437449492587858, -0.46012776187221927, 0.1783975345544425, 0.8337026057875446, 0.9156632403822639, 0.5833138142768256, 7.263514783822722e-2, 1.0129909727120865, -0.30043967570676455, 1.0192369589189445, 0.7349961155825233, 1.01751176954014, 0.646290794088682, -0.6577933403902408, -1.072281070316449, 0.5503286956730711, 0.25276255679108733, 0.5567444247651117, -0.2049682361471525, -0.46690681034282727, -2.1378831139270904, 1.2541894697859683, 0.1649455825680065, 1.1898028509887966, -0.24061179244943987, 5.722715092637286e-3, -0.242951822420564, -1.7049215326466685, -0.5614118445841186, 1.023957689793055, 1.1857680847540446, -0.5056238726021328, 1.5698295399972255, -0.47527148525607243, -0.1600903793179113, -0.13902710002910731, 1.1661554595645947)
