seed <- 321
log.wt <- 0.0
penalty <- 2.8115950178536287e-8
intervals.send <- c()
intervals.recv <- c(56, 112, 225, 450, 900, 1800, 3600, 7200, 14400, 28800, 57600, 115200, 230400, 460800, 921600, 1843200, 3686400, 7372800, 14745600, 29491200, 58982400)
dev.null <- 358759.0022669336
df.null <- 35567
dev.resid <- 225667.87036879925
df.resid <- 35402
df <- 165
coefs <- c(6.694992820120292, 5.701360606521051, 5.807118167863082, 5.283375033482534, 5.028822930914529, 4.907406359403384, 4.765378622292465, 4.635091486352312, 4.403592264126187, 4.266768111017462, 4.329501032308737, 4.191865748535327, 4.0317994086182125, 3.944439395572053, 3.7440603187344172, 3.567212904480113, 3.239503760186836, 2.9532190504380136, 2.4802401760021993, 2.0705135386831874, 1.4936622295706463, 0.899937348332816, 0.9700716193697492, 0.3034348580674979, 0.5772244117647323, -1.3147546417213685, -0.3108919412309701, 0.9686355755750607, 1.2018033145309008, -1.28726815969447, -2.6867520788785115, -1.4107247251510586, -4.339830506142774e-2, 0.7531390209843555, 1.1775046270913394, -1.7397817560806563, -0.18037477828238785, -0.9618716696258969, 0.14106708785350233, -1.5246349291892032, 1.020978834348458, 0.9241901404028323, -1.0094003475640616, -2.6881823781411214, -0.787154228415228, -0.6605897844238676, -0.3278131842346608, 0.6316667900111014, 0.4532510327960618, -0.4746781407033962, -4.647416440123082e-2, 1.0338878568196448, -2.9681817871318095, 1.6913322776523867, 0.7941266225415768, 1.1491402888533158, -2.7724876375860785, -0.31472956146858516, -0.4704364378566309, 1.2007396189648556, 1.1260809136539895, 0.8645902913045818, -1.917205073416702, -0.31656325295251897, -0.5959918607573385, -0.3985416963259032, 0.5950709115581988, -0.44323756716432944, -0.830370534529524, -0.5590427354436175, -1.9400914428630884, -0.4576333176133565, 0.39528477564612585, 0.9295824722253093, 0.6672166346397014, -1.1180440952233592, -1.691321156800886, -1.2296990018715295, -8.418558662418112e-2, 0.6913305082667431, 1.0815517714258418, 0.13414303943482636, 9.697580946529298e-2, -0.995813984546864, -1.1275593808902407, 0.32412292824832445, 1.2868885393931253, 0.4791943602042936, 0.9953531259915709, -2.066367362801208, 0.5356122243344283, 0.7719259681516841, 0.8717210886190088, 0.33675557084493724, 0.160013738469037, 1.2123263596102207, -0.4520867928938955, 0.3225969064002962, 6.482098890911214e-2, 3.4844314052534735e-2, 0.4047036005352255, -0.3032739460168742, 0.9554992983738116, 2.7145330454201082e-2, 0.654106022014298, 0.8582834531670873, 1.0450774865029473, -0.44762238312808345, 0.17773026809639558, -1.1187156468392812, 0.4099705207242105, 0.5840580976093784, 1.668553848852787, -0.3857736116875364, -7.913871356801876e-2, -1.1354612426907578, 0.7780231502514103, -0.3173452189796755, 0.3875383203956049, 0.6110440076369539, -0.9113968509419932, -0.3456763174083247, -1.5359731279543738, -0.5081349415826201, 0.33319511526158746, 0.8784196726803445, 3.272488870048092e-2, 0.8910458659404007, -0.7492698789115046, -0.36879106627109504, 0.3197423459593536, 0.8517293200929344, 0.8010513683806189, 0.4409520234659996, 2.8778546972268136e-2, 1.0925407557498206, -0.21833459100881714, 1.2167541825026713, 0.7405756361538318, 0.8993447825918388, 0.8165006994296778, -0.6844240444787996, -1.160036283665697, 0.7100843481911281, 0.30874410864596724, 0.491323917617534, -9.757646744399398e-3, -0.6399201032802514, -1.790688139022458, 1.3488978478326088, 0.2564973461058971, 1.186401949657548, -0.19416129541441923, -7.733602169862236e-2, -0.25854659863324564, -1.8801738612057741, -1.1679490759753703, 0.8425278770362533, 1.2215596352557674, -8.586363778279624e-2, 1.6399296952011677, -0.3886703426733892, -5.063020113341068e-2, 6.127121923150269e-2, 1.1749391481778633)
