seed <- 906
log.wt <- 0.0
penalty <- 2.8115950178536287e-8
intervals.send <- c()
intervals.recv <- c(56, 112, 225, 450, 900, 1800, 3600, 7200, 14400, 28800, 57600, 115200, 230400, 460800, 921600, 1843200, 3686400, 7372800, 14745600, 29491200, 58982400)
dev.null <- 358759.0022669336
df.null <- 35567
dev.resid <- 226127.86506048555
df.resid <- 35402
df <- 165
coefs <- c(6.769189166127195, 5.834667045595999, 5.571522791569809, 5.218660468701888, 5.023639144616875, 4.871917554688322, 4.783544998641438, 4.653510466013686, 4.325017262717556, 4.237549132866882, 4.285104900755837, 4.151451872988908, 4.017077153906803, 3.9962252237665576, 3.757572168381517, 3.547328764785935, 3.278191670952818, 2.9426669248843043, 2.4774090416940426, 2.0894636980623424, 1.6908124052290505, 0.8870549924695791, 1.0247200913562704, 0.600535488099221, -6.87468395648347e-2, -1.4321851228661988, -0.14798305186613608, 1.059348605955933, 1.082484495950806, -0.9247859314286234, -1.8520434219766264, -2.3542871845380366, -0.3942032274014264, 0.7347281867904775, 1.4631555906175158, -1.1289985772243476, -0.7345838492853324, -1.2750669783663877, 1.0580018822079996e-2, -0.5615837285527179, 0.9675880980704393, 0.6563828835183185, -0.9981873650282576, -1.7253301475018252, -0.813310826301839, -0.5512512043882426, -0.5136002192959027, 0.11303573457208972, 0.4343771173797029, -0.41536875012099844, -1.7084493877648654e-2, 0.9094749842850531, -2.467808304324763, 1.6336734435565043, 0.7207095636719657, 1.0639825463659676, -2.4028397821730496, -0.24081442178097895, -0.6259041305185157, 1.555332418710894, 1.4257487484625244, 0.8706261752195783, -1.8101268615703747, -1.061419374197334, -1.135160364711583, -0.10708153993195788, 0.5175414387332803, -0.9084343671290865, -1.030585413105237, -0.6986616813927361, -2.3829736801409473, -0.5325938417188761, 0.6578626828017844, 0.9155600721599472, 0.6669427049280705, -0.6443734083373498, -1.4732200675742304, -1.0061807256836317, 5.625639767528209e-2, 0.6826823337841246, 1.072890722477963, 5.7385564789819904e-2, 5.98895643521189e-2, -1.635700488633315, -0.8669805895900342, 0.296100570683207, 1.1949618421495927, 0.4204614354196632, 0.9639896097642544, -2.114575861561521, 0.31711401648760157, 0.6396303215223968, 0.8008029875750793, 0.37018615613163414, 0.18278864850746446, 1.3593211471900752, -0.2930375015103933, 0.292411498632871, -0.1922235697517593, -0.2291737454076021, 0.5208044757625729, -0.6705815868641968, 0.8730330676482678, -1.169129523656024e-2, 0.8678644198144179, 0.8432671154222967, 1.1316113207979979, -0.27782177318108514, -0.9143566781161837, -0.8743495644244997, 0.3714354896689391, 0.5521534150398233, 1.652466681893305, -0.4854416218365294, -0.3095286582334815, -0.6745601096990563, 0.7226896595603136, -0.3083200557378792, 0.642189324261345, 0.5355207248382704, -5.6594583611599664e-2, -0.3258864495735588, -1.0945707760791608, -0.6886374186932437, 0.3047483093476017, 0.9209705954569403, -0.11839960582753202, 0.9684404053993064, -0.39427893821782434, -0.39959213608800564, 0.26818650280038014, 0.9645025412041717, 0.8991423623161565, 0.4851882113238997, 0.1122600248828801, 1.1535861647203676, -0.2793962878645515, 0.9968795364584793, 0.7239421044609399, 0.9264098213766898, 0.7005743914327436, -0.6715819505579265, -1.0859319897016149, 0.6115031228971866, 0.717000856840287, 0.5264352007848622, -0.2383676200912624, -0.6106885250724385, -1.701266964867047, 1.2552712618323818, 0.20305417622036645, 1.2175654528842033, -0.3029051349287672, -2.240056565810313e-2, -0.16413102303609686, -2.164636496754298, -1.199831726122093, 0.9365351365471496, 1.1441762927846606, -0.29914840516014046, 1.5647703185531237, -0.15453045351629768, -0.13349171383182398, 0.17559222277182604, 1.1733011412675516)
