seed <- 357
log.wt <- 0.0
penalty <- 2.8115950178536287e-8
intervals.send <- c()
intervals.recv <- c(56, 112, 225, 450, 900, 1800, 3600, 7200, 14400, 28800, 57600, 115200, 230400, 460800, 921600, 1843200, 3686400, 7372800, 14745600, 29491200, 58982400)
dev.null <- 358759.0022669336
df.null <- 35567
dev.resid <- 225911.4914254703
df.resid <- 35402
df <- 165
coefs <- c(6.725266569774807, 5.60849552512858, 5.763281980757641, 5.381664793722357, 5.029973638327697, 4.829052227072333, 4.832933742381688, 4.677266192680124, 4.362624563902304, 4.2180067270150845, 4.2825083286727255, 4.186524861456237, 4.01885524285239, 3.925174897335035, 3.765768760876487, 3.537813232780676, 3.25267425728806, 2.958153985884674, 2.471817198954346, 2.051427489821279, 1.585483910358157, 0.87353117630498, 1.1889974205984544, 0.47281364982558666, 0.42561995544489994, -0.952690750367629, -0.18653486555896817, 0.9206349210003336, 1.1186439255678202, -1.8894534111319727, -2.524508663112603, -1.87454919144868, -0.4556706992131041, 0.7620811514606671, 1.3929895704273954, -1.113416976927044, -0.7931244675423589, -0.34529854021726375, 0.42718898325832416, -0.7675529638652542, 1.009735446656627, 1.051040342136071, -0.6746396226356282, -1.2367868951784333, -1.3630990925678526, -0.7945178310959016, -0.2774249003392429, 0.18523403893539706, 0.5066347591997101, -0.648398344782841, 2.076762805782354e-3, 0.9077248661331258, -2.022558039622584, 1.9017102440465798, 0.8791906884147854, 1.0001725341392855, -1.8491999799497716, -0.14180443591034572, -1.3809021942484088, 1.3327947451749234, 0.6669819064437036, 0.4156270757989892, -1.5555502955805889, -1.0485547566282452, -0.6505369123876212, 0.3446467418138727, 0.566221478892447, -0.35792254432950116, -0.8719319034441493, -0.5913723011049009, -2.63244736585428, -0.26059662324965394, 0.6939825659090877, 0.9297405467967587, 0.6591150952067595, -0.9849258936574119, -1.9354624229679924, -1.704556118632586, -1.913982340941441e-2, 0.5735912716612614, 1.0874344378942993, 9.160215161793289e-2, 0.5808953813637809, -1.3964424624094944, -0.3319904207249006, 0.23363339418970558, 1.2118845808149117, 0.48347937400970215, 0.9205317039140836, -2.4840580872078997, 0.47681595006786276, 0.6108872540426669, 0.7912003777862922, 0.2669916398420778, -3.2897703433483305e-2, 1.3443068509025105, -0.12554834726132424, 0.38629329886187175, -0.157552385589041, -4.2717019751335024e-2, 0.5271706655752071, -0.3458109196843921, 0.8233975021109882, -0.27524157888967854, 0.6384079038331019, 0.8401616355935234, 1.222417569050184, -0.6890493284074887, -0.292009048905336, -0.8995184567507721, 0.3727471620414642, 0.5781867889353761, 1.6065440343914437, -0.40985476191646353, -0.24516983195747155, -1.1788863493813335, 0.748770973485559, -0.2653465571217595, 0.627837430356582, 0.6367122603086423, -0.11216538922802673, -0.5257138294650063, -1.7181607187114414, -0.3747832687527971, 0.3261064531209984, 0.9973171473748146, -9.926423382376885e-2, 0.8746402730690375, -0.5112410010525371, -0.38061251612433467, 0.4460615253956671, 0.7474266893304117, 0.6607808873926447, 0.2951539024582113, -6.492465831178283e-2, 1.1788675755845823, -0.31393641583396825, 1.2603374803047178, 0.7754549312875118, 0.8210862873806779, 0.6865578657784484, -0.6520350884937557, -1.2677385990457841, 0.6280187955363241, 0.2080155253594775, 0.4467176147943936, -0.18675157800170972, -0.33519342423013887, -2.141560408755448, 1.3641180269341666, 0.21139077980867027, 1.1580142210868012, -9.104986495802188e-2, -8.679024968118459e-3, 0.13221186572916324, -1.8878016390201091, -1.5071779260875955, 0.6644540886835507, 1.1964619176262214, -0.5151661987779209, 1.5553219703414973, -8.543668403696919e-2, -0.16974915564339665, -0.11500528215209822, 1.1898209824077564)
