seed <- 967
log.wt <- -15.126452568056607
penalty <- 2.8115950178536287e-8
intervals.send <- c()
intervals.recv <- c(56, 112, 225, 450, 900, 1800, 3600, 7200, 14400, 28800, 57600, 115200, 230400, 460800, 921600, 1843200, 3686400, 7372800, 14745600, 29491200, 58982400)
dev.null <- 358759.0022669336
df.null <- 35567
dev.resid <- 225369.3561830514
df.resid <- 35402
df <- 165
coefs <- c(6.426975165820545, 5.802278092763886, 5.837995538599723, 5.469229051712465, 5.228617517022853, 4.889212647989711, 4.762223161064108, 4.605287681119712, 4.389164337639307, 4.3109169680092645, 4.307576866906196, 4.194753458948653, 4.0854871702761875, 3.978681646769647, 3.781137241247988, 3.5752726763093787, 3.2728894697936743, 2.976962966075287, 2.532877534617765, 2.0614394540520875, 1.6583241451807607, 0.9151852150977956, 0.990029524009621, 0.46761938112641827, -8.170824277528181e-2, -0.7257653525182604, -0.30136556609771153, 0.8456660679282979, 1.0593123248065972, -1.0645968758016104, -2.0918093773291138, -1.9603251278427503, -0.38338699353032024, 0.7256499206062537, 1.1924087149300078, -0.8624334744159741, -0.514362811382746, -1.0818400700329118, 3.125388458195516e-2, -0.6201433460195042, 0.8985655461553648, 0.94096513089619, -0.5510719741586965, -2.580495071250028, -0.8233145281504417, -0.548070256454998, -0.7613503607964215, 0.46607332429414117, 0.4275392811066891, -1.0014598175859266, 0.24380382032485148, 0.7704874981160956, -2.7408311389255022, 1.5931032499836386, 0.7377649599755753, 1.081419150248903, -2.137846521013185, -0.25029025410809874, -0.3286660234343854, 1.5143935431217423, 1.4806540987877428, 0.9288805599676008, -1.525466760395672, -0.7357422128902719, -0.6140754813009333, -1.7434442728685502e-2, 0.4604399233606983, -0.48141413099422314, -1.4420819346900127, -0.7588471982220296, -1.6984717794939796, -0.6265631572616068, 0.4533059647871446, 0.9592152247988718, 0.5901968334878723, -1.0915567351223923, -1.4463561832502305, -1.3198776182844953, -9.20863811692531e-2, 0.7865927084565593, 1.1440385494746463, 0.15135384753898878, 0.1895316143869338, -1.8392352089556552, -0.6359959734829542, 0.44045808943248876, 1.1642821107852557, 0.6397824394941878, 0.9456384255455028, -2.5365022771425902, 0.4892570646169761, 0.9068601734136332, 0.8029361004352872, 0.3090311057467727, 0.19117416886814942, 1.2448240724744029, 0.22603430133761415, 0.5201677184363066, -0.15403974364038148, -0.32475029420930307, 0.5150376728903902, -3.018268095259338e-2, 0.779871572876617, 6.740843935306867e-2, 0.8518359364465204, 0.7898226215345754, 0.9448547244598358, -1.0499777339046261, -0.6094520433940459, -1.4440897155503838, 0.27589528177243255, 0.6990014710985326, 1.5853606159351814, -0.3143539918696769, -0.3488778319113561, -1.126154374351672, 0.7658395263423906, -0.22724204158888195, 0.23114222540906174, 0.6355550628285392, -0.1284482269540956, -0.5781527342376411, -0.9247223156090785, -0.46307451227586266, 0.263606759731725, 0.785966125964796, -5.328985905542884e-2, 0.9301993604741735, -0.6231408809357195, -0.36706986370254924, 0.34287971249575594, 1.0365000559340671, 0.9653785485988214, 0.5377807718746885, -0.13316196283708864, 0.9990997633458151, -0.3210910296209609, 1.0974446286988293, 0.6655486062319143, 0.9558044923316088, 0.7165735962705432, -0.6850483072643286, -1.1303359926216192, 0.6677269625473409, 0.6487743851163947, 0.47274777750617636, -0.3063845243826425, -0.48455303952470036, -1.6916626996905566, 1.1438028146011838, 0.146353711915888, 1.2801268587208696, -6.678158614077424e-2, -5.447478918345845e-2, -0.1631965282129734, -1.654482827788813, -2.2317192817452978, 0.9720575479089855, 1.0397089420101355, -0.23421709994091622, 1.54649518772332, -0.27833406336514055, -0.1421004153537136, 0.139977521439746, 1.1953287354910458)
