seed <- 381
log.wt <- 0.0
penalty <- 2.8115950178536287e-8
intervals.send <- c()
intervals.recv <- c(56, 112, 225, 450, 900, 1800, 3600, 7200, 14400, 28800, 57600, 115200, 230400, 460800, 921600, 1843200, 3686400, 7372800, 14745600, 29491200, 58982400)
dev.null <- 358759.0022669336
df.null <- 35567
dev.resid <- 225967.10657619959
df.resid <- 35402
df <- 165
coefs <- c(6.642424565619395, 5.897477158088424, 5.883699341302157, 5.212173668667531, 5.173206825651638, 4.828372710338376, 4.810158448094747, 4.6330998742998535, 4.350809461190699, 4.266800367143329, 4.251854280223235, 4.177094439173599, 4.019474806490566, 4.000067717214692, 3.7629113554384896, 3.5622578033173515, 3.2320679772938687, 2.954195214896529, 2.4798392786586727, 2.0403641543783664, 1.6757253137503465, 0.8949653346093516, 0.8847237334766981, 0.4895590065532198, 0.3682582199775899, -0.9415338609529135, -0.4189912956851176, 0.9675125174790428, 1.044413811266893, -1.2876703347382505, -2.364862252303738, -2.305131000521481, -0.3963870640439076, 0.7530638195738074, 1.122394326726617, -1.0627084305586325, -0.5098988819785987, -0.966349358194603, -0.2771086315989233, -0.37167040790040506, 0.8854229785424842, 0.9804012177517046, -0.859988484878292, -2.251796930354689, -1.1722967842302734, -0.6777312337959245, -0.3652475772482597, 0.47848055016511803, 0.3223192874055932, -0.8733228478431945, -5.8912429991624354e-2, 0.7661113183104136, -2.423853207968586, 1.7875920867999189, 0.8440367197820476, 1.0438916041655124, -1.6180291420829354, -0.37456188700194293, -0.21241442319818862, 1.1640132179266849, 1.0123282516111445, 0.7879243456994862, -1.695796102115513, -0.8445421888466963, -0.5662823131013763, 0.28400823960419236, 0.5870964001162555, -0.7953338219654783, -1.5603616066018087, -0.6482460247300341, -1.9356131667555383, -0.5444212883871234, 0.5064576761425579, 0.9137222005072565, 0.7467107445115501, -1.0024594456380522, -1.476524951919392, -0.9888603114372277, 9.503622510999023e-2, 0.7402605264060295, 1.1752553682849958, 8.891567222403517e-2, 0.14996669654389522, -1.7406674777825022, -6.985883938680058e-2, 0.35806583590844576, 1.237611311404222, 0.6249972553961874, 0.9341412792518197, -2.226637567325839, 0.5008243551590283, 0.7552371890141228, 0.7736646067611931, 0.4476992790622594, -6.13092780247704e-2, 1.3117293769397966, -0.3089560183907735, 0.7260189750048526, 6.508309941723527e-3, -0.2646590262787923, 0.4974694080271526, -0.7705393103067331, 0.7477969959962892, 0.388746315568618, 0.4067475209230045, 0.8418248514900756, 1.0215047181802763, -0.6358064273090526, -0.6720749511379762, -1.0605357276248648, 0.4586601084424129, 0.6735442644937635, 1.5801500531718629, -0.5328174159365607, -0.3715768018447667, -0.7336003178585967, 0.8022564507877465, -0.2217953859331899, 0.5234475467723121, 0.3195141206757741, -0.4043299408368292, -0.6201704335133486, -1.1056746667341297, -0.6185949818419736, 0.3224384759248338, 0.8788641340857762, 2.200457376913398e-2, 0.9428939002302905, -0.3021061218677749, -0.3782160552240657, 0.3334658571098302, 0.8413417976403456, 0.8138164858222339, 0.42604964282308483, 6.022129162711623e-2, 1.0595667688095962, -0.3656267695034432, 1.0383384848155421, 0.7326895175088711, 0.9568893123572916, 0.7327019645797458, -0.6738309148482562, -1.278815358552074, 0.7845704595241245, 0.5251713733692382, 0.4407055011461065, -0.17239671628608377, -0.48602903237503003, -1.99254212083172, 1.203949071908903, 0.15406877909297273, 1.2545171359605998, -2.240963247770889e-2, -5.208745542618354e-2, -0.18210307503077874, -1.4056049053877269, -1.5832326625973887, 0.8094257270396789, 1.2191680764843567, -0.5037770416080983, 1.5607933571395578, -0.3666282952214819, -8.712602750775146e-2, 3.4260869977317593e-3, 1.1809644399677768)
