seed <- 508
log.wt <- 0.0
penalty <- 2.8115950178536287e-8
intervals.send <- c()
intervals.recv <- c(56, 112, 225, 450, 900, 1800, 3600, 7200, 14400, 28800, 57600, 115200, 230400, 460800, 921600, 1843200, 3686400, 7372800, 14745600, 29491200, 58982400)
dev.null <- 358759.0022669336
df.null <- 35567
dev.resid <- 226400.92715689994
df.resid <- 35402
df <- 165
coefs <- c(6.433782588954756, 5.9629417665652555, 5.674943464686628, 5.418442509048473, 5.03367254272534, 4.876409936000741, 4.795757322414707, 4.577715363432538, 4.4005969579098885, 4.288225082044306, 4.329299420760638, 4.131087024875382, 4.018406430076628, 3.95424617146961, 3.744444671380057, 3.491084106420518, 3.2345638957301257, 2.907635654423714, 2.4940966725865232, 2.053461735785443, 1.582064475875397, 0.9098916462093415, 1.1981514210331417, 0.4995092276218536, 0.5907541417794426, -0.658669852484095, -0.35334185876131174, 0.9909090573271419, 1.0825762992140013, -1.3592859503557553, -2.36846572423352, -2.0231633106409905, -0.7446446271483614, 0.6967898747304021, 1.4927598717608221, -1.3605495392526892, -0.8318372911820796, -1.4782428557209342, -1.4008302298596398e-2, -1.2394603646915792, 0.9207700783321752, 1.0532900818924065, -0.8012604878093182, -1.769408756182842, -0.8764112640302693, -0.7316375672691616, -1.7698171440133845, 0.17132129561709197, 0.5483951146557757, -0.6086541140316808, -9.650771156345966e-2, 0.9168125855781458, -2.4950955097387584, 1.7381692443984893, 0.7431793048547929, 1.0402814534459035, -1.7268176540698301, -0.22610731052343114, -0.4908241154817131, 1.4854677116576622, 1.2757356477710853, 0.6818475144351736, -1.332546976520177, -1.5064960553896123, -0.818990202071508, 0.11147365923304285, 0.618156936931904, -0.29475567984964746, -1.0381977892747793, -0.6515866633651672, -2.4929317822625303, -0.7517147519559677, 0.3389726373321676, 0.887472133520529, 0.6222820690087758, -0.8184453136638937, -1.3623534952844747, -1.5099130393750104, 0.1161042686493443, 0.6032524766897097, 1.0742915903482533, 9.458488618010073e-2, 0.3702959889629774, -1.1350228189994085, 8.534593768802062e-2, 0.42217976293018433, 1.1489205175089434, 0.5514620646595175, 0.9041723836982568, -1.7491563753454462, 0.5241739423426081, 0.8048191036406469, 0.7327454146614671, 0.3532302380223612, 0.28910134251751984, 1.3227259861449334, -8.941398153710202e-2, 0.24143727440056253, -0.20984099634318895, 0.10736818338104152, 0.6287193098425274, -0.9025527506507012, 0.9315548378170312, -0.46394171558991243, 0.7164396764940176, 0.8474825394434593, 1.324487072813573, -0.8079356327784692, -0.6944189289888116, -1.088820452866924, 0.35874126412525636, 0.7972739054031022, 1.6152556926613018, -0.4401789835051772, -0.3479186691644554, -1.054369929032916, 0.7354350763333681, -0.25786054633831534, 0.4113873260103108, 0.7229825768908676, -0.48905497514897234, -0.34208425601973164, -0.7795854976901776, -0.2289528288435404, 0.3341519832928311, 0.8943230594583593, -6.741453182777594e-2, 0.9855540453018903, -0.4589216792981797, -0.42654521170699294, 0.4191220784594695, 1.0625090537632784, 0.8618439154430827, 0.560619116658118, -0.1372121928234441, 1.2266274000888342, -0.352803890026318, 1.061072153720205, 0.7289212235315088, 0.9334382061428913, 0.6965669106876728, -0.5821754725789022, -0.6571879317334961, 0.6660920117353831, 0.4847012121795052, 0.46770105537300843, -0.29890396849633766, -0.6719029855865762, -2.047707305592795, 1.20643253816148, 9.723477392330665e-2, 1.1218796028312237, -0.27704509774250113, -2.6066412803531672e-2, -9.454412806664379e-2, -1.8753851204445475, -2.0810234299921353, 0.9152146738057502, 1.0920036538536713, -0.1251956482625685, 1.5913046556725239, -0.10367363763187508, -0.174265875015438, 0.11641450324402176, 1.1665594430391728)
