seed <- 678
log.wt <- -10.943788635202317
penalty <- 2.8115950178536287e-8
intervals.send <- c()
intervals.recv <- c(56, 112, 225, 450, 900, 1800, 3600, 7200, 14400, 28800, 57600, 115200, 230400, 460800, 921600, 1843200, 3686400, 7372800, 14745600, 29491200, 58982400)
dev.null <- 358759.0022669336
df.null <- 35567
dev.resid <- 225660.8665285216
df.resid <- 35402
df <- 165
coefs <- c(6.503267906346937, 5.823092375475488, 5.843628446705261, 5.371490312320271, 5.07397484567591, 4.887161629580194, 4.714068553014866, 4.720619212231325, 4.40325732208981, 4.275361545079507, 4.2524939605657694, 4.166104767715704, 4.027586248932997, 3.9493947548605206, 3.757831814788352, 3.5628981505872304, 3.306701485230948, 2.96211516160422, 2.5129432251388844, 2.1086820461691134, 1.5434914206324297, 0.8840503782940078, 1.0055160837751342, 0.4000336442497061, 0.27079172274141083, -1.0479089386339273, -0.25879378790687835, 0.8024119408093706, 1.1099018539748113, -1.2232907012665135, -2.639665427289778, -1.835702421439815, -0.26574844857523305, 0.7752348365774957, 1.3201454395571877, -1.4024867406995252, -1.181232783912078, -0.6680037712674108, 0.27871965762771483, -0.8767829284326768, 0.9883855592886329, 1.0278379352763856, -0.5291118203009434, -2.1685955606856973, -1.4880253809186186, -0.9142705737331693, -0.7129663600131049, 0.4639399728602857, 0.29199602810395514, -0.9358862805096847, -0.5418030153402966, 1.1652280288358632, -2.7257155246066636, 1.7431553013005991, 0.7791896462950033, 1.0050828030984922, -1.5070634382613062, -9.582352769471912e-2, -0.7729718021907354, 1.3060093631079015, 1.3004482227057692, 0.6919446137988655, -1.8223940311649027, -1.1708136898042865, -0.9949290545630987, 0.176691005231606, 0.5096069969079232, -0.5996720553855096, -1.294690560962048, -0.7379459200012104, -1.934665584492377, -0.3334264362300578, 0.24987528448726845, 0.979296597686996, 0.6168046242960041, -0.732929275225738, -1.1203033154932955, -1.1209025066116558, -3.363069712282661e-2, 0.7500606914366542, 1.187870490072288, 0.1592518495832347, 0.2028574789595562, -2.0801482064061716, -0.7943024435592364, 0.4996071740403804, 1.2645562260948306, 0.6964530236851254, 0.9111647198537958, -2.354885875208529, 0.45050207908709716, 0.6410165677002794, 0.7986015948943105, 0.4434001948960817, 0.3980872574941223, 1.3390047562391896, 0.3418842841829451, 0.4076316496326769, -0.17564945659724104, -0.15169047716174947, 0.4195922878762043, -0.4426757397611852, 0.7840104159821252, 9.415914578680044e-2, 0.6144374516912223, 0.8624624155013233, 1.0637365412749524, -0.6093942191768501, -0.22799320339445941, -1.1105827823134107, 0.3769600721648301, 0.39270773817493854, 1.6445891708618072, -0.4457578873511792, -0.1388967087311292, -1.0977629900629176, 0.7650177398019277, -0.30394999651853954, 0.5051553052584822, 0.7627557952979496, -0.26462251023030897, -0.46945068330185635, -0.7291510224895461, -0.33164741098174544, 0.3445176661157502, 0.7422086314705274, 5.68595562044013e-2, 1.0191772343120507, -0.41067327641671464, -0.4548199638968237, 0.18774644557493847, 0.9889883178904556, 0.6841981820642338, 0.3492799610450435, -5.7126556541745754e-2, 1.0341107043279123, -0.18004534824061472, 1.0237773952960576, 0.7399268006863338, 0.9454524179218649, 0.7015216147256395, -0.5543008073448787, -1.1587150133356452, 0.8179609721833269, 0.31220850275052436, 0.5604544922903952, -0.17500813257392392, -0.6806251688787915, -1.9990606019504806, 1.1846846350895144, 0.1839127709125134, 1.1955545467744928, -0.24661357301873266, -6.328888566274368e-2, -0.10392579186252716, -1.6532372193162175, -0.9832512859400617, 0.7436179675319844, 1.2228854224310775, -0.1464224853481897, 1.6019025868832568, -0.3108421934657129, -0.16270361263069555, 5.1229620543296585e-2, 1.1453657869671878)
