seed <- 610
log.wt <- 0.0
penalty <- 2.8115950178536287e-8
intervals.send <- c()
intervals.recv <- c(56, 112, 225, 450, 900, 1800, 3600, 7200, 14400, 28800, 57600, 115200, 230400, 460800, 921600, 1843200, 3686400, 7372800, 14745600, 29491200, 58982400)
dev.null <- 358759.0022669336
df.null <- 35567
dev.resid <- 226211.26318336223
df.resid <- 35402
df <- 165
coefs <- c(6.800730656762618, 5.642763697912557, 5.617758458597601, 5.233646546677469, 5.062064683164323, 4.89540462523339, 4.746875814475945, 4.596885700652624, 4.352354310133465, 4.270372274804308, 4.310651870786818, 4.188159881649407, 4.026608196201582, 3.9582930636437346, 3.7792945668882276, 3.5244267907228513, 3.295449604838573, 2.988293018191038, 2.473439694546608, 2.015650323076462, 1.6213233975922863, 0.9038669892905271, 0.9237775273836689, 0.120868746806803, 0.7356360110408385, -0.9831834353888051, -5.578143346862753e-3, 0.8179312330410451, 1.0425611779565005, -0.8827036299223047, -2.353807628725165, -1.777907703813316, -0.49659181309847444, 0.7490213206483489, 1.331431838656661, -0.5132777051790139, -0.2530712145709988, -0.9446124994536479, -0.4329885876308083, -0.41996179625059415, 0.9651728747121121, 0.7729724580091001, -0.8577386209087313, -1.1402570757581476, -0.9710021364689322, -0.7490786061331944, -0.8442572414641931, -7.32141321913504e-2, 0.3278860428821034, -0.9386607926973112, -0.1515384421356615, 1.1124763810721896, -2.451772939348069, 1.6908762550270908, 0.7786542779362086, 0.8921150196760372, -1.3262246380670855, -0.2888906488074943, -0.3622502622516388, 1.0753196567945347, 1.109091606190011, 0.8326307066979932, -2.1501928000338855, -1.098613352733516, -0.6683972236219358, 6.1077975527708266e-2, 0.639313091435313, -0.7350206869377693, -1.0510041703195552, -0.617241470460408, -1.6056015407242195, -0.10449537112222317, 0.5798474653111356, 0.8472038861050005, 0.7652018924358751, -0.7293349015960418, -1.47292894824046, -1.2523409866114599, 5.4438576571202636e-2, 0.6020042695109675, 1.1079551109653092, 9.4502279654857e-2, 0.16589635556483148, -1.7088475025143501, -0.6071123062060823, 0.36081368790972385, 1.2580882810736211, 0.20831372648851215, 0.8806144170779318, -2.0906953660078313, 0.40940928720461883, 0.721936442826561, 0.6834935703357055, 0.40142359040666115, -0.39263137286899175, 1.2025339211738448, -0.831322732654471, 0.26373651900856027, 0.13036224180517156, 0.10578590585035733, 0.4114899231802842, -0.43937596472015106, 0.7925909502834936, -5.140378227038363e-2, 0.5026125863555216, 0.8815258805345788, 1.0798336465270497, 0.15850810428758907, -0.21358244228754644, -0.9725303588420776, 0.44552015904357767, 0.5562690834861042, 1.5911090430205417, -0.578368074125172, -0.2533532928183317, -1.033395244742212, 0.6804232249524167, -0.26185536803089227, 0.5824747973895966, 0.2917778437062485, -0.5934948874890164, -0.27144423740809637, -0.9846618818585654, -0.6563339425262703, 0.3797237580094869, 0.8588225306274289, -2.329200387032189e-2, 0.7688480319471284, -0.5981793043891738, -0.4149629836500606, 0.3659138402501101, 0.664974016367141, 1.041148824024096, 0.4677844560707165, 7.458726765208133e-2, 1.1035221249164862, -0.3941176442162485, 1.0321826524305107, 0.7709840674286911, 0.8641215417986667, 0.6832537902507906, -0.6788790769796652, -1.1308155205867638, 0.4462764367448261, 0.44294852470534435, 0.5097117630082382, -0.13184952497475966, -0.5058310482946914, -1.8272889648223918, 1.1679777058460898, 0.19361384800481227, 1.0603642036628322, -0.3192394446657446, -1.9431906473325603e-2, -0.11377206787618022, -1.5604240148741095, -1.7379748909454338, 0.8285503049896776, 1.1830495379702515, -0.4942234134535638, 1.543834526292244, -0.3404255560811641, -0.15081255254177414, -0.17140501590038315, 1.1045032241492339)
