seed <- 482
log.wt <- -15.221110623504527
penalty <- 2.8115950178536287e-8
intervals.send <- c()
intervals.recv <- c(56, 112, 225, 450, 900, 1800, 3600, 7200, 14400, 28800, 57600, 115200, 230400, 460800, 921600, 1843200, 3686400, 7372800, 14745600, 29491200, 58982400)
dev.null <- 358759.0022669336
df.null <- 35567
dev.resid <- 225743.73787986458
df.resid <- 35402
df <- 165
coefs <- c(6.634823265149338, 6.083458218396024, 5.722160363104393, 5.270286053653201, 5.135463078198882, 4.86141006460116, 4.720735771163908, 4.629198058700224, 4.347457202612529, 4.28743366012056, 4.330786279911032, 4.158015776905069, 3.996253120911154, 3.939968162868753, 3.7588620423473262, 3.5207541647711933, 3.230710917753024, 2.943274820160257, 2.4776817388644106, 2.023112393649554, 1.6255058303981256, 0.896579550818301, 1.127138049783868, 0.3298132401478567, 0.3940750417244802, -1.3373965463601176, -8.66406559591054e-2, 0.8099772498127229, 1.0967097949697895, -1.648712960241641, -2.8575351149429085, -2.728653212180814, -0.5681991622702475, 0.804677218574016, 1.433584863439083, -1.0859548345108454, 0.20601356248600267, -0.954525810171352, 9.701564237250652e-2, -0.6148346358675606, 0.9752350374401199, 1.1236463826404623, -0.7649238975861409, -1.7056896275804017, -0.8945015648582899, -0.8021665132849669, -1.0635744531752496, -5.411646779046324e-2, 0.6210780342883916, -0.8594330900322599, -0.9671245339179813, 0.7675643845696588, -2.88145201971443, 1.7695868571398368, 0.9025567653701483, 1.122154012139323, -2.035928168480517, 5.930967140942174e-3, -0.6793669647077014, 1.3375649235577707, 1.3019131114874458, 0.5466970141971493, -1.3365807414910078, -0.9072522620566639, -0.5475556180720836, 0.441002731954408, 0.5250473725634324, -0.16285803397835788, -1.7248077644603932, -0.5644298489617788, -1.736027754237478, -0.14362778440839655, 0.503831073703954, 0.9591031955970162, 0.789607975923506, -0.9376056068325591, -1.2413740186140763, -1.1670422710673083, 0.13188402500062796, 0.6626892051815239, 1.2594790068051793, 0.19823198917785273, 0.11926486515232994, -1.5699934612412074, -0.5046091478115209, 0.5005115574732287, 1.2851155634151412, 0.6822517036966713, 0.8700314429590764, -1.9773109643316766, 0.43763002129378503, 0.7226069428247516, 0.8566596751288449, 0.3753038323603199, -0.5933444497542735, 1.2316835431795259, -0.35919038650970253, 0.5410043321651788, -9.698249014764056e-2, -0.21957394434217564, 0.4363260494129108, -1.1510013742117646, 0.992905516136295, -0.32648548173124725, 0.7037900127652376, 0.8538611331713175, 1.3139050218221902, -0.31253979941870935, -0.8673385887279602, -0.7771220883721343, 0.5957254899011318, 0.7973931195893629, 1.6146156241769871, -0.6322287999761012, -0.1632351115380251, -0.7252939528306459, 0.907397648465072, -0.4417295373641681, 0.6176546694380268, 0.5657439052748331, -0.9672234891057367, -0.31686346372132834, -1.359309092544469, -0.5159344641633762, 0.43122019424034264, 1.0084987656461646, -3.932783249102764e-2, 0.9829257895321444, -0.4875155203666083, -0.4141823046242832, 0.48464556654831703, 0.9174502779962409, 0.7596689827012973, 0.38182999485600416, -6.279024993961978e-2, 0.9934224969545065, -0.2999929377046213, 1.1334104494267894, 0.7060656315878006, 0.9902399045912252, 0.7740974801895616, -0.6891415764340674, -1.0205028746211915, 0.6527843532077402, 0.4003975777212478, 0.47437592918371374, -8.530798709009953e-2, -0.5071437089422632, -2.012059212075526, 1.337671301009474, 0.23851032388637827, 1.209923015100379, -3.614996676292305e-2, -0.22293491057361264, -3.3765396879162617e-3, -1.8688078959943746, -1.4886157719579136, 0.8418189751849283, 1.2272710794774961, -0.348264332418351, 1.5582956629814202, -0.23752011798868977, -0.10957769928037621, -4.1558561067981704e-2, 1.245678323844995)
