seed <- 1046
log.wt <- -15.407795282012207
penalty <- 2.8115950178536287e-8
intervals.send <- c()
intervals.recv <- c(56, 112, 225, 450, 900, 1800, 3600, 7200, 14400, 28800, 57600, 115200, 230400, 460800, 921600, 1843200, 3686400, 7372800, 14745600, 29491200, 58982400)
dev.null <- 358759.0022669336
df.null <- 35567
dev.resid <- 225649.69417861904
df.resid <- 35402
df <- 165
coefs <- c(6.41054046574789, 5.756062183920304, 5.627920199376289, 5.450195702762298, 5.090369487640137, 4.8674193248096715, 4.739079011180866, 4.669342264412747, 4.353988879871565, 4.300865812057432, 4.289728228170605, 4.209284194209801, 3.980793914227056, 3.9596307535381525, 3.724137661748656, 3.526119353426695, 3.29165704547601, 2.954305034599384, 2.5180591014106737, 2.0298239018306825, 1.6084079852994955, 0.8549587822233817, 1.1092280555928933, 0.4568562334561325, 0.8861446344414369, -1.091915808362222, -0.2194912329261138, 1.2468896319539418, 1.1611296061680882, -1.6377696072304877, -2.184509524637161, -1.7095131828390124, -0.48887937612296856, 0.7153234946085752, 1.3398691986498015, -1.3236577681405166, -0.8374420556932616, -1.0910495898752774, -0.2756991902426195, -1.413294564516476, 0.8772819964065044, 0.756006537982107, -0.7835053771135166, -3.012045338690458, -0.9812898105938875, -0.6865740801124057, -0.3136495254148492, 0.4508360303653381, 0.6283129776862254, -1.0733791706227034, -0.42322414677647835, 1.0489403586518558, -3.083524903367474, 1.7499974075996945, 0.7517339080928473, 1.1495690624484116, -2.059535815162958, -6.312544734169594e-2, -1.6705320777397674, 1.2436929841092368, 1.3216321125822172, 0.741485106952745, -1.5924089992170953, -1.710344605514423, -0.44630825035655514, 0.13009450396832586, 0.6703477562628716, -0.3111383208159607, -1.795913201919434, -0.5219449044487434, -1.7974456417613454, -0.4557776832995986, 0.9265193309060253, 0.9445221022581505, 0.7589438649163347, -0.7362455004257061, -1.318811398563249, -1.1330704615933092, -5.1261133237868954e-2, 0.7365165762555232, 1.260307185125124, 0.15596244676132812, 0.3478698671446805, -1.7408799450878785, -1.3549936871991304, 0.3226960083569225, 1.3650078089916735, 0.6186435670215678, 0.8287409423819143, -1.6554251533031923, 0.43318440301313776, 0.5871129959783934, 0.8687862255102047, 0.3244336251917779, 0.3511835948607553, 1.24678984220698, 2.0450534851878633e-2, 0.4160901538494262, -0.3576611214650128, -0.527254778779122, 0.6146959251531006, -8.718177619610507e-2, 0.8175952823105045, 0.17204910530393377, 0.8425561316353399, 0.8350027208509426, 1.1468762324815547, 5.8540246667744766e-2, -0.45494024418537343, -0.6587101697089207, 0.422446874152821, 0.9422757918623486, 1.6134880701240035, -1.2310558713425537, -0.25317835875377886, -1.1845335749706989, 0.8548710174115283, -0.3420532491694319, 0.48789233036972274, 0.7293158953036172, -0.3309071510434207, -0.4206166574742408, -1.0157901562462979, -0.4957015680088904, 0.3774428788883328, 0.9296902595222541, -8.499118583207364e-2, 1.1173519223442014, -0.5350725693255959, -0.4039855225376414, 0.2770109665053209, 1.159907237567434, 1.0798750055132542, 0.4795067378917763, 0.14047369132970533, 1.3229731470948138, -0.23775879793560645, 1.1315126514297216, 0.7431816830499933, 1.0876187971141733, 0.8404172999695044, -0.8193287191327495, -1.14194621314163, 0.7018911492437179, 0.313429878879084, 0.5579309724675003, -9.64887143649541e-2, -0.2535207288503403, -1.942429873274431, 1.3111166606165043, 0.19627767767158366, 1.2919097527798749, -9.642617600234192e-2, -4.866914689323232e-2, -0.13635678754715075, -2.5275142223922424, -2.1980813367389525, 0.8734403142667753, 1.2938913218479569, -4.336075048951048e-2, 1.556053804375357, -0.26391515145318467, -0.25487513082655666, 7.51022050915296e-2, 1.2901790894754623)
