seed <- 875
log.wt <- 0.0
penalty <- 2.8115950178536287e-8
intervals.send <- c()
intervals.recv <- c(56, 112, 225, 450, 900, 1800, 3600, 7200, 14400, 28800, 57600, 115200, 230400, 460800, 921600, 1843200, 3686400, 7372800, 14745600, 29491200, 58982400)
dev.null <- 358759.0022669336
df.null <- 35567
dev.resid <- 224626.03874511883
df.resid <- 35402
df <- 165
coefs <- c(6.892960590768337, 5.7916447256168375, 5.680338059373441, 5.165241600805658, 5.208563276692117, 4.862554884098735, 4.707464541865534, 4.670381432438881, 4.506612363570389, 4.258812738124746, 4.324892039558185, 4.194225602624718, 4.043695354844791, 4.014488810731782, 3.7916160461989143, 3.567589964802036, 3.322510352219935, 3.0074435536473842, 2.547572929677296, 2.102810217874795, 1.5853008041698882, 0.9178171718559023, 1.0368353506940373, 0.3091752735276095, 0.4937354948890063, -1.327336070077133, -0.18187803191648128, 0.8968888232108634, 1.1258725587751943, -1.4518370624405772, -2.176226327465375, -2.1592527566863424, -0.3763018422339275, 0.8002717249151009, 1.2205817841139814, -1.0528646244838913, -0.3485909077198913, -0.7968230532008593, -0.11011736812835576, -0.6075153996564009, 0.9498634874767091, 0.5884177339743776, -1.0579595982547567, -1.7105691372585192, -0.7487488153516563, -0.6508470228479348, -0.4926667565595895, 0.4115351166166587, 0.44035640496508593, -0.9550778279055322, 0.17316015614910157, 0.8315425678339468, -2.3864489682188554, 1.7658579433479682, 0.7899811626240992, 0.8241631009545681, -2.013607862231356, -0.13196146218641133, -0.3386377649267839, 1.2568037608022697, 1.1133050420836117, 0.5608920459695655, -1.4025869599819796, -0.8855977109322615, -0.5399293179558022, 9.281006376499014e-2, 0.574915999494624, -0.37060003640904254, -1.921904984328492, -0.7423149127441568, -2.292589964596945, -0.9448028195861234, 0.3847951163676535, 0.9099074127782207, 0.6632741063908997, -0.7292138333518728, -1.338647362445139, -1.007600685919366, 0.11122616590912542, 0.5616778770366195, 1.2015803872754554, 0.17963377115222737, 0.11804567674259009, -1.5222735761351238, -0.45051727773058986, 0.44907064952378767, 1.1933816911346258, 0.38780351755424736, 0.8263133476265437, -1.9976864413292, 0.44011957982053374, 0.762273977582205, 0.7502686560081306, 0.3900836244928808, 0.12387636886285143, 1.2533769599666928, -0.5775107281696984, 0.45541559783624513, -0.36590891764019645, -0.46898883886919057, 0.4471329693167306, -0.26544128266530354, 0.7372966564635937, 0.21841839084779216, 1.1587204532277753, 0.8531424934982645, 1.096519671456281, -0.6356754964408089, -0.23176080269921728, -0.6978111392399254, 0.2729532299335102, 0.5644203151700069, 1.5629653548047624, -0.8435724033069288, -0.175231981741391, -1.027587393593129, 0.7729486424472873, -0.498910464802953, 0.6011611103633077, 0.5900852193349623, -0.26118237501402175, -0.3269940672001291, -1.1218258085039365, -0.27533133340061366, 0.35557339538637445, 0.9754004358099384, -3.2609079041113424e-2, 0.9409200710394667, -0.6176497677299113, -0.4302882861169218, 0.43294796532291924, 0.871296144369059, 0.8475477684677065, 0.40277889200356765, -1.631162306476237e-2, 0.9435220706619303, -0.45792949659457044, 1.0394140356180486, 0.7143775730685066, 0.886419548322128, 0.7248439740652174, -0.6475344356755489, -1.3782571155328498, 0.6458965932717645, 0.37165328291690775, 0.5085991911594709, -0.16508154059771035, -0.4148891655296274, -2.02429430550747, 1.267331127225104, 0.15729164504783572, 1.152640906396678, -9.27583955767226e-2, -3.909220154065907e-2, -0.12781632593973533, -1.1825525512430741, -1.78183101835656, 0.8173783683527384, 1.060941066225181, -0.24264101269100888, 1.4795283373354366, -0.1630934640790707, -8.318179592565683e-2, -7.850454823234873e-2, 1.1626095544281598)
