seed <- 572
log.wt <- 0.0
penalty <- 2.8115950178536287e-8
intervals.send <- c()
intervals.recv <- c(56, 112, 225, 450, 900, 1800, 3600, 7200, 14400, 28800, 57600, 115200, 230400, 460800, 921600, 1843200, 3686400, 7372800, 14745600, 29491200, 58982400)
dev.null <- 358759.0022669336
df.null <- 35567
dev.resid <- 224868.26050922615
df.resid <- 35402
df <- 165
coefs <- c(6.624678470970234, 5.85319264321913, 5.578021172067734, 5.29352733983339, 5.108202190414609, 4.88831147798638, 4.910705346808743, 4.651468473161747, 4.397269463482051, 4.2759345022503075, 4.312685062612924, 4.189018299058495, 4.013746635546648, 3.9690982196501974, 3.7730204501839983, 3.583918720178249, 3.2865234142744555, 2.9605017763234485, 2.539800329324077, 2.063759599771472, 1.5579304818069477, 0.8895960609016357, 1.0094574437142705, 0.3870273371390796, 2.0825351626065202e-2, -1.3589461516156873, -0.20412310749901702, 1.0108112685534112, 1.0762671647317157, -1.2221197764277845, -2.2466411732191323, -2.102645474574077, -0.5938186282848367, 0.7770712468589996, 1.1775862180290964, -1.4293072258396189, -0.7070478711154434, -0.8537964430157665, 0.1328933157263812, -0.629987684191184, 1.0041903017089402, 0.8692992993435351, -0.6180132288770104, -2.079003139429247, -0.6158251755360503, -0.925391745433752, 2.139053617665604e-2, 0.2776505938983805, 0.5381533910955247, -1.0543045066452752, 0.2848039182095925, 1.059366219685253, -2.696277665911354, 1.8416122238045196, 0.7428302206184432, 1.1192856474515807, -2.1301842557195294, -0.196475657037226, -0.35298713564618894, 1.2620926900910008, 0.8215506419880325, 0.8091229043355093, -1.5940462318117221, -1.3390055087543884, -0.4695030108251082, 0.6385223124591425, 0.611043293011353, -0.4995694749542574, -1.1502478324983325, -0.6179960116757325, -2.2126880841839576, -0.2553970470824156, 0.8793966559606979, 1.051478493075963, 0.6425817302293637, -0.6783915070400225, -1.392399976571259, -0.8181293074037502, -0.13097034824513612, 0.7576778346222756, 1.1518280168679793, 0.1635678343642149, -0.2016893355064723, -1.6489499334638231, -0.8765799222504792, 0.4331545793694683, 1.138560235232968, 0.18946236073170744, 0.8693374019588231, -2.046147474942375, 0.5063093803506091, 0.8040707601139462, 0.7380378911371185, 0.4111421787831267, -9.953768452208198e-2, 1.2347087432014157, -4.89231643160943e-2, 0.12281143467112653, -0.26251595599753, 0.28356135032282126, 0.40575379941437967, -1.3836670598519745, 0.811339398469977, -0.6552558893525738, 1.004130856313327, 0.8435721871173606, 1.1268121517989997, -0.17894234245831742, -0.36208892640563506, -0.8091034987415775, 0.47080173510415135, 0.5950872516252678, 1.62010701309273, -0.7955285746087921, -0.3730151377535804, -0.8811599844446046, 0.7906377051534029, -0.18798597626773458, 0.5827245418182776, 0.6300291844955069, -0.35943969903616946, -0.38659963235781325, -1.616651894784139, -0.4248809385617315, 0.4001469288275084, 0.8657282605489884, -4.1295150564993534e-2, 1.0732731248824754, -0.7917043155304043, -0.3882400296627398, 0.2727817504278692, 0.7835624320668534, 0.8365376387377642, 0.5262333497187098, 3.93450072337052e-2, 0.9719394291278688, -0.4221704112699178, 1.053458892561313, 0.7035599620589075, 0.9079699885104631, 0.7599920095954585, -0.621828367784832, -1.1395820164273567, 0.6425631837324765, 0.4715865382439612, 0.6004674817031624, -0.21143748183117042, -0.679859593771195, -1.9580084577629964, 1.3380361541581363, 0.17685750400063796, 1.3030857838587515, -0.32597312649947213, -0.14703172016351676, -0.18426838567914172, -1.7050376157805585, -1.2139706345282062, 0.9194819895021338, 1.1797887301873928, -0.35810264772775585, 1.5625569126069303, -0.34106494964106115, -0.14200471985011973, 0.25227082331518214, 1.1631268550013278)
