seed <- 985
log.wt <- -11.95634329538558
penalty <- 2.8115950178536287e-8
intervals.send <- c()
intervals.recv <- c(56, 112, 225, 450, 900, 1800, 3600, 7200, 14400, 28800, 57600, 115200, 230400, 460800, 921600, 1843200, 3686400, 7372800, 14745600, 29491200, 58982400)
dev.null <- 358759.0022669336
df.null <- 35567
dev.resid <- 226482.2061572551
df.resid <- 35402
df <- 165
coefs <- c(6.676719473062837, 5.834626655050973, 5.50730898368328, 5.2969933809159135, 5.078610216196543, 4.789356943778493, 4.836744071883113, 4.660716432739182, 4.30853900155368, 4.221979140851552, 4.305123632347543, 4.140641367350834, 3.989144113924172, 3.937593256121614, 3.730895286175571, 3.489123593507747, 3.219132620723885, 2.9331146091802722, 2.506278655976341, 2.07332868841206, 1.4524211761019525, 0.9187811025502415, 1.1274404383929368, 0.6412996517641225, 6.716106788596143e-2, -1.481415076471251, -0.2598629547090986, 0.9889640348347579, 1.0764666287979026, -1.2807336109404468, -2.1492005794561626, -1.9199618939735, -0.5068889872469439, 0.7245150429092394, 1.3194797467327788, -1.3638364642442247, -0.6499683398143075, -1.0034325318454167, -0.21034435708284957, -0.7865939194026889, 1.0186680809692605, 0.851384855867166, -0.7146239974628762, -1.8110902940196354, -0.5953788201862522, -0.7903450775323786, -0.34837317186367983, 0.3500957412112715, 0.49914527103586015, -0.6608958352253709, 6.192812491032496e-2, 1.0512159398922407, -2.7141044550518543, 1.8475522124494421, 0.8069104989353242, 1.1592870286886392, -2.4049058090260256, -9.51674704523706e-2, -0.4119974982426824, 1.4422125765745988, 1.0413292777911716, 0.9255141293006474, -1.804273056153568, -0.8612963092279065, -0.7753170007822869, -0.3619669698462476, 0.5990215573697404, -0.5322669194581904, -1.0545023788154722, -0.6783394843617736, -2.5308885639030927, -0.9231425269841277, 0.3263568448391809, 1.1063902885310621, 0.7148277455696084, -1.1431739598129236, -1.1712686662503964, -1.7628520661731537, -1.694109748773716e-2, 0.5528758189655328, 1.0974819799933124, 7.244844153261175e-2, 0.3577831655485253, -1.5895921653093268, -0.36247828425657885, 0.5861531991306147, 1.2675985672692143, 0.4948036270915317, 0.9237457438520774, -1.6518882836893407, 0.34525402559242485, 0.639572951049331, 0.7556564208356242, 0.3036450858847071, -0.3890129318736952, 1.480986735700199, 9.661837618518573e-2, 0.3599619374067252, 0.14837577397908902, -0.24423270882943338, 0.4302038235975109, -0.18615169938746487, 0.9022213026461556, 0.17521694116253655, 0.665601793870304, 0.8102020173700013, 1.2115031290815097, -0.6216266555749238, -0.41071264738337726, -1.0945507984899634, 0.3842276590700464, 0.6041423753957057, 1.6128524797276635, -0.5909664866040774, -0.2940190225411135, -0.8907376254523036, 0.7664828952445348, -0.3378275834957836, 0.497798662654278, 0.5697953904006445, -0.36457337748449753, -0.7554462530538872, -1.0372944992197206, -0.6309175492016569, 0.21188916654345777, 0.8939858856232409, -1.704544867529145e-2, 0.8888160203817175, -0.42854550619406945, -0.37955406651075463, 0.20721024904309296, 0.9940160144998034, 0.6992560537650964, 0.39939241959865446, -0.12421812936110253, 1.1182848332689679, -0.3084282083984362, 1.1300668114370247, 0.6835219786831025, 0.8213995119118541, 0.7156176550439869, -0.5260549810022493, -1.082834173798754, 0.6770497941855821, 0.30426974859109934, 0.6741630015703114, -0.3483414196009663, -0.33743435983180176, -1.8889013377931791, 1.334351460198255, 0.10185032236227515, 1.1523065424338057, -0.16087207687135738, -2.2303026891544345e-2, 4.189094822869199e-2, -1.6572580922236329, -1.246403991154788, 0.9441655195478531, 1.2073765453289484, -0.2537620041767788, 1.584193744788336, -0.2227821089343842, -0.2469495399657639, -0.23541808168988138, 1.1502528333522946)
