seed <- 570
log.wt <- 0.0
penalty <- 2.8115950178536287e-8
intervals.send <- c()
intervals.recv <- c(56, 112, 225, 450, 900, 1800, 3600, 7200, 14400, 28800, 57600, 115200, 230400, 460800, 921600, 1843200, 3686400, 7372800, 14745600, 29491200, 58982400)
dev.null <- 358759.0022669336
df.null <- 35567
dev.resid <- 225965.5395205404
df.resid <- 35402
df <- 165
coefs <- c(6.764866668639803, 5.919766925213364, 5.542652592284448, 5.455764737771959, 5.029981970264789, 4.875820741332931, 4.786166773419883, 4.610094251792306, 4.393119273363379, 4.272342355249886, 4.358806562111662, 4.17449015052828, 3.997144748352001, 3.9608442265008876, 3.7797175821269526, 3.551107163519591, 3.270346147992349, 2.941608599410244, 2.5284525918657343, 2.0200247968187726, 1.606295157468745, 0.8633662632714192, 0.9834245860905154, 0.3010721308027898, 0.35876477222590747, -1.1195184129851565, -0.11562850808616465, 0.9935990001188012, 1.0763124952206298, -1.1781777016592463, -2.617196068399735, -2.3795234226509727, -0.24594688716400612, 0.6913641193309553, 1.237690285278656, -1.3249825548529717, 2.500906772418958e-4, -1.0348129398573922, -4.5576266664284076e-2, -1.4903136671542385, 0.9547348510043079, 0.8590325541507283, -0.652964431031018, -1.7499832821128047, -0.9780811283686995, -0.7905959592768224, -0.5312369019437181, 0.3443215386083775, 0.39252190286696553, -1.1560766875314858, 0.11047065810122281, 0.8571206389240692, -2.4260463950364026, 1.686990079623526, 0.7469613952597278, 1.1397574734952056, -2.67045413898086, 5.999790594683235e-3, -0.565370766652302, 1.1146403660052873, 0.9902287995787055, 0.8852575513438379, -2.7354725373492172, -0.6876851867998475, -0.32307664431702915, 0.17327287493592966, 0.6992913046603011, -6.207222291683894e-2, -1.8084803897977484, -0.6151498527699598, -1.8836380549677172, 0.22593062703924202, 0.2878601753705454, 0.9560236206847813, 0.8905803729474225, -1.083685213020731, -1.5814708553476235, -1.119061705359066, -3.930014239347068e-2, 0.7003442912896995, 1.230147364702421, 9.525772561323788e-2, 0.21264398518136188, -2.451080891288156, -0.5779948926634244, 0.5789133789969058, 1.3270723248514882, 0.5902500112485168, 0.927916067246458, -2.6161169493861425, 0.43993244153423133, 0.7024726041821646, 0.9571419473254089, 0.29420212711756005, 6.99567107858345e-2, 1.3495701786082797, -0.8155741207670685, 0.269189141328291, 0.1426771893617652, -0.2058745190514462, 1.0566445814633228e-2, -0.2077388275166441, 0.894467923041217, -0.24887274145677862, 0.9124082418721282, 0.8186609271215285, 1.0904340216137647, -6.878523626021012e-2, 7.638381023715755e-3, -0.9469998999639613, 0.4867099841515353, 0.75487409789118, 1.5976391680376427, -0.5650973808855294, -0.16251878108443327, -1.3125293268129983, 0.8875141940536467, -0.29096158391219673, 0.5164469341790853, 0.4463523211672786, -0.12463490172689162, -0.49844275722261544, -1.566915165669331, -0.36122033992863795, 0.3810809635423234, 0.922975529215018, -1.948627090066325e-2, 0.9979515416673337, -0.36945328047955844, -0.36939948414205664, 0.27261301821559536, 1.054109212483616, 0.6877425020012333, 0.48079349850299646, 0.2309166830374721, 1.05648314306399, -0.35520084709349076, 1.0319525937576233, 0.7484264550613418, 0.9312615971933526, 0.730247476074092, -0.6639020184559314, -1.2852663550995573, 0.5715992223283491, 0.39214612668946874, 0.6326821113868224, -3.630194249091858e-2, -0.22227433827166432, -1.8086307167704687, 1.2521671138054344, 0.13096487647737948, 1.2377169029502948, 6.355190716780981e-2, -3.88420544920717e-2, -0.1176974626816024, -1.562746914641975, -1.5989488352764134, 0.9529913953169401, 1.311467207808848, -0.2012736270199677, 1.5461754676988007, -0.24019818068164037, -0.16857870222474725, 4.347658517236574e-2, 1.2914046935953445)
