seed <- 743
log.wt <- -15.695078011330853
penalty <- 2.8115950178536287e-8
intervals.send <- c()
intervals.recv <- c(56, 112, 225, 450, 900, 1800, 3600, 7200, 14400, 28800, 57600, 115200, 230400, 460800, 921600, 1843200, 3686400, 7372800, 14745600, 29491200, 58982400)
dev.null <- 358759.0022669336
df.null <- 35567
dev.resid <- 226106.2757412578
df.resid <- 35402
df <- 165
coefs <- c(6.603199204234354, 5.9491723817537485, 5.770608289940689, 5.154668316175262, 5.076272294080283, 4.897274878328904, 4.8191174306796905, 4.638913136575029, 4.329701303745309, 4.273750471830261, 4.270303666374817, 4.181414706518896, 3.984518611105, 3.959832693838176, 3.7463269478999277, 3.5217559684977355, 3.262324425256928, 2.9609217067380893, 2.5179622029948288, 2.1186797098121994, 1.6404610698962059, 0.8981329377248966, 1.131635146461899, 0.3834499845334648, -0.2715075269947884, -0.7643152915747045, -0.2157182007065901, 1.0536339764733866, 1.0590796524653532, -1.4578175946779206, -3.017239494485804, -2.815452593405606, -0.40532733053269127, 0.686232360363837, 1.374664785832322, -1.355915312530345, -0.5409573645096849, -0.9324435167963661, 0.133503927874878, -0.737813340203835, 0.9160749793833247, 1.0114932456003207, -0.49412217621970816, -1.9844969271704527, -0.6914996336123891, -0.6340250048017366, -0.2237856888111524, 0.45389776644295193, 0.48530501908417906, -0.6622123388552009, -0.5766247059671895, 0.5875878521655181, -2.7244512033891986, 1.6052092347381715, 0.9293841575930611, 1.0016013982084073, -1.904396444618163, -7.554559901613406e-2, -0.520211828304045, 1.21518612697473, 0.7297785509371084, 0.7656086633959044, -2.0230889931990146, -1.026716941109244, -0.2976788445676493, 0.14563258706857626, 0.7744238706285442, -0.4220223062707678, -1.300269201080808, -0.6263367726704974, -2.0021247968061626, -0.2443207502588235, 0.5186677868030465, 0.9891591429132999, 0.716897140033097, -0.7751764550958239, -1.517674335814169, -1.0432311283664455, 0.17687682663588805, 0.7447795121794801, 1.0533628552072365, 4.110339709746407e-2, -4.714935995738382e-2, -1.788126454339998, -0.241603202047472, 0.39792940918236946, 1.2548575066415368, 0.44065700216062226, 0.8741688193941602, -2.54460163761256, 0.287242767110522, 0.5020729016931342, 0.7696042612730334, 0.3136233597805282, -0.4335308251074221, 1.541608255895491, -0.5957997008912861, 5.072447461044297e-2, 0.4426307260638522, -0.19777306222776722, 0.43934758368235927, 0.12045166901068396, 0.889014047260201, 0.1819071440533448, 0.6952583477008218, 0.886116724548087, 1.1267546228365612, -1.2554081030223878, 0.35834284480888245, -1.1782988942883026, 0.2984140777232811, 0.7443353363289069, 1.6025229532790959, -0.6007425190255586, -0.27348961086876905, -0.45728366223512223, 0.8365319423857468, -0.356321677028562, 0.3880025328048257, 0.7430999463459909, -0.21990757868865363, -0.5315642961440853, -1.0166410804113286, -0.5907374117510472, 0.2654914733393424, 0.7814328828647579, 7.30815201147751e-2, 0.9221235334370446, -0.7298977027415218, -0.5072611371903801, 0.45311479129769877, 1.0099784909005607, 0.8782350489297907, 0.5227054554887363, 0.1062797544446847, 1.2064967845508263, -0.29912702813111014, 0.9448295177229099, 0.7588822523422216, 0.9811842767988956, 0.7530712547692923, -0.6240474251733215, -1.1548995983846233, 0.7037643788923238, 0.5191112047567357, 0.4995162474214323, -0.2526120200011168, -0.4752477969331613, -1.8837394719656544, 1.2158856250532004, 0.1530039474153948, 1.1720088461534408, -0.24491287660583216, -1.6711636341209732e-3, -9.246978186250732e-2, -1.4072143298340019, -1.619665082187863, 0.8431909446464771, 1.1321018675038819, -0.2292459443584118, 1.5659854223243663, -0.17854188237613663, -0.25705810752629826, 0.17357787655805584, 1.168474527855218)
