seed <- 235
log.wt <- -15.258391857799795
penalty <- 2.8115950178536287e-8
intervals.send <- c()
intervals.recv <- c(56, 112, 225, 450, 900, 1800, 3600, 7200, 14400, 28800, 57600, 115200, 230400, 460800, 921600, 1843200, 3686400, 7372800, 14745600, 29491200, 58982400)
dev.null <- 358759.0022669336
df.null <- 35567
dev.resid <- 225796.699416055
df.resid <- 35402
df <- 165
coefs <- c(6.578683856019771, 5.9173476520353105, 5.952165544541503, 5.232842846799734, 5.19092594271362, 4.878296666555771, 4.740929338606629, 4.610915238022769, 4.399373954743606, 4.250316461988743, 4.363747397108966, 4.149778011063171, 4.020461420367023, 3.920551134631197, 3.734553027777224, 3.4893591135822817, 3.23080209119731, 2.940988040855937, 2.50865619184971, 2.0019668596352926, 1.6452804220683404, 0.9145960245333099, 1.0052375960273514, 0.5389580433682419, -0.2668491312132954, -0.6466384173498823, -0.20075571793798908, 1.005478037070311, 1.1196617927951407, -1.0328772021539327, -2.437307507031014, -2.875824124762852, -0.20303586626466819, 0.7793456564046317, 1.2568493581638849, -0.8866533250860477, -0.5819800384846431, -1.2195803244842887, -1.4356964292778608e-2, -0.37973667915820103, 0.9674741798358147, 0.7778609156072754, -0.8109702647315613, -1.6444631320994032, -0.551243559217771, -0.7536246110985881, -1.0085179181344823, 0.24262748168737963, 0.11088396787969948, -0.7273056788991026, 0.4484375844659015, 0.9873943170378503, -2.3742357571917077, 1.6382163772869236, 0.7422967813419683, 1.1312750004404943, -1.8684008104623406, -0.2083246170499243, -0.6440630857039575, 1.3582829487721, 1.1572626984975303, 0.7485620397035582, -1.80628255216691, -0.8583586358101395, -0.6768170255063706, 0.3045771487623834, 0.5034767762346191, -0.17320932611045042, -2.1592402432607147, -0.5244809650594491, -1.4956468863283623, -0.38903403514666257, 0.5396059939533518, 0.9682359217065257, 0.548503636714703, -0.7837260000603545, -1.5213463439564197, -0.9707178001443014, -0.10043954289073521, 0.7375487271230386, 1.1822048192943162, 0.1339793966927228, 0.21385189981215244, -1.6099430479564834, 0.28716615160438347, 0.3942934681628908, 1.1657942660163505, 0.5327392918023574, 0.965251090819882, -1.9625463368056861, 0.5827685103942644, 0.7020473957413641, 0.81813169361823, 0.3776004529817904, 0.1559710202156452, 0.9903585275646475, -0.38631395693805937, 6.762650813197037e-2, 0.14134492809906624, -5.004113159858335e-3, 0.27207761665109037, -6.544642521082043e-2, 0.8882086306973414, -0.2704541499482992, 0.81136679328504, 0.8048648989358802, 1.1602947071935341, -0.7053907663559903, -0.32515867955971156, -1.076030913549655, 0.3904377873076712, 0.5204038125841663, 1.6753167757261043, -1.3028120257749118, -0.17901397858593288, -1.0491397603315322, 0.7304177666501305, -0.26657930749974784, 0.3628350839333117, 0.6265405923138642, -0.28304817210208716, -0.4403014470776931, -1.41786440556171, -1.1808681989625953, 0.36292588710931567, 0.727915741588036, 4.8996333649844556e-2, 1.079989346672991, -0.6355746715794968, -0.453257127534592, 0.1172902506720415, 0.8159261367167635, 0.6250767478848892, 0.4681155924765157, 1.3424115054325175e-2, 1.05097505858289, -0.41767055019013327, 0.9622397226152324, 0.7373563433671138, 0.9943226548048845, 0.7967064837986458, -0.6937200252401488, -1.0881039080760215, 0.4967735023564231, 0.3400416191732878, 0.5548406222448756, -0.3926566771126862, -0.6493270399382552, -2.0265960879627514, 1.17719490752576, 0.1543309248936818, 1.2926677984356185, -0.128295611858571, -0.11039977606620074, -3.599811777510246e-2, -1.4784460582342327, -1.2166872006953546, 0.9081826289342392, 1.1239739994139835, -0.23996984998818452, 1.6539584218701198, -0.2536050232960835, -0.12970300733961163, 7.523957003405457e-2, 1.2069632059971402)
