seed <- 545
log.wt <- 0.0
penalty <- 2.8115950178536287e-8
intervals.send <- c()
intervals.recv <- c(56, 112, 225, 450, 900, 1800, 3600, 7200, 14400, 28800, 57600, 115200, 230400, 460800, 921600, 1843200, 3686400, 7372800, 14745600, 29491200, 58982400)
dev.null <- 358759.0022669336
df.null <- 35567
dev.resid <- 225663.7745664502
df.resid <- 35402
df <- 165
coefs <- c(6.426400325627604, 5.949093993414965, 5.772873630214848, 5.211005250162978, 5.033589652080336, 4.913322293447019, 4.740999490022298, 4.602994621913712, 4.427830900224077, 4.281398962560914, 4.2560185542188504, 4.173191568681657, 4.029824521599489, 4.006685424163985, 3.7687595527021456, 3.535593103809521, 3.2292480073124326, 2.9801939696801587, 2.52920714088735, 2.08939763185008, 1.5983398418294081, 0.8796231624168291, 1.109827524733261, 0.22451552151747686, 0.7599027121978242, -1.7666311928082394, -0.13379046565008085, 0.9247438267164229, 1.0425231238386419, -0.8816356641504992, -2.2628333936502747, -2.3519615963821106, -0.41456499903011546, 0.8019514139739701, 1.2569824280194304, -0.5191074087194625, -0.9629803059525701, -1.3795607829066572, 0.11791897144584952, 3.930460878879148e-2, 1.0455013267323532, 0.7415500828147864, -1.1404375831012898, -1.7280374740538111, -1.1505287571191278, -0.5478215588591469, -0.6580150719662855, 0.1584249194467776, 0.7800832486619046, -0.41047853597250117, 8.412547148721265e-2, 0.7663708502907174, -2.4384390460292273, 1.7160993589036193, 0.7114808268841198, 0.997685367444858, -1.677957939760234, -0.4077324108785069, -0.2160403759738571, 1.2838780407225892, 0.9674450759182776, 0.6148652053783388, -1.5719246151494124, -1.125525183946481, -0.7365067415465784, 0.17757722908530388, 0.7763001287856482, -0.2961667755344792, -1.0302816793837146, -0.7652462012944521, -2.350210153835574, 6.513506038544525e-2, 0.6371074700610336, 1.042525190870514, 0.7085331098793133, -0.753012636616574, -1.3194934885056697, -1.3273361871323988, -2.351897082799397e-2, 0.737108640258095, 1.1148622349244899, 8.131726673274847e-2, -0.14444195419603717, -1.9115707332107295, -1.0743942462552671, 0.4090474122712117, 1.197175716999721, 0.3539944862705823, 0.8565399720671372, -2.6794674433044823, 0.5126677331766678, 0.7225140321836194, 0.7831185478656497, 0.4011998197745927, 0.4381255842519689, 1.1472138366302391, -0.28908084641452697, 0.639630538550677, -0.2529612363543802, -0.19211633247783402, 0.5731389512833547, -0.1816284167018202, 0.8213451918625954, -0.3359903137486403, 0.7305965713321781, 0.808749567696677, 1.1467566571710313, -0.1443564938780604, -0.739138026830933, -0.8039983456377963, 0.31389942920678454, 0.45622663291822474, 1.6088786774118025, -0.3408925352121935, -0.15667940941444947, -0.8536077198801842, 0.7376127691062043, -0.2744440318527642, 0.34310612143761826, 0.5557727216290345, -0.39769239755290037, -0.5013569350670075, -1.4259336902919908, -0.4503283737844665, 0.48102480295541067, 0.7528104290709468, 2.4815167523267633e-2, 0.9793900315402898, -0.6413019573394687, -0.3071231695761448, 0.32673688551829894, 0.7357820341430468, 0.99611198828975, 0.5414580486395598, -2.1998377318581366e-2, 0.9246258338484519, -0.5766639522742648, 0.9920815328983342, 0.76034849992688, 0.9075235536723757, 0.6929594619069717, -0.5880647419093351, -1.044217703383951, 0.36891305040543776, 0.5197508067225861, 0.5792106267534869, -0.1964074948889413, -0.796369748771378, -2.0774325257597313, 1.2016061225001942, 0.13116026256873317, 1.1438340937535272, -0.24480332707485478, -8.240911622428633e-2, -0.20860994177587086, -1.964600549071829, -1.1971154788451706, 1.0352887699284417, 1.181363180634319, -0.14791396323644185, 1.540928899826719, -0.17076450877197746, -0.1546484537339084, 7.770816074643486e-2, 1.1002890745720328)
