seed <- 923
log.wt <- 0.0
penalty <- 2.8115950178536287e-8
intervals.send <- c()
intervals.recv <- c(56, 112, 225, 450, 900, 1800, 3600, 7200, 14400, 28800, 57600, 115200, 230400, 460800, 921600, 1843200, 3686400, 7372800, 14745600, 29491200, 58982400)
dev.null <- 358759.0022669336
df.null <- 35567
dev.resid <- 226542.9224742691
df.resid <- 35402
df <- 165
coefs <- c(6.584141811037427, 5.822395080898225, 5.693975645694284, 5.116932395299939, 5.028623223876216, 4.827849917551168, 4.7433178686409345, 4.667758743139424, 4.348025363313546, 4.257658082953856, 4.274416486496614, 4.13275997980612, 3.9805579795775095, 3.966831179094459, 3.718992934096296, 3.5287774212738983, 3.2386355874891084, 2.9391839423643678, 2.483110375854301, 2.0467645598036834, 1.5517307346865519, 0.9075094497081972, 1.066886998668814, 0.3393366800629786, 0.555069116773081, -1.4413077810722394, 8.278497088239183e-2, 0.8847847448257475, 1.0830159339733778, -0.8596095034198198, -2.799081068847317, -2.194285562424615, -0.14629872667711047, 0.7895016367289703, 1.3072990530020354, -1.4999575836059211, -0.8729644303320465, -0.9656692240577605, 0.10130613655159383, -0.8449494464421153, 0.9526840593090226, 1.1102290798582901, -1.1343012392144851, -2.438659749020305, -0.7428145058571095, -0.7724829082035493, -1.0340326868039258, 0.28949707044121664, 0.5674954677868538, -0.8301387340354451, -0.6132101989561454, 0.6521655359027723, -2.6083085704107196, 1.8131627075439416, 0.9195868262048873, 1.0239933308909301, -2.4658567601051073, 8.702062556003204e-2, -0.4330308653010676, 1.4307030379828498, 0.5866316355083444, 0.7026002590832754, -1.9878070005237747, -0.7227784576963999, -0.48555706135896676, -0.14145935292259798, 0.6808938219836282, -0.30692279032759984, -1.4662903975925454, -0.632620395376221, -2.241711770245592, -0.12966321481146562, 0.7891304852022315, 0.9809079500802839, 0.7027665823840848, -0.9882229274795366, -1.3529211526598108, -1.7720424225698934, 0.2227016343774526, 0.8248194582237001, 1.2185529799440278, 3.016404079097645e-2, 0.40255275113335603, -1.7050015388736188, -0.1711261829978891, 0.5169258251566842, 1.3659892510699139, 0.48550411200091403, 0.8875120227022576, -2.2249489321338394, 0.5034221010228704, 0.8081682533414651, 0.9204572347889813, 0.32796243551180554, 0.16577538335796874, 1.249016134324935, -0.7113529692856111, 0.7282467593704229, -0.31234800718769984, -0.15961611499054798, 0.5938695569173656, -0.2937721858768387, 0.8501874443949051, -0.1621067021116474, 0.6258714865539812, 0.8209607863711368, 1.1894490387676517, -0.17426005642235873, -0.41297507176573073, -0.9341448217803152, 0.4876006371143902, 0.7410199624857094, 1.5702445272641732, -0.7707840590617968, -0.3026368609125604, -0.9171205076541399, 0.7840379277495721, -0.32940332863627597, 0.3411210196909577, 0.6716527843623528, -0.51453258251889, -0.4840354373470737, -1.2235158704613374, -0.4685293688623947, 0.4296177909229476, 0.8109471103184887, -4.360434909536714e-2, 1.0190111478553263, -0.5853740609640913, -0.35091108242600366, 0.23780524627559554, 0.8694869782643223, 0.7030148403774643, 0.3375571588469371, 0.12347642404139605, 1.1119023200671236, -0.3973231054103472, 1.1446436578156889, 0.8073202817845011, 0.9876132665650532, 0.7801709674549765, -0.680796989701339, -1.110116125154553, 0.688736989437768, -6.1366779826532184e-3, 0.5544044462934903, -2.3225275030934814e-2, -0.2834024635160808, -2.223120773789845, 1.373073469935452, 0.2701891117340751, 1.2088235646657768, -0.13495970908381835, -0.19690427032774532, 0.10800195660878897, -2.0295472811630986, -0.5122536307651773, 0.83465359946168, 1.2961823501160161, -0.4078778962952098, 1.550286772540496, -0.18943956948720694, 2.5322296567348645e-2, 0.14666628999595493, 1.2125035637881385)
