seed <- 342
log.wt <- 0.0
penalty <- 2.8115950178536287e-8
intervals.send <- c()
intervals.recv <- c(56, 112, 225, 450, 900, 1800, 3600, 7200, 14400, 28800, 57600, 115200, 230400, 460800, 921600, 1843200, 3686400, 7372800, 14745600, 29491200, 58982400)
dev.null <- 358759.0022669336
df.null <- 35567
dev.resid <- 226167.00235044342
df.resid <- 35402
df <- 165
coefs <- c(6.790845106117373, 5.737098439427963, 5.675782005325002, 5.344653068837055, 5.064705848361622, 4.76500165672019, 4.755429533798208, 4.676561337150504, 4.336734659718355, 4.250245483418125, 4.235804531329551, 4.14638616337982, 3.9839180700026238, 3.945053900124883, 3.7360592293308814, 3.515971547856865, 3.2447737282323055, 2.9448232180854643, 2.4594870808987808, 2.0748797444896754, 1.5216415497294673, 0.9521954179342118, 0.9970221815202441, 0.5079245766326584, 0.204612324952474, -0.9255738647451008, -0.1599709286944946, 1.1229700010531105, 1.0997867611491268, -1.6889468710986568, -2.623383108237885, -2.8036643856726147, -0.35882027893364077, 0.7709098590359476, 1.2336333858737705, -1.1317325047760587, 0.8384422010398739, -1.4331500374507786, 0.23069116676404602, -1.3183210426399556, 1.0195960167600944, 0.8631677168441598, -0.8643596281771939, -2.6625812918775815, -0.8752538165861484, -0.5992808795922524, -0.5906134047994189, 9.944830192057938e-2, 0.4379305048368973, -0.5457675343514404, -0.2707086168073308, 0.7473080181553704, -2.784960777269633, 1.6453134799744773, 0.78480370609113, 1.1247977726147083, -2.1410910219767705, -0.34568287859261165, -0.6918285214733937, 1.2939594221307043, 0.8985938545311535, 0.8971174589940984, -2.0370230848455315, -0.8986636100917562, -0.5665209844082988, 0.25971414717104224, 0.6612809317496768, -7.643986687273446e-2, -1.5838099593994726, -0.5840553960420741, -1.9540264706110246, -0.6139848335789257, 0.4763487419156967, 1.0698581571262944, 0.8301553492593408, -0.45739731488427415, -1.3148867312810297, -1.5491758909274695, 0.14281887936245397, 0.7455872730075669, 1.287517859212263, 2.78556126352994e-2, 0.25175807315216037, -1.6179606007219347, -0.946114544926569, 0.42542149498717774, 1.2710158343817568, 0.48096324380564026, 0.9176889428195724, -1.862826414647925, 0.5181095287408145, 0.8472167617956549, 0.90197106387007, 0.3651519409339762, 0.19417561935858016, 1.4080213903953154, -0.3421518305774009, 9.413935320900704e-3, -0.12758711341393145, -4.121365228629297e-2, 0.23272121025577047, -0.122439973969776, 0.9656475131814233, 0.40729628629759834, 0.5545987384945829, 0.863799642328108, 1.0450603945342596, -0.6246812040210127, -0.6755073221344826, -0.9783290506141454, 0.4050413622988412, 0.55382235951153, 1.6430830490858397, -0.8032538749275443, -0.38175167049647635, -1.1279904421530256, 0.8597609475028455, -0.22592519882820508, 0.5462324486566863, 0.6650577980071637, -0.23881301393731066, -0.4711469026187611, -1.1626988442188138, -0.2567285239055263, 0.34883415449412325, 0.9515135049333393, 9.460948604516535e-2, 1.0565959767686024, -0.5864338880880218, -0.33718161458250573, 0.2983935427998611, 0.9596231131229661, 0.9227898889517011, 0.4810596983455916, 4.666896825990316e-2, 1.091127101514808, -0.2790199199591993, 1.1042343582279388, 0.7506814263685173, 1.0747271562378828, 0.8927328463575381, -0.740893879942483, -1.1086987637761554, 0.7439283296973215, 0.5207691915284437, 0.5792379438702503, -0.2490648858703582, -0.7942053087800607, -1.868268123437045, 1.3494342890793056, 0.16339080513787094, 1.2887268750471617, -0.20400147430858892, -0.14689262528741534, -0.22110848523559484, -1.6896037888088262, -2.096899996180469, 0.8918587011359251, 1.2234807928864462, -0.22966127145260323, 1.5519464017904743, -0.1467344706589123, -0.21184786976551484, 0.12572788480685362, 1.2528289838553173)
