seed <- 168
log.wt <- -12.57089243731207
penalty <- 2.8115950178536287e-8
intervals.send <- c()
intervals.recv <- c(56, 112, 225, 450, 900, 1800, 3600, 7200, 14400, 28800, 57600, 115200, 230400, 460800, 921600, 1843200, 3686400, 7372800, 14745600, 29491200, 58982400)
dev.null <- 358759.0022669336
df.null <- 35567
dev.resid <- 226109.77433864446
df.resid <- 35402
df <- 165
coefs <- c(6.64054773085079, 6.05751454720648, 5.635478020298647, 5.208331885409479, 5.120934111902904, 4.925290180534997, 4.750287240957424, 4.674795989809345, 4.35229380872745, 4.236458151597759, 4.307407218463231, 4.130078534794867, 3.9862087012678327, 3.941910962167091, 3.75019707842523, 3.5277403274067853, 3.2437973650734433, 2.9083752509757375, 2.4801163991915485, 2.0114680781486554, 1.648199517951346, 0.9021630637295132, 1.1210327767711674, 0.543567596274802, -0.3318330064932776, -1.4622480563372304, -0.15657832938562635, 0.9220106529824906, 1.0725222242459216, -1.4811640758923632, -2.187884818244817, -2.336171424919186, -0.6129836822239808, 0.7531834231464908, 1.38871891733975, -1.1013592903529363, 7.306101899080343e-2, -0.5536155902666865, 8.761031720414146e-2, -0.778649542044102, 0.8831513425195961, 1.017442488008876, -1.0784022890647036, -1.5205199667441922, -0.7534920912641032, -0.8161838828627586, -7.648427447813438e-2, 0.15891354087984216, 0.6612322952383163, -0.44402316522613633, -0.2511793612117921, 0.9811410991678781, -2.5044302314135116, 1.8936561516169703, 0.8626519271537607, 0.8642725311176882, -2.284831903627732, -0.24559896868351305, -0.8574845428700947, 1.0227429132419932, 1.133628351097322, 0.7385445615254368, -2.032690247357016, -0.8546805617834132, -0.4244312827677609, -0.519346193700607, 0.6221302603211496, -0.7741642595334685, -1.9217012366658377, -0.5030771909011222, -2.29890688816185, -0.16054234842886794, 0.6006907442522257, 1.0050670139680535, 0.7488315105742663, -1.050931468289815, -1.0984977985634066, -1.72457031706901, -0.10111841727808156, 0.7220568341972111, 1.1422409023774165, 7.236056311848518e-2, 0.2926121681550958, -1.8375356242512744, -0.2946097373294815, 0.46909959652848143, 1.2470237447503474, 0.5021137748783628, 0.9046752651511863, -1.7746646338809509, 0.43615600936852356, 0.7711469761030532, 0.9741267567893126, 0.3313367967077533, -0.646423352671073, 1.377529156705672, -0.616628654973678, 0.20329398506987037, 0.20264663500866983, -0.3423401194749741, 0.3383732874288447, -0.26664640869468137, 0.9121500768945758, -1.114601355992922e-2, 1.1062626401586706, 0.8478217361890991, 1.2137657534092188, -0.4829812396350019, -0.32202039049630554, -0.9764604692098491, 0.34587585669374277, 0.634722759622489, 1.5614302481507478, -0.44843827273344783, -0.33895432550639515, -0.9087279591463089, 0.8539704961467645, -0.29418398428333353, 0.6439199680998577, 0.5139263070602231, -0.3448303240986393, -0.6680940680391024, -0.8420497930147743, -0.40835842620564405, 0.3059166679047237, 0.9685045654726585, 3.428974966427376e-3, 0.9848861170942539, -0.618487136812317, -0.3918016071950106, 0.4002945783830925, 0.8699663702104, 0.7153475518640323, 0.3434814334382461, -0.20262477550391503, 1.156930190781852, -0.32456918267597396, 1.1166132580931114, 0.7885011464937017, 0.8916097314854378, 0.8553569283644591, -0.6081359450253305, -1.169619573067036, 0.5634594214757271, 0.5607565902418488, 0.5375905450885674, -0.25286352542198987, -0.5646866791749138, -2.2647050604256616, 1.3764813813042547, 0.15148798046471718, 1.2111440510791016, -2.9864716936839307e-2, -4.7884003940120615e-2, -1.1425530910020137e-2, -1.4676868031805612, -1.8347944382931636, 0.8073642134603791, 1.1059979676638836, -0.1972716804602103, 1.5505645204452012, -0.15786794252486672, -7.01465255688951e-2, 0.1056133828262535, 1.289403043694196)
