seed <- 188
log.wt <- 0.0
penalty <- 2.8115950178536287e-8
intervals.send <- c()
intervals.recv <- c(56, 112, 225, 450, 900, 1800, 3600, 7200, 14400, 28800, 57600, 115200, 230400, 460800, 921600, 1843200, 3686400, 7372800, 14745600, 29491200, 58982400)
dev.null <- 358759.0022669336
df.null <- 35567
dev.resid <- 225832.91919500421
df.resid <- 35402
df <- 165
coefs <- c(6.477229719677826, 5.73493787760053, 5.7291149197767695, 5.476886627665509, 5.020188632450121, 4.822804097191599, 4.74358660516836, 4.6471198457881195, 4.345679075650375, 4.3570558694961035, 4.244133975616694, 4.196959297190625, 4.03784031420736, 3.984161087630085, 3.7447612339728926, 3.5468658047384567, 3.243959304767663, 2.9466357155651735, 2.502500302864173, 2.0962527959375556, 1.6531670056368155, 0.8752010331714908, 0.9731149749951996, 0.1606683547377786, -4.578066292687274e-2, -1.1304172821790257, -2.672206291564419e-2, 1.070522826943965, 1.0670246643937376, -0.8667749285040345, -2.021336029509572, -2.2882085104564047, -0.7861143232299495, 0.7391474010028407, 1.253527456944056, -1.1452957188015302, -0.3078596382082587, -1.2250188141144105, 2.5444753111483635e-2, -0.92607412469414, 1.012822170126786, 0.8996330150619004, -1.25520981087682, -1.8507173246542512, -0.9816208264100266, -0.754919586457377, -0.4088766331182734, 0.20136303036337508, 0.6033849074585099, -0.7368368999121271, -0.3269471516621977, 0.8881084046475697, -2.354382671414403, 1.7556861091016611, 0.8932502450109385, 1.053296191547075, -1.8227605182312734, -0.26086009712190383, -0.5662261933108804, 1.218483106289514, 0.6328241914283572, 0.8882176278125943, -1.398629983432407, -0.9843752715579538, -0.6432595480065153, 0.14989795755193813, 0.6120105316513399, -0.23800922055518667, -0.9953920407373766, -0.6656917145279534, -2.173826614703091, -0.2094103497066922, 0.596259975004116, 1.0145204390531382, 0.684706419804673, -0.7634622462278445, -1.811490140771033, -1.064837836556964, -1.1013520150964915e-2, 0.6794735819744229, 1.171009749321754, 0.18254748474153462, 0.35993863299233414, -1.2564681800625244, -0.874619909240476, 0.29403796604518306, 1.144059545237795, 0.4956420193509666, 0.949341822536065, -2.0719571919392306, 0.46533183987344184, 0.7916442984229588, 0.7810750035696716, 0.35567178831512347, -0.11708894463729393, 1.2343527996084467, 0.3770109332635481, 0.5095341477123122, 3.5974781070321496e-2, -0.5429543385792851, 0.39946489406139396, -0.7850561565018176, 0.865124948566408, -0.19322257629122316, 0.5917387248660492, 0.8418565123158155, 1.1002655806205561, -0.27214785337439806, -0.21242905291637473, -0.9574260417843262, 0.3097344888719758, 0.6287078105843902, 1.6581800053042366, -0.6586156582381488, -0.18914318243028075, -1.0919128387770616, 0.7632889093407087, -0.2645138421110736, 0.5701140019581934, 0.41235968090893377, -0.4394360761767579, -0.4504265859393511, -1.3700304697092975, -0.528762695152405, 0.3679093051624714, 0.792070224291449, 7.39324709944809e-2, 0.9326145029156153, -0.40299127161745946, -0.44967141289433443, 0.2501878480753735, 0.7417823643081638, 0.7600052516613772, 0.4680378521687733, -5.0946164240773355e-2, 1.2059679015581446, -0.3788194484331441, 1.0250773738326235, 0.6697341448965266, 0.9725116576964516, 0.7026437936875661, -0.6606876728494999, -0.9544883095644342, 0.4193791404398799, 0.4924848932469348, 0.4918788652913663, -0.16575629030554728, -0.3618175773723641, -1.892622459089663, 1.1970842082401216, 0.1255825665773668, 1.2298309766491913, -0.17799311777518967, 6.192010641524017e-2, -0.28664180025176006, -1.505066374710964, -1.5818448125941174, 0.8338987258458846, 1.139112134169575, -0.18150270950107897, 1.6258314061300236, -0.37220711633953046, -0.22826420460287883, 2.6992615283950956e-3, 1.1571159172154317)
