seed <- 517
log.wt <- 0.0
penalty <- 2.8115950178536287e-8
intervals.send <- c()
intervals.recv <- c(56, 112, 225, 450, 900, 1800, 3600, 7200, 14400, 28800, 57600, 115200, 230400, 460800, 921600, 1843200, 3686400, 7372800, 14745600, 29491200, 58982400)
dev.null <- 358759.0022669336
df.null <- 35567
dev.resid <- 227028.85904895514
df.resid <- 35402
df <- 165
coefs <- c(6.540428789138179, 5.952804220223622, 5.619332423863305, 5.316829813003296, 5.047709249135759, 4.87245717913782, 4.781363257553828, 4.591757229287574, 4.339464399214816, 4.278169311608729, 4.253507037070706, 4.163992141567184, 3.9512618394712042, 3.949009988964392, 3.7170193016364492, 3.523870548380244, 3.235020164027591, 2.9494386128180583, 2.5091849314642927, 2.054346466589452, 1.591308285448444, 0.9219633630221934, 1.0279101613198551, 0.15141216031146326, 0.32276772394958103, -1.128692033976955, 1.3285259083800805e-2, 0.9201295696543812, 1.040333024623674, -1.3690972920825695, -2.456328907443446, -1.8493356935894094, -0.6220132567021813, 0.7447397203981915, 1.2120690220420425, -1.244583232938959, 0.10949428687954108, -0.8974424963684249, 0.12810148523187098, -0.2801463411973423, 0.9717033810952722, 0.976054046183183, -0.7997777647598553, -1.9527466646697675, -0.9945769145507611, -0.8548927231169006, -0.8532610465409945, 0.16652662506685534, 0.8526797853532532, -0.35865652492623373, -9.486341325663314e-2, 1.0273646708381472, -2.5502747753030555, 1.8089135578038915, 0.7651423905642691, 0.9288010036354365, -2.1118505003603483, -7.536068736144426e-2, -0.2486607127592695, 1.4046983896024807, 0.9215587797062775, 0.7337161164100843, -1.8287144210664548, -1.392236988186418, -0.5353345927043829, 0.17797333691509037, 0.6891238290568673, -0.664181166307621, -0.9643314582488055, -0.5944745584462385, -2.2253262192624783, -8.990082509655921e-2, 0.2951992913791461, 0.833276433937825, 0.6629047192479468, -0.7235007877025333, -1.300323284185323, -1.7476888460480797, -8.783591188124935e-2, 0.6518640097741633, 1.2382166585250496, 9.273934184192825e-2, 9.721475378444795e-2, -1.738930119359143, -0.19691300400721637, 0.31648503174273784, 1.1847898946849877, 0.5101085900282912, 0.8469941683899216, -3.0486110325140765, 0.5048182926440552, 0.6891896997770383, 0.918908041621858, 0.2956358068912388, -5.127403045281302e-3, 1.1620690908724338, -0.4279074751536054, 0.341612071145966, -0.13163265411697042, -0.3612540177558281, 0.4773129583982882, 2.3506327652810494e-2, 0.8313946278996676, 0.15439445015799502, 0.723509018857849, 0.854376436443008, 1.1635310250448403, 0.12700632894119246, -0.30695844774207415, -1.0371347591720577, 0.29759818986530556, 0.5387568816945725, 1.5879549302227784, -0.2602716925985869, -0.21814917079202414, -1.2022876731849, 0.8192465580454594, -0.29466983101848154, 0.5221698377827395, 0.6433550177420331, -0.623526857203045, -0.4160059948922309, -1.3492786913924975, -0.3557505355889011, 0.3795179454991011, 0.9900439600134728, 8.16061157475293e-3, 1.032646266592489, -0.9821437382230379, -0.44043759339003574, 0.35462231951599815, 0.7751068159983081, 0.7669094788043396, 0.4293323852834788, 9.85914771457579e-2, 0.9385411425871169, -0.39837805112173147, 1.2203653671144792, 0.6716278254912518, 0.8767986256491935, 0.7908019357644656, -0.6554442056912126, -1.0926565092056233, 0.45157185788003623, 8.2549031823327e-2, 0.43823417351287036, -0.16467956918418852, -0.3522856652867398, -2.1021476294952954, 1.408798097798784, 0.19444963566789947, 1.2211415715651437, -4.442077642049613e-2, 5.824930427408442e-3, 4.7514771323685104e-2, -1.8083321090201367, -1.7958525937895262, 0.7452755973029387, 1.1838977237570931, -0.4697265190847152, 1.5826419245804428, -0.1799858302384755, -0.10262545802214067, 0.1137155706002997, 1.2286544316909602)
