seed <- 991
log.wt <- 0.0
penalty <- 2.8115950178536287e-8
intervals.send <- c()
intervals.recv <- c(56, 112, 225, 450, 900, 1800, 3600, 7200, 14400, 28800, 57600, 115200, 230400, 460800, 921600, 1843200, 3686400, 7372800, 14745600, 29491200, 58982400)
dev.null <- 358759.0022669336
df.null <- 35567
dev.resid <- 225861.70041448605
df.resid <- 35402
df <- 165
coefs <- c(6.611552944680049, 5.768962574299104, 5.617522377902208, 5.315216476739536, 5.007732294937761, 4.8675470427145475, 4.756295426138127, 4.653477414921459, 4.351540819890489, 4.257509485435878, 4.307076873917487, 4.175075843204291, 4.00391092375163, 3.958877866080227, 3.733121294227775, 3.5142378358442117, 3.2471072352020625, 2.936135730032292, 2.449696665596844, 2.091321617915984, 1.5348774513838692, 0.9303184116127082, 0.9501443466363402, 0.30015237692983254, 0.7086016606276261, -1.2735451896311447, -0.3288192908740153, 0.9437146652487112, 1.1093542822080826, -0.8870058054578475, -2.5254731043342993, -1.5609339981466175, -0.41285968362644226, 0.8084482658368265, 1.285295753589303, -1.4734230653842033, -0.16787685305490027, -1.2314993983385494, 2.0198296413555635e-2, -0.5826943271745848, 0.9608280739614905, 0.9150026596696681, -0.750665886638659, -2.1656881976787408, -1.087947803248591, -0.7988532221609979, -0.7329817119025661, 0.453744875176693, 0.2706645812846369, -0.7704728648477491, 3.901882838369804e-2, 1.029777629325218, -3.013948207410241, 1.794007314861713, 0.7349586248333662, 1.1452041661930794, -1.9341137953297178, -0.10128618513362296, -0.6763329831475315, 1.2297084369008437, 1.1010077565367777, 0.7493637805127731, -1.6611892157252277, -1.0953590774432778, -0.35742743586647346, 7.074265057671526e-2, 0.6642610140800513, -0.5555202779239693, -1.1414930039556817, -0.6469712274441374, -1.65568816901006, -0.10972577927367358, 0.5848315918650102, 1.0896901684413198, 0.7409141562103636, -0.7319524881287722, -1.3226821490621514, -1.0743950544014955, 8.302961976730953e-2, 0.6944436126633416, 1.155444780821719, 8.637955657023481e-2, 0.20326522169464645, -1.7000358303578187, -0.7437420160814929, 0.43722274490996216, 1.1932774461915268, 0.6044586297955871, 0.8437683226150393, -1.764705235134633, 0.4912642046148746, 0.6531126329185518, 0.8263837221465787, 0.33540458713007365, 0.24370458401020262, 1.2603715108756968, -0.6571767165715825, 0.6038739234331522, -0.1303764891498868, -0.483296150927483, 0.3490072037745489, -1.0699479569810357, 0.8408248827250623, -0.11283062620829366, 0.7168080686434086, 0.8619972438836586, 1.0973956957435929, -6.60411720019885e-2, -0.3687671211229353, -1.0302163099557806, 0.4374322903054454, 0.7117330855525601, 1.5960027144831344, -0.6706558153158498, -0.21635150943195516, -1.1182503730433466, 0.7889324825700451, -0.31856156566255095, 0.3099331091053065, 0.4761697306658812, -0.7419529942732901, -0.5351680887845822, -1.172742951234374, -0.8771835733183725, 0.33494025645594155, 0.7928987706335738, -3.2560266861200754e-2, 0.9648955998906773, -0.648616829758511, -0.41234802945434396, 0.271936881123849, 0.850901798362423, 0.7701763812607807, 0.40870515079298414, -0.12212804530353043, 1.1036072593966109, -0.30842214754144354, 1.0537349335525052, 0.7680178291676559, 0.880893774096315, 0.6864752993703759, -0.714214574882893, -1.211062924225277, 0.5546840661895708, 0.29352361599175847, 0.5934053389483854, -0.12404480348495009, -0.29617386394050027, -1.7592662058083224, 1.2760490876828228, 0.17082078094725933, 1.2098509871275605, -0.13941163481582394, -3.0313260295111145e-2, -8.560980361776312e-2, -1.7765069480832472, -1.0492898864623825, 0.9586407445191314, 1.108459778267301, -0.32663178838570905, 1.567845292190554, -0.4357255496863354, -0.22812618886941247, -3.517729988843547e-2, 1.1903983971825474)
