seed <- 360
log.wt <- -12.456609834986885
penalty <- 2.8115950178536287e-8
intervals.send <- c()
intervals.recv <- c(56, 112, 225, 450, 900, 1800, 3600, 7200, 14400, 28800, 57600, 115200, 230400, 460800, 921600, 1843200, 3686400, 7372800, 14745600, 29491200, 58982400)
dev.null <- 358759.0022669336
df.null <- 35567
dev.resid <- 226295.06864186804
df.resid <- 35402
df <- 165
coefs <- c(6.338921436638158, 5.673080061780589, 5.745985109412021, 5.292311907204453, 5.088866212588258, 4.796228818944856, 4.790489234601148, 4.605535632605858, 4.320487235577444, 4.283356907556121, 4.276745729312456, 4.16446353481935, 3.9850124095063966, 3.9151980612115382, 3.7172611219540204, 3.5292057594318913, 3.253676993161026, 2.9577801420102916, 2.5193155983166378, 2.083862136127247, 1.7002650414350686, 0.9274224214452781, 0.9969677751844664, 0.2245443863828714, 5.2854020058469946e-2, -1.4239211035281873, -0.23399833914036075, 0.98322640636667, 1.0824489717893866, -0.9555255499589613, -2.2873025946394328, -1.6021065927251599, -0.5654150017081178, 0.8234123243464319, 1.3389243753988265, -0.8606627675754347, -0.3653158002539668, -1.4338357200969811, 0.221494485514992, -1.0244054448495634, 0.9972139718577198, 0.7149835744205097, -0.8401988872039962, -1.9478427177998396, -1.109497566020953, -0.7586946756895327, -0.30109907013282, 0.37297482868410997, 0.4558967774204833, -0.2810614763806531, -0.5960513012376467, 0.9534824357337727, -2.6846221305908986, 1.7312440500858794, 0.7134261799875932, 1.050732268070873, -2.027270534812398, -0.16336344997213895, -0.36740465245222187, 1.2124986049049873, 1.1878608624569904, 0.9521839700495897, -1.4784562124374954, -0.6940239940491343, -0.6560219083709438, -9.876542098141011e-2, 0.7371558122972679, -0.4823456791257905, -1.5248339901138535, -0.519792411987504, -1.7474695507660425, 4.969037974883881e-2, 0.36958923501686125, 1.042485091178182, 0.7413919299360291, -0.82895998163006, -1.1714343001619576, -1.344620949301778, -0.15941666306511662, 0.7034853193873357, 1.255486466915236, -4.002028630544603e-2, 0.12424470736369532, -1.3092019217001147, 0.2225681434589521, 0.5640608568635751, 1.2512384359009043, 0.7160000153746311, 0.8703431297462247, -2.128673068018821, 0.4930206223312257, 0.5691922551839845, 0.9666075253678147, 0.2953581964707256, -0.22176069123545256, 1.1210781121217421, -0.8894858502626887, 4.3557817351282155e-2, 2.8077718509291198e-2, -0.6653807934073299, 0.3368455599003783, 6.005760290139416e-2, 0.8193173163823062, -8.111415010644281e-2, 0.8390840139713804, 0.850380849753225, 1.109779620579464, -1.2616379006409428, -0.5661435096767091, -0.8271207002093924, 0.6265437645491174, 0.6664741261871633, 1.6136944323315943, -0.6980340175877775, -0.1735134190737891, -1.031472795035966, 0.8176396696794215, -0.29029026701145877, 0.3224704666986214, 0.49455056731935954, -0.2696454069158299, -0.29158474677621776, -2.017603491989185, -0.4117707499659097, 0.30935095111655825, 0.81595487692832, -2.575031434670596e-2, 0.9614968887232628, -0.6666935802844162, -0.4946980747360737, 0.2938415783059038, 0.974449463869549, 0.8179923941971246, 0.4292186388683368, 0.1413301312177168, 0.9949901727042485, -0.3631632508314317, 0.9720215050065839, 0.7517441885678158, 0.7699634369654746, 0.8530128304149773, -0.616263829209802, -1.3949233785505049, 0.8320181549635175, 0.46065061111218636, 0.4519650629921977, -1.4626566896843047e-2, -0.4395154173579092, -1.8858916765198723, 1.1587762732467521, 0.1547221722208004, 1.1560915596222334, -9.283672300873066e-2, -1.3450797103642392e-2, -0.15357118039390202, -1.8503019080785226, -1.4768214766118957, 0.7740523096882781, 1.3306594460734384, -0.2501167751065633, 1.5512362497332581, -0.2274188767407854, -0.1832044134577932, -6.607979316002648e-2, 1.2547168895996341)
