seed <- 587
log.wt <- 0.0
penalty <- 2.8115950178536287e-8
intervals.send <- c()
intervals.recv <- c(56, 112, 225, 450, 900, 1800, 3600, 7200, 14400, 28800, 57600, 115200, 230400, 460800, 921600, 1843200, 3686400, 7372800, 14745600, 29491200, 58982400)
dev.null <- 358759.0022669336
df.null <- 35567
dev.resid <- 225259.2182025517
df.resid <- 35402
df <- 165
coefs <- c(6.779994841897941, 5.644864218467668, 5.73532641569767, 5.172421298050419, 5.091034371633136, 4.910406624344659, 4.812305447387368, 4.69997571727355, 4.434907308484556, 4.245426248982186, 4.279507973616872, 4.196785841141048, 4.037561107578739, 4.013981723772954, 3.7682256757008172, 3.5359604701832583, 3.2868015302079567, 2.9411866762541647, 2.4954465104194505, 2.075099852998255, 1.549233745550951, 0.8382228695042457, 1.0725720230973093, 0.2419701104761808, 0.5038579287677752, -0.6412223970357679, -0.28285390615631095, 1.0402195218078167, 0.9986851326469094, -1.2366682209216644, -2.008840486891736, -2.7136203908583694, -0.5336918297290812, 0.6943540823894813, 1.298891871224542, -1.128854392985164, -6.244257642912529e-2, -1.5855674601683893, 0.24686123196496954, -0.7354721116453905, 0.8828560319798777, 1.0421408003865553, -1.0436256575771758, -1.8640594629460305, -1.0164640223914496, -0.7808308836186973, -0.9750619093834282, -0.2778794268346122, 0.3847949530408162, -1.320073354390419, -0.3841395750847684, 0.9204877345209246, -2.3080749179575593, 1.7258523146041054, 0.7678243329489948, 1.0293207222912164, -2.0706967653762245, -8.354408614076916e-2, -0.68542924467107, 1.1573559432513516, 1.3316959826249966, 0.8571667622356494, -1.3712057736914467, -1.2344129112525017, -0.4869639497856364, 0.24604039900562907, 0.6219673034611792, -0.5558111432830558, -2.147810543025331, -0.4967627440131102, -2.3541843527638293, -0.14868413653562845, 0.42013320275925725, 1.0076206630103355, 0.6066411084890957, -1.2039772833758002, -1.238290720262986, -1.8199889507278797, 0.13604779134431033, 0.8240394008206694, 1.233286383532466, 0.15359639301212313, 1.346412138162197e-2, -1.8189733241359656, -1.0116980889976488, 0.409581643376862, 1.2945277117462324, 0.47963349603238875, 0.848978594879639, -2.048358836362011, 0.5145345030705117, 0.7315186197481996, 0.9254688594880804, 0.4199459747229142, 0.47591318816922684, 1.1681354899344734, -0.1671138224904227, 0.5099018772513274, -0.10946371079486192, -0.2862332921118818, 0.35385315333209466, -0.5858692705572773, 0.7543001334891384, 0.6507545827819002, 1.1265661680135883, 0.7814201831527622, 1.1731541759616937, 0.11612742791382108, -0.45777949619300107, -1.0061390454692278, 0.36081397534073856, 0.9085022206659766, 1.5642087339319353, -0.41933391324537606, -0.20252865781371404, -1.3351867169495006, 0.8413880984850853, -0.2712401316641861, 0.5037810821117549, 0.6044216441911963, -0.6002957690886045, -0.3465978645331403, -1.4822197518562035, -0.26368553624564917, 0.24589053751231324, 0.9384900692346049, 5.0078581926158605e-2, 1.0538365237553915, -0.30495018524559786, -0.48173245191018504, 0.28070826631425067, 0.8390459050573187, 0.6291145832828946, 0.4685584086047734, 0.11407096102955278, 1.1538354345231658, -0.3325503331463349, 1.1011029950288977, 0.6772345921246051, 0.996563634469392, 0.8346625315678835, -0.6974775295799431, -0.8767471740068743, 0.6968617607147941, 0.15220886772353695, 0.6391157726270598, -0.15386783227854461, -0.39680280529948103, -2.043764690315181, 1.2341042879708022, 9.460993785476922e-2, 1.3053363734492027, -0.1369134403444647, -7.595167585477688e-2, 7.293795256479683e-2, -1.4495270010477674, -1.1224757650004829, 1.007654994490895, 1.1608355612914267, -0.3820944676195708, 1.5151724271846885, -0.17751167441657847, -0.3616023739371243, -0.12269214327906824, 1.2491547450249818)
