seed <- 691
log.wt <- -15.571265217399358
penalty <- 2.8115950178536287e-8
intervals.send <- c()
intervals.recv <- c(56, 112, 225, 450, 900, 1800, 3600, 7200, 14400, 28800, 57600, 115200, 230400, 460800, 921600, 1843200, 3686400, 7372800, 14745600, 29491200, 58982400)
dev.null <- 358759.0022669336
df.null <- 35567
dev.resid <- 225648.75415630973
df.resid <- 35402
df <- 165
coefs <- c(6.740328283517495, 5.8096614544774745, 5.754818134187025, 5.28726144591513, 5.101628222115786, 4.872207259879561, 4.699332104141703, 4.660028059871653, 4.348396938218392, 4.244196089352739, 4.268068577937102, 4.165330357614432, 4.033026475697635, 3.9926183611716928, 3.760717209019282, 3.560461376695355, 3.242315834112424, 2.954625316111725, 2.5190870297160686, 2.0892849361531356, 1.6227952577993692, 0.882396056465563, 1.0330777895098984, 4.9115378526317255e-2, 0.5059298630045378, -1.0794775181769218, -0.34371614706679143, 1.059710636746284, 1.0923148756833283, -1.812163087288826, -2.4343216965809904, -2.000087508037082, -0.28788122559496127, 0.7455187279108528, 1.286064637379629, -0.9252817729760737, -0.19037928327337467, -0.6052156184730271, -8.96512507658748e-2, -0.975899967499839, 1.0173393716593584, 0.7042540383298501, -0.8555484218310441, -1.7234273306882735, -0.8660796221929108, -0.7812289709530621, -1.1613245420444664, 0.12887200405995786, 0.3754256750217378, -1.6204099390341613, -9.362842151730867e-3, 1.052278441088977, -2.6242382160473583, 1.7396826696904324, 0.819097711137247, 0.9497238474979591, -2.0597960351396076, -0.11970570108113289, -0.5343401522238631, 1.3237617645371258, 1.4033475596342986, 0.7920761723852721, -1.5615763126332096, -1.026718035762338, -0.48263038093914146, 8.542777726144463e-2, 0.7826267646737587, -0.47169911517319335, -1.943088138359517, -0.6208965564246204, -1.707368870935644, -0.23106443199188054, 0.5441317302658965, 1.0053160211637633, 0.6993573310387405, -0.7227036967774456, -1.6058979949895276, -1.1340088708724934, 8.172022750005033e-2, 0.697773038144884, 1.2632603546344228, 0.23736250958192953, 0.32111620603724145, -1.6241571206181067, -0.1354873073929066, 0.37433621365816805, 1.1722999523774569, 0.5808417446379555, 0.8905559004595883, -1.6725619659455473, 0.39920799077401764, 0.689616281315696, 0.8603339138456384, 0.39321993675749084, 6.785899056635905e-2, 1.1794988680537943, -0.3772706445552441, 0.43153514375171426, -0.10605839965355221, -0.7409195779702157, 0.262709388453484, -0.6906408970397698, 0.7278579479798963, 0.4448676880869295, 0.9876673900667753, 0.8119778220753067, 1.155872898889594, 2.702118858590312e-2, -1.052643529240827, -0.8401954016178022, 0.45913971632250794, 0.687473652271965, 1.6358957226808322, -0.47050654519993423, -0.28189110095019143, -1.6502163385771287, 0.8378572181509427, -0.3254940399051128, 0.35815137955813786, 0.6741029502079868, -0.7351248460206221, -0.483575580279374, -1.1420649291625928, -0.4632091286628283, 0.36867120617784555, 0.9150917592020764, -9.3118774094859e-2, 0.98377671802122, -0.71674034336669, -0.5491976980275567, 0.26700407040341395, 0.725159901637569, 0.8005473641829077, 0.5099707510115313, 2.594831427266857e-2, 1.0953824207339597, -0.36147142413545186, 1.0985598874832196, 0.7691152194801187, 0.9097057929729869, 0.7627051233561521, -0.6085179105563869, -1.0021444786317835, 0.592121030673743, 5.1840470097474486e-2, 0.5978302885768807, -0.2889388102159767, -0.31839958206766217, -1.784110317837084, 1.354726655829296, 0.15159549709608616, 1.165407365302978, -1.3487250326564908e-2, -6.543417584326071e-2, -8.39679285085291e-2, -1.9191497606963543, -1.190317051723873, 0.9178094670339276, 1.1846233776382697, -0.2278369067387994, 1.5908618688341134, -0.11786142144976941, -6.634136518409421e-2, 4.5595611329609835e-3, 1.1752486149263475)
