seed <- 842
log.wt <- -14.328999452294395
penalty <- 2.8115950178536287e-8
intervals.send <- c()
intervals.recv <- c(56, 112, 225, 450, 900, 1800, 3600, 7200, 14400, 28800, 57600, 115200, 230400, 460800, 921600, 1843200, 3686400, 7372800, 14745600, 29491200, 58982400)
dev.null <- 358759.0022669336
df.null <- 35567
dev.resid <- 225543.41921141493
df.resid <- 35402
df <- 165
coefs <- c(6.6287038935877085, 5.82678415128591, 5.692130432906533, 5.294031495916065, 5.150248821141663, 4.880041786646819, 4.795022376126932, 4.699289025582748, 4.394781025305765, 4.28449511063193, 4.314469627169305, 4.203716961672746, 4.059122079066878, 3.9758912700055595, 3.7703274907987128, 3.5376376379364283, 3.301012678882842, 2.9786007572913973, 2.5257863170658994, 2.048381682804497, 1.5489423569663943, 0.8987797691787393, 0.9197057062508842, 0.38562293360506616, 0.5715767894959722, -0.9663285458821226, -4.8480292136667234e-2, 0.9903509913032255, 1.0369147128251306, -1.7198492866839865, -2.602803060199539, -2.4114973114636737, -0.22773184416947878, 0.7107868537887342, 1.3833241604839726, -1.3854895362895545, -0.4098632411640195, -1.445803390403143, 0.12133168800171613, -0.5223444190132541, 0.9300644411317656, 0.7513248380487398, -0.8243771208767557, -1.6038337201236277, -1.1662607367982054, -0.7126995141992477, -0.42016913785575444, -2.431070887361697e-2, 0.5816332162861121, -0.5623364772275248, 0.2164158026117177, 1.0344028616049197, -2.671338884581204, 1.8061610167963364, 0.7585037784648894, 1.0614352179885473, -1.8994930526238207, -2.502145300260639e-2, -0.6713964848031516, 1.3359372003051833, 1.1647731889312476, 0.7308073048524285, -1.9715028580212877, -1.2320738849025616, -0.4346663728391517, -4.333823147330639e-2, 0.5431013695351348, -0.5416125227031381, -0.9207106764767724, -0.6148883550562174, -2.0500809272978753, -0.20371716574641188, 0.31956082367160565, 0.9026917845943165, 0.6796916544656797, -0.7188271401473182, -1.1085233693025638, -1.0089915780668133, 1.1473708015249256e-3, 0.6804024916941603, 1.1607392313783795, 4.250320000791804e-2, 0.28404731265277783, -1.0743870656658523, -0.9608342723261152, 0.4644179939186829, 1.1769782566106912, 0.5306586250463834, 0.899015463725316, -2.035556518614244, 0.5038042492957191, 0.6071255705085453, 0.7073030207517697, 0.32726025752943166, -3.534851468669041e-2, 1.334633266884962, -0.6385035042184396, 0.2395046668981783, -0.1082469218450263, -0.4399061224861815, 0.48171705352763594, -9.4568442444528e-2, 0.8231426698560564, 0.3388560195276973, 0.778804042321995, 0.7843977374570062, 1.0637725182710536, -0.7159270107743823, -0.1915613318675997, -0.8160924965998441, 0.3502453484127251, 0.5480015854665631, 1.5811358088897314, -0.6538460764321903, -0.17883110507325864, -0.9364232911414699, 0.649747686098365, -0.284362597640467, 0.29228024816524306, 0.6637301720524252, -0.3210462763663149, -0.41048985238464775, -1.267587337455142, -0.5475169543838165, 0.3625054682513448, 0.8784218803175875, 0.1315713775620505, 0.8859344561750834, -0.725792655842588, -0.36880743202297206, 0.3066799546505714, 0.7790181671873447, 0.6396173869663704, 0.4377941989912812, -7.132724163006976e-2, 1.2282028492304211, -0.3254689256925232, 1.0398576650713558, 0.7736513484912901, 0.8067389735246793, 0.7124563441663472, -0.7081739818638632, -1.0010693516596132, 0.39038463892640607, 0.4631282890883328, 0.459834580638131, -0.2811383256321556, -0.6076090069103051, -2.2819532174904507, 1.273588617958738, 0.22379903800355497, 1.091764084562655, -0.15559183125458492, -4.9774484176344405e-2, -7.174548417137593e-2, -1.4854948916115722, -1.218481068497162, 0.9660002326042794, 1.2036202266177525, -0.2633393848081087, 1.5305978215548717, -0.19320388447779496, -0.15270991586060279, 2.111003145053345e-2, 1.0865304724484122)
