seed <- 172
log.wt <- 0.0
penalty <- 2.8115950178536287e-8
intervals.send <- c()
intervals.recv <- c(56, 112, 225, 450, 900, 1800, 3600, 7200, 14400, 28800, 57600, 115200, 230400, 460800, 921600, 1843200, 3686400, 7372800, 14745600, 29491200, 58982400)
dev.null <- 358759.0022669336
df.null <- 35567
dev.resid <- 225917.27094819688
df.resid <- 35402
df <- 165
coefs <- c(6.509195844061176, 5.779929432360618, 5.7583220929488, 5.350324130300641, 5.002061008434452, 4.83740510318055, 4.7271336090598695, 4.622025766189675, 4.361295950440233, 4.300647984482111, 4.3007169987347815, 4.168860261583558, 3.96558016824914, 3.939257304008441, 3.7447063690350966, 3.513405653977965, 3.281530898439866, 2.955473641319152, 2.5419506078311938, 2.051768618386554, 1.6545406674203447, 0.8916082366550369, 1.061818650148258, 0.4996319107907946, 0.5825469626590627, -1.1294675626831503, -0.35762982381159014, 0.7934171059248261, 0.9883048716212094, -0.9305966819503039, -2.263019464956909, -2.115213156082119, -0.34991713887198933, 0.7683177558125138, 1.3588284325613689, -1.2573251725266659, -0.33816105645307354, -0.89965514045389, -0.30759422277321236, -0.45402956800719796, 0.7753315440085002, 1.0872146752261698, -1.2726216780256339, -1.8541237122594727, -1.1433769253030555, -0.7692856147414725, -0.9258585420298783, 7.549860331970495e-2, 0.14570819145878983, -0.8334965379583021, -0.49117361022850503, 0.7074677460078069, -1.9258836613278654, 1.791941345670829, 0.8231788182957546, 1.069292641711807, -1.7652662948370739, -0.23629513728277207, -0.3639462008098215, 1.4251416072960046, 0.9319204724834117, 0.8296309978674249, -1.4808666870535567, -0.16570652443287737, -0.5599559148274083, 0.11706143730300192, 0.7084871558407251, -0.72172239829176, -1.6853263921568795, -0.6127788390491823, -1.5360340960446555, -0.6149365233563194, 0.5588914177631248, 1.0146348268744252, 0.7561073407581284, -1.0120458959837235, -1.4512157928231844, -1.5011878325320964, 0.11873337210128429, 0.6798705914837254, 1.2232350812909023, 0.19608879451145544, 0.1149600856508336, -1.6835967736140502, -0.11621639522388756, 0.41745697744394683, 1.349961235985989, 0.6199452534208624, 0.8295567886524678, -2.164663825045114, 0.4769335726558444, 0.8471795086209644, 0.9172478660233289, 0.37016353205124514, -6.272790775581072e-2, 1.3354104533440863, -0.3404599814473354, 0.27652362881169196, -0.16105560676225014, -0.2894380117461247, 0.30617248157113963, -0.5960270843666384, 0.8229148182043364, 0.13061486377928858, 0.6081103082998836, 0.8586876325912154, 1.189101274130927, -0.7768646536540188, -0.8590851815408893, -0.7866467384507659, 0.4783749480183192, 0.3057311483772004, 1.529370241339106, -0.7195481252867345, -0.23837899724900471, -1.1320399992642134, 0.8036113795744372, -0.21725684406883086, 0.576895248614336, 0.6291166943624583, -0.46773231607306465, -0.6722286555444138, -0.983345321299242, -0.4080309329158272, 0.2135106644847717, 0.8420385274223284, -1.662177420865403e-4, 0.9706128469265082, -0.5210749148906783, -0.45539551374263304, 0.2387767074083427, 0.9842978361498179, 0.7483550644210885, 0.3563704601640545, 0.12683695221617158, 1.0133978601345974, -0.45960984593321863, 1.0529501868900712, 0.7567648389034258, 0.9046220194954563, 0.7186715184067654, -0.781084391559039, -1.5654875875932084, 0.7272073694522798, 0.3067218088392973, 0.5739145194647087, -9.369244005332557e-2, -0.6888441506961459, -1.7018757851534803, 1.2778913155155924, 0.18948012347328302, 1.1843748404095946, -3.97757683189769e-2, -1.2769611177646741e-2, -8.632606428059912e-2, -1.3435813515640969, -1.1524889868865262, 0.8529632244642624, 1.164077235002947, -0.42186403008342704, 1.4562944083878846, -0.2570739388472617, -0.12230634150100675, 3.653195347021003e-2, 1.2338612807833549)
