seed <- 1064
log.wt <- -14.301465003444093
penalty <- 2.8115950178536287e-8
intervals.send <- c()
intervals.recv <- c(56, 112, 225, 450, 900, 1800, 3600, 7200, 14400, 28800, 57600, 115200, 230400, 460800, 921600, 1843200, 3686400, 7372800, 14745600, 29491200, 58982400)
dev.null <- 358759.0022669336
df.null <- 35567
dev.resid <- 227106.24962501178
df.resid <- 35402
df <- 165
coefs <- c(6.57654159503388, 5.889065635826238, 5.712923204534363, 5.192340650818661, 5.007902795165006, 4.754569051599063, 4.743487102608299, 4.616871305794736, 4.323124021249811, 4.221285876689786, 4.288155928765189, 4.137624561393513, 4.019069027893572, 3.917769275986632, 3.7266180682586763, 3.518131409426099, 3.2527260253907255, 2.940732832224947, 2.4592176134489834, 2.0850792604549784, 1.5764962164676941, 0.9122609706636339, 0.9885172604789702, 0.5478447955177009, 0.7929359184945992, -1.2635943470047604, 1.4238150175133637e-2, 0.949093518279764, 1.0614738524678373, -1.0631246187821728, -1.894562599026419, -2.472048794218012, -0.33403102720805367, 0.7852721025517666, 1.36175709844927, -0.9226917552184681, -0.3211897130876755, -1.208824083576769, -5.584442990694977e-3, -0.34439941775685157, 0.9618293699132071, 0.8303227654324402, -1.1930936283473257, -2.0551560834209073, -1.089652189238382, -0.678416990768192, -0.7192019490332929, 0.19654243517189124, 1.3831645833473351e-2, -1.0862476531256662, 6.374737678255676e-2, 1.0137888233731958, -2.466576666693352, 1.7402880882030376, 0.7699620226083256, 1.0422785956072287, -1.9157587476967128, -0.12917179505617954, -5.3207395602382454e-2, 0.901869796589744, 0.9218679227709847, 0.8420577523077204, -1.917473870330836, -1.0299197663432724, -1.0391293290912778, 0.18675046871000897, 0.6374891309152204, -0.12027216627109207, -0.8206093558213275, -0.7471207552182579, -2.5854642667439807, 0.13303359872574813, 0.6905090468049355, 0.9843920637730843, 0.7426006649929058, -1.2348038635581213, -1.0987784790435284, -1.1622824357508872, 4.594687387371858e-2, 0.7535298265733252, 1.1581761279813934, 0.10875186522691323, 0.27233514520761526, -1.900324831064703, -0.2734660651296869, 0.3618263567851734, 1.2729890637336918, 0.4453257828184668, 0.8538896703838945, -2.3961399300096717, 0.3996681000046969, 0.8631666237338845, 0.7239911426953669, 0.4129137551565375, 0.20454850994540535, 1.2452305264737613, -0.5962823722396323, 0.18735608115828703, 9.132010965490628e-2, -0.43763401752998676, 0.21730246620329804, -0.595684349071075, 0.7641661461446351, -0.370185266988697, 0.6561082001876736, 0.8143290107004454, 1.1114907611231495, 1.4533239222745218e-2, -0.23107877236806038, -0.5998575029122706, 0.42624369994177086, 0.5909426688483485, 1.6248117193502858, -0.4885336736586893, -0.22649996947657364, -1.2087167594638304, 0.6895941077273633, -0.30776160494921756, 0.4697084304722742, 0.3043395221733735, -0.9447046391246868, -0.2959998801950034, -1.9263460829821033, -0.3155218738528408, 0.3647482636861613, 0.8945463597505249, 1.1693985599405335e-2, 1.0167073892964662, -0.6606641149070626, -0.5216837489441921, 0.36381693695769374, 0.7052168270880503, 0.8264611369249546, 0.4484025208939688, 7.099210044188077e-2, 1.2223359686089805, -0.32207621852526813, 1.0915903042612989, 0.7089256148088405, 1.1115677742712824, 0.6555947637721169, -0.5659802510466835, -1.2748670305105083, 0.5238020041322566, 0.26377779149731734, 0.5560093239358024, -0.12502359573483976, -0.5543745704157859, -1.7075436885832977, 1.3161606014854246, 0.1209246820219846, 1.2713046045142857, -0.20240624929293677, -8.339255831668775e-2, -0.1394335007441639, -1.7493961588120948, -1.1426619003765337, 1.0744793679604463, 1.292296826315653, -0.30483325247189985, 1.5500490399324074, -0.3538935805703566, -0.14462035912649235, 0.1678242563659962, 1.1396573418004652)
