seed <- 270
log.wt <- 0.0
penalty <- 2.8115950178536287e-8
intervals.send <- c()
intervals.recv <- c(56, 112, 225, 450, 900, 1800, 3600, 7200, 14400, 28800, 57600, 115200, 230400, 460800, 921600, 1843200, 3686400, 7372800, 14745600, 29491200, 58982400)
dev.null <- 358759.0022669336
df.null <- 35567
dev.resid <- 225993.9920521158
df.resid <- 35402
df <- 165
coefs <- c(6.522875895660062, 5.6439484008351855, 5.626403672871827, 5.3614193248039745, 5.134828452121649, 4.811091591409759, 4.762915694186127, 4.64210316177194, 4.375956440934512, 4.318144318611289, 4.3434444682965605, 4.166010300286752, 4.018528713194535, 3.961748632694135, 3.775133998519704, 3.5431468680303744, 3.2558547426200777, 2.9469811459733397, 2.467201831420787, 2.0267207644751757, 1.5339747402848456, 0.9024957648908734, 1.062046271485495, 0.4286859400490797, 0.16419214189171347, -1.0248072804679726, -0.31826750733706605, 0.9653034716377146, 1.04031906647727, -1.298729111027896, -2.0991040764192963, -1.7123099484192792, -0.39886978437818355, 0.805365927872981, 1.3153683500018079, -1.1024485458419457, -0.7612261246478694, -1.116900060542008, -0.2609954893434562, -0.20264872585522917, 0.9572867678207657, 0.852412521527191, -0.7328016632596038, -2.1078582031004847, -0.7209320321127922, -0.7286105811421045, -0.6137317524285474, 6.295472571367397e-2, 0.6214255938878406, -0.7168339892089016, -1.1348865044738083e-2, 1.0016673512731562, -2.2495563663889016, 1.6672595145000852, 0.7128796374801057, 1.036986150465817, -1.7888261907011536, -0.3727218730412452, -0.6645934714222175, 1.2104842989592826, 0.9133197698121729, 0.7349836116461483, -1.3784504622376872, -1.2632648746408661, -0.6128785745948676, 0.19577366080182226, 0.6198427481188428, -0.5119632113962371, -1.5169429026259513, -0.5291863589010619, -1.9561703603773175, 0.24773639997788935, 0.39868371838785616, 0.9242415390161619, 0.6172899059497139, -0.8466027650150151, -1.5412029821946167, -1.0506497811125228, -1.211010575632481e-2, 0.6742524353776255, 1.2413077290344756, 3.0126275842146753e-2, 0.23181486782166008, -1.4116619490902624, -0.2697519621978942, 0.36858538743604324, 1.2088137468035969, 0.5160148556299033, 0.8405555846735332, -2.055892872868738, 0.384407368360606, 0.794234528280296, 0.7749985016547195, 0.34487880035904495, -0.6464576079372436, 1.247179041640832, -0.5882729651906591, 0.48668052236488163, -0.3105767884610682, -0.4905639252837591, 0.3092642109732336, 1.0074932980206015e-2, 0.8155306673092689, -0.24368123127232208, 0.41032993978051785, 0.8554506004881984, 1.16581169007197, -0.5201132789361945, -2.0194301546973707e-2, -0.8917718091853113, 0.4470259829480769, 0.6656114358540356, 1.5606171363993986, -1.135860807621803, -0.2503445749766501, -0.8937063384170522, 0.8341286191215761, -0.26921977078991954, 0.5900420058291664, 0.2926180799214858, -0.8137096241452664, -0.298003905330998, -0.9388480137851642, -0.3972581985181743, 0.3939910276408146, 0.8103816689632272, -5.077524072190419e-2, 0.9745932214391435, -0.866637320906758, -0.35057372439708545, 0.3444600469302331, 0.851961947409455, 0.8244786829902623, 0.30200041121723004, -4.264145828313394e-3, 1.0526955042266153, -0.33219120003702146, 1.027015289286658, 0.6886197155810092, 0.8929776554471365, 0.8712435392285824, -0.5886766351546345, -0.8834230178011013, 0.5909675113078077, 0.5096480995839524, 0.5352713800935882, -0.23908545691034105, -0.7205486018427589, -1.9041702838476209, 1.2512432071539903, 0.12598805749347342, 1.1129448665206072, -0.11524980762611849, -9.932842602735853e-2, 5.4832977826139336e-2, -1.8983641711111363, -0.9785930288251502, 0.6965541929610605, 1.1887070932463832, -0.2804055274656093, 1.5379656130782937, -0.27302822258232007, -0.20213253320962038, -1.646992492521445e-2, 1.2754497095310293)
