seed <- 595
log.wt <- -15.74990709409197
penalty <- 2.8115950178536287e-8
intervals.send <- c()
intervals.recv <- c(56, 112, 225, 450, 900, 1800, 3600, 7200, 14400, 28800, 57600, 115200, 230400, 460800, 921600, 1843200, 3686400, 7372800, 14745600, 29491200, 58982400)
dev.null <- 358759.0022669336
df.null <- 35567
dev.resid <- 226321.14786963837
df.resid <- 35402
df <- 165
coefs <- c(6.716221806316903, 5.813176804592587, 5.742251460348373, 5.37661138950189, 5.259304029609123, 4.822308710373891, 4.882110747002202, 4.582796056298574, 4.375466926851105, 4.2553510700458395, 4.3235194894406765, 4.187190650997985, 4.0163664492681255, 3.9621543319131227, 3.768311617531066, 3.547935386909412, 3.254661214806522, 2.9721977740605143, 2.5367576309318913, 2.0771425055579535, 1.5560670816441289, 0.8573802990780498, 0.9892272740886792, 0.4182470442422028, 0.10539309591411838, -0.9014740014504082, -0.27174452093900786, 1.057996477482929, 1.053096839830347, -0.9155758503501459, -2.6616345861817603, -2.726111712046998, -0.5081173100816213, 0.7294423928569833, 1.3009843998648756, -1.1850173718366048, -0.3103260954765702, -1.0902650299301124, 1.4248803831297084e-2, -0.9032315649687971, 0.9322609192214939, 0.6658307992239391, -0.5495773531263005, -2.106713971027033, -1.0057057594497174, -0.7436429730218377, -0.9925509794415371, 0.2124095933782253, 0.46539543885329826, -0.9312391337645657, -0.20156036359947369, 1.2225127559354776, -2.5030694130750417, 1.7574041685526773, 0.8369529648006424, 1.015764995730533, -1.7529385741354433, -0.18637657844527233, -0.8069742678013695, 1.1492226784892978, 1.2575127556895902, 0.5877269027744741, -1.8006693822754438, -1.1752561911935187, -0.8060467145885103, 0.24005115795884596, 0.6176705830444332, -0.5876777196879166, -0.8555754400962875, -0.5873236279668941, -2.014501616897852, -0.22206558202436372, 0.49880701104275776, 1.063275710179965, 0.7140324332481254, -1.363793545349374, -1.2253770112092417, -1.2239406048865136, 0.14079414030049603, 0.7763239554399226, 0.9885208159422978, 0.16248710697811636, 0.4351045476810381, -1.6763908445505746, -0.8846357435580975, 0.36996543836016405, 1.1928168172139444, 0.6438442238517438, 0.8673006788466, -2.4706415974608387, 0.3640055821271892, 0.7144025170823007, 0.7056761962375167, 0.35173429401156747, 0.15137126739307782, 1.2313004926179845, -0.5937215783832783, 0.42333354846872223, -4.270090693673305e-2, -0.6229795398662965, 0.5081268223828781, -0.13946835694983312, 0.8811066511226849, 0.1905923650796578, 0.8103263980149252, 0.8093487856399895, 1.1591712446817892, 0.16487260795017097, -6.676982652928097e-2, -0.8957259678835405, 0.3687898166510332, 1.0062496132363907, 1.554105818950733, -0.6957500414959981, -0.201092438113144, -0.7038177960329777, 0.5848651917489327, -0.2837103127401048, 0.42466571019619387, 0.6162413135726207, -0.7647724964545509, -0.3570966887524747, -1.031255868874407, -0.15808973721749459, 0.32202175431743024, 0.8048450514230874, 1.6522602724481687e-2, 1.0678625055987159, -0.5035422843355146, -0.4542402845289558, 0.35340332660168705, 0.691448545921002, 0.946358801125566, 0.4950134425974822, 4.280797873121706e-2, 1.2932970941030415, -0.33033285154379355, 0.9510471552752238, 0.7314969178262526, 1.0170304760579971, 0.6960199387976049, -0.680139735255002, -1.108932222428036, 0.5577786582158607, 0.444523018144374, 0.44784657972704817, -0.11447147359844992, -0.54597526283566, -1.908689625687927, 1.2871486902711078, 7.226975959388034e-2, 1.2424065185876427, -0.22214093019421358, 2.504063339322789e-2, 0.10903131606147265, -1.958047135975844, -1.0977643803679316, 0.7886391996732244, 1.129706666547867, -0.45457432317841745, 1.5366027825550659, -0.2609505715617132, -0.2485148241189073, 9.993786521810222e-2, 1.0626117575515237)
