seed <- 916
log.wt <- 0.0
penalty <- 2.8115950178536287e-8
intervals.send <- c()
intervals.recv <- c(56, 112, 225, 450, 900, 1800, 3600, 7200, 14400, 28800, 57600, 115200, 230400, 460800, 921600, 1843200, 3686400, 7372800, 14745600, 29491200, 58982400)
dev.null <- 358759.0022669336
df.null <- 35567
dev.resid <- 224749.098011344
df.resid <- 35402
df <- 165
coefs <- c(6.260144208174432, 5.737824059329617, 5.7354907616174895, 5.3652014295399635, 4.982274875124759, 4.984299165833075, 4.715548839378419, 4.64461939635275, 4.437031847231885, 4.320220405806635, 4.356997781544649, 4.179795948421858, 4.005762080873817, 3.9722697448425706, 3.7648156128335764, 3.546290765652016, 3.262244875520828, 2.9398505830497488, 2.5473405421267072, 2.0438099584633322, 1.658135904531221, 0.9158806684615683, 1.015888388133517, 3.282060353670793e-3, 0.8072760297912855, -1.0608391270758208, 6.632723349546232e-2, 1.0209598608628156, 1.0850924648846954, -1.7547963589311455, -2.792116656926014, -2.6631153732989468, -0.4384005083453376, 0.773539924119489, 1.2848771466772013, -1.3928907238202122, -0.5922218538949393, -1.7919017329792026, -0.260270071677235, -0.7800942862952421, 1.0547816043765168, 1.02292256901085, -0.95053125759324, -2.0408522212587012, -0.8814709056105813, -0.5467171931263484, -0.6704975476378555, 0.1895372563483706, 0.28257465785539576, -0.702789356788528, 1.2648272573573389e-2, 1.056665223656261, -2.2257901420479964, 1.6356193163676327, 0.8105638538278699, 1.2365467011043536, -1.2673703452221095, -0.24982842588407192, -0.16935131608533618, 1.1514586749275115, 1.445889431743399, 0.5941218873996241, -2.0942387147532897, -0.8530188999460918, -0.8093374116357063, 0.2799726394355576, 0.6335493197321335, -0.3143934432236596, -1.948005694406844, -0.6362577323438504, -2.1875494686342964, -0.5108232633524269, 0.2647789653297695, 1.059497718842042, 0.8140112584840948, -0.9158403629462304, -1.6116796769630835, -0.9346575339099741, 3.810462482630649e-3, 0.8072018690023227, 1.0993536238252726, 0.2620366260121712, 0.16402638242513232, -1.4198125839727014, -0.27256984097167, 0.5539556004880848, 1.3421226924752216, 0.4256960431645757, 0.9344285218092482, -2.2606447971744714, 0.5549923703091715, 0.8226815666165807, 0.8069728272474331, 0.2785372604313136, 0.1658160827199139, 1.319712537706042, -9.242196725262601e-2, 0.24349815073504258, -0.252734878264066, -7.66864221793582e-2, 0.5036724900366083, -5.725209111817663e-2, 0.7855422096774394, -0.48928807027198706, 0.7859329855817749, 0.8473591541355184, 1.1220359515777838, 0.5335603700773115, -0.8508689779749347, -0.6124016048475208, 0.5218002227596251, 0.571666181214593, 1.5902588538673803, -0.5364543735761793, -0.1371101674964085, -1.0020821561072937, 0.7768059326229239, -0.26604418087006015, 0.43397527045824263, 0.36500316627389556, -0.38830549627275496, -0.23798335780170904, -1.2440863054773408, -0.5586054830353556, 0.23486622830544418, 0.8583884416468025, 7.148939070462568e-2, 1.0428843617918977, -0.7362570719393975, -0.45020969731565064, 0.4126279675001123, 0.8509812242109441, 0.8541401673246957, 0.5444520056798633, 0.11119215089629407, 1.050944469451219, -0.36918096328738753, 1.0482207142883861, 0.8437259689988987, 1.0686017536221972, 0.7431089232299408, -0.8299336154350759, -1.2786283104630896, 0.6063652746492821, 0.39220335712333715, 0.5102810465720158, -0.25756353911151825, -0.7150630759120757, -1.964086052080986, 1.257019642746023, 0.24475496684674355, 1.2840113612235373, -0.13802398535893715, -9.836278818508862e-2, -0.2932205466713524, -1.6963739934016842, -1.8504744728009423, 0.900108769776148, 1.2407916785991149, -0.22662324803513545, 1.5769740827350094, -0.5583381687854723, -6.867046056392911e-2, 0.247803650799726, 1.1973542183758372)
