seed <- 187
log.wt <- 0.0
penalty <- 2.8115950178536287e-8
intervals.send <- c()
intervals.recv <- c(56, 112, 225, 450, 900, 1800, 3600, 7200, 14400, 28800, 57600, 115200, 230400, 460800, 921600, 1843200, 3686400, 7372800, 14745600, 29491200, 58982400)
dev.null <- 358759.0022669336
df.null <- 35567
dev.resid <- 225767.9162448231
df.resid <- 35402
df <- 165
coefs <- c(6.600945879342467, 5.7612173316914115, 5.627179794168778, 5.351253828601274, 5.122960717054029, 4.83522284592869, 4.730894233777015, 4.6472904260868795, 4.389147916964009, 4.2687417919133015, 4.316588007455457, 4.173015710630838, 4.006273491971096, 3.94562302286629, 3.7415501422505355, 3.54520241404609, 3.2704052396564878, 2.9704775811227013, 2.510405203192456, 2.136768656004529, 1.5612875880331036, 0.8809653967040983, 0.9536943495054093, 0.4419903400700119, 0.2482487979880039, -1.1675442699140806, -0.2884279682858211, 0.9922918725253078, 1.051830772184441, -0.9353320808048975, -2.7463277441384664, -2.364689941362616, -0.3680725364371683, 0.7631485937353005, 1.070569600830533, -0.8450940672097572, -0.27597752242855345, -0.6630490999567343, 3.3720051037503064e-2, -1.067529535017108, 0.9755118636816613, 1.1645513597184682, -0.6846578650036288, -1.3825585464582713, -1.2470739470519172, -0.5991591524921088, 0.1299604301147844, 0.10101371357704574, 9.831234178634242e-2, -0.5523585625575063, -1.1938076940633362e-2, 0.7715452843918591, -2.7688210878096386, 1.689097237540813, 0.7314460128341744, 0.8828725692752054, -1.3553985135486784, 2.1296730627773725e-2, -0.5136289196782977, 0.7613400105075544, 0.8289110197719869, 0.6894700208500928, -1.1120524864343289, -1.1259860923867213, -0.5174623043458128, 0.2758335484502586, 0.6499636316908454, -0.6138646872681435, -0.8173928932462893, -0.8600123832860349, -1.78965435808651, -4.466734681428383e-2, 0.6381282042582611, 0.9177658405126428, 0.5712916954777272, -0.6467430285706116, -1.323927612067467, -1.2666488391793689, 0.16021269381589467, 0.6627812248561654, 1.099000368892355, 0.1909354587636478, -0.13560891671937178, -2.0846849270639716, -0.2135663116314679, 0.3500576434541449, 1.2462962029785836, 0.3576589067705461, 0.7968107280190074, -2.884720423582773, 0.6660867870657954, 0.8355286013218024, 0.7310800212342553, 0.44183394723541275, -0.32527287315026865, 1.5188659964568896, -3.94265404324736e-2, 0.38008621440087476, -0.36389761295622114, -0.18062497922814252, 0.5853761846174782, 0.1019539601526433, 0.8183801664500567, -8.871572492616783e-2, 0.5861319299265924, 0.8413410369432588, 1.1045691054891613, -0.403936180319684, -0.37905135955618097, -0.7983803740039407, 0.3748059764365742, 0.6080557075744382, 1.6211638575852318, -1.5383052274281448, -0.36787355217341283, -0.962370512361184, 0.7236181343263538, -0.5381064342031178, 0.36617298218968053, 0.8656294668007485, -1.028422991097897, -0.40837749906611576, -1.3605509428327, -0.5013333575404338, 0.2730847305759015, 0.9819940798204779, 0.1287014942856417, 0.9335838907823725, -0.6890873187187667, -0.4056251930971065, 0.31150213952101474, 0.9679900849402163, 0.8962306981461177, 0.14386710654807755, 4.180784999516956e-3, 1.063647017894865, -0.30275482534104575, 1.1276620000452684, 0.7308743468416377, 0.9955959522564587, 0.6121231367353889, -0.6801487633379644, -1.156671104661737, 0.6096128147208457, 0.46717430300222773, 0.4126401258514537, -0.2199962122518386, -3.442272796717906e-2, -1.9472373949911723, 1.3288487109988891, 6.574694260472316e-2, 1.2128572784237823, -0.3908098364461877, -5.646923759319024e-2, -1.5632435354350473e-2, -1.88805990566561, -1.2405606398063727, 0.6958228538810474, 1.1265685887715566, -0.23655906844678612, 1.5564250878912909, -4.4934325731614835e-2, -0.15255291427319356, -0.11102010453946591, 1.115881454333948)
