seed <- 1063
log.wt <- 0.0
penalty <- 2.8115950178536287e-8
intervals.send <- c()
intervals.recv <- c(56, 112, 225, 450, 900, 1800, 3600, 7200, 14400, 28800, 57600, 115200, 230400, 460800, 921600, 1843200, 3686400, 7372800, 14745600, 29491200, 58982400)
dev.null <- 358759.0022669336
df.null <- 35567
dev.resid <- 225823.0676255236
df.resid <- 35402
df <- 165
coefs <- c(6.50392412872696, 5.968594757523927, 5.748569523225075, 5.383361900506198, 5.0021042702172, 5.0134402219988825, 4.806312467215638, 4.576226236477343, 4.407286107583368, 4.236526323885738, 4.284381253408139, 4.1803790053368814, 4.0409663886377265, 3.9584778061286223, 3.751222953619264, 3.552193098874513, 3.275444798390427, 2.9817952494720164, 2.4727477719813487, 2.0523119923448263, 1.554067044819802, 0.880721905503019, 1.0201311681053074, 0.3350513879840843, 0.5365447324272078, -1.252872729037342, -0.10811604857723799, 1.0124878529425732, 1.0750901804009136, -1.3474623908867505, -2.2223960615763056, -2.3423278520683044, -0.24107197226803379, 0.7168315360691518, 1.197355695554546, -0.672864283800592, -0.7726524155945965, -0.9571891165699288, 5.7710970389430856e-2, -0.7736115856385802, 0.9491340548589025, 0.9715100779847666, -1.0509349731706834, -2.114155523695019, -0.8690053830277492, -0.5514424591327366, -1.0096407807401535, 0.4953712710784773, 0.5613440520074344, -0.6154177517055577, 0.27479629407742345, 0.9838489238699996, -2.4673822062615387, 1.6584283297606235, 0.7708239232212959, 1.24936614552316, -2.3674195370701723, -0.17093902453197585, -0.3282675394736533, 1.4968120151009623, 1.102393725359223, 0.8386090347058984, -1.9957043133762318, -1.2760227401868314, -0.9238501213291499, 0.13920156619320748, 0.7519419053213732, -0.5230270689056357, -0.9071672089459878, -0.6328245986891358, -2.033765882371651, -1.0166958264134576, 0.5284291964810225, 0.9126193330968375, 0.6160638968921536, -0.8319043747867927, -1.096362510937239, -1.7034252283141198, -8.335566823869141e-2, 0.7263699768913764, 1.1229071637043255, -5.760157033344954e-2, 1.9890595781838712e-2, -1.6597091595187987, -0.6761442627230618, 0.32892198540452555, 1.2282752347556893, 0.41872714886266393, 0.8760246267871473, -1.8807990233895462, 0.5905703246563965, 0.6958934596479492, 0.808592617587913, 0.40487730273183875, 0.4253242227612084, 1.2413815315673085, -0.3293181470246192, 0.4278484031844755, -0.30910078827756243, 6.087423625841985e-2, 0.6150318522293103, -0.4734305517575368, 0.7258868307393397, 8.414381111744822e-2, 0.5882660127116691, 0.7924585106393113, 1.146868218596694, -0.19389701575676593, -0.8204400766911395, -0.9899325753088498, 0.41553900725195003, 0.5143690200645346, 1.6051584251002766, -0.38094375383062534, -0.17320712873536137, -0.9560639322310032, 0.7262170412465699, -0.33102371129612823, 0.2777136976813498, 0.535249064466471, -0.4790086873526517, -0.38228966398266706, -1.201351927846924, -0.24549630494421804, 0.3794504096818031, 0.8539330994391832, -5.480665622779308e-2, 1.0014447557908344, -0.4188402860952002, -0.36014773182141074, 0.5100066560808556, 0.892512088966814, 0.8549659777845674, 0.3823086753607583, 3.290458969225235e-2, 1.194968061066934, -0.34902767431092374, 1.0853099358750147, 0.7036348040366506, 0.9672261531839428, 0.6472862674956109, -0.6570373681847652, -1.11562774894675, 0.4864954840184901, 0.4683883557999844, 0.5688645062740426, -0.16324556272884416, -0.5638945698591056, -2.222965140063463, 1.2928671257209179, 9.219508859701972e-2, 1.185594084965461, -0.26182461497011134, -3.387279095377933e-2, -0.10998830302959166, -1.939706557693029, -0.9745024504733787, 0.7385298985778297, 1.1522286477478547, -0.4943456676496132, 1.559698103843947, -0.2151891867952493, -5.0352388623224886e-2, 2.553598977980474e-2, 1.1720598996311533)
