seed <- 362
log.wt <- 0.0
penalty <- 2.8115950178536287e-8
intervals.send <- c()
intervals.recv <- c(56, 112, 225, 450, 900, 1800, 3600, 7200, 14400, 28800, 57600, 115200, 230400, 460800, 921600, 1843200, 3686400, 7372800, 14745600, 29491200, 58982400)
dev.null <- 358759.0022669336
df.null <- 35567
dev.resid <- 226650.84248538746
df.resid <- 35402
df <- 165
coefs <- c(6.699848781272349, 5.83183532979316, 5.727310402923572, 5.5089859409990085, 5.041042872221423, 4.908653100868279, 4.709524484072051, 4.612116239206104, 4.298771342941898, 4.243202374376462, 4.2064104323345335, 4.131743185580805, 3.9889367707295342, 3.9374530717043257, 3.7301169881933833, 3.498889598548123, 3.2069272988730058, 2.894020835357483, 2.4745735195089, 2.014535820708017, 1.5545081861687682, 0.8659787902697113, 1.0946917669452385, 0.3894927165512252, 0.4494169212090408, -0.6439069236777701, -0.2452214043694983, 1.0837182433392725, 1.0670933257486015, -1.4759638689818582, -2.162351973565159, -1.6143581247304895, -0.5189604368023739, 0.7276486950650586, 1.4241492171989985, -1.3987727440054978, -0.4579295962575848, -1.5919611265776792, 5.028138780570545e-3, -0.5906923140178809, 1.0634521092474742, 0.8491560691699436, -0.9556730199281327, -1.775182938043594, -0.8262420475921399, -0.7194417194081416, -0.8081689739014488, 0.2659514663877491, 0.2656752308364351, -1.0610901102990558, -0.24152065840862896, 1.0243578399833317, -2.50112878847437, 1.9059889177819, 0.771831725175561, 1.06398501286693, -2.1349866268874305, 8.480741977517919e-3, -0.36437626224271913, 1.2806314351765191, 1.2434975668776818, 0.7590342960292517, -1.631738368675956, -1.0835553567853509, -0.529041062356051, 0.6090787548409811, 0.67002873593789, -0.7431718452039376, -1.2874876658548289, -0.6673422270042999, -2.001124345878741, 7.491962315291303e-2, 0.21033737406757255, 1.0158861965822878, 0.5875857457007675, -0.708975960718682, -1.431951375013123, -1.6051896908706071, -8.213232451432055e-2, 0.6183293933414572, 1.1600384390607605, 0.15248859075174837, 1.1509059222516344e-2, -1.0150119511997528, -0.7868098797092152, 0.549049588780763, 1.2460429705613523, 0.630963524232349, 0.8981880921585645, -2.8688614523455906, 0.42590337766975694, 0.7279599219809519, 0.8399570283952078, 0.34031160847104663, 4.2376659566073574e-2, 1.2645157483190832, 0.3128204887012772, 0.3064833461958111, 0.15402296802691837, -0.7591925197382642, 0.4296140815050627, -5.92673245619364e-3, 0.7485234904671139, 7.291036145895498e-2, 0.893287021357511, 0.7995661938396612, 1.1832155844174728, -1.101922422467781, -0.6709002410169242, -1.1060531413633297, 0.3722167836320684, 0.6336553375572728, 1.6094691078373529, -0.2890959617179995, -0.2604450262083691, -1.2685243993883095, 0.7931816542236855, -0.240110330357242, 0.40568286440381646, 0.7293534621822961, -0.29749139660971274, -0.29408696849278304, -0.9239278366654639, -0.31043887422326394, 0.31547618753045653, 0.7783210697439914, 0.13087668317086323, 0.8413855351875111, -0.5825974065407308, -0.4462820497521336, 0.46044588620469057, 0.9362212077914004, 0.7719946683352209, 0.5302075097507549, -0.1631871098146319, 1.0380573244772606, -0.3607983389928031, 1.0411664113490495, 0.7393409966915624, 0.8660274025330026, 0.6894083853669695, -0.7313753848898865, -1.2911138579869945, 0.5182202093453705, 9.057626014560684e-2, 0.6424017013443595, -0.3513656793107257, -0.4122370201187373, -2.136318465964344, 1.3020780736519888, 0.13802283546098015, 1.1316946189019859, -0.2530578520585224, -8.992290896328489e-2, -0.15728759794890876, -1.943598751233571, -1.1311873965794126, 0.8940356317274433, 1.192064450543209, -0.5456602239872899, 1.5759451267731777, -0.24075159016570347, -0.163925500357768, 7.894506109559007e-2, 1.2274595073318955)
