seed <- 332
log.wt <- 0.0
penalty <- 2.8115950178536287e-8
intervals.send <- c()
intervals.recv <- c(56, 112, 225, 450, 900, 1800, 3600, 7200, 14400, 28800, 57600, 115200, 230400, 460800, 921600, 1843200, 3686400, 7372800, 14745600, 29491200, 58982400)
dev.null <- 358759.0022669336
df.null <- 35567
dev.resid <- 226220.65162501752
df.resid <- 35402
df <- 165
coefs <- c(6.5562221579655455, 5.658913751241933, 5.694678545746842, 5.329388628370023, 5.095329685969696, 4.8212653546461395, 4.706782747868794, 4.609874201688884, 4.329475256669894, 4.276117126540083, 4.323906095538475, 4.187446342400152, 4.008442057519473, 3.937950461726516, 3.7277464386985866, 3.5051740583669346, 3.2403122402214843, 2.936973905961046, 2.5192394331820718, 2.045420105591108, 1.5028226503825974, 0.89845376319952, 0.9762622044191454, 0.45730055866698466, 0.8285799577044033, -1.0290780482069584, -0.28243228381945124, 0.7464869478439602, 0.9526583475145032, -1.5228361711325153, -2.5882911493176537, -2.3467721347302666, -0.475218549847706, 0.7466219760298592, 1.2998883564242278, -0.8399457537162311, -0.2060803473522876, -0.6970201409539878, -1.2547992215383021e-2, -0.8724433124421407, 0.9849117561488908, 0.8689469266554892, -0.77382510344598, -2.3299237256455756, -1.0725984128188193, -0.5275594066837198, -0.6920115314282477, 9.800749157923386e-2, 0.5789504519516645, -1.0390494518025062, 1.5190037493681635e-2, 0.9770129677994335, -2.304663344344571, 1.7476862443610368, 0.9126831665598432, 1.0717362899586618, -2.3296632048386052, -0.11151953601729042, -0.41326798073429927, 1.1188624072434796, 1.4950407198663485, 0.8330349943527897, -1.4480630357384676, -0.5973950613849704, -0.6582952199427772, 5.21046854645031e-2, 0.5873560663718588, -0.4162779317857155, -1.2642388872788302, -0.7814202035889439, -1.883657464759026, -0.11246232629520887, 0.26180308282315057, 0.9616219029387352, 0.633868225877448, -0.920123250787185, -1.2126907793948003, -1.1273428459383046, 3.6218896320160794e-2, 0.744872725290503, 1.184501446931572, 0.11957238430798689, -5.747529692044244e-2, -1.7857952731731748, -0.504774009933286, 0.5016051828210092, 1.171591956176883, 0.4454430344212319, 0.8536044434701165, -1.811705820080936, 0.49846581608358653, 0.6257129625685492, 0.8844494936150039, 0.3763260868100169, 4.7843306776982404e-2, 1.2828305109864726, -0.6348397609001307, -0.4261863753657766, -6.659984720710551e-3, -0.10015313952808595, 0.3797682089354534, -0.2010956835239625, 0.678225315593917, 0.21059498676191002, 0.9914667219178309, 0.8436618821872847, 1.115729325069126, -0.6374334056582319, -0.4517665905707782, -0.7857727299643896, 0.4377450143426051, 0.5869038125862907, 1.5842144443757895, -1.1367851302722216, -0.39692597441242444, -0.7341072123323007, 0.7965304051810603, -0.2762712736807963, 0.6089867917648849, 0.40145569568887374, -0.8183458543274746, -0.5428725900371337, -1.1333812900163867, -0.44992750901637396, 0.3491594503357877, 0.8719291272976406, 9.528551781955784e-2, 0.9960084532239069, -0.514274860634313, -0.3864116071315039, 0.34376174867543124, 0.930758420473872, 0.8293280358793051, 0.560976546712724, -7.303469283786627e-2, 0.967651778536849, -0.39202099223692854, 1.1461707138608541, 0.8164748651679039, 0.8667533615404135, 0.7755908154813276, -0.7077091625850963, -1.1523403566788344, 0.7315702527581448, 0.3192937378099478, 0.6378918652321561, -0.44103653491851147, -0.49915689271587776, -2.0557563709903826, 1.337482450788764, 0.19703113845891926, 1.2874107014733216, -0.15469522577783792, -0.1937449028473316, -0.1937191026089196, -1.6451485785542292, -1.6971894229508657, 1.02484884427331, 1.1387605803760397, -0.28429937531310956, 1.519110056129075, -0.22455449748039968, -6.269855519975977e-2, 2.3991523676627186e-2, 1.1781502580693963)
