seed <- 197
log.wt <- -12.9385781875655
penalty <- 2.8115950178536287e-8
intervals.send <- c()
intervals.recv <- c(56, 112, 225, 450, 900, 1800, 3600, 7200, 14400, 28800, 57600, 115200, 230400, 460800, 921600, 1843200, 3686400, 7372800, 14745600, 29491200, 58982400)
dev.null <- 358759.0022669336
df.null <- 35567
dev.resid <- 227566.58189089448
df.resid <- 35402
df <- 165
coefs <- c(6.533673835930927, 5.761529906924057, 5.678980964579947, 5.375187685421845, 5.093764636178779, 4.8219272614045146, 4.698381409706893, 4.52127877281125, 4.293387062335311, 4.215280981998941, 4.238609679394185, 4.125093732010734, 4.019770932165527, 3.89211835938463, 3.728527038979393, 3.5173673238433136, 3.2525188803798093, 2.9306316373861674, 2.485867628289724, 1.9861271285380062, 1.5396884918765454, 0.8722464268570913, 1.1043673914605685, 0.19763931802298107, 0.5752802821493944, -1.0884548006892079, -0.15521024313443396, 0.8190546208721861, 1.0894926558660136, -0.7587901942796043, -2.2590498903674803, -2.811412611452823, -0.6319198370992304, 0.7348285317805335, 1.247277906846669, -0.9169808782692409, -0.628229810722016, -0.9911935743240791, 0.13766470231724773, -0.10096428876052081, 0.9412090704492997, 0.9541788950598575, -0.7983677755621064, -2.406656172495089, -0.9792018984026818, -0.6337315226879946, -0.3912824057006917, 0.20767853434113265, 0.7132624068510203, -0.4234276703577628, -0.20834889720649247, 0.7464229920155007, -2.7440960337030336, 1.7287174330276414, 0.7196400752460133, 1.092207592596759, -1.9318496929648585, -0.22511307304788025, -0.38080382986978245, 1.2697118494201765, 1.0301680104566893, 0.6220655783758394, -2.0276513795572515, -1.3871513487537281, -0.7839807331622884, -4.759115032884206e-2, 0.5584871603048143, -0.31731156644395925, -0.7917310174998012, -0.7337734024708423, -2.7898461025363637, -0.11421277268830124, 0.2970878377868222, 0.9207146920097786, 0.6108522488509864, -0.7575049994815863, -1.0742084684885165, -1.5466517569235958, -7.446836743120769e-2, 0.7062535962381171, 1.1533452862837432, 0.1635192953976577, 0.16885635184318737, -1.6874585363659873, -0.3427390209988647, 0.38910566079745285, 1.2536286017000915, 0.42830249339758686, 0.9374511756662776, -1.8303726856777969, 0.56781114928324, 0.7491592587535583, 0.7626704901709433, 0.2944388520925246, 9.156209081049316e-2, 1.4363217671519368, -0.38551520545768286, 0.24225048344322184, 5.190549751586883e-2, -0.23479208897908935, 0.4614870139290438, -0.6787526106186906, 0.8496412247977596, 0.32897330085413473, 0.47902768134288687, 0.858832152870608, 1.168496600078991, -0.55473650877686, -0.7404722785907952, -0.875186968196078, 0.34696438356933135, 0.5654672002114465, 1.6118553525398382, -1.0420204681734029, -0.29218950657362686, -0.6120666482911814, 0.7828002317612371, -0.2058391342810513, 0.5852682164557067, 0.549201062843146, -0.477379261808223, -0.5475282852995524, -1.1423247781591896, -0.5339722547585394, 0.31347071886234207, 0.8745683435117507, -4.494016394265388e-2, 1.0112233593974602, -0.5305688406494854, -0.4055383737839715, 0.2850256663435638, 0.8382564265225343, 0.8241469983540232, 0.4436995686762415, 6.819689491660744e-2, 1.0481671881819135, -0.35412998617038843, 1.0943380924173853, 0.8480613693954057, 0.9939051374476205, 0.7067056795726026, -0.6162244009553387, -1.1761493298617542, 0.5308724000301871, 0.21895884565603277, 0.4821704353890638, -0.11000738618231852, -0.4330965825979411, -1.9927726535685246, 1.3734892213416818, 8.048358050753043e-2, 1.2143415327467344, -0.18944840930689752, -0.10364535177135958, 8.722744412939526e-2, -1.7562926622317137, -1.0845688036764076, 0.8257848801750923, 1.1743303553694941, -0.1599329313471962, 1.594221887779938, -0.12111311935651428, -0.15510885565765914, 5.138322064874684e-2, 1.1701703267915173)
