seed <- 169
log.wt <- 0.0
penalty <- 2.8115950178536287e-8
intervals.send <- c()
intervals.recv <- c(56, 112, 225, 450, 900, 1800, 3600, 7200, 14400, 28800, 57600, 115200, 230400, 460800, 921600, 1843200, 3686400, 7372800, 14745600, 29491200, 58982400)
dev.null <- 358759.0022669336
df.null <- 35567
dev.resid <- 225263.01231970207
df.resid <- 35402
df <- 165
coefs <- c(6.371808011299801, 5.632257261417825, 5.708373604524864, 5.390068064002022, 5.1399910727295435, 4.910277774496641, 4.736032640108778, 4.67304086915771, 4.3888490564350775, 4.247044340022233, 4.385743411941944, 4.170064053529501, 4.0334792215540185, 3.9749410623567627, 3.7892094092813986, 3.5488256513477916, 3.188260845884309, 2.9453757646007106, 2.4849483622722186, 2.040984971936788, 1.5757254516608628, 0.9457696018243895, 1.0209481883218323, 0.422832081509851, -9.566043264087223e-2, -1.1200773139869924, -0.34071912217378286, 0.8757225397215108, 1.0336274153688483, -1.4248348245596045, -2.17085735398045, -2.524461358515056, -0.20525992838526547, 0.7666590609643258, 1.2555379690935118, -1.1175120771166616, -0.4790673540225199, -1.6322166973342542, -5.066716050768051e-2, -0.6821997364795933, 0.9010566215718945, 1.0607690878183194, -1.0574180023829234, -1.8958171343592882, -0.6870692503481938, -0.7752242391974409, -0.6869418418841062, 0.28345493181318154, 8.009237523251764e-3, -0.7198277863789128, 0.401935654112183, 0.7983270696238858, -2.5278608417162576, 1.7412518072726935, 0.7729455613423319, 0.9210585643793081, -1.7149162261007693, -7.128920931840632e-2, 1.3240950836436564e-2, 1.5843967250059576, 1.1024987417727037, 0.9227060624923057, -1.5627813126859915, -0.7797508103148233, -0.5926526069416876, -0.11762406956507981, 0.7204991081582656, -0.6555894954215954, -1.0349396508089717, -0.6881428549479272, -1.8844584370298914, -0.3783275576466822, 0.6289103747356857, 1.0573624288215528, 0.6758982492943774, -0.7536931027930147, -1.1317155042493634, -1.2023831693289362, 2.857836564091531e-2, 0.764034443296256, 1.1572394252352938, 0.10547718155217777, 0.16913463359261974, -2.0616683010949353, -0.4083253247161117, 0.3986026576755187, 1.1776369385635506, 0.48883242392978865, 0.7655627262915718, -2.5948017970913786, 0.5238372717748094, 0.86762640408084, 0.6999171963121575, 0.46508112324116907, -0.2673776492712253, 1.2482288456809363, -0.8666019033581797, 0.5921976221029461, -7.662648261507161e-2, -0.27470428797348706, 0.46422966163171575, -4.6883971185697516e-2, 0.7311637944878415, -6.510680824511222e-2, 0.42197002520691596, 0.8331636191606978, 1.064226073232587, -1.0595739231678305, 4.6132906089845264e-2, -0.8226093901965728, 0.48555992373494666, 0.5554183973603396, 1.549417129129145, -0.5248924555212591, -0.10010048544845936, -0.8178323739084311, 0.7284494158586274, -0.35142943234692736, 0.45192854307332797, 0.6011594888815536, -0.41194498821542186, -0.4070105725563019, -1.8247466867032534, -0.38207593283775404, 0.4190212906813303, 0.9444909022770658, -8.281942157123753e-2, 1.0800971493099276, -0.9166228374986084, -0.4077680143707719, 0.4168973141377952, 0.9358896866245332, 0.9078272304338337, 0.3953421761997959, 0.12049094778548358, 0.8734903477194355, -0.39557917370348417, 1.0558774457060818, 0.7238952343385673, 0.9664837929018406, 0.6780034757083508, -0.7491993837304733, -1.5265528539831992, 0.7669218101645427, 0.6113731932007961, 0.550613698046351, -0.2568679815411744, -0.43443008008053335, -2.046528658666498, 1.3876449493690939, 0.11651315646887439, 1.206148811974097, -0.28002006733745816, -7.30974528308602e-2, -2.6582890119708012e-2, -1.2258017106545054, -1.043151680803022, 0.7849171151145801, 1.2508870327364312, -0.28493682787576347, 1.561421940602749, -0.27861390519132084, -0.206237228828563, 0.1533580045072034, 1.1532484221579204)
