seed <- 160
log.wt <- 0.0
penalty <- 2.8115950178536287e-8
intervals.send <- c()
intervals.recv <- c(56, 112, 225, 450, 900, 1800, 3600, 7200, 14400, 28800, 57600, 115200, 230400, 460800, 921600, 1843200, 3686400, 7372800, 14745600, 29491200, 58982400)
dev.null <- 358759.0022669336
df.null <- 35567
dev.resid <- 225944.83114857436
df.resid <- 35402
df <- 165
coefs <- c(6.462235186868486, 6.004168684899646, 5.714605017114224, 5.514713504202787, 5.0117915669394115, 4.936582880643832, 4.809662260247524, 4.622796666720196, 4.407629851033206, 4.279696145098597, 4.283426041384497, 4.180506142947874, 4.03936845815776, 3.9867020026861826, 3.758889106022152, 3.5331610250214527, 3.2744810453712336, 2.968079887403497, 2.4944227053743537, 2.0570428057313777, 1.5575873784233436, 0.9068702633332217, 0.9708667184477802, 0.4216861252705333, 0.18064046683921445, -1.1714456812067962, -0.31004607937417583, 0.8749298427828407, 1.0946628252153912, -1.2996245689169441, -2.5379504004729165, -1.6614778683706153, -0.19887927159649785, 0.7730644039633946, 1.167959016367069, -1.345448770400292, -0.5713971815076079, -0.8291221194035807, 0.15018057730417378, -1.3633633223230557, 0.926508771140724, 0.8882631362613556, -0.7829333502152741, -1.4801736875202796, -1.4169831313990833, -0.7480658543974201, 3.4394780319170266e-2, 0.6605265429068421, 0.11901617394100385, -0.30867108617764843, 0.3293204416036116, 0.8147216548114751, -1.9166405048695894, 1.5751529807310023, 0.7419037407275785, 1.111717415296689, -2.0820742871021722, -0.5635345219551298, -0.4169883646420841, 1.4156376007415292, 1.5151256323091051, 0.5147666144654581, -1.8535513996683433, -0.29764267595334, -1.003017764558981, 0.45946974627682136, 0.6603536987529038, -0.3362352673254888, -1.5551573599795723, -0.31874569788622203, -2.468042173266664, -1.061469633716926, 0.5873225915301655, 0.9581216400629886, 0.5894338363562323, -0.6795401148578609, -1.190561199674823, -1.0352265522274067, 0.10761035071151949, 0.5813578716084222, 1.2640210386785213, 0.10963807575291626, 0.16283226731925024, -2.0522896032069933, -0.7008141486925354, 0.2772831479729562, 1.189572050780011, 0.5197392141943291, 0.8303221278375188, -1.9422405762929271, 0.483398417846417, 0.7205943921162936, 0.907858731216131, 0.29755064218528554, 0.1668166765842236, 1.7263419326284086, -0.6362294940113113, 0.4256781074010069, -8.081278261046634e-2, -0.2893224318224076, 0.433680621249531, -0.9402614026066901, 0.7474420120103447, -0.5513448848642463, 0.6024633627800688, 0.8484108068684052, 1.039753284207774, -0.212092757268442, -0.2149690192627429, -1.1489209399719122, 0.32470305316374093, 0.4792512021787701, 1.5560053568168755, -0.4615853774367119, -0.1712365710354638, -0.9072547702118787, 0.7647774982192441, -0.37900426338127635, 0.3943014093714409, 0.48618272108724775, 3.550897813222309e-2, -0.43019618316838204, -1.072075962066922, -0.3011803577538249, 0.22974809316215633, 0.8529578939648165, 5.104066884617907e-2, 0.8245450469629442, -0.34587972280418156, -0.4019945012461957, 0.2123627721661184, 1.0909789186352554, 0.8412185806012455, 0.4536131114487446, 1.844078868198535e-2, 0.8975705234335782, -0.2833772215185486, 1.009696461252183, 0.7152081964049282, 0.8181461306382496, 0.7529938302058645, -0.5701195397673158, -1.0534266840032995, 0.7348668514412732, 0.3277237776308609, 0.5040898106807444, -0.40308889308795887, -0.5745865678323729, -2.209853084159614, 1.255907115481634, 0.15399995932128757, 1.006502066208598, 2.518129982974876e-2, 4.593018653036708e-2, -0.2108297028707285, -1.864919928118424, -1.4831463575096275, 0.754803577896477, 1.117924368918099, -8.057696685811033e-2, 1.5325219793594966, -0.36250885648725034, -0.16883672289750593, -0.12637644453872687, 1.281678011951926)
