seed <- 538
log.wt <- 0.0
penalty <- 2.8115950178536287e-8
intervals.send <- c()
intervals.recv <- c(56, 112, 225, 450, 900, 1800, 3600, 7200, 14400, 28800, 57600, 115200, 230400, 460800, 921600, 1843200, 3686400, 7372800, 14745600, 29491200, 58982400)
dev.null <- 358759.0022669336
df.null <- 35567
dev.resid <- 225423.06294980863
df.resid <- 35402
df <- 165
coefs <- c(6.4828095086489785, 5.818343986489963, 5.823676166809361, 5.376223587437438, 5.117926116103191, 4.89775760375477, 4.799761948750233, 4.633937140862603, 4.32957109787346, 4.262815660288641, 4.337280103955586, 4.171478272381048, 4.023887116034127, 3.974308457808367, 3.7886665393087857, 3.5050262282940703, 3.2484358310587234, 2.9467626112924243, 2.5061482469307363, 2.037333381682836, 1.6236523489243004, 0.8726773316624993, 1.065172646299549, 0.5679606704126889, 0.6263250100485841, -0.8594295629333049, -3.9898521775639746e-2, 1.01981897317607, 1.0168931058446287, -1.7574233792017497, -2.1264989670571306, -2.1630794659973573, -0.13769077296858853, 0.7557243888635881, 1.3101267708381994, -1.4436538329648738, 0.18312905773467383, -1.7980637958918149, -0.19246052446042708, -1.0202069633114426, 0.9270241661251145, 1.0208191510698295, -0.7211847438687984, -2.369058394739539, -1.3069996244212638, -0.7282271675503146, 0.11473513956548645, 0.5099317134988494, 0.4993347009021316, -0.8169203504163554, -0.18217231657477514, 0.9406942536799913, -2.545489155553628, 1.7014292639363109, 0.8883547713448743, 1.012788218505607, -2.1105235287761284, -0.1832366914676264, -0.8537736960674632, 1.1514596088464812, 1.2574215532272701, 0.5836222649308966, -1.8126132064946818, -1.0754088300801445, -0.4266626979162209, 0.40018309379378825, 0.6193692650234133, -0.44103488113413725, -1.3954981666033712, -0.5610447225350229, -2.228083449046738, -0.16064887416626614, 0.838490265548431, 1.1256454210330236, 0.6449977214713205, -0.5508052995415725, -1.2121067413561222, -1.1933512155702433, -0.17170875399581964, 0.7289719064064457, 1.2612929723648603, 0.17556433068315097, 0.12302717818252525, -1.9153358636129765, -0.40722126654776125, 0.4688457016079508, 1.226003442616209, 0.5243310881039391, 0.9175564658700402, -1.4789482998786254, 0.5300030358443336, 0.7844738967651971, 0.9004071493750397, 0.38115641516779447, -8.195140777725048e-2, 1.3312913466797243, -0.5883325512056986, -9.998895056088707e-2, -2.063351088509488e-3, -0.21806467457185597, 0.2967480909120942, -0.920887050168401, 0.8562019447029143, 3.7104177136511214e-2, 0.8509968627258361, 0.8215050929181159, 1.0816507437956377, 0.11284124713529677, -1.5041958186761084, -0.44892561962887384, 0.5276466227300232, 0.6853310798541933, 1.5967046448361222, -0.6205117537307887, -0.47144732141151735, -0.9901976768112047, 0.8339348069075798, -0.30429626433337753, 0.6110512317585586, 0.3495050675024664, -1.139220146181411, -0.3162516424075401, -1.1265612196800592, -0.7857752963405732, 0.31175037977856146, 0.8251797609352277, -4.8144460303032356e-2, 1.0673018732963255, -0.824505842244234, -0.37219177234934336, 0.3276707187237556, 0.8474470965263527, 0.9873164485260717, 0.6202554947443064, 3.2261634883606324e-2, 1.1620523844953388, -0.38552304585681096, 0.9885972472431754, 0.707378382468172, 0.9638124998795449, 0.7464681060692206, -0.7341611866533639, -1.2899394923362952, 0.6331838032172731, 0.4595244670243758, 0.6378499350289953, -0.21661451427506836, -0.3591793111801287, -2.0544704523819117, 1.2703757955386838, 8.282296233332488e-2, 1.2475474527291122, -7.830298167724908e-2, -0.12346975440604929, -0.17968638393595615, -1.9839819830750176, -1.2125717204005528, 0.903361104493639, 1.1414742326479141, -0.3227874042838103, 1.557575239697877, -0.23546261396739707, -0.14514611508067152, 0.1213703939634797, 1.2604210192482124)
