seed <- 450
log.wt <- -15.776837866091055
penalty <- 2.8115950178536287e-8
intervals.send <- c()
intervals.recv <- c(56, 112, 225, 450, 900, 1800, 3600, 7200, 14400, 28800, 57600, 115200, 230400, 460800, 921600, 1843200, 3686400, 7372800, 14745600, 29491200, 58982400)
dev.null <- 358759.0022669336
df.null <- 35567
dev.resid <- 227438.51213911342
df.resid <- 35402
df <- 165
coefs <- c(6.537485761946186, 5.690261609095605, 5.703400621573014, 5.187624500959614, 5.069629949838485, 4.8118566019448386, 4.757827869426976, 4.617440576317059, 4.334558071579097, 4.243882717056, 4.317361419802255, 4.129927938600614, 3.966340888348772, 3.9445057477208825, 3.7514022731299987, 3.4707118289621754, 3.2675415326205197, 2.955706010811598, 2.5083816312632505, 2.0761524512861196, 1.5397119921414544, 0.8780135138519716, 1.0504417868562044, 0.16296074374026354, -0.32360268271372106, -1.3728154852898817, -0.183297723324409, 0.9459093204079309, 1.106892925483773, -1.3854690021312883, -2.0531934274422627, -1.9237343499060655, -0.3465531034268526, 0.6959375084578481, 1.2724464300550968, -1.25726870908214, -0.5917733067791526, -0.715905034016365, 0.30139000913314823, -1.335539391391454, 1.025578996339774, 0.7708690004650185, -0.7494025843457002, -2.2834638258349944, -0.7941653215128746, -0.6932377130830043, -0.8637091540099627, 0.20380256379394646, 0.3288470820761231, -0.7249192412033315, -0.28851521474099756, 0.949885362485796, -2.8155536623537505, 1.6696233507367992, 0.7837094400195043, 0.9597502485202228, -2.25353235232159, 7.433936373792653e-2, -0.3254901975411424, 1.215157832853349, 0.8765534147096854, 0.7171630498654409, -2.321790015682071, -1.6117675609093591, -0.7191452370357982, 8.804964701645933e-4, 0.5607717000498987, -0.299734445766298, -1.3321906856846386, -0.6057885184482823, -2.0719571895757687, -0.11992398473777666, 0.46577663899836697, 0.9887868847804594, 0.7227394630332552, -0.8061643017351483, -1.3145867384719976, -1.6326709654761744, -8.473694865323732e-2, 0.6748052333292833, 1.1344232505319205, 6.650786452996274e-2, -9.033660833938781e-2, -1.9781629170320443, -0.49789487295128615, 0.3943320722069182, 1.1996711378584826, 0.6178632421105507, 0.8831355438819963, -1.6281680470363737, 0.49351013289458445, 0.5605543398301338, 0.81016813543792, 0.3249672115201446, 6.915825190710734e-2, 1.070543792909885, 0.6454992500593588, 0.5366670531012305, 2.984537966298526e-3, -0.34936067754255845, 0.6009727997309291, -4.958263586267958e-2, 0.7919728632024047, 1.714379791967152e-2, 1.0360708701640082, 0.7936143575677491, 1.1440460475722227, -7.476277493507101e-2, -0.12606033814643758, -0.8714208577351702, 0.4975208846876404, 0.9095818203838951, 1.639773854365346, -0.6959569857661498, -0.285511772309645, -0.7569237156407498, 0.7276991949413414, -0.2637136806168871, 0.5134363063892339, 0.4945476367358185, -0.6089352603954657, -0.5770353927987282, -1.10698105331912, -0.2071197032235252, 0.33356968983581353, 0.7931479388074291, -0.1316053989417864, 0.9219098481468097, -0.6931068204627922, -0.4169584878597964, 0.27526664352722935, 0.8845996948851284, 0.9162469188491622, 0.37959698464402475, 0.11077281155851795, 1.1290260046967098, -0.3123373620720028, 1.034605587761319, 0.6855520828876144, 0.8870469120750115, 0.78670972634665, -0.675920296600538, -1.015471480222891, 0.5559314737335651, 0.2543028293167652, 0.42060508660832385, -0.13852692871763295, -0.2794054705140303, -2.0067679531800793, 1.2717420834180562, 6.882849200101576e-2, 1.155054191114882, -0.23884515189305774, -0.17776112305691436, 4.216916338197875e-2, -1.1574253528649385, -1.3389596730234086, 0.8249448798370563, 1.2040320915467695, 3.709135523115885e-2, 1.578467143476185, -0.1490208213861182, -7.989457936240844e-2, 8.759176621208818e-2, 1.163322257879924)
