seed <- 437
log.wt <- 0.0
penalty <- 2.8115950178536287e-8
intervals.send <- c()
intervals.recv <- c(56, 112, 225, 450, 900, 1800, 3600, 7200, 14400, 28800, 57600, 115200, 230400, 460800, 921600, 1843200, 3686400, 7372800, 14745600, 29491200, 58982400)
dev.null <- 358759.0022669336
df.null <- 35567
dev.resid <- 226206.52077675844
df.resid <- 35402
df <- 165
coefs <- c(6.391566725178224, 5.619978824819632, 5.6774025213724295, 5.4617526860823, 5.056872459481216, 4.8184683040286975, 4.849599429953776, 4.65798284832414, 4.395794922418521, 4.302323990789784, 4.29730749051095, 4.146712770764841, 4.0083150669544425, 3.9841131665163476, 3.766803411321555, 3.5324881105498727, 3.233931966417956, 2.9612201040756334, 2.524687010094913, 2.061075830140298, 1.5383095993971496, 0.8739558070105687, 1.0683778483996627, 0.5978496680687072, 0.7543512903145455, -1.8228553129544958, -0.12184438430983555, 0.9904649564712916, 0.9945585390367977, -0.9816634939775402, -2.547364307393179, -2.1695925092811765, -0.26297877824766785, 0.7475716860934626, 1.2206547500087417, -0.6265680708517989, -0.1483635016455796, -1.2691547647193586, 1.8009603145936123e-2, -0.5816736790307385, 0.8301476035382276, 0.9543746405072766, -0.7348714345965537, -2.1374243401595994, -1.0825210812561836, -0.590495171832369, -0.5569990070337014, 0.3178987607815711, -0.37230054178868816, -0.5264950237296616, -2.6733449102676526e-2, 0.9520987380084514, -2.3158767902836392, 1.6715553830824958, 0.7465464011465944, 0.9546000718185177, -1.4912722646759802, -0.2164946841602688, -0.6885735927535762, 1.0506832860957056, 0.9713081638613107, 0.7334466361129971, -2.1665111486502937, -0.6821618432670349, -0.5124489528339485, 0.41901208958204994, 0.6961760839695529, -0.5155604976751232, -1.998879251349083, -0.5645592150933189, -1.637221850386606, -0.20259840260673437, 0.4019920119649276, 0.9045706848454903, 0.6444419523296233, -1.077142318242567, -1.3976489663206462, -1.55151379388949, 8.022251681893035e-2, 0.7306484525702331, 1.1167665919629353, -1.1493398191349867e-2, 0.2842547413908476, -1.8460699861954006, -0.261370158628907, 0.4497027737226021, 1.2729839659531115, 0.45767085519548395, 0.8995410273126677, -2.288651803943634, 0.449245103223773, 0.834126162564559, 0.8003498351265746, 0.36513630167064215, 0.10188516142162436, 1.4302212109975494, -0.8974513643602616, 0.4521649199654329, -0.19383562686010128, -0.38403810171112246, 0.3155864690359046, 2.567835950034034e-3, 0.8512140645215516, 0.1527081859883204, 0.8315287504140739, 0.7828678113399751, 1.0489282044529509, -0.6437251728005239, -0.22221613755699582, -0.645538856612014, 0.5177627969928127, 0.6600679418848774, 1.5635638698857708, -0.7638203448766456, -0.16525899071840167, -0.9655203772810637, 0.8207921183551956, -0.2784424060861157, 0.41055980800886505, 0.5670970087731055, -6.250243925089426e-2, -0.19597250102504546, -1.2017993098920738, -0.5626093448841516, 0.33262979242634894, 0.7951541813809393, -0.10065163760928339, 0.9790162021489471, -0.42941872026018785, -0.47257152182190104, 0.12688210926906487, 0.8780684322149872, 0.9268228229290708, 0.4182820528503988, 3.216426368536222e-2, 1.0413155623803285, -0.360864261198573, 1.0090234985255826, 0.6944644348387872, 0.9209194741028423, 0.7495342762797188, -0.6438665697365784, -1.2690384940433452, 0.6247622782678046, 0.2219741462216229, 0.5497871296787656, -2.8308911185529122e-2, -0.5246104216909006, -1.8819159130197578, 1.2330067689392632, 0.17102977180543308, 1.207297087310575, -0.19617936389689092, 8.391360807149835e-3, -0.1097096787345229, -2.1476190127450163, -1.3122442920601665, 0.9520622618649527, 1.2536702478935535, -0.2893823451138772, 1.5327275824210456, -0.499044961280423, -0.1407520060072888, 8.782087892845292e-3, 1.1422778875474542)
