seed <- 1062
log.wt <- 0.0
penalty <- 2.8115950178536287e-8
intervals.send <- c()
intervals.recv <- c(56, 112, 225, 450, 900, 1800, 3600, 7200, 14400, 28800, 57600, 115200, 230400, 460800, 921600, 1843200, 3686400, 7372800, 14745600, 29491200, 58982400)
dev.null <- 358759.0022669336
df.null <- 35567
dev.resid <- 224814.82314087133
df.resid <- 35402
df <- 165
coefs <- c(6.6951064604285735, 5.775159694984538, 5.835868973255452, 5.235517956826815, 5.162738102845081, 4.965380445740936, 4.785572095192692, 4.708431211487442, 4.383977671290004, 4.3404776226833315, 4.336402902313312, 4.20836876964341, 4.0114007836775585, 4.009430539254804, 3.7881441854059656, 3.553089628218864, 3.276285021598704, 2.967577333176666, 2.5176789110821276, 2.137206905019391, 1.7544426004905593, 0.8978995176445034, 0.972624532951737, 0.2885637499333127, 0.7086512226526617, -1.2032887169154716, -0.10270563582728906, 0.785497735575467, 1.127514826958642, -0.9548368301628836, -2.695800313412128, -2.180958779544938, -0.4568204748121488, 0.773769056509352, 1.2197481840237363, -0.897810271751486, -0.22261694130194357, -1.2487809479714713, -1.4779938303247815e-3, -0.6328577483533692, 0.9453618353689686, 0.8590027859767573, -1.0531077950843772, -2.364821761900873, -0.588615543027442, -0.8425904577190098, -9.102566457979518e-2, 0.6121605553470791, 0.6594203368309671, -0.8259108299592988, -0.5180277654421336, 0.9034472601550798, -2.4273080906375557, 1.639365330022472, 0.8609446406497078, 1.2006613219099704, -1.8429317922917103, -0.2255721594025313, -0.20870792466243215, 1.2421281971596907, 0.7365217935013089, 0.6661614621224102, -1.3705792911500323, -0.11765572457474817, -0.7595374991512542, 0.27660136005231234, 0.8046913265887777, -0.276990035116591, -1.4034253414751936, -0.6618327025692075, -2.2115628574638353, -0.3160899338375733, 0.3593123941216809, 0.9946001636879785, 0.7244424647964368, -0.973282531511013, -1.6026014742243886, -1.4232481963907755, 4.206233836052423e-2, 0.690336405053679, 1.2085292792817692, 0.11277701644085461, -2.7704019375195524e-2, -2.044336420865562, -0.5315030941313187, 0.39369889433959393, 1.2423283649125034, 0.39523440039829516, 0.8983188274125732, -2.2501435331014115, 0.5274727994171768, 0.7709757383850622, 0.7770182804000643, 0.2997078507742568, 0.20630431937338914, 1.3775494886852995, -0.12226735964756338, 0.4484475601785703, -0.2080688486885516, -0.7274879455350871, 0.6240217208912131, -0.21405780912585784, 0.8205642677919763, 0.25718730346165575, 0.5625197073292936, 0.8647673884857556, 1.1060119690203691, -0.6603689198377778, -0.774708871073293, -0.6513161098582859, 0.46021872128542146, 0.5882964621464268, 1.6205220016663047, -0.8051876625868415, -0.17918809467133062, -1.0513842252065293, 0.8784932955531581, -0.19221299271995268, 0.4042769141018463, 0.8027608468920817, -0.5946085189177516, -0.48180980524511535, -1.2401142767061082, -0.5582184971213657, 0.46471532190292447, 0.8696727467381186, 5.277611030882903e-3, 0.8988360022231289, -0.9977492029186661, -0.34595246403892704, 0.2710167017629989, 0.7743711473321284, 0.6531628326174729, 0.47000912834841113, 9.74146077653393e-2, 0.9672834520437793, -0.34714446481013006, 1.0106155851191474, 0.8039331146871251, 0.9984386820112428, 0.7904167763849814, -0.644115189167373, -1.5373453627164437, 0.7047399215950921, 0.34879109425738064, 0.49608907767240995, -0.20558336043325728, -0.5371167179290561, -2.088345787497781, 1.2938232072952076, 0.20215580516068027, 1.147618149779578, -9.295981455652348e-2, -3.664486423795053e-2, -0.10363679243639463, -1.8836683606523112, -1.2201548889096112, 0.9421001236002586, 1.1221530133179578, -9.314014529437455e-2, 1.5444827821203906, -0.30160698383632895, -0.13900570051907393, -8.98988010554764e-2, 1.1655248301323777)
