seed <- 599
log.wt <- 0.0
penalty <- 2.8115950178536287e-8
intervals.send <- c()
intervals.recv <- c(56, 112, 225, 450, 900, 1800, 3600, 7200, 14400, 28800, 57600, 115200, 230400, 460800, 921600, 1843200, 3686400, 7372800, 14745600, 29491200, 58982400)
dev.null <- 358759.0022669336
df.null <- 35567
dev.resid <- 226248.44286488998
df.resid <- 35402
df <- 165
coefs <- c(6.667052970721215, 5.6806011727669565, 5.667034702979656, 5.353834252948375, 5.129059563503982, 4.949654634237398, 4.802590941523864, 4.5542672087085, 4.370301808618859, 4.265527086669221, 4.336542265340316, 4.193344063941051, 4.0189547167812325, 3.950385522980457, 3.7301522943356136, 3.528076470690694, 3.2553532603636, 2.9386959048388404, 2.483877662016716, 2.057664693677661, 1.5365376976271308, 0.8812172777937074, 1.042583531972945, 0.4885152257824278, 0.48823467988464025, -1.2711327637099368, -0.31766505385680893, 1.0453083551889892, 1.0386711822122565, -1.0901367694032982, -2.5947090766805028, -1.946611858356809, -0.37592608303458097, 0.7812752706587918, 1.2228185547421273, -0.7308354538023253, 0.3289217196131448, -1.1979383985611638, -0.10555621950912436, -1.3674189063362721e-2, 0.9236866160656424, 1.026940026681749, -0.987770563700624, -3.1573103380255043, -0.8214818663039772, -0.851504283361748, -0.6369447727335832, 0.5420179469670288, 0.1562550552667621, -0.6401333600989016, -0.4057273953132667, 0.790533686087663, -2.841503396255746, 1.7692585075561686, 0.814704980560352, 1.0394135064756456, -2.876116957759504, -0.19637241523160387, -0.274549658238002, 1.1291932228745019, 0.9774990032495026, 0.939001751480083, -1.2569131194333745, -1.9513785582397773, -0.6034249062862739, 5.067756453979418e-3, 0.6936096277627716, -0.33436670928065876, -0.9951915403227782, -0.51804402411527, -2.232818535133909, -0.13451626811866452, 0.6003394259771062, 1.037681539348486, 0.7065540560751463, -0.6831486387232426, -1.189238443206688, -1.5626861208233738, -7.638340947269041e-2, 0.8223128617893639, 1.269256137600652, 0.18184175782465503, -7.165197795737147e-2, -2.6633650386488696, -0.7908949035282413, 0.4617663392054709, 1.2236448007777445, 0.33226128289235407, 0.8805537592967353, -2.085987804254876, 0.5784967797298761, 0.7241951070320284, 0.7876456978234839, 0.24926053574701948, 5.448848786890556e-2, 1.2693942531694853, -0.8333528275864079, 0.2169791275570687, 7.743136528141457e-2, 0.14984345474200675, 0.4911896970668901, -0.34244565437693825, 0.9048732983337437, 0.366729998953362, 0.4977986612359049, 0.8604306735365896, 1.1416057319074902, 0.2181275090293592, -1.2041292167491735, -1.3216370041592034, 0.43263941329296257, 0.4998358499774472, 1.5785379587803674, -0.8757783426222283, -0.18311524460823883, -0.8927677890810733, 0.8877876241914443, -0.30584784256251124, 0.316467421466936, 0.7262204191812973, -9.975566828301606e-2, -0.4634531350731169, -1.1770288631023722, -0.7187589680226677, 0.28685795747552445, 0.9407733755676773, -1.7734912110026438e-2, 1.0491924908384493, -0.4005275318771809, -0.3431295936632741, 0.36942405003429707, 0.9756868490071265, 0.8118582438689596, 0.613179742573281, -0.1771230368781454, 1.0609223360152586, -0.3230024850553395, 0.9909689209707506, 0.7259124981282948, 0.9638534809097203, 0.8801855076917565, -0.7287247833346949, -0.9900638799573265, 0.49830794473500567, 0.4621899737997301, 0.6462593846002346, -0.15873301187663655, -0.36744085229575635, -1.772822660067948, 1.3193378043092998, 0.22185416807790057, 1.2300598709328145, -9.994740348430677e-2, -1.040257329174573e-2, 5.864104602751133e-2, -2.3187466101763965, -0.8971654855130341, 0.9794267768376947, 1.158477064542397, -0.1443037585588906, 1.5304947199749273, -9.531170005896134e-2, -7.973814602077244e-2, 0.1352993778124786, 1.2465177542390977)
