seed <- 850
log.wt <- 0.0
penalty <- 2.8115950178536287e-8
intervals.send <- c()
intervals.recv <- c(56, 112, 225, 450, 900, 1800, 3600, 7200, 14400, 28800, 57600, 115200, 230400, 460800, 921600, 1843200, 3686400, 7372800, 14745600, 29491200, 58982400)
dev.null <- 358759.0022669336
df.null <- 35567
dev.resid <- 226345.19527609771
df.resid <- 35402
df <- 165
coefs <- c(6.714689469536375, 5.8762660867513175, 5.904088620029116, 5.428654719776205, 5.086087461260739, 4.761195736592176, 4.781033789071378, 4.621525262723499, 4.337691262093058, 4.245965230995894, 4.313660382259357, 4.155184400327377, 3.9906494183055887, 3.933597506213834, 3.7112266015725677, 3.501910632632329, 3.212839521984256, 2.9024679822187376, 2.474990025142578, 2.0108697250835115, 1.569879037871792, 0.9371559656755323, 0.9860825941509251, 0.38291002304783855, 0.5126411590394251, -0.7288692002359786, -0.20923365217463577, 0.9548780034653277, 1.139086012630391, -0.7771793142561225, -2.9555098296783417, -2.1587312950935273, -0.3863927334780943, 0.7692317735447428, 1.4091662558595675, -1.118245493106522, 2.8372709275277134e-2, -1.1916033520466296, 0.4012685639010818, -0.39199879911154883, 0.904287338940159, 0.8885558181713104, -0.7668275449869225, -1.5289804393943551, -0.9299602469592191, -0.6439222610268599, -1.2018039492184927, 0.2185772244793032, 0.33429018275308897, -0.7784527706591464, 2.2849040987449023e-2, 0.899340440405022, -2.4162171162849324, 1.8624110991888032, 0.8947183527338414, 1.1083131909806616, -1.3143201738317831, -0.1804115456570436, -0.11626499491336308, 1.4448882750274212, 0.8638246946190388, 0.874408144605165, -2.1715495154793807, -0.869644581597979, -0.6966842068074054, 0.18387220518275338, 0.7588895844486294, -0.5287700520527805, -1.6117604574458062, -0.6653487679256335, -2.3681203866712393, -0.2317468719493555, 0.4890137604562491, 0.9853721725737262, 0.730575623284413, -0.6705068439979542, -1.4666090016765219, -2.029497270473124, -0.12209183986520852, 0.6679548274414622, 1.0737476478859007, 1.881249023074309e-2, 8.991554356213338e-2, -1.6340076124475165, 0.17954949569321457, 0.5355615873932241, 1.1900130981682475, 0.45358103200288313, 0.9454387591401566, -2.493756418456883, 0.45289140863833766, 0.5770418038753987, 0.7427215909011027, 0.3555468371954495, 5.091155363221446e-2, 1.2346886495663663, -0.864310855614473, 0.16145273586956935, 1.578099873415547e-2, -0.2759355550516404, 0.4835971387231013, -0.519985098590977, 0.951265075175301, -0.1435105578680401, 0.6634702379521923, 0.8515609042737777, 1.1221705061257607, -0.5523308451557994, -1.1889585215336915, -1.22332976814669, 0.47880007892035786, 0.628203092620368, 1.6012592503914291, -0.5635937764073475, -0.2069159851194466, -1.0027119878483857, 0.7045423860047269, -0.2808370762378027, 0.6129385672426653, 0.5322507012649568, -0.9990258995118533, -0.66351386104079, -1.2432064206833326, -1.0957295819903692, 0.35472967858703025, 1.0040768650148517, 9.816635427440813e-2, 1.0507402375778552, -0.5270088562749576, -0.41488816361057074, 0.29641537580530297, 0.8672961670544052, 0.7421811068902043, 0.5385058410958862, -7.443408311743133e-2, 1.0440525162808967, -0.4271823616436753, 1.167101720795158, 0.7922628650658728, 0.9334622301217018, 0.7527645268663679, -0.6524305539107829, -0.7456057173053576, 0.3583142474971671, 0.3934995668787838, 0.5918660774051459, -0.2568492114046112, -0.44120353085677333, -2.0196678947189, 1.3537414602752254, 0.19142870028805947, 1.148928610458876, -0.33602978435537323, -9.446960255168989e-2, -0.1358053482701198, -1.50259446527831, -0.4910773989452772, 0.8986023931864912, 1.1159854788636046, -0.23503619216819072, 1.5979624027191772, -7.574729044369442e-2, -8.82771409745735e-2, -0.12373656819882801, 1.1682258627349722)
