seed <- 234
log.wt <- 0.0
penalty <- 2.8115950178536287e-8
intervals.send <- c()
intervals.recv <- c(56, 112, 225, 450, 900, 1800, 3600, 7200, 14400, 28800, 57600, 115200, 230400, 460800, 921600, 1843200, 3686400, 7372800, 14745600, 29491200, 58982400)
dev.null <- 358759.0022669336
df.null <- 35567
dev.resid <- 225163.08800240816
df.resid <- 35402
df <- 165
coefs <- c(6.910650579520636, 5.795405608770849, 5.696709446664359, 5.496487588872446, 5.132506288149086, 4.90026246785606, 4.793366513472435, 4.638648436110686, 4.39047400615578, 4.266734965404141, 4.251665669542032, 4.200603183235513, 4.017947755950382, 3.990377787412173, 3.7737649702184104, 3.5342265198087923, 3.2840082602706446, 2.9553675777345596, 2.497200809072442, 2.07912805697625, 1.4759735954659732, 0.8809910775185913, 0.9912850135598219, 0.16105668226630518, 0.6123194622234674, -1.2166055986308388, -0.22647561014639472, 1.1089426391928892, 1.1332882969162328, -1.3559363608678505, -2.0239214905704506, -1.7786024253639268, -0.15707270453938887, 0.7536537551152228, 1.211782468954473, -0.9533425832662132, -0.9934858810549159, -0.8018761175748772, 0.2636531346966451, -1.2629462206255322, 1.0184579911984337, 0.794253595131663, -0.810710685706854, -2.365807813224686, -0.7417692003033888, -0.638511611448669, -0.7130126229684832, 0.47381497643194076, 0.1816854828409978, -1.0342280729547488, 6.743921804241138e-2, 0.7913470940985868, -2.725166624304884, 1.5487767245050335, 0.604828457168989, 1.0993969792139318, -2.1808270446589417, -0.49295065520033027, -0.5744324203028734, 1.4131813961934314, 1.4724443541414347, 0.7789250411941921, -2.50099616114131, -1.0552427453511872, -0.909957554552408, 0.4007786940296291, 0.6624871197418974, -0.626122860424564, -1.8206508250972075, -0.46384030954432665, -2.2702925904040634, -0.8452756163882014, 0.8405140045509907, 1.0121074684994016, 0.7138974527234521, -0.5899591977998198, -1.5012736020518496, -1.1136632221282232, -4.8567002619448235e-4, 0.7997100112833269, 1.2903600676335376, 8.737938326049344e-2, 7.400946845863667e-2, -1.4623522668410416, -0.8556264422014935, 0.46754182075739076, 1.2991893052115548, 0.44469817614209683, 1.007027903692391, -1.5558188441061793, 0.5028504929926478, 0.6780827305280618, 0.9021034868623077, 0.3170980186454909, 0.5292099681034655, 1.423615696654118, -0.5849040178145569, 0.6179730974417038, -0.24196772872310937, -0.5432748124956905, 0.3601720902226752, -0.5759184895012384, 0.7396765135433562, -0.12742251601461516, 0.7025778256008528, 0.837022100461125, 1.0950391309903071, -0.9246380795194626, -0.8832543921360637, -1.0779376810875128, 0.5993766227998877, 0.6870126230360077, 1.6671613566910257, -0.7105475792776652, -0.18395578506601276, -1.123787385728118, 0.8196982287149114, -0.325746882239315, 0.4623543296302764, 0.5629179203097275, -0.5142792982201584, -0.46062483224685724, -1.065418075240979, -0.590466934284884, 0.3596450646200749, 0.7051201774113526, -2.867754063601307e-2, 0.9782432188113599, -0.5274469473623014, -0.44614809228131713, 0.3023919638287712, 0.7865626829384831, 1.117612895598401, 0.3816970591025265, -4.369949044902499e-2, 1.2380500330284363, -0.3282861239447551, 0.9990977941731655, 0.72799649486212, 1.0376053458461771, 0.7103582506462767, -0.5144841352601549, -1.005546042448106, 0.6700647055574428, 0.4454353711691228, 0.4271409089153782, -0.10819377837814274, -0.3226770492795543, -1.6907116758702658, 1.1786635680027862, 6.346712277757076e-2, 1.274512427929166, -0.20540429098333104, 5.537350973131178e-3, -0.10278866740231841, -1.3056055143365415, -0.8384615390972593, 0.905886906584275, 1.2431951106049497, 9.451639433867372e-2, 1.6096428773835543, -0.3148060573725927, -0.2535550290810278, 0.15419228714396463, 1.2080731534865814)
