seed <- 624
log.wt <- 0.0
penalty <- 2.8115950178536287e-8
intervals.send <- c()
intervals.recv <- c(56, 112, 225, 450, 900, 1800, 3600, 7200, 14400, 28800, 57600, 115200, 230400, 460800, 921600, 1843200, 3686400, 7372800, 14745600, 29491200, 58982400)
dev.null <- 358759.0022669336
df.null <- 35567
dev.resid <- 226609.88210019047
df.resid <- 35402
df <- 165
coefs <- c(6.26465614390388, 5.963021226460326, 5.586659058907291, 5.307732200085385, 5.048942979349527, 4.843937561606463, 4.765406585397856, 4.641575861604891, 4.371691689095811, 4.249197334647416, 4.327905670831752, 4.159397266000503, 4.020705736439761, 3.9593165525641383, 3.739499705212115, 3.5298276072962267, 3.2379955316167806, 2.928661141927298, 2.4950661552264957, 2.0413047102612856, 1.4551281146583783, 0.8620324535922413, 0.9722330937476154, 0.3769171301157568, -0.46033956990329067, -1.2845370426005336, -0.291910263315249, 1.083370406985949, 1.0841030440067358, -0.8871498086248456, -2.7346509022308303, -1.696215578445606, -0.2879313772283041, 0.767696665990579, 1.3100318628359968, -0.9116680066766475, -0.802050618606157, -1.0957746044714192, 1.138693393486727e-2, -1.5750648222394334, 0.849058826096382, 1.029456871723344, -0.551640965842719, -2.2101479272919846, -1.2841082898772398, -0.5817143366079767, -0.3958891008869388, 0.23421855989797066, 0.4679258666533111, -1.1086700638415836, -0.17984555318586748, 1.1666902576141338, -2.1635014524516945, 1.8158435244695896, 0.6922483797832079, 1.0568301576702626, -2.217221699566361, -0.13128928369445156, -0.7125664738146604, 1.5390488428921694, 1.019125470810258, 0.8040638226088108, -2.0740546868380427, -1.8334397857130147, -0.5432394847261636, -4.530142407267085e-2, 0.6651367897682572, -0.28204138082793245, -0.5721174340866009, -0.522863586232335, -2.4446638232363345, -0.6499415739840008, 0.5103175729779914, 1.0304270031378289, 0.7176274888642754, -0.7338453856723051, -1.6532763374677468, -1.2781699977889214, -1.087805567833238e-2, 0.6051854257019683, 1.2388744658895903, 5.434194445491003e-2, 0.1856117521756861, -1.6821009078115117, -0.7048619929044347, 0.4586602088786895, 1.2208900734379229, 0.6235588099695872, 0.8851091460268671, -2.6881824641373155, 0.5853050191558028, 0.7817458865510689, 0.8201424284568355, 0.2470277060169066, 2.9324629555335997e-2, 1.4014684387568115, 0.19057268527611032, 0.5588463440844318, -7.563516149848833e-2, 0.20444688685715495, 0.4933191247661631, -0.4446601545038184, 0.7587642911580493, -7.871563316917135e-2, 0.6083592840691691, 0.8121643080521771, 1.1529130938160745, -0.6744550628961946, -0.27896935459990885, -0.7715167798758945, 0.4663163455660622, 0.7778149406984263, 1.5683808897509062, -0.5052905924888459, -0.35264636804250654, -1.2764942744375356, 0.7814625491344191, -0.21282291642080658, 0.5752110486737952, 0.8426196612306845, -0.6803292996113219, -0.5735164734657502, -0.949543434923366, -0.23026223231282592, 0.36903536986100355, 0.8052996992945949, 9.128076705019803e-2, 0.9763979163781794, -0.8466178331327815, -0.545694320787479, 0.27678482954902134, 0.9557458384013732, 0.9089940026355211, 0.5685280746468971, 1.1405449243694198e-2, 1.2097550321491544, -0.32834025578690035, 1.0945467356041936, 0.7673763932371164, 0.9869458056619176, 0.7284309011908099, -0.6837566314864003, -0.9820007466024054, 0.5547489162965896, 0.42378554026782406, 0.507760522141106, -4.415568166825865e-2, -0.4353798127063321, -2.1044520836111533, 1.3615372433502928, 0.18446970782729172, 1.2014958364560193, -0.11566766153372865, -6.512200287733218e-2, 3.300983418678091e-2, -1.9866018362230486, -0.5941703029959214, 0.9057289887574675, 1.1875184903823945, -0.2576442956304807, 1.5438032135356183, -0.25792963282567455, -9.476505618546745e-2, -6.498623424726903e-2, 1.1463946666841907)
