seed <- 660
log.wt <- -15.646080067035331
penalty <- 2.8115950178536287e-8
intervals.send <- c()
intervals.recv <- c(56, 112, 225, 450, 900, 1800, 3600, 7200, 14400, 28800, 57600, 115200, 230400, 460800, 921600, 1843200, 3686400, 7372800, 14745600, 29491200, 58982400)
dev.null <- 358759.0022669336
df.null <- 35567
dev.resid <- 225586.59742534938
df.resid <- 35402
df <- 165
coefs <- c(6.537656440625444, 5.709224751851515, 5.656245449316129, 5.3142481309654, 5.086801733067361, 4.885881075818202, 4.8159515604898795, 4.656795268258127, 4.383683026555555, 4.317648836729831, 4.337127165862445, 4.205032104455721, 4.022055241814959, 3.9784698567487604, 3.78281545969007, 3.5390708436026417, 3.254587517900503, 2.9514393708383087, 2.545614292576753, 2.0462250156150747, 1.6788004569517363, 0.8653374027124396, 1.1194711877550456, 0.5712746278492955, 5.1323944920267116e-2, -1.224748131540243, -9.299574263327708e-2, 1.0882980432232514, 1.0218742376577727, -1.0511534629002077, -2.4233352523319827, -1.7210902234323564, -0.19361259343250167, 0.7589838851020686, 1.3053472738684593, -1.4653779317090918, -1.1068426295296487, -0.33168464539977366, -0.17936680661012575, -1.0186177159232055, 0.9265154031425983, 0.8121845392385946, -0.8153592989037618, -1.595104046560024, -0.7507430586693552, -0.6639562444571104, -0.944595527446734, 0.5470084892202088, -7.54986494800847e-3, -0.6341940389692624, 0.27476538221567626, 0.9883031783878562, -1.7837445629915007, 1.560573845031858, 0.7699557446562514, 0.9407837626569561, -2.396830156085689, -0.28884333597291495, -0.32762071780307545, 1.3561219045238997, 1.584328499761139, 0.7722391749400457, -2.042836295737292, -0.8501991051956529, -0.7427644012210415, -0.1740992843950973, 0.5006434929469855, -0.2131380673104329, -1.6170289018545974, -0.49833636826138916, -1.6614408824457856, -0.5803049759035054, 0.4113197927597319, 0.8884386138730422, 0.7825780948548817, -0.9441297936510711, -1.407864461094175, -1.1788887917000428, 1.5278469844682126e-2, 0.553032432071087, 1.1708803676926152, 9.447160143686643e-2, 0.34023534411240736, -1.4490291346733617, 8.05749083033421e-2, 0.325716778820567, 1.23179218545089, 0.3862373684905171, 0.8249227503403306, -2.193890249760451, 0.5780575786361889, 0.5758408157180445, 0.8452697952604513, 0.3627777293486834, -0.40269214538086096, 1.1224776523955906, -0.6617511234619704, -6.25330046980558e-2, -3.481438759679451e-2, -0.2219307388951045, 0.256888076663822, -2.4819662012274434e-2, 0.8780653196040145, 0.10267833272042608, 0.776659764232228, 0.8098856950086316, 1.1917377935812543, -0.3299599586072181, -4.866292133343091e-2, -0.6246648475916426, 0.3434598960358493, 0.5107139238638017, 1.5518167568534507, -0.341547911164628, -0.24579251089667176, -1.5488832397325465, 0.7835277216780206, -0.38494550965308977, 0.30866975864989177, 0.531961817187153, -0.2986601302961272, -0.5922369460945538, -1.0803491485640349, -0.6056068629139233, 0.24574956062729147, 0.8051799291874765, -8.983422064840864e-2, 1.0368354008563765, -0.4449844525002502, -0.3663290716047251, 0.4928832625346129, 0.8013460259402037, 0.780870103431477, 0.3750129923130886, -3.524775541719068e-3, 1.1304961173272965, -0.4186057113367489, 0.9611546746282168, 0.755419712335661, 0.9423447084655491, 0.8149766551522772, -0.5895378735251953, -1.2525625232356872, 0.6300385214406642, 0.3915539695055037, 0.40937937069563846, -0.3663356419714408, -0.3686525747690738, -1.9571156625057617, 1.1369273317492343, 0.1874820890204473, 1.110860582756601, -0.17643196574173858, -9.950791013442033e-2, -0.1694328241895109, -1.735557037663857, -1.1765045491122872, 0.6992746836511238, 1.1676272400973664, -9.491183994469586e-2, 1.4823280138639927, -0.3116209579028393, -0.11058112426339917, -0.18416045820972, 1.1883168242684203)
