seed <- 237
log.wt <- 0.0
penalty <- 2.8115950178536287e-8
intervals.send <- c()
intervals.recv <- c(56, 112, 225, 450, 900, 1800, 3600, 7200, 14400, 28800, 57600, 115200, 230400, 460800, 921600, 1843200, 3686400, 7372800, 14745600, 29491200, 58982400)
dev.null <- 358759.0022669336
df.null <- 35567
dev.resid <- 225698.97768760673
df.resid <- 35402
df <- 165
coefs <- c(6.724811336491041, 5.605633112790106, 5.674370187626849, 5.290117980788872, 5.079205381905452, 4.90282041276715, 4.776291200032174, 4.637432698537721, 4.375573239720119, 4.26413639050996, 4.299494985397219, 4.172363017425564, 4.064298085089614, 3.9772304928986606, 3.7470939787140383, 3.549535183827401, 3.242087042748242, 2.9888543168550297, 2.490981678584119, 2.041121813859725, 1.669288343795309, 0.8420348207736593, 0.9479706297445932, 0.17794210376885874, 0.38013749563069604, -1.2306978048808503, -0.23176369330223695, 1.0921066395741381, 1.0317966687738758, -1.310327813488028, -2.710314946281641, -1.4842317933836144, -0.3072397335604606, 0.7443642747388259, 1.1518517620217728, -1.107867223869835, -0.13510523887062997, -0.9388402666362595, 0.12263667101195824, -0.7086384408173113, 0.8530766766942955, 1.0668756537469064, -0.866989245872127, -2.157078220727359, -0.7129479937327494, -0.632377550859119, -0.43601655552596824, 0.47449973402400414, 0.2445864367421033, -0.7537303194968409, -0.13171510102668488, 0.9884275407726513, -2.131618102480249, 1.7713601992295314, 0.8712393541194657, 1.0656623886138523, -1.8895848550431913, 2.753972067599161e-2, -0.7722403089921893, 1.0501481326190314, 0.6025658322629778, 0.94702414863862, -2.16057572605251, -1.4489227972682135, -0.8352425061314676, 0.12732289405184286, 0.6582372821442698, -0.4504252493098724, -1.00831870679245, -0.6876866642269114, -1.4105108883038255, -0.534767175698068, 0.5633419643628782, 0.9227270613881217, 0.7098680402506498, -0.6675618884153371, -1.1163343988936523, -1.2049324027847432, 7.103589376234735e-2, 0.6880854274129863, 1.1360694979926038, 0.1229888991443555, 0.186481210364396, -1.5696559734983835, -0.5024192409669866, 0.3960411102616845, 1.3035248410104023, 0.5848675899903809, 0.9019758988577605, -2.384136194471579, 0.5065698001414677, 0.5211720987575291, 0.6749604744379846, 0.33803093123791944, -7.756096215481519e-2, 1.2477908591614641, 0.14495032631069496, 0.4574420813467987, 4.283338365925555e-2, -0.519086723561563, 0.3789446855208792, -0.5654826624157706, 0.7971576929961675, -2.0717274697567966e-3, 0.1121023869047817, 0.8085911628241649, 1.0947126121025563, -0.8508930230400346, -0.6101930828408978, -0.9570259900851756, 0.5403785390362595, 0.8191395725647297, 1.537968229939376, -0.4703861134358957, -0.2607290340054621, -1.0329258710107787, 0.7520323368366619, -0.21364518049471912, 0.393920387110647, 0.5414652915628416, -0.4081409030022624, -0.6224876525412292, -1.136769946248051, -0.5477574228558447, 0.27709161866151855, 0.9696676194796853, 4.8302891350449524e-2, 0.9097000595984743, -0.5475617440449311, -0.4847212602500231, 0.18031440438552793, 0.9365196400093669, 0.7278339211972746, 0.3547635784675467, -9.066270571885193e-2, 1.237093824551792, -0.39267349930793155, 1.0897596113738408, 0.7679953711700039, 0.8837701755271765, 0.7124890362727822, -0.7390431249209505, -1.0965330851504498, 0.6693496291457778, 0.32363624306982136, 0.5510912025106768, -0.2350764357014006, -0.4785598974615982, -1.9659959309411854, 1.3335904969318768, 0.25036740279468206, 1.1212416810690988, -0.10184695461079368, -0.12607602864322182, -0.1623892056022186, -1.0345319941850608, -1.331193753895681, 0.8736928510268948, 1.2673221330810944, -0.35110799707379065, 1.4610106593066847, -0.42331128821775876, -0.1328724623196272, -6.289896907772823e-2, 1.1798462553397147)
