seed <- 245
log.wt <- 0.0
penalty <- 2.8115950178536287e-8
intervals.send <- c()
intervals.recv <- c(56, 112, 225, 450, 900, 1800, 3600, 7200, 14400, 28800, 57600, 115200, 230400, 460800, 921600, 1843200, 3686400, 7372800, 14745600, 29491200, 58982400)
dev.null <- 358759.0022669336
df.null <- 35567
dev.resid <- 227106.4797107812
df.resid <- 35402
df <- 165
coefs <- c(6.3049939948899985, 5.824804345248896, 5.717729415717013, 5.258719497804866, 4.99882143444037, 4.778610162415192, 4.734489100283494, 4.6611078914439865, 4.358437041591523, 4.222512149286012, 4.254754144811405, 4.138070594647648, 4.003002333755902, 3.9207661466643575, 3.701063324177192, 3.4860053443810775, 3.236404035954097, 2.9216085336906286, 2.404556093948527, 2.0487559808220532, 1.4658259590321694, 0.9037740332644943, 0.9194997261612583, 0.4171103314293432, 0.2051672582074271, -1.1315817783708546, -0.2627024389460294, 0.8759229620671484, 1.065331930199208, -1.6554520294456474, -2.157888749712911, -2.525291743646571, -0.33585606849661165, 0.7409539820898315, 1.291895714394297, -1.1388439644361306, -0.9936619205718445, -1.0909909726043476, -0.14097441439743066, -0.6115342337985241, 0.9432581457346033, 1.010953621322388, -0.43158043485495545, -2.0865646413799315, -1.3094452869137043, -0.5960820799704851, -0.7593318484852981, 0.28708355205166003, 0.3837963437889755, -0.9148975667102421, -0.3716563946488697, 0.8124530153912344, -2.304629807593614, 1.6687564026397743, 0.7987873233355426, 1.0692485252975952, -1.8392887202786516, -0.1322641795666669, -0.18433491903955024, 1.5232761158727552, 1.2598189853327733, 0.8952428903771876, -0.6403273944323431, -0.720844464499923, -0.5300870481348859, 9.324001267164045e-2, 0.6828320604108007, -0.41710797630209484, -1.2340626241143473, -0.5827992409254604, -1.8079643751215848, 0.2776025108653334, 0.47805267215644215, 0.9257761796707428, 0.6036416033698798, -0.5294512819514571, -1.470022338817999, -0.9838546609016673, -7.169608875700402e-2, 0.8496241263003333, 1.1890606625033229, 0.12031051652999879, 2.711393317922521e-2, -1.8668861142304605, -0.6602501567259387, 0.35225526034006754, 1.1409038147431558, 0.3230691573644962, 0.8157522471764385, -1.7839950395485404, 0.30075420312014595, 0.8974478425911971, 0.847282425321406, 0.29107167538647977, 0.22655260417335668, 1.38832621174152, -0.3160572566189842, 0.37807988305160223, -0.2307830523966623, 6.770742615775095e-2, 0.4200285426035828, -8.558934607835207e-2, 0.7477040443910837, 0.1565875908817448, 0.7823827436826485, 0.8273304587924499, 1.088218717744586, -0.7346499877530989, -0.16803269896438897, -0.7292444705357718, 0.3297737711669329, 0.5898236690435789, 1.556592205617251, -0.9926235764818782, -0.3739366402492756, -0.8870861690932452, 0.8163669398404872, -0.3152079902871513, 0.5101978022834804, 0.35144378778043145, -0.36457854472558254, -0.5912692825985271, -1.2715042701333612, -0.6506625631288179, 0.23056502463392567, 0.7597072803692186, -9.129283719564596e-2, 0.9907383506969483, -0.6364699626810731, -0.48482562650040895, 0.23295825304533888, 0.8284565172260459, 0.9044090747708143, 0.5177669933168402, -2.762045111198683e-2, 1.1166277568962841, -0.30921759072241867, 1.0250501178182339, 0.6495392745190378, 0.9086990579497252, 0.7928741023549205, -0.6948308034559598, -1.1711857905432816, 0.6170201372316392, 0.5269200900257086, 0.5408062908892193, -0.2701245778549078, -0.698428206082613, -1.9419247485504285, 1.1926014447992428, 9.684757825686689e-2, 1.2192958849719064, -0.345516179638174, -7.743074535699158e-2, -0.3736198177918266, -1.949939097779068, -1.255583846675411, 0.8480565731740459, 1.141373804641587, -0.574683237459164, 1.5243534378543944, -0.24879422716445085, -0.15006973326371442, -0.1755908482676798, 1.2726719684197356)
