seed <- 1036
log.wt <- 0.0
penalty <- 2.8115950178536287e-8
intervals.send <- c()
intervals.recv <- c(56, 112, 225, 450, 900, 1800, 3600, 7200, 14400, 28800, 57600, 115200, 230400, 460800, 921600, 1843200, 3686400, 7372800, 14745600, 29491200, 58982400)
dev.null <- 358759.0022669336
df.null <- 35567
dev.resid <- 226029.19589744348
df.resid <- 35402
df <- 165
coefs <- c(6.646451154755257, 5.6220893050557255, 5.714187279794008, 5.347551940179434, 5.116575143846809, 4.913839140323937, 4.73105071773182, 4.648407287921131, 4.3949079283900705, 4.287685630385501, 4.258937688887636, 4.173365440503246, 4.01744931972876, 3.9416092594954697, 3.756046374613294, 3.521286567110405, 3.2438641775212775, 2.96872601905607, 2.506670923332235, 2.0109502979343215, 1.599504325946042, 0.8664729662203872, 0.9657169022105747, 0.27624049690050523, 0.32982265534948896, -1.100560811502886, -0.3853480162017994, 0.8892993433130802, 1.030720487733477, -1.091127734053623, -2.6175329069283695, -2.1928545535084036, -0.5566477928080467, 0.7187321148791164, 1.3017993384054596, -1.1001315169091426, 4.4001800691305853e-2, -1.043263371445223, 6.482429565195145e-5, -0.777370832627834, 0.9244432190112304, 0.8588004594941543, -0.8479277741994621, -1.7305816731384986, -1.089064554502002, -0.6960483778740246, -0.5540983501921565, 7.505827655103425e-2, -0.24124227475803048, -0.7333670998995625, -0.7612583298510573, 0.8492987936434263, -2.1998684030865996, 1.6444927857310028, 0.7654039550984365, 0.9845221341591314, -1.9432750042179043, -5.185633139392637e-2, -0.20433446836100605, 1.0527513053729418, 1.1141997622611322, 0.680452488431439, -1.4576184034069, -1.0498410652761996, -0.49516882621904557, 0.42367256700242223, 0.7955023057564429, -0.3312338427961501, -1.4761707985047812, -0.56120908545141, -2.337826998377256, -0.6213836005711181, 0.33711292599866244, 0.9664171841571063, 0.7818605616319775, -1.0028829092690714, -1.3830406690668229, -1.721467686770695, 5.7402970858174376e-2, 0.6674054929468053, 1.2313704609887584, 4.222748774867684e-2, 8.63979842934351e-2, -1.0002646736016148, -0.6583595715642679, 0.3499281935637528, 1.308130601626672, 0.47803734289872624, 0.9079545076137606, -1.8558093916696412, 0.45680505897675516, 0.5095651138709053, 0.8779509727345449, 0.4036658954213785, 1.78315572964395e-2, 1.1421515784435285, -0.3230099104520711, 0.4538591756066075, 8.899226339107591e-2, -0.2822585629165536, 0.2608136792108867, -0.7378731106599171, 0.7730237067792352, 0.10796660355167503, 0.9717133504851161, 0.8763275102920007, 1.0875980870657185, -0.10174352720856733, -0.34050488282428487, -1.2382047362037125, 0.537526136970716, 0.6498379167723769, 1.578367865555178, -0.40481302376807016, -0.16019439780547762, -0.8887306074655883, 0.8875556915432695, -0.36204286026653415, 0.5099544903664586, 0.6657592282402944, -9.312917343232875e-2, -0.27832585224638473, -1.2648386860619931, -0.16822139929367685, 0.2678972733772618, 0.8745652959451976, -8.231411099507373e-2, 0.9409830876440762, -0.9415011781814445, -0.45198284610728656, 0.33245839118851, 0.6162873370820227, 0.8133901787785929, 0.5014934463289836, 8.692632589860896e-2, 1.0545021164401271, -0.35033068909277854, 1.0837354226111653, 0.7412125560394817, 0.818720090716365, 0.9250270336885545, -0.7053122891727799, -1.0434697600912757, 0.6417516104113227, 0.4508202203411831, 0.46388189539780883, -0.20942508336787943, -0.3202817959291013, -2.131500689013017, 1.2276733452911903, 0.16629228818659547, 1.0942843051326518, -0.13606644105084273, -7.89741842957316e-2, -0.16202717380488504, -1.6464765147112188, -1.4331017303893878, 0.977689487812092, 1.2749878050748955, -0.32011894775528976, 1.5897122439764448, -0.30184892915325556, -4.767365176671884e-2, 1.995384888703142e-2, 1.2491082598247552)
