seed <- 771
log.wt <- 0.0
penalty <- 2.8115950178536287e-8
intervals.send <- c()
intervals.recv <- c(56, 112, 225, 450, 900, 1800, 3600, 7200, 14400, 28800, 57600, 115200, 230400, 460800, 921600, 1843200, 3686400, 7372800, 14745600, 29491200, 58982400)
dev.null <- 358759.0022669336
df.null <- 35567
dev.resid <- 226137.56431084042
df.resid <- 35402
df <- 165
coefs <- c(6.315612714419557, 5.853216918438463, 5.746839923375589, 5.462168494339382, 4.949159591075642, 4.868137954756894, 4.737828377206802, 4.699278582227875, 4.406126674468253, 4.291871255030307, 4.336762702786912, 4.1563541183617625, 3.9887432295839025, 3.9723698816288397, 3.760646805035027, 3.5408732350204706, 3.244895155872159, 2.912644014806136, 2.506529897408026, 2.0756575412112594, 1.5646515713227105, 0.9150127158161903, 1.0749057761594525, 0.7163117317097324, 0.2555647056638045, -1.2125537828479445, -0.36686881789870185, 1.0367061485034503, 1.0206447779398724, -1.1625356062889183, -2.353024587207198, -1.9121260293323925, -0.27590077885723846, 0.7242792098171617, 1.3031503384853425, -1.2794771844688222, -1.0334759722345577, -1.352438271614943, 0.22098150648085674, -0.3151227519268352, 0.9115547455108626, 0.9843685691010428, -1.1580163190469954, -1.6746610694683985, -0.5988074201270223, -0.8541147922992505, -0.49069747700610467, 0.35733008676065214, 0.7011416161092212, -0.618209336472218, -0.5863135942717127, 0.7734439436439272, -2.7466882738635756, 1.8081821148705142, 0.9080239727283262, 1.059513972256371, -2.808165512004752, -2.783042690243598e-2, -0.5976470567143679, 1.3293493167878179, 0.9024728560138043, 0.6851401184790492, -1.3052994787281524, -1.1395602450334286, -0.5490023484587286, -7.994163214480902e-3, 0.7569985169654714, -0.4367922056034973, -1.3010995572704096, -0.49858381057480605, -2.243269994099011, 0.14108910383973003, 0.4423022081630551, 0.9018392440104717, 0.6376217400334052, -0.7734700691010455, -1.2520408565683674, -1.2509898685003589, -1.0531209791790971e-2, 0.6089507722116698, 1.182013377019783, 4.975524813894854e-2, 0.305213760834268, -2.3927837551747033, -0.1580434313407668, 0.340902456672224, 1.1701819754107388, 0.4968416206686619, 0.9488939879144795, -2.8058315735259463, 0.4914985608362467, 0.6126758102552149, 0.7227580309705611, 0.36725369401796, 7.537978224919095e-2, 1.3596101797074678, -0.16541071542216848, 0.4319028840653355, 7.160037936357361e-2, -0.37273974122727227, 0.17599009176248467, -0.18170204951001784, 0.7472251913868039, 0.13656954085050835, 1.1560255306872504, 0.8254555794299082, 1.1172316681880912, -0.530577864927811, -0.747721555371568, -0.7357718500118843, 0.3431894152844853, 0.7131502978281286, 1.6052762945309946, -0.7238786062599665, -0.25790474353647463, -1.0229608067648985, 0.8222458609295678, -0.4679250617134974, 0.3889205723424868, 0.7957488748178727, -0.7490149839768303, -0.24746929205135668, -0.9918351190364799, -0.3703473147727025, 0.32190422292555165, 0.9747938367857812, 3.1391750068852295e-2, 0.8309975752028823, -0.6457235036634181, -0.43665288772287736, 0.47995408364282155, 1.1433349114259932, 0.6739736077283435, 0.5171798134255318, -7.70598237735828e-2, 1.243698749105446, -0.21328484668481532, 1.1632733770827497, 0.7950298717486547, 0.8147541420334904, 0.6962739259646831, -0.5973610235935529, -1.2041327952467833, 0.8152409929412747, 0.2817445903998531, 0.5571545735367729, -0.25464860503623443, -0.9967824661977726, -1.7801526522122673, 1.4237838367010491, 0.13278654866944853, 1.1175582618321653, -0.1018743985732511, 7.1155558625252e-4, -0.20900865883550632, -2.4551763934192405, -0.403532925732222, 0.7323234428089183, 1.1384504221717704, -0.29581817149051204, 1.5569048572032742, -0.2214698672415797, -8.347755282141138e-2, -0.1344799634731483, 1.1522544449241234)
