seed <- 1094
log.wt <- 0.0
penalty <- 2.8115950178536287e-8
intervals.send <- c()
intervals.recv <- c(56, 112, 225, 450, 900, 1800, 3600, 7200, 14400, 28800, 57600, 115200, 230400, 460800, 921600, 1843200, 3686400, 7372800, 14745600, 29491200, 58982400)
dev.null <- 358759.0022669336
df.null <- 35567
dev.resid <- 226802.59131262937
df.resid <- 35402
df <- 165
coefs <- c(6.479628733054646, 5.991136282698159, 5.709923885270016, 5.20641240190362, 5.007368015020508, 4.847969826021226, 4.728926312814297, 4.650090689463008, 4.311020312433843, 4.293947230093321, 4.306070397792292, 4.1488825683654325, 3.99970350686606, 3.9661156892592566, 3.7461108948997466, 3.5398944454357535, 3.2590549324376927, 2.9303509366088076, 2.463191438870577, 2.024846829329085, 1.5621321893477655, 0.8564823441332143, 0.9781146248133674, 0.29716330653822354, 0.6676251466172626, -1.3140570971451575, -0.31579642424619897, 0.9213195630613025, 1.0151959328075988, -0.9934319963262299, -2.036091256597768, -2.184261801686804, -0.2413766795690008, 0.714859949688518, 1.3910143275095521, -1.0509386422514282, 0.17207352724462974, -1.1186400397269365, -0.30263769538138635, -0.38282998083351677, 0.8982166284125105, 0.7632926820888192, -0.8196915426587188, -1.7131687405904374, -1.3688948319023726, -0.6031351798184406, -0.8339368274594342, 0.4933958287834612, 0.3762836050598646, -1.115245089589321, -0.5119464948961789, 0.8036326649518265, -2.22121464682244, 1.728496453808138, 0.739637681891039, 0.8746533976836711, -1.6205367250697709, -0.15466535415196564, -0.8415611530976973, 1.1513277363266101, 0.847170227526951, 0.9767244204949797, -1.4865357099653387, -1.2321106036717222, -0.6231634107236123, 3.359772427322145e-2, 0.5957934861904975, -0.19261483368667587, -1.2586962773758066, -0.34175766530247464, -2.010109600419856, -0.4407728958738115, 0.45154586277196285, 1.0565147499155045, 0.7127744758185923, -1.08211955386208, -1.5005046759352354, -1.4593298260001624, 6.697685583782123e-2, 0.6534694498014851, 1.1821990425644622, 9.493261068917529e-2, 0.21408997607869168, -1.7376135701080038, -0.6997692796855999, 0.320813211663188, 1.204792195243387, 0.35196428268601787, 0.9554339148058367, -1.8824515029651485, 0.32098425572598926, 0.6805294875643619, 0.7546707315692125, 0.2684723485994948, 0.22783763481721425, 1.444371992936413, -0.1093014644980387, 0.3506908549710243, 7.832622977958935e-2, -0.35744430671807387, 0.5658284653403848, -0.23339722417747974, 0.6915970799503967, -9.043115242029638e-2, 0.6654846745483054, 0.8189744440360673, 1.0941150008160783, -0.4837422813236285, -0.8756525932669453, -1.1675506887529477, 0.5511766523823802, 0.6320087891517789, 1.5722204541067046, -0.831049442826597, -0.2126055305167369, -0.8592080335714195, 0.7672446235737325, -0.3504215540735904, 0.5158677648671294, 0.7121565675582173, -0.33933864750238896, -0.23364359770819035, -1.0404866236765933, -0.17498791948477552, 0.32083570200660283, 0.7773790884649043, -3.363185348441509e-2, 0.8196754650195104, -0.5457311473105632, -0.5071656229546941, 0.31638334118508676, 0.8356728895406654, 0.7562292518047578, 0.6813824166777422, 0.1148498449472164, 1.106228330879312, -0.3930128983768046, 1.0009160516092346, 0.7077317926963007, 0.9125449411528357, 0.7244957610217773, -0.7011934510792066, -0.9766492185273148, 0.60218637268757, 0.2353153362192318, 0.6003532025443915, -0.23998726278117216, -0.31145776906593925, -2.1187702718179646, 1.2326641697467875, 4.8378113073299894e-2, 1.126411126145493, -0.2308070264837194, -9.538286976636086e-2, -7.516587058274253e-2, -1.8232073048143052, -1.4821809722916912, 0.9626576566557264, 1.2354708127755971, -0.2742034970941161, 1.5289348061963324, -0.13668617769550123, -6.907908210767824e-2, -2.7599305411721828e-2, 1.1719478544336799)
