seed <- 503
log.wt <- -12.456957948113159
penalty <- 2.8115950178536287e-8
intervals.send <- c()
intervals.recv <- c(56, 112, 225, 450, 900, 1800, 3600, 7200, 14400, 28800, 57600, 115200, 230400, 460800, 921600, 1843200, 3686400, 7372800, 14745600, 29491200, 58982400)
dev.null <- 358759.0022669336
df.null <- 35567
dev.resid <- 226818.74881184704
df.resid <- 35402
df <- 165
coefs <- c(6.567954363470912, 5.927719419602245, 5.692479504408776, 5.252577579065134, 5.0504576840094355, 4.864714588683045, 4.819329072991159, 4.629139649317657, 4.352054467549988, 4.273218381746414, 4.295290159448507, 4.161475969521589, 3.9775185635869184, 3.9440986297598957, 3.7617986198050595, 3.5094251537330474, 3.2622804752407197, 2.9315701200567097, 2.5048572491628662, 2.056527483271738, 1.4929813330801351, 0.916089308801474, 0.9679174903737101, 0.2289191597134193, 0.6457303661579572, -1.1159542008351642, -0.21301860666556097, 0.9124492689888464, 1.0644636727844965, -1.208649056808984, -2.0732688296930113, -2.2768086490062944, -0.4138318367922023, 0.7715956527439415, 1.2330845197764702, -0.8704335796757817, -0.7294186080841794, -0.48089936001932815, -0.16538790050704996, -0.7980708815739739, 0.9291919217095093, 0.8363447379492068, -1.0203977014269467, -1.8439238224083376, -1.190001109024001, -0.884555905109044, -0.3148418702833254, 0.2278988481725058, 0.23637555411742459, -0.6605224795993437, -0.2669613981769986, 1.0590011255360714, -2.249635632516889, 1.6275114266685378, 0.7305525846320292, 0.8213472559171735, -1.8021974106367125, -0.10854609257262908, -0.6705133836157693, 1.1297562196674205, 0.856921819896673, 0.6402854295655963, -1.3239814817692754, -0.5309935438551417, -0.6808781573892561, 0.18764857944796035, 0.661031407639769, -0.8573835493728581, -1.1099606332990768, -0.6437863796124089, -1.8770756581425798, -0.40232978417452725, 0.5003816879310656, 0.886339902126214, 0.6886764016301473, -0.9549514634531906, -1.3861403744413234, -1.372854444907677, -6.335360306257819e-2, 0.7407199594760417, 1.1764288066415851, 8.188285621915664e-2, 0.4280458680622372, -1.751311285429103, -0.24462356488251208, 0.28242846021145224, 1.260182698755127, 0.6200352961710519, 0.7970882275897775, -1.4736957841710563, 0.47708380167439574, 0.7650603037781162, 0.7350588062297341, 0.3877191969212581, -3.4890171756543846e-2, 1.0726837676268826, -6.606052996807113e-2, 0.4333447228459162, 4.209066553858172e-2, -0.4334419118441838, 0.3197347114567335, -0.13954825412768068, 0.7397549661982328, 0.47536559954000746, 0.5410202918627884, 0.8386683012748767, 1.1216199692123132, -0.3704767513426604, -0.2974851259373399, -1.1708367367834187, 0.4689465788987079, 0.42972384091148663, 1.5259111592519807, -1.2383566525740781, -0.17809855463691343, -1.1213426505274833, 0.7179644053684199, -0.3694822784949461, 0.2890363628495485, 0.3820724672010266, -0.5815748352816003, -0.41866795391831674, -1.4832394213713953, -0.4812232825787047, 0.4189001132189107, 0.8116737365973409, -8.448229356155129e-2, 1.0698720237464074, -0.6234436649047933, -0.22057766489308636, 0.1833679125359716, 0.7722596215369804, 0.9081604264918809, 0.30786060716563396, 5.5376896421959726e-2, 1.0048583904658122, -0.4447281432767638, 1.0199553946104434, 0.6796933160451497, 1.0019797832600117, 0.7613728358501202, -0.652793780823363, -1.175291218855581, 0.6623921377936176, 0.34055808816968075, 0.56401414605984, -0.2797169645577946, -0.5583834493295945, -1.7691310739591821, 1.2379832513576754, 0.2159351279342588, 1.1622491135608628, 8.533490038052456e-3, -0.11621321445524688, -0.15045982015647683, -1.0814308210898054, -1.5689652786109782, 0.732607463180816, 1.2170325318033905, -0.26900338943847923, 1.4752235755721494, -0.2880129340417995, -8.44502217427989e-2, 6.286463203625178e-2, 1.1990560186660892)
