seed <- 368
log.wt <- -15.04161055859603
penalty <- 2.8115950178536287e-8
intervals.send <- c()
intervals.recv <- c(56, 112, 225, 450, 900, 1800, 3600, 7200, 14400, 28800, 57600, 115200, 230400, 460800, 921600, 1843200, 3686400, 7372800, 14745600, 29491200, 58982400)
dev.null <- 358759.0022669336
df.null <- 35567
dev.resid <- 226447.59773077318
df.resid <- 35402
df <- 165
coefs <- c(6.739130188143483, 5.6794321574297415, 5.697531425702695, 5.466083978515464, 5.040357993210842, 4.784396309874167, 4.769432390959735, 4.6151096756895225, 4.379542388964466, 4.247455152490964, 4.2814368087228205, 4.1454295060293385, 4.012820759028602, 3.9404012937123176, 3.7491562568922228, 3.5332242011237276, 3.224678558351322, 2.9415055271686588, 2.506203412235368, 2.019431359003155, 1.5588487822821162, 0.880324548547535, 1.0041487477214257, 0.5510800689431337, 0.5848959440263873, -0.7649879985235637, -0.22197148015567958, 1.0207126894503848, 1.0149580776931035, -1.7304467033852649, -2.5513397564008247, -2.407974236468953, -0.2098214785832652, 0.7743208941105717, 1.4282156019173864, -0.9706985434876396, -9.818716731822417e-2, -1.2748379308897138, 3.501512788056083e-3, -0.9918344538183591, 0.8925852823813508, 0.8830228551944355, -0.6609479621199478, -2.419110173159779, -1.1413829525782107, -0.8217723372662865, -1.0145410169582658, 0.3640623125817967, 0.4805284241037648, -0.6667093312894464, -0.22589752400278815, 0.8505606039485485, -2.3498832183234644, 1.7012243970770928, 0.9300754529249624, 1.0319812074667023, -2.1348410370118693, -7.773222998425446e-2, -0.25156054573236436, 1.569834517052119, 0.7629327499690862, 0.7545018462303842, -1.8493144108084105, -0.8448048553770188, -0.5166704817249534, 0.4900807917191907, 0.689243608498631, -0.5449387492469715, -1.7963638017687855, -0.6044569332537029, -2.2098608738618735, -0.15096546004037528, 0.6919491126498645, 0.9721766326734507, 0.7074499207009128, -0.8258804820615888, -1.4020915144780537, -1.5993342968432636, 9.645934084096233e-2, 0.6745385430443528, 1.2778007869480705, 0.1485104826026187, 0.18201787003207567, -1.7808919917676826, -0.701764905228334, 0.4165484616018593, 1.2346293673627842, 0.5230760021228199, 0.8641510925541211, -1.7396034390000061, 0.4602512450053617, 0.7957724494130717, 0.8775300844640603, 0.3987439053227666, 1.7218107024985496e-2, 1.419010528072602, -0.9080693410991157, -2.4263052074707286e-2, 0.12218164299152877, -0.3089438351754759, 0.17730897819053967, -0.3630302104743145, 0.693612853655842, 0.41516372781926014, 1.0524485770451826, 0.8807969760905472, 1.1620236091429612, -0.25810559940137073, -0.5565248262338729, -0.8223656275846232, 0.37374576778123914, 0.6860510569170875, 1.5651215745090834, -0.5931838605601688, -0.29459869174492637, -0.631274125495272, 0.7713806707109104, -0.29576978676711285, 0.6072919404026725, 0.4047692358713616, -0.8350498634726078, -0.4562821176684853, -0.9053807802605829, -0.8359928214868518, 0.3921069501595766, 0.8529910417820439, -7.371985517777845e-2, 1.0088210676432339, -0.6050866284149412, -0.4053168011045958, 0.32499154632768346, 0.7245563197107081, 0.8147621164537392, 0.5011950415174012, -0.16442506528819206, 1.1882481251687538, -0.4394460118659147, 1.05080328836157, 0.7129139924119468, 1.0167731596469705, 0.8178511722895913, -0.8454900967887014, -1.1708046652586963, 0.41263519665192366, 0.3812848814949541, 0.4991209626780209, -0.22610066642515247, -0.40518929473508186, -1.711944574366869, 1.2639003979931498, 0.10975702370349201, 1.175425086967699, -0.11367310506641053, -3.2158621509345085e-2, -7.914032075801337e-2, -2.285286584186589, -0.6167571253456745, 0.8659031133294003, 1.1515817153162242, -5.6002734953189026e-2, 1.5138038452714522, -0.2164242618646208, -0.1117072515976325, -0.11517795763025479, 1.2041577119655926)
