seed <- 436
log.wt <- 0.0
penalty <- 2.8115950178536287e-8
intervals.send <- c()
intervals.recv <- c(56, 112, 225, 450, 900, 1800, 3600, 7200, 14400, 28800, 57600, 115200, 230400, 460800, 921600, 1843200, 3686400, 7372800, 14745600, 29491200, 58982400)
dev.null <- 358759.0022669336
df.null <- 35567
dev.resid <- 227107.02763489576
df.resid <- 35402
df <- 165
coefs <- c(6.720683184543835, 6.001851877310913, 5.682987680988705, 5.273025412157844, 5.089207185453591, 4.915822329837, 4.776911857457045, 4.556065250421942, 4.381245849522177, 4.24213627346536, 4.280510604893399, 4.132611608560492, 3.966176940144671, 3.934039971380654, 3.7583293751622078, 3.520270980413779, 3.244855577361278, 2.9526522359476535, 2.489111628147425, 2.0372848360496, 1.6393184975078485, 0.8867326722505486, 0.9652400549085669, 0.5342570074600723, 0.6418274867470285, -1.301438233734167, -0.10470933953738676, 0.9363266591359044, 1.03295122116231, -1.515140015610859, -3.0932964114457806, -1.8472693240275915, -0.6671260862556776, 0.7421191580593576, 1.3191383841428492, -1.3268661732088387, -0.7497815731877447, -1.2403733842939815, 0.13243251396047745, -1.0061973794128405, 0.9281970202059503, 1.0659739548817222, -0.5865664821735737, -1.8983541026208333, -1.158033802593755, -0.7413352456404377, -0.43279947912764405, 0.6420660879649623, 0.1366495313675229, -0.7357694219904366, -0.5605184926306889, 1.030074599892448, -2.3081823361743923, 1.8067068824642494, 0.7757167756962589, 1.0888386209354708, -1.8187557160329684, 3.173440843877323e-2, -0.504906911033794, 1.4833345411503869, 1.6494594481247253, 0.8383107964123853, -1.3911607222169033, -1.0614403603715077, -0.6155387273212642, 0.22069339505943739, 0.5330042017633724, -0.22594624232099253, -1.2324987355963541, -0.5093683895297446, -2.5593805007397474, -0.3963862704400267, 0.6385672323587308, 0.9058582780421356, 0.7266242496254207, -0.6037312951737374, -1.348607400616872, -1.9044882152818032, 4.453685912084111e-2, 0.6540520088274632, 1.2074320489919586, 2.3661912607168163e-2, -9.551753292554412e-2, -1.7609311742977958, -0.24326332421556204, 0.4402877139197712, 1.1538684002095936, 0.5959529944330761, 0.7859562761128547, -1.6615485387101858, 0.4117412092043163, 0.6023423024159684, 0.8336834521397557, 0.3684323290553846, 0.37118762165597247, 1.1524402423208657, -0.5827356349980308, 0.44755445527379034, -0.176895543551742, -0.2725521391330429, 0.402378180338174, -0.42344037562744113, 0.8777747180691481, -0.2375162303124015, 0.6717407894200129, 0.8153436065869394, 1.0761859810008494, -1.0332631741866263, -1.1369571828205325, -0.8621092200793857, 0.4943534007001488, 0.731538401997855, 1.5217175051549245, -0.7121823424089379, -5.736129920313482e-2, -1.1378676862054817, 0.7988111875994152, -0.3293278838175184, 0.6168749366061593, 0.6489342205370309, -0.24612796089452377, -0.4685261081176258, -1.203720052523157, -0.13348497071307078, 0.3220057362887122, 0.9450317461881682, 0.12680977882382635, 0.9233636483861433, -0.49874533538936416, -0.4864227058827059, 0.4977097737804643, 1.0092506547362259, 0.8437167601230064, 0.5245458154890831, -9.718587907113429e-4, 1.0474146130613955, -0.35300349055848296, 1.158378832006986, 0.8159845023229076, 0.8906147125396183, 0.8280819282711377, -0.733226692606922, -1.2463470169790352, 0.6706701304985883, 0.471035176060921, 0.524201019294231, -0.23768041518436184, -0.8626559070022989, -1.8656733457613646, 1.2682104235168918, 0.18794473845370122, 1.1869778870565937, -0.17845166543430815, -6.834316952068785e-2, -7.385311289123532e-3, -1.6235060925348561, -1.4223899586655562, 0.9274582897842258, 1.1683778599392871, -0.40124521671419094, 1.497799361169388, -0.24819574647828777, -3.6288590631901735e-2, 7.64405325952853e-4, 1.213861934880035)
