seed <- 148
log.wt <- -16.436000967349948
penalty <- 2.8115950178536287e-8
intervals.send <- c()
intervals.recv <- c(56, 112, 225, 450, 900, 1800, 3600, 7200, 14400, 28800, 57600, 115200, 230400, 460800, 921600, 1843200, 3686400, 7372800, 14745600, 29491200, 58982400)
dev.null <- 358759.0022669336
df.null <- 35567
dev.resid <- 226054.22757514345
df.resid <- 35402
df <- 165
coefs <- c(6.33039678964024, 5.650129738958241, 5.600187839888348, 5.248251017347378, 5.092013467297174, 4.853764658749933, 4.742733676124375, 4.632826361229033, 4.346965326592198, 4.310441825271266, 4.293198560558897, 4.169365364360839, 3.97347895823807, 3.976404432205548, 3.7488634285391518, 3.52553464851487, 3.24621373366229, 2.948940635924643, 2.492455101006167, 2.0769185272069675, 1.674597186557657, 0.9456771186981561, 1.0456155764028379, 0.14460240730240234, 0.5151668549427493, -0.7759454135242979, -0.12481966598341757, 1.0162482002036097, 1.1371556348425624, -0.6459174590468549, -2.2993882667578838, -2.64559041910709, -0.1754876069074975, 0.7999233151522633, 1.197245539999249, -0.517657517044027, -0.9238654682287867, -1.1810243284482458, 4.873088567203386e-2, -0.6919519933502629, 1.0616207848618266, 0.7152260952974749, -0.7915514268737043, -2.778326570571249, -0.7567161375454163, -0.7828014379434832, -0.24606486293405017, 0.2800891465691769, 0.6760339754195808, -0.9538514538825454, -0.2810232426574029, 0.8918228675912411, -2.8671453344261173, 1.5854529250404317, 0.8259603194135645, 1.1460877648068437, -2.6156028645261764, -4.205433587330093e-2, -0.24876561330325753, 0.6572861414150233, 1.1103571407417325, 0.6528686929094809, -1.9127478331093077, -0.7866787770493414, -0.8671395939093479, 0.12632078639573227, 0.6568109975631488, -0.4091731914913836, -0.8080119668331985, -0.6713770781627246, -2.2743013256701303, 0.10312216054414838, 0.5838478215519202, 0.9879086709000015, 0.7575921802952426, -0.5825270361795826, -1.4053056932615042, -1.5210673400412464, 0.1594524281227588, 0.7788908078333481, 1.1343604590257768, 0.15202465310467195, 0.40933008986383784, -2.0338544738566267, -1.3289488597565997, 0.4602280615354116, 1.2543391385698894, 0.4347141632036968, 0.9331590224016462, -1.749952555892113, 0.4709638902161505, 0.8435959965771328, 0.6810844824977907, 0.3587788921263058, -0.4768423161030622, 1.266828386871369, 0.15605444546558642, 0.3749886368248314, -9.876223933181584e-2, -0.1437597815144392, 0.5424576648917053, -0.3980917606630962, 0.7408577970868868, 0.42183038223895725, 0.7414829918378424, 0.8307694934879416, 1.1386932770685416, 0.4180539047520851, 5.493767971182696e-2, -1.095725899661395, 0.4391732575659658, 0.5784805041949292, 1.6531183502774986, -0.535721357460208, -0.31463795892052154, -0.6496564872649183, 0.722265183844671, -0.32412981123681067, 0.5814432801613646, 0.6262587675991539, -0.3301995381349987, -0.12232474939015063, -0.8992863351936279, -0.576550839868905, 0.4184979979867314, 0.7838001111371651, -0.12116656527801778, 1.1145984781515885, -0.7060337329621766, -0.4098436790369617, 0.31411338720482723, 0.739747222882654, 0.8633694161209666, 0.39654134330294, -9.37362018828199e-2, 0.9335754283601387, -0.30088463608152594, 0.9724480934585893, 0.6891696225984998, 1.100267488187566, 0.6851284274221672, -0.7526609058058175, -1.4465041051198924, 0.714032756190301, 0.22009557321403853, 0.4008458840242128, -0.3222232266836316, -0.6911539471454162, -1.9051269911068323, 1.149992898713465, 0.10772067298075966, 1.3117927793923776, -7.626752817888942e-2, -0.10430622451010521, 6.0370724297905505e-3, -2.3985089032256592, -1.5968490410480614, 0.8554905554097532, 1.2327632827388697, -0.3822187884456937, 1.5995927935232541, -0.4824904369395413, -0.12419151015161016, -0.23431702875326957, 1.1737982923249977)
