seed <- 1010
log.wt <- -15.460088313565489
penalty <- 2.8115950178536287e-8
intervals.send <- c()
intervals.recv <- c(56, 112, 225, 450, 900, 1800, 3600, 7200, 14400, 28800, 57600, 115200, 230400, 460800, 921600, 1843200, 3686400, 7372800, 14745600, 29491200, 58982400)
dev.null <- 358759.0022669336
df.null <- 35567
dev.resid <- 225958.70490804676
df.resid <- 35402
df <- 165
coefs <- c(6.6156213497053935, 5.840606267131365, 5.8606784574657675, 5.159095107924636, 4.946127077726227, 4.896690686906134, 4.719681273962805, 4.635797507458954, 4.414857537213132, 4.2414144196574615, 4.336975147857214, 4.183462492218298, 3.98964598807131, 3.953285627707898, 3.735481162625457, 3.5459449105651273, 3.2929611555227893, 2.9420424580559805, 2.476521769891292, 2.002792314808316, 1.5768288857487909, 0.9032892247914016, 0.9776424501726442, 0.6379500206367934, 0.5628187341144565, -0.9117246460253984, -0.22808177780030253, 0.9213961448435292, 1.0486006442572688, -1.393451828549301, -2.708963035683929, -2.629848559980375, -0.25201334122160535, 0.7235102439104407, 1.254312565096741, -1.4031870562212334, -0.8680042916155658, -0.8991918827780496, 0.3366281964768043, -1.3941350347274568, 0.9660295534035745, 0.9253516654397138, -0.9434078481774768, -1.2152560497055, -0.8780944650118668, -0.653760051242472, -0.4665120488370253, 0.23662961654339723, 0.1292500332980142, -0.7552633682565241, 8.371701692321065e-2, 0.9602825128363325, -2.8088116418515523, 1.6941074089956125, 0.7905049597321736, 0.9817024329174071, -2.2427220384304305, 0.11318126669403526, -0.41269899127229875, 1.224419194070978, 0.7130751396396804, 0.8445020402088992, -1.6621345950095912, -1.673478382759319, -0.5905127905799604, 8.892889612098921e-2, 0.557316872973838, -0.42549389497448586, -1.3170105150064475, -0.6202973985531626, -1.3474956944331902, -5.9215167457723726e-2, 0.6250949239493157, 0.9066329404058291, 0.6954227043759647, -0.3500389625334862, -1.539073575096284, -1.4349957229659902, -1.8237864285197258e-2, 0.6893146180624653, 1.1999613576682344, 8.978114756671403e-2, 9.218338599879769e-2, -1.8689734397521784, 3.313306720498314e-2, 0.3041308297605793, 1.2795391028880359, 0.42738042215111294, 1.0371515239500047, -2.1411399022090825, 0.5395900895889961, 0.7311478723102419, 0.7560416326764362, 0.24251357971837567, -0.14920871566124996, 1.5728278452217943, -0.13306441865711557, 0.29059874853337375, -0.3389355079003811, -7.939207641288683e-2, 0.4150061006946453, 1.8976938757613113e-2, 0.9661602751161423, 0.1654359461515372, 0.5478085084778039, 0.8105855417405734, 1.052930092072799, -1.0384369325248404, -0.533200731560399, -0.8647100960663131, 0.4757551411720383, 0.7001766990643425, 1.6418805981779208, -0.6881868567503672, -0.14274683413773562, -1.5054991081339837, 0.814525373969811, -0.47294478935518275, 0.3316810402697902, 0.7905488965978795, -0.2772017520284767, -0.4105304916568672, -1.3437214550014127, -0.4016790910083572, 0.48411569193618076, 0.7829163659540928, 5.7782812310152705e-2, 0.9912882412091858, -0.34680445261977444, -0.43926525000375904, 0.13811556176591439, 1.0314148951769766, 0.736868715898909, 0.36513598835117206, -8.830142098599429e-2, 1.071264517871069, -0.31980586391176535, 1.0446584245110706, 0.7627176088301274, 0.9336706362246235, 0.7348624453166426, -0.6410163414698468, -1.2717311381021263, 0.8071278639129467, 0.10972714895097462, 0.39385103712980435, -0.34577899438300147, -0.20898432732170794, -1.9193644375786258, 1.259794735299362, 0.25811354435820416, 1.2050249990696484, -0.20042187102670647, -5.557717379719565e-2, -0.1992185070707899, -1.9311057362047939, -1.0984965691947735, 0.7365689003935043, 1.1358915892446102, 2.7207577996800424e-2, 1.5847841965986762, -0.1569601246037846, -0.11883058062524292, 7.851286684910688e-2, 1.1838673652079001)
