seed <- 339
log.wt <- 0.0
penalty <- 2.8115950178536287e-8
intervals.send <- c()
intervals.recv <- c(56, 112, 225, 450, 900, 1800, 3600, 7200, 14400, 28800, 57600, 115200, 230400, 460800, 921600, 1843200, 3686400, 7372800, 14745600, 29491200, 58982400)
dev.null <- 358759.0022669336
df.null <- 35567
dev.resid <- 225967.3552044444
df.resid <- 35402
df <- 165
coefs <- c(6.684511048758273, 5.802811770989299, 5.549925142588759, 5.27890601089219, 5.170448230183253, 4.855359052614052, 4.812990045312989, 4.640080289683912, 4.300898108432791, 4.277892745090634, 4.325292623408733, 4.1710527148836825, 3.997952411323626, 3.9649326853635034, 3.7572463500706235, 3.534372700719569, 3.2627486623227746, 2.93958788774824, 2.467762202548365, 2.0620690929707353, 1.703593793752695, 0.8619379074853396, 1.0768233410427483, 0.4659375891238882, 7.809946897050427e-2, -1.147667315960828, -0.23450575677878321, 1.0808533590090217, 1.0670275487585439, -0.89915435347821, -2.6301695673403445, -2.6631395795742727, -0.16870805737074426, 0.742895947109278, 1.2695138925863547, -0.9530257797311482, -0.5727013148989045, -0.43952476682913394, -0.31817266071476086, -1.0425411431493048, 0.991841424680651, 0.8958903479608903, -0.6494573888055423, -1.8168958112092997, -1.0446815450687421, -0.6116632654298194, -0.5749183829458074, 0.5798946926072389, 0.41166099108546444, -0.35330519380550035, -0.192387765023094, 0.9006069057144227, -2.610024922403054, 1.713853248429871, 0.8260410806434306, 1.0477332143271916, -2.255856246451451, -0.12234763210469414, -0.7943033729645306, 1.2948390982464104, 1.3710576848373806, 0.7452905124390057, -1.7717592606408126, -1.5749568709307833, -0.8859452768328699, 9.209738886073847e-2, 0.5298079523922187, -0.41812895832908714, -1.186428327155486, -0.6652227822425902, -1.5397880659753145, -0.3404900175256433, 0.6844352672894579, 0.8531591748931959, 0.8564372937644188, -0.35184920669599573, -1.1127446457394914, -1.268199014224837, 3.533738044000612e-2, 0.7423475940322938, 1.0742582914631131, 2.6789448404229622e-2, 0.3078338956154374, -1.9547187544415343, -0.2846526540430394, 0.4301906279164281, 1.3334376008896627, 0.609450620168949, 0.8705287381367113, -2.133508549092442, 0.5580492224101751, 0.6393295732983408, 0.789408754727304, 0.36253185170006164, 0.2882147979810753, 1.226455600301595, -0.9637284851219843, 7.5149741279601796e-3, -7.34591907281223e-2, -7.061252143295577e-2, 0.3343532842915994, -0.4124881642696817, 0.8351983110678588, 0.3514587704011737, 0.9583463017362401, 0.7952605354321144, 1.0755361767325304, -6.703483660451119e-3, -0.8685249105500786, -1.042026535286408, 0.5384789777147274, 0.7330543956799984, 1.5774008687659382, -0.6840185630872688, -0.22099435352827318, -0.8680616338645738, 0.7267090875602178, -0.2497446429545172, 0.31428979722700506, 0.4192826131638703, -0.38058977599841787, -0.50965996762628, -1.2439894873164976, -0.16982220371997941, 0.1465102917285227, 0.7528950739284119, -2.3821534327487875e-2, 0.9321589183067363, -0.463195545755285, -0.3709011259175805, 3.4492702516572535e-2, 0.9269065660926135, 0.7715432023510268, 0.3277173932362476, -2.084883916825535e-2, 1.1948321274854612, -0.32303850319316363, 1.0087491399597115, 0.7609389099521748, 0.9450345777960285, 0.7310991022474396, -0.6838804365258555, -1.2046648136829492, 0.6296338568487904, 0.4793548293713938, 0.3678715783454775, -0.15145016287534407, -0.9070804125885624, -1.5825389303319837, 1.3211388202413603, 0.1741908726708697, 1.1677435830013365, -0.30778885189390354, -8.565580495613298e-2, -0.2530299681331426, -2.2880119810256243, -0.7259543032928151, 0.7604395185498084, 1.2782192508767913, -0.40193504954028114, 1.5266301221387466, -0.38725537522867987, -0.19512088557517884, -5.958024818595969e-2, 1.1468370359612452)
