seed <- 602
log.wt <- -14.71192937425951
penalty <- 2.8115950178536287e-8
intervals.send <- c()
intervals.recv <- c(56, 112, 225, 450, 900, 1800, 3600, 7200, 14400, 28800, 57600, 115200, 230400, 460800, 921600, 1843200, 3686400, 7372800, 14745600, 29491200, 58982400)
dev.null <- 358759.0022669336
df.null <- 35567
dev.resid <- 224945.48908934975
df.resid <- 35402
df <- 165
coefs <- c(6.768765116343411, 6.033144416512345, 5.789842529099338, 5.45928191933847, 5.089850650186748, 4.980711732531937, 4.757470853347082, 4.652854062656194, 4.413900990927975, 4.338073630444229, 4.3227248871875785, 4.163866881366978, 4.0557218072772825, 3.975165153340593, 3.7652063433625385, 3.567403908697095, 3.238465963921349, 2.961433572485675, 2.5042979697950414, 2.1268434386240895, 1.5275278385451136, 0.902799297760957, 1.0365230903992941, 0.2888100061260295, 0.3088064032283309, -1.4301375400327552, -0.23960725771594676, 0.8900232606147931, 1.1039024959104986, -1.365526891129034, -2.1001920910341427, -1.975196902899106, -0.30184483500631576, 0.7211174205792744, 1.4128390606104464, -0.9139238962162883, -0.5308509959796146, -1.735028267301379, -0.11882999623129707, -1.2700902467679707, 0.9287033653986794, 1.0284774439933257, -0.7054537887653275, -2.124022542201155, -0.6019989808351297, -0.5792049916981261, -1.192147401825969, 0.2883074095107302, 0.25790445813681695, -0.49819553465427163, 0.2796536461547963, 1.0002288019636079, -2.5050187701182205, 1.7024524046682648, 0.7104783536865292, 0.9795439163139593, -2.3497038050872208, 1.2448176213436149e-2, -0.21602190452018524, 0.9229596725042077, 1.3060420075849104, 1.0374355778421387, -1.5440895323662267, -1.0874764967272625, -0.8458145385535034, 6.643227034436502e-2, 0.707912193618205, -0.34494669523101756, -1.7843993757727283, -0.9952038182482562, -1.8810826497199415, -0.2724535899800902, 0.7136236349880387, 1.129566051204528, 0.7503005821283609, -1.130762924272756, -1.0700063775709956, -1.1931965357551526, -6.131489441313981e-2, 0.7420073284985879, 1.2327984937902392, 0.21037820992115205, 0.24478886411952, -1.4154717488772415, -0.4446940577695475, 0.3971645970978949, 1.2938352723896973, 0.6688078021281566, 0.9389443237783929, -1.9091205692079354, 0.4113258391604643, 0.750306712225682, 0.7669998627119169, 0.3297388733358181, -5.906448149527204e-2, 1.1138735888981965, -0.8932151169357284, 0.3088249991607756, -0.24792782999106167, 2.8078087844059758e-2, 0.42812323476633507, -0.49315376784606435, 0.7892675020990794, -0.4142293386630744, 0.957370053305446, 0.8163692001629643, 1.1125343107852854, -0.33786117867545756, -0.40595749330421244, -1.1560502087754458, 0.5245820478914218, 0.6216804657378405, 1.5470404897468606, -0.7928513804381984, -0.3577997993522889, -0.9330137612473314, 0.8205719786345718, -0.22681031378086286, 0.49159275902733723, 0.6447142718598531, -0.44786537640931523, -0.3354242897546744, -1.6749290092200793, -0.428730232681279, 0.3100778442671194, 0.8597106620350822, -9.986024976854512e-3, 1.038892069902453, -0.5070676695377827, -0.4134814717610383, 0.23970133525699608, 0.771791077272572, 0.914509664856596, 0.674394482611898, -1.9017433609668226e-2, 1.1418953055196244, -0.469735765868902, 1.0210930236385072, 0.6856536306475857, 0.9897784856840434, 0.7878141952383125, -0.6658108762039341, -1.1156425396733949, 0.6090853906571414, 0.3212576093130554, 0.7165066902517482, -0.22562051375127237, -0.2296768655459487, -1.9242306787388228, 1.2671908250113801, 0.14069849144594582, 1.194235220971706, -0.26923950610508385, -0.11233970628116478, -7.402044296408494e-2, -1.6998310030796464, -1.0995607377093395, 0.8909434423495353, 1.2216500243212358, -0.20397695781287656, 1.5580143769822983, -0.19150748531467385, -0.210589412116047, 9.664550664527372e-2, 1.2486995886637555)
