seed <- 393
log.wt <- 0.0
penalty <- 2.8115950178536287e-8
intervals.send <- c()
intervals.recv <- c(56, 112, 225, 450, 900, 1800, 3600, 7200, 14400, 28800, 57600, 115200, 230400, 460800, 921600, 1843200, 3686400, 7372800, 14745600, 29491200, 58982400)
dev.null <- 358759.0022669336
df.null <- 35567
dev.resid <- 225947.47483662967
df.resid <- 35402
df <- 165
coefs <- c(6.614368774275416, 5.842825936828948, 5.643344557902648, 5.397650387258159, 5.10955193692428, 4.81893003193757, 4.759163986161896, 4.672169575809009, 4.378972953488798, 4.182145181843326, 4.22837204277841, 4.176413438850295, 4.006998274308351, 3.9328937078144444, 3.7492645015946966, 3.526560853968461, 3.2405161826069833, 2.962749856940785, 2.5080499859961667, 2.045686802034152, 1.5816311696793455, 0.8866586146758239, 1.0243512143970401, 0.21279895235544616, 0.6327956878318343, -2.001046234438278, -3.991487530231344e-2, 0.8561738816722133, 1.0527410170447278, -1.05104716742004, -2.9629173953605923, -2.4135537905785465, -0.3897627204960968, 0.7213990398613087, 1.2289971294708453, -1.3721987074249846, -0.23143004536151518, -1.1194467277745888, 9.335411608699656e-2, -0.4350608615371012, 0.9841775178282177, 0.8320182806490622, -0.7132078981390155, -1.7921418443844888, -0.8766599035637455, -0.689838689233865, -0.6901510499245109, 0.5519232008996248, 0.40546929769104667, -0.7035719660277443, -0.2291528361324182, 0.7406939866378242, -2.4029932230334174, 1.6281549435758924, 0.7518077867385917, 1.1308939910969538, -2.0573345780028047, -0.13619102145979178, -0.37789458312552393, 1.3243382511331834, 1.2981902358505994, 0.8032844914600824, -1.4839872809326187, -0.5705279812282571, -0.8259404675368412, 0.1905204843812531, 0.7272103076382008, -0.5114625580429139, -1.0202478311937155, -0.6071595894436332, -1.0479241064123803, -0.43890560837307735, 0.3532015690143056, 1.0698170322078158, 0.7046984092178967, -0.8595022184590931, -0.9724237055941694, -1.3792211466912558, 9.914498813758338e-2, 0.8153343154488996, 1.0000847889197086, 6.482629627068619e-2, 0.10309215907194255, -1.2455090941982638, -0.5456940723776308, 0.5404153032796599, 1.3090726154500287, 0.398724183221744, 0.8855856551964488, -1.751844035994366, 0.5862986771649817, 0.6843207000043665, 0.805629623669576, 0.4931878514604577, -0.4930191581315299, 1.3433928652986502, -0.387616252404908, 0.24618574631409523, -0.13669855670554776, 0.12388763147715585, 0.3895444292673, -0.6509978637444364, 0.7730638906677422, -0.36604043104904566, 0.6691146058243551, 0.7951581023387222, 1.1095052987579732, -0.5695642713713976, -0.4302238145132736, -0.817303934550287, 0.4266688036449915, 0.5313256684350843, 1.6117254396460674, -0.43764443436930056, -0.15301112809970338, -1.1178147854896874, 0.6910038888043812, -0.35003548844015686, 0.3399461772968591, 0.2456922355354228, -0.9054247269535282, -0.24888965366429866, -1.8986316769211375, -0.9231394264525535, 0.2316295729234456, 0.8626362223439563, -2.1111295360990382e-2, 1.1082084527629041, -0.38700213237480385, -0.47449199020940697, 0.16926994994465108, 0.7632701733571693, 0.636232543464245, 0.5209599511855776, 5.559140876651422e-2, 1.0050299995609238, -0.3806825817503772, 1.0501426936560225, 0.7415096548711821, 0.9988670377094493, 0.7287520392225746, -0.6417470159139397, -1.2635361976332145, 0.49309681917073794, 0.2702386862030581, 0.6763567239536745, -4.606651333574906e-2, -0.4945112180528787, -2.1561461027190365, 1.1962394922105346, 0.24005458533992277, 1.274890171290815, -0.34189502424169377, -6.176610990643647e-2, -0.10263683371209173, -1.3083348163825017, -1.0957391084442483, 1.0332392680542415, 1.245066386163307, -0.37309364527502703, 1.5827824487275608, -0.48895746859748357, -6.884217359783906e-2, 0.18849874123132782, 1.1783172434322042)
