seed <- 598
log.wt <- 0.0
penalty <- 2.8115950178536287e-8
intervals.send <- c()
intervals.recv <- c(56, 112, 225, 450, 900, 1800, 3600, 7200, 14400, 28800, 57600, 115200, 230400, 460800, 921600, 1843200, 3686400, 7372800, 14745600, 29491200, 58982400)
dev.null <- 358759.0022669336
df.null <- 35567
dev.resid <- 225604.01248283475
df.resid <- 35402
df <- 165
coefs <- c(6.60967177813006, 5.986436006458052, 5.812139435761789, 5.333837939497236, 5.065567948056755, 4.840164611943098, 4.833094926177154, 4.6089118835110945, 4.395016168379256, 4.254805510274704, 4.363086815356536, 4.181260076137773, 4.044918913465109, 3.9720509063590166, 3.7738583522144666, 3.5695173403428533, 3.2581426201045374, 2.9657655432390477, 2.5205987305759403, 2.112632135788455, 1.7137567803074054, 0.8831358822366714, 1.204219921056379, 0.2362015020113417, 0.2995962098926864, -0.8406709608250293, -0.6394511801470152, 1.0877561399272095, 1.0233570525685263, -1.4709539528264886, -2.4908244573610023, -2.035057600638738, -0.3625239788989951, 0.8147507730999873, 1.4062631366901106, -0.8844151995427, -0.3686679422313916, -0.6043595458143958, 0.11473326461315159, -1.214518369197216, 0.8535017822834057, 0.7909833373482472, -1.006619548496629, -2.15352047902047, -0.9936172250425119, -0.794842592235139, -0.7362396566747351, 3.836613725157014e-2, 0.4690987770287288, -0.7482304277013441, 0.25768484739581493, 0.9329303106342473, -2.082009079003512, 1.7952589402857653, 0.7152436211153174, 1.001270969756375, -2.3024604788392087, -3.408669177557247e-2, -0.8743762650524567, 1.4366612197230262, 1.0563815939502346, 0.6417901917607398, -1.4644259486277647, -0.8341329119414403, -0.6653627101991976, -0.11024737320240253, 0.6988653643865025, -0.2941089649304871, -0.8889485318843008, -0.5314488173331424, -2.100234540572873, -0.4638500881804038, 0.477866585586815, 0.9056999343043369, 0.5850037056961047, -1.1770010375130338, -1.4975307400907782, -1.4186183224684796, -3.151444585453184e-2, 0.568620725457906, 1.0752670751359419, 9.353948046963007e-2, -2.0488596544945115e-2, -1.570563340876364, -0.7080674921500612, 0.36897807681569855, 1.1379883422178292, 0.2425830813568401, 0.9626959572540041, -1.236782397624697, 0.4862706649958224, 0.7054915651722836, 0.7601716828261266, 0.2943542945621538, 0.14243766170101768, 1.0783959548477846, 0.5669214376778181, 0.2667239269182594, 1.6005388688649452e-2, 0.47060148427478954, 0.3893842748967061, -0.498597549851568, 0.9487955156296265, -0.16251368418251974, 0.6891876346938473, 0.8164748007474278, 1.1738398879007952, -0.32291038899315594, -0.7445363562372983, -1.0860279204724295, 0.29868303392103973, 0.5254709395391585, 1.5470932134390616, -0.5185751390503892, -0.32847187274393863, -0.7056463253028511, 0.7297899269381323, -0.43518513654250873, 0.5078905569207754, 0.5612184086722505, -0.9876730918094174, -0.4742984005743859, -0.8683093754484656, -0.3534268608774609, 0.4245512769030321, 0.7446273109702591, 9.954185643708499e-2, 0.9325618416770558, -0.4404774581059553, -0.28096293131222777, 0.36178380024021123, 0.8582066276319995, 0.7137300997430109, 0.3511673170153662, -0.24784732348502417, 1.1341675529948108, -0.30039756902737724, 1.0647812453834915, 0.7898759664155014, 0.9089764068198593, 0.6837676798699217, -0.6019709025602671, -0.9262380637097456, 0.6720397607907003, 0.3987078836859031, 0.43640112911811324, -0.34518842221554136, -0.5294922804649009, -2.118324684888735, 1.253712649077671, 0.19519881235163117, 1.1169615698681705, -0.12324588636578317, -0.22375815935716623, -0.1388578419545533, -1.639350593336058, -1.1733577051370265, 0.7828266794551524, 1.1551236673911793, -0.2849380487329851, 1.4630412258648686, -0.3955887480413993, -7.636147687542794e-2, 0.11696397532341886, 1.1730895596727835)
