seed <- 509
log.wt <- -10.77796466164969
penalty <- 2.8115950178536287e-8
intervals.send <- c()
intervals.recv <- c(56, 112, 225, 450, 900, 1800, 3600, 7200, 14400, 28800, 57600, 115200, 230400, 460800, 921600, 1843200, 3686400, 7372800, 14745600, 29491200, 58982400)
dev.null <- 358759.0022669336
df.null <- 35567
dev.resid <- 225661.4278945938
df.resid <- 35402
df <- 165
coefs <- c(6.755151162886549, 5.687952829640787, 5.55499343208973, 5.192982055007059, 5.043353704621672, 4.891583023412786, 4.7799767183106825, 4.569684225377334, 4.374593025808527, 4.319555560695827, 4.337610503409011, 4.193004267160605, 4.047114685741194, 3.9605102362340405, 3.7507153996006397, 3.532767937130864, 3.2632925367969325, 2.916095073684626, 2.477598006987083, 2.044783355947162, 1.688810871966422, 0.9250459534090494, 1.005946094729429, 0.4659636134293626, 0.3339175344316574, -1.4344845223524094, -0.17857235456947185, 1.0444141885442788, 1.062016871810883, -1.4908585744746563, -1.8755871638965174, -2.016030810447977, -0.3029073618565976, 0.7990305344655425, 1.2915890050661434, -0.7374805786011115, -0.33523518204260194, -0.8118668313539997, 0.11515953486969306, -0.37208295135773684, 0.9025981342150721, 0.9323548862738367, -1.0199619383818617, -2.213791239147257, -1.254378791584207, -0.6525188903430926, -0.29630659685043625, -0.21236337513361395, 0.10254582824839624, -0.5542123028081889, -0.6879258099446335, 1.0866306462956234, -2.5136104120699363, 1.8000434753993602, 0.7712513332103802, 1.1216377720532429, -2.264632016261392, -0.22816308961060144, -0.8556109217564873, 1.3964187262464731, 1.2947429663089982, 0.8084270455761462, -1.567232166405214, -1.2726241815263046, -0.5918007754065697, 0.6164091407453749, 0.5680856193272085, -0.3444276735716561, -1.5074897771164861, -0.7172974430250125, -2.051889489599256, 4.2215018857034416e-2, 0.5502988117169725, 0.9366264645384161, 0.5888209819020748, -0.9101440461190035, -1.0667419768085744, -1.8600382644051614, -0.10204378583763918, 0.8451629138759255, 1.3655202213109308, 8.956425460588689e-2, 0.19018252968893692, -1.974160587341253, -0.47925333425309935, 0.498700755435237, 1.239983280823364, 0.37937576736357687, 0.8397263083240623, -1.4810169850761008, 0.4325980848192379, 0.8582863802382761, 0.9529454564689616, 0.25899128327847404, 0.3372159482923453, 1.2234467078687397, -0.3511287385884884, 0.539411923458393, -0.10718620270687973, -0.595900406351471, 0.4932757699268331, -0.7865698996866898, 0.868291494314044, -0.4347588543822229, 0.76789566155941, 0.8321334308685092, 1.0930601850184496, -0.44228134927038876, -0.8498186692011407, -1.1762715733914315, 0.42301260592736506, 0.6784889097937641, 1.5499310884732431, -0.739201117899641, -1.908602459007844e-2, -1.6102870343278624, 0.9036258830781865, -0.3593962153731302, 0.381851772185492, 0.4417348685989303, -0.4044904266107674, -0.6009773566344346, -0.8627260587280188, -0.23172802254852978, 0.18820337946068194, 0.9171877347059821, -0.12152403384735815, 1.2111421797101398, -0.6921370808472287, -0.40700221290942884, 0.37585424913135235, 0.6501082157574375, 0.8499872994256641, 0.48237439559730144, -1.7787662578499e-2, 1.0622942586969397, -0.28428832334070375, 1.0877395949455586, 0.6412463029487365, 1.095305096242704, 0.8708576721862155, -0.5692484727055359, -1.2436751183522232, 0.3362723770446574, 0.28929826945398535, 0.428353833868488, -0.17475579037452488, -0.3750663898153028, -2.1158031365903796, 1.4305568864161216, 8.687961243357362e-2, 1.3668690103210426, -0.12216878898545531, 2.8860867339379464e-2, -0.22821765755377818, -1.1898736374562766, -1.0008643588895683, 0.8839181680664883, 1.2292096417847191, -0.4936577729758566, 1.5364930720055017, -0.4266068769440628, -0.2301495004996622, 0.12089225943568535, 1.2828689220476044)
