seed <- 301
log.wt <- 0.0
penalty <- 2.8115950178536287e-8
intervals.send <- c()
intervals.recv <- c(56, 112, 225, 450, 900, 1800, 3600, 7200, 14400, 28800, 57600, 115200, 230400, 460800, 921600, 1843200, 3686400, 7372800, 14745600, 29491200, 58982400)
dev.null <- 358759.0022669336
df.null <- 35567
dev.resid <- 226100.96916229834
df.resid <- 35402
df <- 165
coefs <- c(6.634390113860746, 5.906714594161597, 5.66459214497118, 5.371460660025191, 5.151939176302113, 4.932869083674193, 4.770638058664423, 4.646242205750109, 4.392972598016802, 4.185047503814136, 4.290367143951882, 4.186521444449928, 4.010583680123252, 3.9332028168575217, 3.755002181461467, 3.5303504948654796, 3.2278942510914588, 2.985041083959296, 2.5169621487309994, 2.0149799304813643, 1.6226976841663876, 0.9062377645410954, 1.0206295888938908, 0.3880866172897564, -3.4701288773568996e-3, -1.6155087435263484, 1.8430433231629503e-3, 1.0013152024135719, 1.1205697968422657, -0.837464347524156, -2.355146090049435, -2.2280293586689717, -0.5601363334076703, 0.7109857898428334, 1.2922915436793363, -1.1135074793821231, -0.8317035576452882, -1.0349913356813163, -4.002621397262541e-3, -0.783208155247794, 1.037000341282141, 0.7874578842251836, -0.9387660404267696, -2.1844731056058, -1.0030084993497728, -0.5914485860352968, -0.41559925871704056, 0.3188830042818849, 0.600160338736926, -1.1911716194655508, -0.6676365300739083, 0.7730413664741576, -2.899130284713812, 1.591121079925574, 0.7310031048642501, 0.9006804833554836, -2.149118799670936, -0.161294068963212, -0.36703777146823735, 1.3038994012981568, 0.8770826726694009, 0.8453917155663156, -1.7760588110044766, -0.8668712965058077, -0.5967281306725737, 0.1782211599426249, 0.5033834672177443, -0.5128136530858046, -0.5167089904197454, -0.6326135271389448, -2.0610780747075848, -0.3134445409892081, 0.4021288864046346, 0.987532620343917, 0.8332207999607457, -1.132514894931096, -1.517523456231989, -1.0901404274347688, 3.7070189497485036e-2, 0.7394412084370385, 1.1766483071130658, 0.11947086703828323, -0.2302024551082227, -1.6314725924810725, 2.7368243895361688e-2, 0.6303574986200059, 1.2742898868729537, 0.42363611683333285, 0.957262718532209, -2.681191696522717, 0.5585297838715058, 0.692129370061482, 0.7197655768558332, 0.31066479084767734, 0.20334568036329784, 1.347303601388072, -0.12677342370210942, 0.3236212143856751, 1.6571346892951956e-2, -0.6123606147685359, 0.3704864651355127, -0.3207317138445299, 0.7905840553598942, 0.2889986527988445, 0.7952515816443672, 0.8375256457405935, 1.1092942673874993, -0.6570308501126388, -0.2694682393923007, -0.590404058657832, 0.5114674653994107, 0.6374498991271341, 1.670432556015069, -0.4970402897356125, -0.19989701766172388, -0.8360210626398198, 0.7556862650018042, -0.2930767647193459, 0.4554273897278621, 0.5104972421032941, -0.6716663148100147, -0.4352786673325506, -1.0889172338022446, -0.3855038002701092, 0.48049648283969315, 0.9431667491739721, 7.132736576124314e-2, 0.8897419810368388, -0.9041379621589911, -0.3735140514600817, 0.31212621929450474, 1.0434455869857506, 0.7820520209750185, 0.5404141611246056, -0.12938285837987218, 1.1116204478315888, -0.28785767296121306, 1.0712181882398184, 0.7140427477486708, 0.9032567447836753, 0.7187056597109291, -0.7412771484446088, -1.2139275080581269, 0.48456538450884235, 0.2789575395395743, 0.617170616934652, -0.17785611347619565, -6.16160176421637e-2, -1.955997427179139, 1.2458964220101527, 0.21544954751390963, 1.1566912797276585, -0.18186850728526968, -9.166071124935754e-2, -0.10526962128712088, -1.6812253748907415, -1.064668037793866, 0.9228665976884018, 1.2064616256847387, -0.10498825331428492, 1.6209886111119596, -0.39051300845552184, -0.12758111369674663, 0.19039745979943457, 1.1489217019663425)
