seed <- 904
log.wt <- 0.0
penalty <- 2.8115950178536287e-8
intervals.send <- c()
intervals.recv <- c(56, 112, 225, 450, 900, 1800, 3600, 7200, 14400, 28800, 57600, 115200, 230400, 460800, 921600, 1843200, 3686400, 7372800, 14745600, 29491200, 58982400)
dev.null <- 358759.0022669336
df.null <- 35567
dev.resid <- 225528.5965405326
df.resid <- 35402
df <- 165
coefs <- c(6.498956561332859, 5.875402976907544, 5.83633696115089, 5.432231625022697, 4.984163071662613, 4.716364210369243, 4.845384890558986, 4.650430064672161, 4.37906065589004, 4.301880545136655, 4.269903752042241, 4.209537258932613, 4.011267420137491, 3.998738429336044, 3.7900164316398253, 3.5449902970231477, 3.2468211900237236, 2.9606321363630514, 2.5420046862358325, 2.0519342814548227, 1.6168311671658817, 0.8853083008110848, 0.976685305556472, 0.2793806334156462, -0.5099043599421939, -1.2720572337988825, 8.7505152363926e-4, 1.1017017169620125, 0.9721274698382284, -1.0862449452152987, -2.4293996920168954, -2.2323359544992756, -0.5035664305398935, 0.7026550616762691, 1.2940890667290248, -0.9230413213799741, 0.5356544446073557, -1.1839909331755956, -0.31786774126459555, -1.2425150655215493, 0.8846068595839623, 0.6390184193657067, -0.8896049117871262, -1.9775160463573995, -0.9529123774461608, -0.8210886293331445, -0.32511151344848693, 6.965519691236396e-2, 0.5546679546082026, -0.6756012446994817, 0.32725466063988146, 0.9230826521518263, -2.1111180702904297, 1.6149000598424423, 0.8489652298161139, 0.8985015217726849, -1.9012588377142188, -0.12655120862720579, -0.5513167797325277, 1.442416787980426, 1.148937710601844, 0.779691361076233, -1.93326014796539, -1.5004830756613343, -0.5648147814975482, 0.17270249693149708, 0.5652077273434155, -0.4048275460588329, -1.0353663604227177, -0.46592180396936655, -1.6542241656668144, -7.063186581686063e-5, 0.618312760131898, 1.017539857129146, 0.8360436278836499, -0.5913298605467063, -1.5652907679395902, -1.0023512113705286, -8.684542406075564e-2, 0.6018000112889345, 1.1293213281527343, 9.062575612402339e-2, 0.23152394834833934, -1.6818779563091728, -0.16092864115906513, 0.3704027993769754, 1.2713532956970823, 0.7913584014481942, 0.7423674546871143, -2.227512656195307, 0.5115119748577206, 0.6042907853471207, 0.6838285626821413, 0.3962916477064637, -7.005686053310561e-2, 1.3543537366500853, -0.8267045842172346, 0.4485999020138859, -0.1780985497070502, -0.2539237724717414, 0.5278146353400424, -0.8939163950411052, 0.9269445613950787, 0.2564669265847097, 0.7514171146935873, 0.8457979839427346, 1.0436195553840937, -0.5502780181347356, -0.5529702562451608, -1.1205835500324761, 0.458662095309918, 0.43656222108715276, 1.5628522644887493, -0.27491398054003807, -0.36876329139982283, -0.7700096257111897, 0.6755117927251276, -0.3518994106834648, 0.26388741843720837, 0.5109679976098795, -0.8062888453944008, -0.3458788283500591, -1.4710375981569208, -0.45793149327478977, 0.36957185730604264, 0.9021867034884179, 2.650658518723296e-2, 0.8855187952881846, -0.491761172827619, -0.3367827545409555, 0.16252502597057897, 0.8139169587223671, 1.0191085419991281, 0.3886769114034454, 4.8846577709344696e-2, 1.0954584208037546, -0.39031549541012295, 1.1011969125232264, 0.7232212558198168, 0.8914534124208295, 0.7104354944989357, -0.6754000056446066, -1.0795925940261142, 0.4057329323603627, 0.6722580971255103, 0.6782868808780401, -0.22151777554559016, -0.23321749910321524, -1.9004932319636954, 1.2856680637344495, 0.20463996255001488, 1.1280332247324631, -0.19981175799860956, -0.14303493746176021, -0.2920284070186596, -1.721156315961458, -1.6921428221158834, 0.9149140781787666, 1.1787465038759148, -6.87626458735723e-2, 1.472691805857156, -0.23073346752347657, -3.2383977704719576e-2, 0.1186244951915696, 1.1341626441966277)
