seed <- 1009
log.wt <- -14.904973683513646
penalty <- 2.8115950178536287e-8
intervals.send <- c()
intervals.recv <- c(56, 112, 225, 450, 900, 1800, 3600, 7200, 14400, 28800, 57600, 115200, 230400, 460800, 921600, 1843200, 3686400, 7372800, 14745600, 29491200, 58982400)
dev.null <- 358759.0022669336
df.null <- 35567
dev.resid <- 226544.13911640152
df.resid <- 35402
df <- 165
coefs <- c(6.6701023691387755, 5.84314625697074, 5.698422914000763, 5.289170973907639, 5.066605924868616, 4.844746585699839, 4.827684838525739, 4.642581615190325, 4.419940004387695, 4.178313653533076, 4.315485714255943, 4.120025799944396, 4.008801038172849, 3.9322738170529776, 3.7579745748298943, 3.5101072510880766, 3.255878258736191, 2.965749844996026, 2.468057461017685, 2.1024242895857874, 1.6382575335113565, 0.8877706753561202, 0.9914442073723534, 0.12581789386036732, 0.43129982457703975, -1.145989468029587, -0.15657981504113477, 0.8340033579917473, 1.026986249360438, -0.8942080100568743, -2.314866519786344, -2.574934428046691, -0.4111317982015258, 0.7172512180308799, 1.3246570999130334, -0.891628446668787, 0.27006843432055816, -1.5419743238537695, 2.9910175788960595e-2, -0.41645439691612385, 0.9095137240723824, 0.33004854640597836, -0.6555088355023133, -1.5860623697083183, -0.894270754049204, -0.861741637563942, -0.9624929678431479, 7.33403066416471e-2, 0.2110286156613649, -0.7443265530684062, 0.16159427996893486, 0.7061560231377197, -2.5298042730749386, 1.8212336086992587, 0.7696701588484364, 1.0177159206873383, -1.8635510256916459, -0.11435859570510047, -0.8821843937786187, 1.47326061191929, 1.0349669982432688, 0.7982991443081133, -2.008577757803887, -1.5361247788377455, -0.5493795855170758, 0.28180055092998735, 0.6391681067558881, -0.2626496202842674, -1.5971449722341757, -0.5225897982832821, -1.8239494930585758, -0.38117786372849394, 0.5018771231581944, 1.1163327844127604, 0.5623016378740496, -0.6741094177506015, -1.1347730745654183, -1.4624575276408853, -0.13274972489410752, 0.657062291511208, 1.2191852068135431, 5.235953794764695e-2, 0.14498202319605866, -1.628068185916484, -0.574112295507125, 0.4169475177397798, 1.1776014484379385, 0.6651065344938967, 0.8868505213625978, -2.184391499012577, 0.5559830664379596, 0.8381880590574288, 0.8619948161585155, 0.4721105950785679, -5.422618879740306e-2, 1.3623298622977622, 0.29669123616308446, 0.11618867970876222, 3.112132977888462e-2, -3.858028448312373e-2, 0.6398397786305529, -0.7055772725074216, 0.833961013451488, 9.456616048386983e-2, 0.7287643483851084, 0.8784707086311844, 1.2126491129819086, -5.782364477676498e-2, -1.13597596185462, -0.7531409887050943, 0.37731368666979337, 0.6987014891235415, 1.5450033068838978, -0.464521504507415, -0.32349435656286796, -1.0200569726709836, 0.782128141818136, -0.2832533449996581, 0.6287547755502888, 0.35087792520840844, -0.4038837782970651, -0.269822295392803, -0.9728643230240502, -0.388539487180637, 0.24452734404265625, 0.9798434356019969, 2.126296381614297e-2, 0.9570054407302105, -0.6895440822067349, -0.3090418459902945, 0.3799467039977215, 0.9344331341875114, 0.5966989875877501, 0.48991587263176656, 1.670883053469496e-2, 1.071996558406096, -0.4513813616517463, 1.1073599761277297, 0.706871337476187, 0.8140313095344951, 0.7216035423758823, -0.78129098115278, -0.8624402093930779, 0.5444504711928815, 0.19329989506251785, 0.605869030725606, -0.3652240563971033, -0.5258892838492026, -2.0176430261558385, 1.324737729591834, 0.1473005397122467, 1.13486800028642, -2.5765764167423905e-2, -0.1356865313492318, -9.714067014045005e-2, -1.9058120642173344, -1.4219590791149836, 0.9117005995228545, 1.1466945632128502, -0.3962663141355457, 1.4302603966122691, -0.13386803363170977, -0.24759774975280213, -6.973379158078474e-2, 1.1677323409995224)
