seed <- 580
log.wt <- -9.085154429372249
penalty <- 2.8115950178536287e-8
intervals.send <- c()
intervals.recv <- c(56, 112, 225, 450, 900, 1800, 3600, 7200, 14400, 28800, 57600, 115200, 230400, 460800, 921600, 1843200, 3686400, 7372800, 14745600, 29491200, 58982400)
dev.null <- 358759.0022669336
df.null <- 35567
dev.resid <- 226080.6943703437
df.resid <- 35402
df <- 165
coefs <- c(6.9227510110447215, 5.806490721517317, 5.7478003183825095, 5.244154962700263, 5.115295826784026, 4.887975514098611, 4.673082827842508, 4.657268987702574, 4.337464576017588, 4.201101872801754, 4.32785527151006, 4.162930766155819, 3.9831301529086125, 3.9157354365684816, 3.7530261410464827, 3.5535510359026676, 3.256103275166393, 2.9053731493551243, 2.519180056622577, 2.0022395972201106, 1.5510512658280298, 0.9208104699111809, 1.0580982797214282, 0.5310319295648099, 0.16110956275708316, -1.1433648659584255, -0.19026504725994528, 0.9219791788131751, 1.0387270126591666, -1.2561264557133058, -2.3558672063613515, -1.846284639760636, -0.15002630376634, 0.7825907158859253, 1.2878373484865948, -1.1341005766794061, 0.24527055007193319, -0.9675355658075615, -7.581927740736963e-2, -0.8450020265604945, 0.8753558361320832, 0.9449551729208556, -0.8508675366936599, -2.391763545913114, -0.861462690323136, -0.591866253884429, -0.5303054616135402, 0.45272558441158123, 0.6731049045310256, -0.8579739716770787, -1.0287245089149244, 1.0102944728228864, -2.347015192629859, 1.7872771659853215, 0.7671358580898799, 0.999801482595677, -2.113250068140332, -0.389095849994451, -1.4681134016546415e-3, 1.558707143080667, 1.0995925931604338, 0.47238049443782115, -1.405945788534244, -1.3540133994400732, -0.6567926136283788, 0.16596384362579147, 0.5856686538958674, -0.319588048074247, -2.1812440024954616, -0.5641899607072538, -2.8131370438617327, -0.3965914234660015, 0.4542745816894348, 1.0076045050249933, 0.6244646796715562, -0.8550576564540989, -1.206143884732151, -1.5134239193075225, 2.7341846480528297e-2, 0.6803959159231844, 1.2620448409696778, 0.19230021854177765, 0.2759537394434112, -1.895216872006094, -1.0975499717092263, 0.36565294765240586, 1.3054517153132228, 0.5394317047011269, 0.8425183274880024, -2.281182851121422, 0.4685174554283603, 0.7346948830471436, 0.8336233532602317, 0.24651022011482368, -6.0587976332420544e-2, 1.472174043096595, -0.4754004968960376, 0.4169226987373275, -0.11956690548251388, 0.2732784705909406, 0.5552570377248116, -0.37841105482093923, 0.7947327892778017, -0.19991016832916955, 0.6744087833367168, 0.8302074551410877, 1.1702655431411704, -1.089016207634867, -0.39848893380313416, -0.6870344144673837, 0.484432661489637, 0.6261379689312874, 1.6123695656459653, -0.38740288380417354, -0.2507982372403633, -0.7765362263496417, 0.8565489285275443, -0.3345820879959367, 0.35261690086947206, 0.6166741164677376, -0.7871663359275753, -0.36919015776376063, -0.6916609352206304, -0.39953642467713046, 0.32971418038102235, 0.910857648200474, 3.819458263229354e-2, 1.0803850465298586, -0.4249708923244429, -0.4058644218430195, 0.3818333386272478, 1.003457599318102, 0.4898718149641296, 0.4246239678697072, 3.828647508740022e-2, 1.0872461338090975, -0.36130768848870215, 1.1263723518011666, 0.7492691242802876, 0.9724570556656794, 0.8513698380116093, -0.4990038818327002, -1.262070616449633, 0.5918039229350924, 0.16045925970403777, 0.48289661245262705, -0.15779684433010294, -0.6796898384326121, -2.1893676382211713, 1.1729098537570044, 0.1359876806682319, 1.2174213408998336, -7.11998140436725e-2, -0.18781662333694726, 0.14096406136959613, -1.7116492590881962, -0.525077528542115, 0.8550177494993094, 1.2171437755878103, -0.3250685841041131, 1.506685057669205, -0.2917888715233324, -0.10931501045768129, -0.15107309623479584, 1.3241580269875484)
