seed <- 401
log.wt <- 0.0
penalty <- 2.8115950178536287e-8
intervals.send <- c()
intervals.recv <- c(56, 112, 225, 450, 900, 1800, 3600, 7200, 14400, 28800, 57600, 115200, 230400, 460800, 921600, 1843200, 3686400, 7372800, 14745600, 29491200, 58982400)
dev.null <- 358759.0022669336
df.null <- 35567
dev.resid <- 224244.68477462168
df.resid <- 35402
df <- 165
coefs <- c(6.673461543338897, 5.822117527464344, 5.817063839857484, 5.332901915174358, 5.003579079046591, 4.907694766518063, 4.773933200475559, 4.683131320414563, 4.381231841954735, 4.306963999228423, 4.396155551033607, 4.216616547580686, 3.9993844366863, 4.000604418462699, 3.7788016193332883, 3.5565109622662474, 3.2750565054609706, 2.9769847439614296, 2.5183720380607415, 2.0698765898282976, 1.583325221290238, 0.9161837252801217, 1.034122422853603, 0.3326092326130293, 0.6532088787596508, -1.2528310949565264, -0.34996747793093536, 0.9516448364439636, 1.1548290654676983, -1.4470749343622078, -2.1906650367961706, -2.502634012796246, -9.728221998246223e-2, 0.8259914122720753, 1.188482457339826, -1.2987817106727984, -0.551548388999862, -0.3627391148545673, 0.12149513617429737, -0.3051947610931112, 0.9590332683709147, 1.0948623206853207, -0.7813345493788041, -2.077824267603714, -1.2427250938008958, -0.6061392464968085, -0.2344271440966793, 0.4825113205868571, -0.22549228372137808, -0.7211390858024258, 0.26633549716384936, 0.988527157098561, -2.4057275229064543, 1.747186289773456, 0.7158248674839836, 1.1604473942612206, -1.8165386259909844, -0.256042535179042, -0.7976446265445932, 1.3805361747324474, 1.3524032880475259, 0.7718048980615648, -1.4501446261831639, -0.7869337313392898, -0.3450322158339253, 0.24225334878497523, 0.5473843937550823, -0.557385341068321, -1.3836819429926974, -0.679025664524105, -1.977931964012448, -0.23378872947753115, 0.3796958856453062, 1.0055456210894054, 0.5725344569047194, -1.3263548567358718, -1.6111707390847672, -2.0904930166287787, -5.733392237378303e-3, 0.6846794626723118, 1.1440498420532579, 0.17511138300721568, 7.332394225682301e-2, -1.7300188177652123, -0.247804520845424, 0.4635430163601509, 1.1808011883419056, 0.3393677570864385, 0.9599683575269666, -1.5682233075730034, 0.4883932697729181, 0.7924934443738894, 0.8392648183009805, 0.3127864933270541, 7.94748769441615e-2, 1.4299628085953693, -0.3240626913201095, 0.19715378519376253, -0.32423718745456725, -0.17880308447306129, 0.3677686474037746, -0.3540727116178457, 0.7826937808099518, 0.16363674846928783, 0.5840517149337733, 0.8330121026508832, 1.1508366733019317, -1.2158981522679062, -0.2208660653157077, -0.9855808701397115, 0.29940714152391956, 0.6506047429193332, 1.5883321462020759, -0.5934389299330416, -0.11105707571252907, -0.8301897341490443, 0.7448236138842307, -0.44983671110293094, 0.6142112697374467, 0.6249395622173219, -0.6690685530290905, -0.7689479882012188, -1.0857551825056715, -0.41140842811822603, 0.31687172212151465, 0.8733429889802827, -4.6447088370914096e-2, 1.0221075982725243, -0.6080904886168447, -0.3113220468951418, 0.3567600721888699, 1.053456299529064, 0.8558180512874908, 0.4143234905664213, -9.256740698077306e-2, 1.253650061413564, -0.37793112408210955, 1.0862719185415342, 0.7202456710525482, 0.9569343471482107, 0.7437742427803015, -0.7895851300292365, -1.403128961591635, 0.7512310412348352, 0.44336586966967995, 0.3909553564788334, -0.22017093090513334, -0.8698320717500069, -2.1646132207973707, 1.2430886498670686, 0.11848559669275661, 1.2307436167623658, -0.13642565777084067, 2.8866217689770223e-2, -8.407901837725833e-2, -1.576759029325503, -1.445649470178117, 0.8479119862043066, 1.0822693918514537, -0.30526762145228536, 1.557671615611461, -0.2337026165178094, -0.2377904370713916, -4.300925634240059e-2, 1.2287797972021388)
