seed <- 533
log.wt <- 0.0
penalty <- 2.8115950178536287e-8
intervals.send <- c()
intervals.recv <- c(56, 112, 225, 450, 900, 1800, 3600, 7200, 14400, 28800, 57600, 115200, 230400, 460800, 921600, 1843200, 3686400, 7372800, 14745600, 29491200, 58982400)
dev.null <- 358759.0022669336
df.null <- 35567
dev.resid <- 225575.20092251233
df.resid <- 35402
df <- 165
coefs <- c(6.397514300405688, 5.676540190138882, 5.740780984486774, 5.279314330355333, 5.147820794088624, 4.894442896264205, 4.7924251146564405, 4.6476101977369435, 4.400630485291066, 4.276469580597286, 4.290896517112185, 4.198343079184745, 4.043122502865808, 3.9664886612037606, 3.7498350039314965, 3.5203074097309615, 3.2626920811111533, 2.967536802007379, 2.4979759640910566, 2.1116273393262994, 1.5831869105923888, 0.925367648434647, 1.1376309700505363, 0.231783121539814, 1.6756497647792315e-2, -1.0478570365503326, -0.12046556124610217, 1.1424714868853236, 1.0549108673016963, -1.5479551353678278, -2.530930878049842, -2.0588603849547287, -0.4201158324319215, 0.7311058832422838, 1.273708946195462, -1.3991632508877454, -0.3709637958138533, -0.6242720775485854, -0.18135777373414694, -0.944162104318781, 0.8875419394113547, 0.9453109317060654, -0.7552613070006403, -1.4395234065449676, -1.1577464106137219, -0.631462990122555, -0.8080539019228236, 0.1530273479630835, 0.177669229153536, -0.8439126796458761, -9.135684820781757e-2, 0.9052580722522795, -2.266068912711352, 1.6722842842500734, 0.895814869916684, 1.1102388646939836, -1.8213200229671929, -0.22618325791757987, -0.3358526966455052, 1.201754262548652, 0.6269244409068181, 0.5347431290330994, -1.384563110384667, -0.9942400947301336, -0.6923684295118668, 2.712949767036517e-2, 0.49421238380696164, -0.5875045728633939, -1.2391030392491225, -0.663183384503799, -2.33611159988619, -0.24849556225537078, 0.30020246272256085, 0.942289657812258, 0.5968434779207135, -0.7453310620481941, -1.2375645960758637, -1.2769316590534865, 4.1009378271773124e-2, 0.5451776259985681, 1.1800754725891258, 0.16022945585349221, 3.628249689383695e-2, -1.4458619649669486, 0.33944603536803913, 0.32427223009262524, 1.2695759431354408, 0.1799642361259102, 0.8877983124828621, -1.4188018220758956, 0.4441407488295632, 0.5200040531614211, 0.8675687028268526, 0.3995662540932779, 0.3612996670982822, 1.3676160706525144, -0.3482772388262414, 0.7142083693058048, -0.3485807997150137, 8.701759725976406e-2, 0.27163073926206444, -0.27420373221403677, 0.7772615045005388, 0.10100764775072381, 0.7039588370630756, 0.8287547152261252, 1.0892284697476913, 0.23782420561822867, -0.3691846002353592, -0.9611499488875717, 0.32234905720839047, 0.6334366605647342, 1.54721567986793, -0.6081414467377805, -8.997587568613259e-2, -1.011115356681136, 0.7912948157260383, -0.2674589813481425, 0.6322243864735637, 0.32199862227310516, -0.32797419345065637, -0.4706584775470139, -0.9808699523004359, -0.2940130439120213, 0.39632846582776654, 0.7203122888633955, 6.576611005239644e-2, 0.8481698618175176, -0.7262644760109591, -0.38945002055693795, 0.3446088534778671, 0.7302582645075284, 0.8239477407913834, 0.28621749529618234, -4.32017034721003e-2, 1.1580853814436018, -0.39913822786498304, 0.9693869589327307, 0.7324324500398618, 0.8265058072102158, 0.7812444467045813, -0.8581915909443759, -1.0432583183565096, 0.5596298377159336, 0.30183101287483205, 0.349973360715127, -0.20342343674523125, -0.8894870091498892, -1.946827357955284, 1.1781657746840262, 9.312312561217997e-2, 1.0915838735672223, -0.12587001366894493, -9.093731456449263e-3, -0.35170727312620176, -1.7103709547088093, -1.1703775911388539, 0.796145977924333, 1.165050707541015, -0.23900012037255425, 1.496541519965976, -0.386555940657676, -0.16759251029331704, 5.4315986844547866e-2, 1.1662775200321165)
