seed <- 1029
log.wt <- 0.0
penalty <- 2.8115950178536287e-8
intervals.send <- c()
intervals.recv <- c(56, 112, 225, 450, 900, 1800, 3600, 7200, 14400, 28800, 57600, 115200, 230400, 460800, 921600, 1843200, 3686400, 7372800, 14745600, 29491200, 58982400)
dev.null <- 358759.0022669336
df.null <- 35567
dev.resid <- 225505.58930012592
df.resid <- 35402
df <- 165
coefs <- c(6.717967243133663, 6.020920247856914, 5.601720334695011, 5.283730363848367, 5.006052679058963, 4.949988156639707, 4.854494185352909, 4.684341153639922, 4.399010495261605, 4.191256717817044, 4.323735565777779, 4.179358259611061, 4.039668774845199, 3.9705810397527257, 3.781341840976346, 3.528146070875393, 3.283084589996843, 2.9711250313310424, 2.507926029042006, 2.0219279399586894, 1.6089428901331693, 0.926882259091793, 1.0447651420608148, 0.4033978737964924, -0.24390084922002186, -1.0001813600997416, -0.48274205667329173, 1.054421870142073, 0.9811638634317098, -1.049947321510909, -3.503287256136327, -2.3263760097478245, -0.34131617759537736, 0.7576822241754874, 1.1589141863076036, -1.27270300633954, -0.17934431836790488, -1.1299146083171547, 8.013159334256904e-2, -0.6891076481669167, 0.8716179634243504, 0.8130118583635069, -0.6913763156550238, -1.5338839280018846, -1.4655299852714165, -0.9507168126682616, -0.3943227561934526, 0.1303422574599851, -4.608597554867144e-2, -0.7600432906479268, -1.8967327394738883e-2, 1.015735012123789, -2.0679260678138807, 1.703974029736318, 0.8471892632886949, 0.9981652262613298, -1.2233788540756811, -0.14709063167882666, -0.2492352042890231, 0.8781408143886752, 1.4250944488896031, 0.768963588564332, -1.5046569355696329, -0.7674038558599541, -0.57765457397249, 0.35236848345251676, 0.7507460117005126, -0.438000923814547, -1.6885564904046944, -0.711009052729536, -1.972856385035978, -0.3489322038011731, 0.249752008923561, 1.0362597583599948, 0.7357473509776415, -1.1306677481700724, -1.1861233791237251, -1.3655849809119414, 0.12934105516583447, 0.6274725718655996, 1.170097137618549, 0.24569958965672398, 0.3491675328931285, -1.376640034012928, -0.6658550341195929, 0.2785179812416481, 1.2104094793004911, 0.5749706159731914, 0.804043553922845, -2.012882644971223, 0.6697612799848791, 0.5206371568688689, 0.7272008672679552, 0.4181490488858564, -0.1802017971174302, 1.2279871671782867, 0.10195747242814615, 0.3790881393327709, -0.22533442171579898, -0.20708732964893622, 0.4993890677549071, -0.762965118783495, 0.9237386450954422, 4.6940284128991434e-2, 0.7402774598601024, 0.8468024539328399, 1.0903164600005126, 0.12804882809774773, -0.1854690262573151, -1.2301048551724452, 0.38384321091860635, 0.6324597471836956, 1.481160636551488, -0.3010320765281901, -0.170179002729408, -0.832310987488975, 0.7457300609976018, -0.3436820175122821, 0.5456760160582032, 0.24337305686365748, -0.2980171515182714, -0.32605706510693566, -1.0372723703091347, -0.7213343215460628, 0.2232821610029139, 0.7365638226076984, 3.4417963364777426e-2, 0.9282490916603477, -0.6389358992392534, -0.32620889311800205, 0.277436552869236, 0.7782383787020924, 0.8576759008321114, 0.44108637216067975, -3.6508676482746805e-2, 1.1501612393447922, -0.45530931715359513, 1.0266856452965971, 0.8144961796839183, 0.8260635774892467, 0.8015590061123677, -0.7128616288647519, -1.4762680725300439, 0.4614319491415975, 0.14381225484274124, 0.6783887426057603, -0.27225247070603403, -0.3720969044923361, -2.0371631024222667, 1.2681003611197168, 0.24870904972441682, 1.1067315155903994, 5.40957757437443e-3, -3.646539171002761e-3, -0.19339167502352583, -1.2526850814749046, -1.1596197308843723, 0.8639965970789686, 1.167602624312096, -0.5400506768832477, 1.4635191943978987, -0.40829205787065653, -5.355687348769676e-2, 7.631242518845767e-2, 1.167443297155464)
