seed <- 763
log.wt <- 0.0
penalty <- 2.8115950178536287e-8
intervals.send <- c()
intervals.recv <- c(56, 112, 225, 450, 900, 1800, 3600, 7200, 14400, 28800, 57600, 115200, 230400, 460800, 921600, 1843200, 3686400, 7372800, 14745600, 29491200, 58982400)
dev.null <- 358759.0022669336
df.null <- 35567
dev.resid <- 225532.03136631704
df.resid <- 35402
df <- 165
coefs <- c(6.694269559627077, 6.045137767207514, 5.684966082706358, 5.330423553169589, 5.103185244689843, 4.989028831230484, 4.738579575449366, 4.623391588662917, 4.388073509525408, 4.3095427027982325, 4.32885670542446, 4.152296770665074, 3.978394780487372, 3.9830032718585406, 3.774579544347976, 3.5548071771720737, 3.2573131781485447, 2.9341682824180024, 2.4936787451809503, 2.03257751067368, 1.559898768176523, 0.9164858272838952, 1.0562766437065993, 0.24099389055528522, 0.19772449802351852, -0.8720123778187032, -9.547310831982632e-2, 0.9258228237154091, 1.0263557360142344, -1.263790794930081, -2.5173059933406705, -1.839335877080566, -0.5569374226164205, 0.769074491572556, 1.2691212817441453, -1.362439242342612, 2.092178291814276e-3, -0.695365077566157, 0.11705503498905122, -1.0527843382215132, 0.9739229658180116, 0.9444770356679155, -0.8725221532529072, -1.7053267478882934, -0.8526090072318286, -0.504806961088737, -0.8106015697094929, 0.10028618100818631, 0.3232127982976691, -1.059994736948428, -0.44882732242116724, 1.0459006043714756, -2.265836565088343, 1.7072330734085512, 0.7997606915070933, 0.9089084700346954, -1.8329951664193689, -0.11663339024935092, -0.45417115869351116, 1.3761035315392278, 1.024465381812863, 0.8098800572442775, -1.7944531693521972, -0.5359792927045204, -0.6756287864577065, -5.3196037852678915e-2, 0.6196583637199746, -0.37394043947307876, -1.556523580287895, -0.7674337969639349, -2.3457419172734233, 5.948732012028157e-3, 0.2935270144934619, 0.8852162274677161, 0.7398090301912607, -1.023536799753468, -1.4256194223425873, -1.4138649064267643, 0.14310933685123448, 0.7242622078668054, 1.1350675515514335, 7.7579082952259e-2, 0.4443692086063145, -2.070836871265858, -0.13341914009779615, 0.28956337058221465, 1.1347002198217435, 0.5640286825740896, 0.8309094115398663, -2.223203083148561, 0.5721551007211041, 0.6804006916973866, 0.9009941177873902, 0.2523810511405013, 0.26764427678671204, 1.3912895804031353, -0.11561647851518929, 0.13302452729634748, 0.2511434345792758, -0.5427734214078416, 0.4109338005307481, 0.1052096306641951, 0.723345200017469, -0.5887407140281675, 0.6903758510146715, 0.8171099982213091, 1.1194770372251823, -0.322575759604793, -0.49169447990777965, -0.8127102551029073, 0.432374121349073, 0.5547803629086062, 1.5939029784562573, -0.7227692433405088, -0.34109291953381016, -0.8529430859588293, 0.8280349551781117, -0.324673145379279, 0.5376985327138616, 0.6300035600042583, -0.47932257195937894, -0.4197472733205617, -1.2127433339339246, -0.34181762266079857, 0.3766422616351107, 0.8758587976373076, -3.682865561908181e-2, 0.938990835317489, -0.5760108936521217, -0.2965610752958362, 0.48631560602082596, 0.9434767031847554, 0.8369211093645188, 0.4224367280971762, -4.383030415000678e-2, 0.9778290354993037, -0.443330858075059, 1.0613467517281245, 0.7465684513417528, 0.9661715202775695, 0.7479376908942656, -0.6962289723288203, -1.4762100561893896, 0.5280910385146524, 0.23020164692863276, 0.48930403762420366, -0.21907626630858967, -0.1904229310627704, -1.9621926212126077, 1.2781333665243093, 0.27017921289477065, 1.1760594969522258, -0.17631109216272747, -0.12629310986463405, -9.417788493778467e-2, -1.4603413440082689, -1.688091956732344, 0.8304047724448206, 1.1393216635552816, -0.38104710325795155, 1.559941099182084, -0.2954345899318905, -0.10702663530696663, -3.450635771716836e-2, 1.2489769959444286)
