seed <- 915
log.wt <- 0.0
penalty <- 2.8115950178536287e-8
intervals.send <- c()
intervals.recv <- c(56, 112, 225, 450, 900, 1800, 3600, 7200, 14400, 28800, 57600, 115200, 230400, 460800, 921600, 1843200, 3686400, 7372800, 14745600, 29491200, 58982400)
dev.null <- 358759.0022669336
df.null <- 35567
dev.resid <- 225329.5810354352
df.resid <- 35402
df <- 165
coefs <- c(6.715224201992711, 5.759099218767731, 5.753644778740662, 5.369087495484444, 5.146821696432876, 4.872827634266942, 4.863399538025694, 4.6722773969974325, 4.366983126176226, 4.311343499133982, 4.324653561736917, 4.156929065878098, 3.9948939157383854, 3.9399356718455665, 3.786296093102493, 3.5748513151172405, 3.244603988863293, 2.950310378934154, 2.4971073136677715, 2.067556625045, 1.6074498796123633, 0.880300311457065, 1.0414304737127953, 0.5083462108604696, 0.18499241713355175, -1.5133668164718541, -1.4137649402160687e-2, 0.9252815881996614, 1.0295420590721698, -1.0998205927995626, -2.2476449728590904, -2.3834733561147052, -0.16740486662468765, 0.7452281355433259, 1.2033045476601465, -1.3558379146631918, -1.0779263435250954, -0.8880941630764032, 1.967170968392145e-2, -0.8471873304644965, 0.9172489486632176, 0.9999032026842387, -0.7870483690365707, -2.1510908681986494, -1.4814761239164327, -0.5843809602638723, -0.29546495387032734, -0.20885510380963174, 0.7542094189338852, -0.6247419464518938, -0.1342559807746448, 0.8060361552691114, -2.074729062957584, 1.7272210713309215, 0.7988170075285511, 1.1100686321304014, -1.483137038740412, 1.2659523361285192e-3, -0.6765846175962517, 1.3543235126961004, 1.0015811069140046, 0.9027725229865075, -1.6141126185456747, -0.5657184385226159, -0.844599780920607, 2.6812064261104412e-2, 0.5632872622375352, -0.354636093871642, -1.4420486464437026, -0.6477064254391808, -2.2094504061366855, -0.5600140535874626, 0.5244665192693385, 0.957752984414468, 0.6220564236329131, -0.8546885371824703, -1.2174787388839847, -1.5083433043571823, -3.295486781444081e-2, 0.6156890768759422, 1.0991263032055971, 0.16264965834657277, 0.27274468213378467, -1.8370006305171898, -0.9733380597171394, 0.4406263622768978, 1.1972915333692689, 0.3746059503279517, 0.8650796046879985, -1.5485095908731659, 0.5386441111458163, 0.7697899029863757, 0.7101108021420648, 0.3183746142362772, 0.2078483344243915, 1.513614581168193, -0.3892593196014552, 0.26268638729513377, -3.614152022383627e-2, -0.23456183126889316, 0.2748969085970375, -0.2768579132479278, 0.8888411513746847, 0.3429130576180174, 0.7128229602588596, 0.8429850536741061, 1.067800912928294, 0.13224906787452498, -9.237460995784724e-2, -0.9871454783157404, 0.4430207352747611, 0.41987077935372896, 1.5876267919554248, -0.5649725779787227, -0.3039348918952589, -0.885509192924212, 0.7779089502404434, -0.3610037540897204, 0.47232640372390167, 0.40121755989089375, -0.19767399393381963, -0.5533942520251351, -1.115043994211017, -0.41993010729644964, 0.30116919448106166, 0.7915982881165939, -8.086898192282395e-2, 0.9072027219196347, -0.37163202811136026, -0.37159137896457195, 0.3212423315314007, 0.8183113770036027, 0.6991889951263259, 0.5651007117059977, -0.16572047981079302, 0.9722444201495083, -0.4299909819486959, 0.9725737348914262, 0.6945832286547583, 0.855137416760062, 0.7648279840500111, -0.8189737587749457, -1.2506514447857988, 0.6778774023072801, 0.25900392679408785, 0.575030324929259, -0.3074395982564842, -9.270823704702733e-2, -1.9603519249000503, 1.1411125134100482, 0.17926149429065208, 1.194474930899924, -0.24633124346765348, -0.16714744806108253, -0.15454626372559066, -1.4442320092236123, -0.6928700574358377, 0.8627733627327149, 1.1048114392636805, -0.4832444115179923, 1.5515869821537, -0.6607168954378566, -0.21098217170384567, -2.056622808116169e-2, 1.1272329474072018)
