seed <- 477
log.wt <- 0.0
penalty <- 2.8115950178536287e-8
intervals.send <- c()
intervals.recv <- c(56, 112, 225, 450, 900, 1800, 3600, 7200, 14400, 28800, 57600, 115200, 230400, 460800, 921600, 1843200, 3686400, 7372800, 14745600, 29491200, 58982400)
dev.null <- 358759.0022669336
df.null <- 35567
dev.resid <- 225974.69645213135
df.resid <- 35402
df <- 165
coefs <- c(6.555220948765957, 6.001533123522117, 5.805764037607823, 5.458637164292449, 5.017442634520401, 4.842101613649869, 4.813472521772509, 4.709546919915295, 4.29188694609832, 4.233353002952384, 4.358203987926587, 4.147013971979968, 4.0256356615060325, 3.937901659228932, 3.7500615140046523, 3.53503999508351, 3.247823463553783, 2.956341335944266, 2.516950877439838, 2.020025573258957, 1.5454320552658847, 0.9083616844704508, 1.0999756923591189, 0.13350152073819493, 1.0936462489164798, -0.798578650476644, -0.32340629840915547, 0.961995588278088, 1.1016311386644135, -0.7837170244504383, -2.252695755416766, -2.1963854591848837, -0.44470000923980807, 0.7784307603111159, 1.425615153844624, -0.9544053364404399, -0.4997167386728285, -1.571762582656722, -0.17364052925321252, -0.7938539734420589, 0.8998529829389754, 0.7035333154136043, -0.7807002598223907, -1.9435395761238037, -0.6641387138396295, -0.675580000984002, -1.1224275653018148, 0.11648078957619866, 0.6040885876538363, -0.8454282877025118, 0.16427878355318398, 1.0034236559142937, -2.911322534211828, 1.667946930289366, 0.7786469295617258, 1.11003242424671, -2.0986424551866656, -6.670652903434526e-2, -0.6402301135235385, 1.7009125138574606, 1.3753318828133478, 0.8081981427767239, -1.6443982346038875, -1.2948052530506338, -0.7308704752393294, 0.19041762587088928, 0.7970573157349847, -0.2322155958682839, -1.6090144122044323, -0.5134584196921894, -2.1218191276477247, -0.7794673282809454, 0.6071165837139245, 1.0417424903892967, 0.667806071841947, -0.9673112599279508, -1.0939828151913333, -1.7574207184665225, -7.955663351833595e-3, 0.6126744575608107, 1.2234628738956428, -4.73517662793369e-3, 1.4043803964430255e-2, -1.6836087245412372, -0.8480191911579854, 0.5685831177617203, 1.1214746650622787, 0.6479747908045634, 0.8874265508451384, -2.2652315238339025, 0.5051130332821677, 0.678018496101313, 0.8505841197492171, 0.3449569351118405, 1.3532074466344187e-2, 1.0695525971584008, -0.5589620086108514, 0.4849505969989389, -6.535301705237341e-2, -0.1611218822332873, 0.6821765404216175, -0.217851087259106, 0.7705387835729388, -3.2127967304209304e-2, 0.6010083546676507, 0.8171223557874051, 1.2143314053218424, -0.12063918678281388, -0.9027587799569284, -1.4085564213326602, 0.2708995928266747, 0.5146356896669062, 1.6195578996083262, -0.2593123296784982, -0.26533111783491253, -1.0591669263197272, 0.8457486192066832, -0.40782172347159346, 0.5911737195014375, 0.6771867259890071, -0.18812966384280413, -0.3976178764107344, -0.8494284043311447, -0.44599077501226936, 0.42287843626250715, 0.8022280986912678, -0.11026933236419457, 0.9794871516700271, -0.44331644318210667, -0.3502705920705014, 0.47045773687826614, 0.7240844893713807, 1.0885346015544357, 0.6088618869577711, -0.10785362767267276, 1.118847373156594, -0.331150532571272, 1.001606526100241, 0.6877374690158825, 0.9115999589429336, 0.7421253644059395, -0.7351180988756699, -1.132218520612496, 0.45200267184335247, 0.4226560742199818, 0.5724739955025183, -0.25063718884512876, -0.3782896083315375, -2.1092297879423847, 1.309977509683802, 9.770171068854823e-2, 1.1629078026691502, -0.1795310698893648, -9.518119492470037e-2, 0.18756574074945362, -1.3356007324885746, -2.1937875966306195, 0.9371335881923005, 1.1902581868833564, -0.2055043458227081, 1.5630325964155158, -0.39217732236086245, -0.21984311306605844, 8.715233609908364e-3, 1.1764137716167526)
