seed <- 115
log.wt <- 0.0
penalty <- 2.8115950178536287e-8
intervals.send <- c()
intervals.recv <- c(56, 112, 225, 450, 900, 1800, 3600, 7200, 14400, 28800, 57600, 115200, 230400, 460800, 921600, 1843200, 3686400, 7372800, 14745600, 29491200, 58982400)
dev.null <- 358759.0022669336
df.null <- 35567
dev.resid <- 226242.55589372484
df.resid <- 35402
df <- 165
coefs <- c(6.619497598887988, 5.827903905269111, 5.889971715896597, 5.320231773171779, 5.040792157986568, 4.91970380792183, 4.747423160267143, 4.608336363269451, 4.3062358440290245, 4.289314561578598, 4.371249480054747, 4.184699660988759, 4.012032416713223, 3.949427661153875, 3.782212675325169, 3.571935180293051, 3.255723335189181, 2.9354726632784764, 2.4966972752813006, 2.072298962096146, 1.5712719044101715, 0.870885539665493, 1.0455734449813714, 0.21231172581882085, 0.17516542302841187, -1.2769629044411193, -0.18019280994023884, 0.8428385187492415, 1.0338713995640878, -1.4449403484153631, -2.4324662483513335, -3.454016899644323, -0.4689765308341624, 0.696189629736873, 1.3048090155760643, -1.2323245024680223, -0.8976042217874454, -0.9628580509869703, -0.154779273508268, 4.0395688818298095e-2, 0.9167913269998684, 0.7529200622245, -1.055721788755657, -1.7743878525227674, -1.434201635502248, -0.7134859544781924, -0.2905184931946148, 0.5680370996667836, 0.3950176029473522, -0.8644414146118047, 0.407502907535672, 0.6786690355731383, -2.4349181498685217, 1.7111361291346066, 0.7910500663990638, 1.0134170016446686, -2.198471199594299, -0.4875314394737816, -0.5889931120357975, 1.4184196587713749, 1.4926161999452798, 0.8189553893659586, -2.1302910927710292, -0.8002102154215585, -0.45265420521357014, 7.401050750488301e-2, 0.6509501679061525, -0.4163234916289811, -1.522069387609795, -0.5517433762723786, -1.606294718805939, -0.295393741122002, 0.5141155554375311, 1.1356988441832703, 0.6548029149754011, -0.5878021167323191, -1.43570401052625, -1.0296234716568982, -2.2496865820904814e-2, 0.7816657211656759, 1.3062698542457967, 0.16392823468422946, -0.13523365102016288, -2.246098907902327, -7.079835455522526e-2, 0.4383937713163263, 1.2413332461791118, 0.3002994725289589, 0.8041222492569607, -2.5393694916738108, 0.6124854185933258, 0.9140812702639546, 0.920160672437534, 0.42827980765504636, 8.237721100160508e-2, 1.3117025175102481, -0.7263374309162272, 0.282025234708642, -0.12331245227478128, -0.3497484560132702, 0.164204020876339, -0.35557548801382155, 0.7993118834586219, 0.535844102820486, 1.0087849353226859, 0.8645208685654506, 1.0585257517060471, -1.0921129341151206, -0.2881157128218448, -1.5859071856768068, 0.4606128593010748, 0.4956491393154208, 1.5202446743017983, -0.24394516865812158, -0.18011248865770313, -0.8748494242225238, 0.8393932065193028, -0.35722961668351666, 0.3525971230667608, 0.8593368870138326, -1.023588566937073, -0.21125277910439186, -1.1914338177353638, -0.6221791909509936, 0.41403394318848574, 0.9424109370868813, -2.200360105643145e-3, 1.029405073753054, -0.6418401699195039, -0.34683620579008106, 0.3651622694963315, 0.9993440186987995, 0.8306089674683349, 0.5882651879592934, 0.11632944981342089, 1.000222810927324, -0.39424699133711744, 1.136496642849491, 0.7324742388234822, 0.9019641395057378, 0.9011855054567854, -0.6229287648028636, -1.4413191965390038, 0.7159860018634262, 0.2954025284361682, 0.6236907400958274, -0.2716107230751275, -0.617477055257735, -1.6397813176708915, 1.2444124103682803, 0.2327668135766974, 1.252369689394391, -2.172279980837043e-2, 5.5951277193712234e-2, -0.14668564423258756, -1.219207823735843, -0.6964819902452529, 1.0143931671917354, 1.1710387915000764, -0.38065763153651594, 1.504037060428815, -0.24793272075074682, -0.1260408370660748, 9.083066947065428e-2, 1.3114875492863012)
