seed <- 789
log.wt <- 0.0
penalty <- 2.8115950178536287e-8
intervals.send <- c()
intervals.recv <- c(56, 112, 225, 450, 900, 1800, 3600, 7200, 14400, 28800, 57600, 115200, 230400, 460800, 921600, 1843200, 3686400, 7372800, 14745600, 29491200, 58982400)
dev.null <- 358759.0022669336
df.null <- 35567
dev.resid <- 226463.75707278523
df.resid <- 35402
df <- 165
coefs <- c(6.466031584267693, 5.939379137046513, 5.564379648425209, 5.324870895698057, 5.078131241915201, 4.838313582407331, 4.72735400930892, 4.596492318168419, 4.415729726301573, 4.220329886758117, 4.240868707020036, 4.1542589814326005, 3.985499568577938, 3.9330748297998053, 3.720686081844583, 3.5332819846185877, 3.2177806009822656, 2.9288508563614046, 2.48323385186942, 2.0465425862500366, 1.5646849693297549, 0.884091427061005, 1.0617077954597802, 0.3235638017667655, 0.15400575413915762, -0.7931133714843921, -0.3240821047443367, 0.8982189601219092, 1.186270092885591, -1.018835688433418, -2.470318656326873, -2.392316523699506, -0.6573043861702281, 0.7445343525571178, 1.5205651602660304, -1.5580206946476405, -0.5732557477419084, -2.2725075831702823, -2.1382290212845017e-3, -0.8598478327285227, 0.9845987741865547, 0.9972005403174865, -0.5283298945167935, -2.22074593433877, -0.7783450871786878, -0.637928062899189, -1.0073041263839497, 0.28925881967818967, 0.2230838028676844, -0.43912479736930354, -9.519363856062991e-2, 0.7423921967142089, -3.1479248706233287, 1.7979132869548642, 0.7398431017846955, 1.1877532075970394, -2.3232897383551885, -0.1364911371503954, -0.8507974895881588, 1.81709652241113, 0.44433329087646817, 0.7047748102873623, -1.954093211922003, -1.1792343792354019, -0.6384176310796238, 0.1095111974871144, 0.6259209648055257, -0.37753132260858296, -0.9046239913674612, -0.6565979799353275, -2.667312094862266, 0.48039377460152144, 0.5276202731475701, 1.0425239263381978, 0.653275196249242, -1.138232650793596, -1.1514679998246053, -0.9753858412631634, 1.6455517524748286e-2, 0.8109482715693004, 1.162535687143592, 0.10720146354185627, 0.20674520046902128, -2.291305516975783, 0.16122924519475287, 0.518381176175979, 1.2547807166974325, 0.5851715289063294, 1.0542510816095256, -2.4173202131600564, 0.5288421418326689, 0.8242688936210828, 0.832745715951951, 0.3669617420601795, 0.32461660757040356, 1.4642654418816614, -0.9885472918693748, 0.2763209773698376, -5.5369371803264754e-2, 7.625080916555842e-2, 0.5358861415483138, -0.4130840440176522, 0.6777534518774854, 0.22093747550368883, 0.8044151214491302, 0.8452476306025015, 1.3298765195943167, -0.9297869590684188, -0.38225547412405253, -0.5447574172743833, 0.526382928251206, 0.7080155224865294, 1.67635915927514, -0.670207260983046, -0.16904139662681336, -1.5556434664768246, 0.7092861298482651, -0.3596067569253708, 0.4661750411684183, 0.9725334079159619, 0.2526209212181585, -0.39483211482850883, -0.9238933020795975, -0.3724957885874214, 0.4068404637266603, 0.8767155534436094, -1.6016305381533653e-2, 0.9824141943460097, -0.648721704462211, -0.362747738376993, 0.35838671706903935, 1.053984456957347, 0.9368416005388804, 0.42221209970229523, -3.85846307311714e-2, 1.214340755164051, -0.2506566715919567, 1.0874279020495337, 0.7052174170426715, 1.1082663140893239, 0.7542708801591753, -0.7136711987874972, -0.8404270843836193, 0.7401465155679, 0.39606754507508846, 0.6007831115234303, -0.20632805227981005, -0.4214384075535323, -2.2504424641627527, 1.1927040622685727, 8.246989928618996e-2, 1.345213675763349, -0.17154539184639092, -8.099374174771613e-2, 9.776775362091807e-2, -2.3621295700886775, -1.1517439193224386, 0.879339182729767, 1.1652436999441755, -0.25314071366015406, 1.5947039240501728, -0.5666394946640005, -0.1927962413019313, 6.643521463397456e-2, 1.2205767648279975)
