seed <- 600
log.wt <- 0.0
penalty <- 2.8115950178536287e-8
intervals.send <- c()
intervals.recv <- c(56, 112, 225, 450, 900, 1800, 3600, 7200, 14400, 28800, 57600, 115200, 230400, 460800, 921600, 1843200, 3686400, 7372800, 14745600, 29491200, 58982400)
dev.null <- 358759.0022669336
df.null <- 35567
dev.resid <- 226137.6211806338
df.resid <- 35402
df <- 165
coefs <- c(6.499265072461788, 5.899643340003582, 5.543711628824568, 5.2604319520289895, 5.016853184992348, 4.875230994735963, 4.841824259999509, 4.677533391666582, 4.360323678133185, 4.245589147953737, 4.366534259222905, 4.17388013699473, 4.025557539239118, 3.981655579759659, 3.7519077372245446, 3.5441547266509175, 3.271530626838782, 2.968265730696072, 2.508319244524263, 2.054078343680434, 1.6890495650288384, 0.9001739760653429, 1.0903829167423227, 0.1847120792015749, 0.6058422228450946, -1.0094061662311546, -0.26678099508110337, 0.8995220385678236, 1.054373847647955, -0.9724519465285315, -2.294644363174568, -1.8662229419978653, -0.46399612691802944, 0.7197689036136578, 1.353731125750037, -1.382749101762441, -0.34221083365467325, -1.783938554090857, -3.0654187062419045e-2, -1.0279143195542488, 0.9556839987212592, 1.0246698268968573, -0.760725247790066, -2.117817027367137, -0.8046638012819866, -0.8186935249116543, -1.317811316385596, 0.29708907597300743, -0.1360184783815033, -0.5034486056172931, -0.1097923951700057, 0.9864645203272954, -2.2506889124572065, 1.7657621423077374, 0.560521851615194, 0.8763021621995545, -1.819045635959054, -3.311069295619016e-2, -0.4898220968807352, 1.501611347287846, 0.978687524137348, 0.5416130475180275, -1.3996923801241947, -0.708436608566966, -0.4490357667859257, -4.12674893380611e-2, 0.5548011436041951, -0.44361744286906457, -1.9188322284594184, -0.6311805564679873, -1.9621698443841789, -0.39372506235402543, 0.38594465316939747, 1.0278161407813466, 0.620461082900545, -0.5553805302278255, -1.2665642441030018, -1.0473589243574928, 8.388252962065956e-2, 0.599900964606552, 1.2392960374669675, 0.14452464026239387, 0.263459650800826, -1.606337087814328, 7.217392427570223e-2, 0.386968983147626, 1.2276748122390464, 6.430397667855368e-2, 0.8090992388000523, -1.9105702033294039, 0.47380247391065283, 0.6582501622737765, 0.7860314058534632, 0.36097295218093206, 3.618809760148634e-2, 1.231220622078991, -0.3318144098688304, 0.6263085852130289, 2.1483576582666853e-2, -0.43347001518428124, 0.20716998298708394, -1.077860819072612, 0.8542120168916782, 9.223092558341923e-2, 0.8124411408021914, 0.8548256804325575, 1.1921411494554444, -0.373813292888151, -1.0077494487865704, -0.990433608400185, 0.3200151681169153, 0.7491112427223636, 1.5610446635440594, -0.4648408881454751, -0.1683136250967594, -0.8970681630833175, 0.8160202150174399, -0.2116983870510388, 0.4051834999363074, 0.3764769846884169, -0.6230935524598226, -0.25105963235253637, -1.2196233864573849, -0.4702312794207809, 0.48092187745883563, 0.817474185577829, -7.685829680274818e-2, 0.9315390864129919, -0.6252795218684375, -0.3857299597013552, 0.3542986094617259, 0.7862101537312062, 0.8216405584078706, 0.529266850816686, 3.3821890366886126e-2, 0.9607093193148902, -0.26190072525380687, 1.0227839444226279, 0.7386865450360921, 0.9236418764608753, 0.859504855697987, -0.7586432278717389, -0.8736233168226376, 0.6561953396745049, 0.34714468114713853, 0.5425113810171319, -0.3476350506523781, -0.3810225812498456, -2.3394877378641272, 1.2281734853772204, 0.16932382721245878, 1.1539724439582824, -8.071073990815213e-2, -0.1412098035948275, -5.195847527502152e-2, -1.2768910578166097, -0.7705468408311588, 0.8838015781981148, 1.1507218643413561, -8.365576340697783e-2, 1.4993837773049885, -0.3445133138107838, -0.1346888550268633, 8.888795382196282e-2, 1.1992343995570105)
