seed <- 639
log.wt <- -10.024357512228747
penalty <- 2.8115950178536287e-8
intervals.send <- c()
intervals.recv <- c(56, 112, 225, 450, 900, 1800, 3600, 7200, 14400, 28800, 57600, 115200, 230400, 460800, 921600, 1843200, 3686400, 7372800, 14745600, 29491200, 58982400)
dev.null <- 358759.0022669336
df.null <- 35567
dev.resid <- 225380.9281425498
df.resid <- 35402
df <- 165
coefs <- c(6.847846193086283, 5.948874937049723, 5.678034632892686, 5.374609732981147, 5.1608442932271394, 4.93551764586243, 4.75303817522979, 4.666780005443773, 4.39374275569714, 4.215261044501925, 4.271891215434478, 4.18056319918101, 3.981974436398184, 3.9878038267282516, 3.7338051967976553, 3.5456394183600173, 3.284945118173893, 2.984893211271764, 2.5140056526883034, 2.131536871118369, 1.5816234585387428, 0.8783201722037213, 1.0789268852463212, 0.32172252269400375, 0.19731923859676515, -0.7408955168940633, -1.1037747110886044e-2, 0.9625257289494256, 1.055276617578658, -1.7713126625340134, -2.382901477915146, -2.963825253880265, -0.6218514652628727, 0.7338054710293201, 1.456238465758359, -1.1405457705969815, -8.525375239003628e-2, -0.6285953393514809, 1.1362391009099216e-2, -1.0203447218726653, 0.9631083592994626, 1.0672951469795806, -0.8560544026630748, -2.12259385421168, -0.6792030338205415, -0.9774134096525252, -0.9155694498881742, 0.20222949428053186, 0.4058594564697877, -0.8443712114791538, -0.7094567040576095, 0.7505948615118863, -2.5190365228295675, 1.711539836100759, 0.8838791415043298, 1.0563966400193463, -2.1025735659178784, 0.18961630088388134, -0.951526054451614, 1.4055408421034756, 1.0483292984481978, 0.586938228824466, -1.1053831337173508, -0.6816875989455039, -0.44220986196928563, 8.536761097384504e-2, 0.6736526189490599, -0.1917925189503442, -1.1190140294516449, -0.6917053909531097, -2.109465582164162, -0.11681205801079889, 0.3884420640669465, 0.8742347386346808, 0.6588217362062356, -0.8870268717599276, -1.3883439398645632, -1.002921575950972, 8.751314160142971e-2, 0.7736022317745691, 1.2030183158092633, 0.13282494758894703, 0.17966964672437222, -1.822420372499412, 0.23927620645048273, 0.5533771684670682, 1.1973347179325826, 0.5766663954589974, 0.8569703495466311, -1.9521205806412407, 0.3934433025889828, 0.8069181698496319, 0.7590532569371488, 0.30936603110475736, 2.275057509241667e-2, 1.084338538608065, 6.1534483725633124e-2, 2.8209873865487588e-2, -8.731445196231089e-2, -0.26749669770385526, 0.5800048843547174, 6.189812179146919e-2, 0.8594618277097729, 0.21115893586499918, 0.7922483940239584, 0.8570760132675477, 1.2484958606831442, -0.2948183166630627, -1.0116856475959775, -0.8995714088865818, 0.43301162926061554, 0.4171438752482727, 1.5894992461727473, -0.6004659111040694, -0.15610163275341843, -0.9763173942321273, 0.8282489617374252, -0.22452669155671287, 0.5767588840090441, 0.5653854709244466, -1.2380068979067753, -0.39552827157804893, -1.206129437711488, -0.20525438509603486, 0.3009482864550608, 0.8530235265172404, -7.780890283376075e-2, 1.040425032191328, -0.9391501901976524, -0.4174224524630334, 0.44149823874517036, 0.950709964529595, 0.5620934215697014, 0.3154012462407049, -8.774142131213103e-2, 1.1545981666619358, -0.47790833576126013, 1.025433266917683, 0.7360918248601258, 1.0001799456036697, 0.7848266481512635, -0.6870696000590699, -1.2134218388884888, 0.743556898209376, 0.22583382516365014, 0.43010392336153513, -0.2273551816689094, -0.7227659557546586, -2.035191771570012, 1.252230835535534, 6.803914699341422e-2, 1.279064315777813, -0.10765486943592574, -0.10287139139376694, 0.18564436913360846, -1.8988872135792592, -0.7937416965983869, 0.7206965687953725, 1.133887603132095, -7.695279669785736e-2, 1.5168826885874158, -0.7299676145858762, -0.22921458804167774, 8.67837501928947e-2, 1.2020515774274028)
