seed <- 1004
log.wt <- 0.0
penalty <- 2.8115950178536287e-8
intervals.send <- c()
intervals.recv <- c(56, 112, 225, 450, 900, 1800, 3600, 7200, 14400, 28800, 57600, 115200, 230400, 460800, 921600, 1843200, 3686400, 7372800, 14745600, 29491200, 58982400)
dev.null <- 358759.0022669336
df.null <- 35567
dev.resid <- 226651.39372995344
df.resid <- 35402
df <- 165
coefs <- c(6.6346472524404785, 5.718745974932028, 5.629654911935061, 5.473031900387486, 5.069264198495982, 4.845409191783759, 4.671051881627166, 4.6564261120012675, 4.305483858509476, 4.31692591383467, 4.251806193195984, 4.1532607174865825, 4.012336439323798, 3.936029953107941, 3.7434026326114025, 3.542463994495348, 3.2692182554475275, 2.980409900142704, 2.511411974975416, 2.0909632630680752, 1.6087845027446066, 0.9105973309436546, 1.0367171082717317, 0.31058918152003817, 0.5380926250530329, -0.9672057963673214, -0.16175618520396096, 0.8966593831957873, 1.0766559108121843, -1.3484214093132127, -2.389895749462064, -2.0436629752376914, -0.2429513649076158, 0.7776957466355225, 1.27645928559049, -1.1446431070416847, -0.6032725717201154, -1.260179611870739, -7.151308655749723e-2, -1.0081995376632944, 0.9559165835530591, 0.7611614097037237, -0.6205882459900177, -1.5879668226084291, -0.7131584384595563, -1.1054542004832189, 7.79640123501525e-2, 8.869659227268732e-2, -6.754725922935693e-2, -0.7587765266917755, -0.2962157460669276, 0.9025621590812398, -2.4318617090253065, 1.7844919874454284, 0.8104722816827162, 0.9288608231090212, -2.287218843839376, -0.11710583475844445, -0.5059304577686714, 1.2851915118335566, 1.492456021567995, 0.7568121734494334, -1.7589388607846688, -1.0716449822948517, -0.6437137650814674, 0.3382597909005357, 0.5189782578021379, -0.5286818617778594, -1.2462353106365605, -0.6246495940499602, -2.3744398407120593, -2.8037549169640788e-3, 0.47420946075548487, 0.848292887839913, 0.6895250249242804, -1.0576573070506456, -1.402551966670954, -1.5979044187791829, 6.323836069603912e-2, 0.6371711545342957, 1.23695443624246, 6.762425732658364e-2, -3.3406647852221326e-2, -1.2397077779118404, -0.721109928279247, 0.3876530307229546, 1.2371097702748588, 0.5659942685815823, 0.9419928958163252, -1.8751433196488498, 0.5490377744320809, 0.6292808902196665, 0.7773688283191713, 0.47574670385548345, -4.440200029407718e-2, 1.0906109787886555, -0.11431826225113521, 0.28015429265013764, -2.1324079415284154e-2, 0.15805915545249383, 0.3687602388315069, -0.4813854302323603, 0.7118854718860872, 0.12957020111010414, 0.4308401926494126, 0.8359310098404598, 1.0976410625530384, -0.5435784515760959, -0.6236494569874289, -0.9542035519217846, 0.4560430281396506, 0.5935345440380136, 1.6393781963510956, -0.5075582787079609, -0.234788659445379, -0.9858820291810381, 0.8241488959795822, -0.30435199970247007, 0.46658711099400835, 0.5379746822155507, -0.21411079194891652, -0.18992624638584898, -1.0184891895960686, -0.20886086838078166, 0.34419872306657523, 0.8963056156652344, -4.406682808322976e-2, 0.8289612184188043, -0.6923847950100693, -0.3137878054017949, 0.2761865846869795, 0.8489991912872559, 0.6826312162754264, 0.4168572079021531, 4.529660268986926e-2, 1.1461441714839438, -0.29522029803220345, 1.0110978880726442, 0.7125102108054489, 0.9075471000108942, 0.7994390506609391, -0.5495583075099115, -1.1565450530727117, 0.47064946510954, 0.3485826990650968, 0.563066612606751, -0.2666403258937435, -0.6898414878302145, -2.1052350738904915, 1.2733659564777506, 3.501560387472505e-2, 1.1241442512850914, -0.10066823685219578, -5.268730669587279e-2, -0.11683116474665502, -1.70197851158075, -1.191963752300843, 0.8774555280661596, 1.1669030474894924, -0.22674949861324617, 1.5516802642697325, -0.25426979158381385, -0.11179847819848475, -3.934194988291161e-2, 1.213865585853865)
