seed <- 897
log.wt <- 0.0
penalty <- 2.8115950178536287e-8
intervals.send <- c()
intervals.recv <- c(56, 112, 225, 450, 900, 1800, 3600, 7200, 14400, 28800, 57600, 115200, 230400, 460800, 921600, 1843200, 3686400, 7372800, 14745600, 29491200, 58982400)
dev.null <- 358759.0022669336
df.null <- 35567
dev.resid <- 226956.7219987685
df.resid <- 35402
df <- 165
coefs <- c(6.571458631354727, 6.02788179648658, 5.720192192802104, 5.312365005162465, 4.979223483992183, 4.7829995155774, 4.696719918557259, 4.595736234586155, 4.375715745988361, 4.252825030048527, 4.307093525337377, 4.123039205168457, 3.956219563217979, 3.9261872405146443, 3.7262285425893165, 3.5158976419592647, 3.2560340612135428, 2.9106700546492883, 2.4849056181290443, 2.032467892584024, 1.5698794028275582, 0.9017469524894584, 1.201515654659329, 0.504093511051993, -0.20905520531172891, -1.3238773635706094, -0.26562902845351005, 0.9165613988909544, 1.014343804537295, -1.4852095405310493, -2.1128500432669246, -1.8714756718898231, -0.4621759111206341, 0.8082880627120718, 1.551087475188504, -1.4438324791056358, -0.8258354631720359, -0.8088629323245385, -0.18335544450219704, -1.0743928393712134, 0.9724082569627396, 0.9843332468105171, -0.8840851729471911, -1.815044719625788, -1.1778304162017774, -0.7332073918139848, -1.1192870440253997, 0.4654428187767072, 0.5183393467228796, -1.0382005101739842, -0.33377262284704995, 0.7261894892491308, -2.550057340884762, 1.7883164339673423, 0.8937891037297016, 1.2907652768339124, -1.9053056584256012, -0.2305246049644436, -1.1003103187091177, 1.5207737808422854, 1.3342599636456254, 0.602010304624435, -1.4481357416215628, -0.9236072869002026, -0.7701847832786244, -3.5191807891951206e-2, 0.6617266731779466, -0.5449432622510136, -0.9941004050896183, -0.6251446836123375, -1.9476412100266143, -0.6118386952518409, 0.5529804983513024, 1.0059158702346338, 0.673438833829319, -0.7199327924860646, -1.2797456423530804, -1.6045168043701155, -2.75601744613411e-3, 0.7828145632329631, 1.2539633844479585, 7.974374887614287e-2, 0.26660868414545613, -2.164044676308638, -0.9688313425413314, 0.4852202893612994, 1.2269782661295088, 0.44915709095058587, 0.9133151534819446, -2.5554850080805713, 0.39615575752379206, 0.781609071535801, 0.7835697195242093, 0.4413983636038555, -0.12031305125105414, 1.1596307466589213, 0.36744577707292425, 0.7212316772849648, 0.17534265150900466, -0.18109732395117029, 0.4050721498529309, -0.15535767391636773, 0.6669846654684936, -1.155873875134049, 0.5206520724852703, 0.837917760138351, 1.2182978652325944, -0.364952872505701, -0.46228329440620936, -0.8878010585966638, 0.36322555002928636, 0.45963782752979476, 1.5658640166929239, -0.27544795990619103, -0.3194179078965072, -1.145402416677135, 0.7985327669555112, -0.2933516514784556, 0.6563664472674449, 0.5496525763483473, -0.13782292468244162, -0.48910760553906535, -1.1646649207735298, -0.16699723023414467, 0.2577728030424037, 0.9635122318144732, -2.8485634205489184e-2, 1.087150505621521, -0.5750506392056313, -0.43003402870662005, 0.3577231589356529, 0.8942407654081235, 0.7463556534443351, 0.43729396389660935, 1.3407340534848707e-2, 1.1168290939997862, -0.32085811417943605, 1.2040256237880873, 0.725920874743201, 1.0970513381352394, 0.7062055229087774, -0.6873101639124243, -1.0529741817970448, 0.44158817007433876, 0.4225671192015618, 0.4959071652059975, -0.1897591716257219, -0.45252202789858026, -1.7501163961561668, 1.4224106639813816, 0.17607541649762418, 1.3644891227796927, -0.15709590742857044, -6.952236333156987e-2, 8.89265203802493e-2, -0.9507536459889168, -1.3381201283248862, 0.8002701995968782, 1.1329242877915886, -0.14982539977887693, 1.54218609228197, -0.2513894056656231, -0.17305771537851272, 0.1288600674386418, 1.208635471150052)
