seed <- 308
log.wt <- 0.0
penalty <- 2.8115950178536287e-8
intervals.send <- c()
intervals.recv <- c(56, 112, 225, 450, 900, 1800, 3600, 7200, 14400, 28800, 57600, 115200, 230400, 460800, 921600, 1843200, 3686400, 7372800, 14745600, 29491200, 58982400)
dev.null <- 358759.0022669336
df.null <- 35567
dev.resid <- 226383.82312162008
df.resid <- 35402
df <- 165
coefs <- c(6.637936269720064, 5.989814419222371, 5.699327749646306, 5.4156040669200545, 5.034569782139031, 4.818761264622551, 4.771383055058002, 4.629391469864423, 4.421354289171965, 4.158100797971038, 4.326158473926618, 4.142534793288012, 4.01663284400325, 3.949310008066914, 3.7556359645337927, 3.519842162728866, 3.281552065616428, 2.920006107739585, 2.51379708506945, 2.084029845887238, 1.6886124401428382, 0.8897946601393742, 1.0094316988766625, 0.15319181805911003, 0.44472317128561406, -1.055862645270875, -0.5076524688765597, 0.9371881217934945, 1.0054814868591655, -1.1670528388729455, -2.3666896401763013, -1.8184714286610275, -0.5123723030574788, 0.7951471902031326, 1.2976304706653925, -1.0725112029695716, -0.3774088031386821, -1.0865541724405212, 4.024601545385995e-2, -1.0079258087461787, 0.7927265235366971, 0.9031777740906055, -0.7543544019412278, -1.6973418561125713, -0.705253954528418, -0.7200951138555985, -0.30234223269453575, 0.19460225272003792, 0.4005848966922856, -0.4873919039432148, -0.2863630223129556, 0.8706026742018922, -1.7857348490272322, 1.7399621350931826, 0.8688973478058213, 1.062189270040048, -2.051429429242251, -0.23906014280261675, -0.6632907205656471, 0.8805980462922542, 1.0633633375297282, 0.7519339291754462, -1.3613910370412072, -0.87484520963124, -0.7302262967055985, 0.470683078247458, 0.6429829872569071, -0.8352126625328956, -1.1299597814281357, -0.6794707676007921, -2.5498205067116455, -0.6617271636138427, 0.43218059363366623, 0.9707669020090209, 0.7232991421885793, -0.9123092789005735, -1.0683209661844992, -1.4136807439729884, 9.087279883089971e-2, 0.5942498335195266, 1.1516424472716698, 0.15322573838710668, 0.29538351642489347, -1.3018862061917116, -0.31037670673529727, 0.27025550301110723, 1.2517065853084348, 0.6339326304736125, 0.8537855979639499, -2.5998324769511902, 0.3341238992693737, 0.7256564017620136, 0.8282537554195091, 0.4110156119046999, 0.3816992817284177, 1.3644009229056502, 0.1190579613692453, 0.36957090781420043, -4.700889700437108e-2, -0.29296101417426185, 0.13936834887236585, -0.6290600327420074, 0.6648615864213838, -2.801166524781543e-2, 0.5078449619849894, 0.8440947153366815, 1.1155141859491688, 1.2434009160452331e-2, -0.49043062861259135, -1.3871696505513158, 0.45341067512399114, 0.5360556995829531, 1.5172610095453134, -0.23683835495623, -0.28774763192820924, -1.059723826325308, 0.7748396423695939, -0.33645941972945576, 0.45953803902503076, 0.6212398166697645, -0.8686641272918229, -9.291661892748947e-2, -1.1922441746282575, -0.26334914740467763, 0.21625616548619056, 0.8463164572758772, 5.4589817453221307e-2, 0.9601282002567261, -0.6007240253767147, -0.4072167402175068, 0.27317005822767876, 0.8539597198205058, 0.7668831410399448, 0.39884289530794376, 5.505038824437551e-2, 1.0715672929960467, -0.39721281816124, 1.054610295414, 0.7537046072991694, 0.9815403316646035, 0.7490659366565291, -0.7378660872147138, -1.1156408656380243, 0.7714542007084912, 0.31191848595284244, 0.481995909213094, -0.3210709008416674, -0.5045342885363319, -2.051185436092113, 1.2815839199525845, 0.13685885537879286, 1.1632556592813574, -0.18672906083670535, 2.68903554493987e-2, -0.20127292528743204, -1.8157562135611853, -1.4918313217249508, 0.8665289446025733, 1.1920176943857606, -0.19342167165476393, 1.507801233906874, -0.24986921257844588, -0.13810022566983224, -4.8258257644719735e-2, 1.174821810767323)
