seed <- 827
log.wt <- 0.0
penalty <- 2.8115950178536287e-8
intervals.send <- c()
intervals.recv <- c(56, 112, 225, 450, 900, 1800, 3600, 7200, 14400, 28800, 57600, 115200, 230400, 460800, 921600, 1843200, 3686400, 7372800, 14745600, 29491200, 58982400)
dev.null <- 358759.0022669336
df.null <- 35567
dev.resid <- 226178.98001737066
df.resid <- 35402
df <- 165
coefs <- c(6.602783643312706, 5.813852565554432, 5.709361664555393, 5.362339219850957, 5.194328515955316, 4.817201053428423, 4.714462566263532, 4.591684284154294, 4.393368019839872, 4.285568743076833, 4.3166056099346735, 4.121597219612576, 4.007706926431623, 3.9794602891800537, 3.7134862909228734, 3.522947986609537, 3.24088134105233, 2.938614378717427, 2.500532842968803, 2.094197310694534, 1.5544387319339414, 0.9091137225949086, 1.014948104963981, 0.4195356668738493, 0.18256607326165228, -0.84218501745377, -0.40794870436205305, 1.0382632953680861, 1.0449529171232155, -1.5318480384772981, -2.3598580970512786, -2.0296535474862885, -0.11236376521283002, 0.7815908327424572, 1.2830566915371677, -1.1715505700705797, -1.334843974938035, -0.5128869256127094, 0.2404813354854442, -1.268850915488761, 0.9466539805201764, 0.9702607961400851, -0.877739363707431, -2.4609612209160354, -1.4259601965000648, -0.7162953620398361, -1.030629245117172, 9.894914006709336e-2, 0.5375098664888271, -0.6194000807352974, 8.20562700018546e-2, 1.1657637092285815, -2.5735184452943405, 1.795925708456116, 0.8157562660273588, 0.9769075410008997, -1.7995500899506778, -9.408608967476771e-2, -0.8146452977422654, 1.0771135684215984, 1.3523389579369887, 0.39721508783212406, -2.314002423378709, -1.2904759549467768, -0.5471472911931548, 0.3364466918684355, 0.5573236696175929, -0.1970750034704934, -0.9375253234328322, -0.7514362425581144, -1.4761177075570833, -0.41030094585680066, 0.6507549691964166, 0.8908586898718561, 0.7452143407198784, -0.890630204119928, -1.4626909916675714, -1.3355707298577881, 0.10392724645425527, 0.7321595887048725, 1.0799801701090972, 9.468433519935668e-2, 0.27309084545886114, -1.398919938553804, -0.908263139559441, 0.409502389068015, 1.3051523713142725, 0.24846466039198017, 0.9796838184877209, -2.2410562398905567, 0.4747313989581617, 0.7867992649236489, 0.6924475186076028, 0.3615986479578049, 6.199619544564455e-3, 1.0164800151484052, -4.1205452897444504e-2, 0.2625601417447645, 6.358923998838388e-2, -5.787806243974376e-2, 0.43583253994348603, -0.8432407542649983, 0.8263524151958969, 0.29089629692869684, 1.0549076850196275, 0.8550338353093527, 1.136710234258145, -0.11709855891771301, -9.677348856307215e-2, -1.170093408495357, 0.42030188802161583, 0.8656532750636027, 1.620780570758975, -0.3973000191296733, -0.28278982107533573, -1.284632960873105, 0.7247270650116763, -0.4042107038952116, 0.6483199018344822, 0.5339278375425267, -5.381316116916356e-2, -0.42742736639307116, -1.128694391289818, -0.33446818345311197, 0.30638657784900747, 0.9603352568566337, 5.976903992198351e-3, 1.024745922995976, -0.6885924262592373, -0.4739707753502325, 0.2891086907447911, 0.9228726003618434, 1.0250655141656548, 0.4131285489402704, 1.8657486627745763e-2, 1.2122892862885064, -0.4197029600565582, 1.1271322841623364, 0.727256614426354, 0.9370865492844533, 0.5398356039906005, -0.555632682319195, -1.2255280761617653, 0.7449850792110073, 0.5187605155922546, 0.44140986734860826, -0.17442506228318377, -0.6703936321308968, -1.8858217981832008, 1.3450773989067972, 0.13722290206202117, 1.1875741358725467, -0.2702598320221984, -6.389517966517202e-3, -0.10451376176373385, -1.7159938942274304, -1.832096679514645, 0.7573180738845235, 1.1496176491544596, -1.7737273761566412e-2, 1.5545910817123698, -0.1861623547701189, -0.1281601348998145, 3.61534330348652e-2, 1.1423535906392528)
