seed <- 248
log.wt <- 0.0
penalty <- 2.8115950178536287e-8
intervals.send <- c()
intervals.recv <- c(56, 112, 225, 450, 900, 1800, 3600, 7200, 14400, 28800, 57600, 115200, 230400, 460800, 921600, 1843200, 3686400, 7372800, 14745600, 29491200, 58982400)
dev.null <- 358759.0022669336
df.null <- 35567
dev.resid <- 226277.86566425196
df.resid <- 35402
df <- 165
coefs <- c(6.482898697761763, 5.777481353751547, 5.819658199952702, 5.239838771614443, 5.019349459910341, 4.852334772681868, 4.75363303776573, 4.654769518920229, 4.322947706763334, 4.278532496951413, 4.3240648353837035, 4.163478796839651, 3.994926637418706, 3.9337616283451537, 3.7785407685331065, 3.5033738948949398, 3.25114395349883, 2.9393308522511044, 2.521640419599027, 2.0568866743558702, 1.6258574774676415, 0.9215531988931167, 1.0613921036174245, 0.3675770750979391, 0.32710763437737844, -1.337371935526649, -0.2346694101331261, 0.6733824505164786, 1.0400546768898362, -1.1551755572499476, -2.138281358277126, -1.619173528579556, -0.6337636671355907, 0.7668662172138075, 1.2658335942854424, -1.1709171172651498, -0.23533292203507022, -1.1308045839, -5.5169968622350136e-2, -0.34766374400490524, 0.9997162326197806, 1.1064569771828208, -0.6929961373801339, -2.430393245390999, -1.0329094520927236, -0.5516026571265187, -0.6853002498718804, -0.11226435262758686, 0.34997449919693735, -0.6419458291812175, 2.4531646701551453e-2, 0.9756558544184609, -2.535864495693263, 1.616823234582379, 0.6898806670755018, 1.1992816918539921, -2.079731410470431, -0.2594335661494789, -0.34221181331207573, 1.4393269727804188, 1.2427452428776904, 0.6184779396121499, -1.6513236121507413, -0.8261641133615459, -0.6129839253111026, -0.14147854834841875, 0.586515070487109, -0.46054679665842707, -1.3849554998971365, -0.6814952280451431, -2.3945394027106848, -0.11314345460119893, 0.3701947957413029, 0.9489893279807178, 0.6102413011369028, -0.6680106633055739, -1.3131610202641204, -1.2043398081893606, 7.7016237919382705e-3, 0.5267894115281073, 1.2450460716646146, 0.1658580183311844, 0.4123485345112206, -1.9084733182659215, -0.3656074739455441, 0.49568801551030756, 1.2121146396640947, 8.663654009100989e-3, 0.8521281719529649, -1.9646217054956636, 0.563476962470434, 0.7081958285584246, 0.8648820450207236, 0.3575938698826483, -9.914661032377765e-3, 1.1967538617161007, -0.41193633730535, 0.3362330669615681, -1.424033925397133e-3, 5.050818021576619e-2, 0.4162572375023613, -0.26678648629568347, 0.6798590382078504, 0.14820416182427512, 0.9284766160676486, 0.8442891488925244, 1.0988860504923001, 0.1963130416239399, -0.43018646379903847, -0.6680446330686438, 0.37995378204587876, 0.5545089239749779, 1.5759387838485635, -0.6964809106586581, -0.29153870519332264, -0.970533155472426, 0.8935038370146176, -0.21041571460095754, 0.5358102625621071, 0.4453565739670792, -0.5036025721751384, -0.3614310423697844, -1.0754909563528363, -0.37420639178328385, 0.25758776401980643, 0.7500509425400883, -2.576553107597871e-2, 0.945496223158233, -0.6899300163952934, -0.4628402141712704, 0.33772326654053736, 0.9190690473989395, 0.7011297794644432, 0.3248701056680118, -5.5156894108139745e-2, 0.9009348171304359, -0.3884716694092101, 0.9842622358816988, 0.6947103089780082, 0.865642567913034, 0.8286789703020769, -0.7903149016712413, -1.134551452931105, 0.47646570562204305, 0.21279397564194721, 0.4343849279678919, -0.25514614897501897, -0.7044883738107337, -1.7934856732380255, 1.2093943338544693, 6.260719817617812e-2, 1.1454030708695189, -0.17077176119000345, -0.10005817144850174, -0.14547623215088823, -1.7360640354466046, -1.2572801580395612, 0.9809546403456275, 1.1015396547191736, -0.2431205939991482, 1.5022839170826812, -0.23810470780384863, -0.13616913726046148, -5.8366229604268946e-2, 1.2314742671114636)
