seed <- 491
log.wt <- 0.0
penalty <- 2.8115950178536287e-8
intervals.send <- c()
intervals.recv <- c(56, 112, 225, 450, 900, 1800, 3600, 7200, 14400, 28800, 57600, 115200, 230400, 460800, 921600, 1843200, 3686400, 7372800, 14745600, 29491200, 58982400)
dev.null <- 358759.0022669336
df.null <- 35567
dev.resid <- 225681.00217999748
df.resid <- 35402
df <- 165
coefs <- c(6.557472716213189, 5.714127399147908, 5.5425603403910335, 5.361953257865591, 5.139730765876814, 4.8336200040104895, 4.71746402565154, 4.6188426558523865, 4.307215933472159, 4.245861322126141, 4.299894714998035, 4.158463294150982, 4.004246655415799, 3.9445246514092873, 3.7563671191741306, 3.5336650346192595, 3.246653189995552, 2.9410065780642642, 2.499035684577025, 2.0516603619038554, 1.5712888107379002, 0.9397155511350224, 1.0536739072742998, 0.23972472268939435, 0.1550138478591131, -1.2293591546462916, 5.263128629376287e-3, 0.9408857894291482, 1.0710085458871805, -1.098692389513231, -2.0595538859275457, -1.7622085579950102, -0.3359863150188543, 0.7866648944808349, 1.3028405631192659, -1.1430905719125861, -3.7674060432577566e-2, -0.8337840276001383, 3.1160326983107292e-2, -0.7632999253321052, 0.8871267196341397, 0.7776532848422633, -0.9651308748321358, -1.4412112647395008, -0.9179857172407968, -0.6035788539411404, -0.6486679133627602, 0.18719734117739475, 0.43081604623992664, -0.5076909305010346, -0.30439054125795273, 1.088050341091592, -2.112530860998826, 1.8447294226982334, 0.7926251821718961, 0.9082956663059937, -2.316656887861797, -0.2919721668531035, -0.2493286242930319, 1.5259931879007274, 1.290597513477757, 0.5344461430611394, -1.7808465808045617, -1.0439573955612063, -0.7429131818278846, 0.26056671714105606, 0.6161940405446887, -0.711129758764843, -1.0975049934951442, -0.665660456073752, -2.3399650309276234, -0.22892452657769483, 0.4034328178731248, 1.1389317244225217, 0.6842370407973551, -1.216020973418125, -1.5067683159052225, -1.0806627229248744, 1.6415534843174123e-2, 0.568015021464539, 1.1132630242401078, 0.1869237030148312, 0.29430683531755775, -1.6019579765345986, -0.5584021010507608, 0.4871635968276139, 1.2413923666190974, 0.5401129567345825, 0.798510708997064, -2.0702336357332847, 0.5448217966994628, 0.7320518154209894, 0.9244541713546802, 0.32346240140413746, 2.0902127262870152e-2, 1.2977677137760226, -0.6735104736562798, 0.3863142479575979, -0.16980554246488308, -0.4400902123741061, 0.5656029099147893, -0.7552785467442621, 0.7523827957380766, 4.781863843890423e-2, 0.5478872549520294, 0.8838413152586581, 1.1559388782597737, -0.5037882786029564, -0.4116087844994253, -1.5110418960421468, 0.419687898476306, 0.7630098148961099, 1.5613356770780065, -0.5662348669397977, -0.41239997596080036, -1.0674236248172213, 0.8064841481392302, -0.322135302246102, 0.53604386050542, 0.5512879866604341, -0.49520242627844574, -0.6070876388597517, -1.0245528512813054, -0.37381940401775215, 0.3198820755048129, 0.7533394482328235, -6.47064700992587e-2, 0.8752276816136552, -0.40708014833414863, -0.41865021526220647, 0.43978661080900355, 0.8211605778959294, 0.7514378622406078, 0.5697559074292611, 2.7391826900493303e-3, 1.1710610263249872, -0.39646764701377946, 1.054937590397802, 0.7329663581519313, 0.8361365590941077, 0.7429721485466291, -0.6418135212580571, -1.4796826629472228, 0.7702742245493229, 0.10730945078135991, 0.6076088213141393, -0.2716429672153638, -0.23518108996470122, -1.9648225416361338, 1.253414821550555, 0.13728800973116537, 1.1059142201697305, -0.3056060577590665, -0.1767973496589945, -8.584855101758405e-2, -1.9156444010213767, -0.9622096925544161, 0.9647432066370762, 1.1667585388286668, -0.43075092780843294, 1.5200359103658456, -0.3735391230073753, -9.09025110606552e-2, -9.148639619146728e-2, 1.2457593724771687)
