seed <- 179
log.wt <- 0.0
penalty <- 2.8115950178536287e-8
intervals.send <- c()
intervals.recv <- c(56, 112, 225, 450, 900, 1800, 3600, 7200, 14400, 28800, 57600, 115200, 230400, 460800, 921600, 1843200, 3686400, 7372800, 14745600, 29491200, 58982400)
dev.null <- 358759.0022669336
df.null <- 35567
dev.resid <- 225829.49439295655
df.resid <- 35402
df <- 165
coefs <- c(6.734126974423295, 5.97998472321545, 5.665600014431987, 5.20100881192962, 5.159477967095038, 4.8825412677777695, 4.733035417231076, 4.622271588613517, 4.394329158372914, 4.214443102714868, 4.269644618886321, 4.192479047936179, 4.009223651175055, 3.945449178653235, 3.7523471500814556, 3.5538622935445616, 3.245571614125921, 2.958631466042152, 2.5140605110629957, 2.110843877156811, 1.5260665157826194, 0.8445269094685761, 1.0282154573848967, 0.13543312837336205, 1.0105931568688558, -1.2242914332913772, -0.29493639442099207, 0.987316428088694, 1.0894015402667945, -1.3775145926647039, -2.4459412715739703, -2.1503468847243603, -0.4624513404660478, 0.7115084299579509, 1.2714372749721934, -1.215751767788931, -0.2565523367033932, -0.9498672751829611, 0.19014302225822746, -0.40457190051388287, 0.9128979913624764, 0.9175069722877779, -0.6617998190264863, -2.3770857676544623, -0.6626417990412194, -0.6972200697261044, -0.8292331637234104, 9.881955128131509e-2, 0.49551048099338, -0.8478683364237626, 8.402489761575346e-2, 1.0004422411285465, -2.5515300991034184, 1.682549334839314, 0.8492927518888537, 1.123786337399897, -2.1262262422485074, -5.828214952583366e-2, -0.6261877432532297, 1.5556332874220957, 1.099322051558995, 0.652618029400143, -2.0313371261567905, -0.7107126553132067, -0.7283537739797098, -6.929012202902218e-2, 0.5707353872342303, -0.4125002778144853, -1.4297782827293104, -0.5077353717799721, -1.5980042626713578, -0.6339796249979085, 0.32920670224488685, 0.9718587330750033, 0.7739029778033075, -0.5380970862997726, -1.1983577312016778, -1.080991029744743, -9.646270213357178e-2, 0.7187464498442983, 1.284318401136542, 9.49073342078939e-2, 0.14235016242162293, -1.9561667212681728, -0.5674469384202827, 0.4585908405697795, 1.2208413231352595, 0.33587941391939513, 0.8360387489508846, -2.1028280770922176, 0.34846575776984084, 0.9837533256175258, 0.7041756805832078, 0.4536081346941014, 0.19715722656176962, 1.3379955695613994, -0.9649639645364291, 0.2953414917413127, -4.517268440574642e-2, -0.41672043569314365, 0.4798027591483764, -0.3988467882637088, 0.8818339694771813, 0.33833190042929856, 0.6038048600114937, 0.7964026639818571, 1.1690018978702763, 0.3758524600724643, -0.543231323700243, -0.6582468357040329, 0.35637521290651114, 0.4834906638302291, 1.56257037434346, -0.4147637888404537, -0.23114544194554212, -1.4720569069971572, 0.7894770790246651, -0.2270183922426396, 0.4529162933581972, 0.5520209768095194, -0.6892021490525173, -0.48780311474070265, -1.1289692897933126, -1.1884342621651978, 0.25065036820915226, 0.9047538854586794, 2.8428604938048364e-2, 1.0961773735457736, -0.4495539383944732, -0.5389784309581502, 0.23419682477405138, 0.8174243915362469, 0.6024514752262696, 0.2932764797090848, -0.10331756415189944, 1.034869508416906, -0.32988629599204594, 1.040685276506323, 0.7467819739231737, 0.9493488262821553, 0.7905389216826556, -0.73419955332146, -1.3443937178889727, 0.4824392507640218, 0.3377730444226966, 0.5400714825844019, -0.23009457228986702, -0.37429175281075594, -1.8266255175375474, 1.245290790634649, 0.16910433375394537, 1.2276082687959726, -0.2996380228988065, -0.13751950475633298, -9.745624980597166e-2, -1.5497205017654607, -0.8534601989022158, 0.9563199382631401, 1.2085401974994623, -0.20917016258779647, 1.503391635533099, -0.34655186109194075, -0.15929354430568535, -2.576264472450068e-2, 1.2579746833396925)
