seed <- 565
log.wt <- 0.0
penalty <- 2.8115950178536287e-8
intervals.send <- c()
intervals.recv <- c(56, 112, 225, 450, 900, 1800, 3600, 7200, 14400, 28800, 57600, 115200, 230400, 460800, 921600, 1843200, 3686400, 7372800, 14745600, 29491200, 58982400)
dev.null <- 358759.0022669336
df.null <- 35567
dev.resid <- 225873.91690486998
df.resid <- 35402
df <- 165
coefs <- c(6.482852524611252, 5.706839877761985, 5.759991204568192, 5.421866575605961, 5.139140838461389, 4.873936776588969, 4.793842372592299, 4.651438519860114, 4.375062442804331, 4.275549159209344, 4.268878538959285, 4.175567084640595, 4.002072397086064, 3.96393125545215, 3.769914899174844, 3.5258472783575803, 3.2506617530585764, 2.9231798190422573, 2.5410088130409516, 2.0521360229442447, 1.643844677146365, 0.9161310218587057, 1.041089224505125, 0.337135417692866, -0.6116097624961375, -1.3146490777011384, -0.29206232247675185, 1.0528990700064447, 1.1116917819454866, -1.3404543161877112, -2.2358309418768987, -2.523626697851031, -0.5123567589248315, 0.7011636559289908, 1.2461417666855399, -0.8521064506779439, -1.293660529955137, -1.115135052901854, 8.743796773702591e-3, -0.8075760980138412, 1.0386425513857205, 0.909174726226596, -0.8086218372116629, -2.358278008455472, -0.8800908966918003, -0.6981892884304429, -0.2594163086389262, 0.32103394417835746, 0.6551308693943159, -0.5296040657500519, -8.634899980214139e-2, 0.8215255391896747, -2.9590333379401104, 1.6416326809592752, 0.8142936433622984, 1.1722668469208568, -1.7319564668704248, -0.14776972511899072, -0.6277035623258598, 1.1594656362041966, 1.191790033700434, 0.6077533805733452, -1.2559588371753243, -1.0968813887754052, -0.9846354745642912, -4.5140813169155636e-2, 0.5851503929823119, -0.394004506679885, -0.9052512794956828, -0.5507602697436306, -2.2195086439201153, -0.5936466541041003, 0.8607259341421543, 0.9796532055411495, 0.6727759401685219, -0.8423290679185974, -1.3069294906740676, -1.0893520501625389, -9.413228149864901e-2, 0.8210709775151076, 1.1118443693466755, 3.0795866870994736e-2, 0.10652855934266708, -1.8228890347620565, -0.688115645404435, 0.3749325533337189, 1.2471481046224242, 0.4539211241363417, 0.94723687615829, -1.9849031010815346, 0.595419278638646, 0.842934954382256, 0.7492530513423016, 0.39470463037606224, -2.704861052927532e-3, 1.6423110348428218, 0.41906385738011354, 0.71260491728376, -0.3043383118085592, 0.1828384874682776, 0.6400338353137486, -0.10827761945483448, 0.6614066208120754, -0.35700531301352606, 0.7098921659469388, 0.8350207783814123, 1.123853486435966, -0.8086367712971095, -0.2689107608841898, -1.0789427768879853, 0.3613394308087175, 0.6633283855393857, 1.6526491295850154, -0.5984761179480305, -0.21093615641740968, -0.8639046153473938, 0.7064002352932909, -0.3768012733758836, 0.4113168470703387, 0.8264590081520077, -0.4520070423595957, -0.5682541576905098, -1.4319620586177135, -0.4548895103504813, 0.3775483430494967, 0.7752841218742976, 2.983656926757418e-3, 1.0669799201364456, -1.0249516114496309, -0.35917769594436133, 0.4568592223749421, 0.9557416142278101, 0.8225843198641215, 0.5651186123361734, 4.8582654450090836e-2, 1.1072519883730354, -0.3566188038048809, 0.9246884674465095, 0.7046994672164906, 1.0686459414496114, 0.7683910553207323, -0.7026773254056149, -0.9511954410015286, 0.7270314748332275, 0.45828035444315607, 0.44679188499106776, -8.792526762523414e-2, -0.5835931974518042, -1.7999826537487127, 1.2599017712648974, 0.14559433404772168, 1.269039768543648, -0.1285260118307737, -4.244037539748888e-2, -0.3252602894752308, -1.891899219290102, -1.093271627824826, 0.9197305768722919, 1.1200058706822857, -0.4964953322029862, 1.6393972432940078, -0.34407774976786587, -0.16002617698156266, 0.25588073239940423, 1.137352148013289)
