seed <- 677
log.wt <- 0.0
penalty <- 2.8115950178536287e-8
intervals.send <- c()
intervals.recv <- c(56, 112, 225, 450, 900, 1800, 3600, 7200, 14400, 28800, 57600, 115200, 230400, 460800, 921600, 1843200, 3686400, 7372800, 14745600, 29491200, 58982400)
dev.null <- 358759.0022669336
df.null <- 35567
dev.resid <- 227033.47039538345
df.resid <- 35402
df <- 165
coefs <- c(6.464294790685844, 5.788669001146921, 5.83844194200326, 5.341859221199906, 5.002011929716092, 4.814657510127196, 4.779225227943259, 4.6226382329458895, 4.385596849653798, 4.284818994419847, 4.255731257692394, 4.178027133005481, 3.9974186469690203, 3.925361753199363, 3.731509871077381, 3.5030630585183724, 3.238957136288122, 2.9287088320416794, 2.4594701844634694, 2.047605912083817, 1.4699083437817428, 0.9035272663817218, 1.161659768561326, 0.4118802436372558, 0.34518067950898607, -0.7830323860552181, -0.26651119946810514, 0.7783917794323533, 1.0379744697491682, -1.0748595746082084, -1.965471159214389, -2.3080297505593124, -0.17313506282187321, 0.759923108939111, 1.3979049944520063, -0.9010288147195977, 0.22054057942752375, -1.4576065700056136, -0.2179101993804042, 0.39925907491445145, 0.8092349450129586, 1.0588464237943882, -0.8422274800720964, -2.3038985380203836, -0.9197998229527088, -0.9142162329636524, -0.4629553857125997, 0.32652644346468074, 0.22420113241386144, -0.9303805813855551, 0.2015055482526754, 0.8107151187978474, -2.140045937634652, 1.7206530472796466, 0.7493658187195228, 1.1213658915187579, -2.3739749077791856, -8.565561702558915e-2, -0.2008715468392733, 1.2587420835900291, 1.2692401544010805, 0.8258391214564149, -1.5957637202501862, -0.9640393496343468, -0.6859380118694717, 8.422346799922074e-2, 0.47941918413184553, -0.3342058617027516, -0.914717972111598, -0.5197582964769413, -2.707428141955656, -0.16277381383143777, 0.3618636062990211, 0.9417499114874446, 0.7319804603633566, -0.9534603910698245, -1.237328046867286, -1.1838636634544586, -9.639377881181847e-3, 0.7301069965018263, 1.091877288770004, -3.941215194921822e-3, 0.47638858109307, -1.8420760852911413, -0.2773644365036795, 0.4239384265780617, 1.232529493632718, 0.4165936539913866, 0.8629060017821584, -1.8778415103076607, 0.45055360087548535, 0.8223832862111919, 0.7642942080878721, 0.3546285220166517, -0.3619355986342195, 1.1917549531703466, -0.6117733721252203, 0.21519500596734953, 3.765128405491803e-2, -0.478387736359609, 0.4737880604079623, -8.19699641280161e-2, 0.8473567804529035, -5.002149575165388e-2, 0.6121510239071818, 0.831226569077276, 1.2075213868008405, -0.7060040246183669, -0.8425176888172585, -0.7407753724950753, 0.26953723914534733, 0.5387397904503851, 1.5206856508585755, -1.430746931166469, -0.23029420527729655, -1.0597859265289127, 0.7158359086507998, -0.273840051136745, 0.49734009850209, 0.7220876322036153, -0.32532952344845706, -0.2430210929021827, -1.4444329716911195, -0.23873199659811647, 0.26844737622537873, 0.9705670211635112, -8.503729174501738e-3, 1.154248732506786, -0.5851908196547013, -0.37480294115856394, 0.3350696027838434, 0.7871943490267179, 0.9064364109705516, 0.4543925851933163, 8.775518231682145e-2, 0.9721173707050953, -0.25418509902209196, 1.0773319388904006, 0.6882487043858153, 0.9970201012116144, 0.7346101593019856, -0.6527578956484265, -1.3485869331190474, 0.6204348689322936, 0.3828808965213519, 0.5284923447548718, -0.2136679249613571, -0.8316174604262961, -2.1870363145111305, 1.2377218994669255, 5.775950999978859e-2, 1.24567699097097, -0.11413700523499326, -2.4333216810160395e-2, 5.89317406769048e-3, -1.706737835564414, -1.6533584386477802, 0.7652086074061206, 1.1773268079852988, -0.4495798542033079, 1.5314969058685248, -0.5000621549293323, -0.21656764694585098, -1.4860426358211214e-2, 1.1621870018371432)
