seed <- 636
log.wt <- -14.29839735952248
penalty <- 2.8115950178536287e-8
intervals.send <- c()
intervals.recv <- c(56, 112, 225, 450, 900, 1800, 3600, 7200, 14400, 28800, 57600, 115200, 230400, 460800, 921600, 1843200, 3686400, 7372800, 14745600, 29491200, 58982400)
dev.null <- 358759.0022669336
df.null <- 35567
dev.resid <- 224928.41575037254
df.resid <- 35402
df <- 165
coefs <- c(6.658784172323247, 5.7018534251505555, 5.700553486112481, 5.251107781883429, 5.248269099268994, 4.946564377121415, 4.826040036483287, 4.628177324340439, 4.406646411081642, 4.340354587929985, 4.342449037955241, 4.172254080294173, 4.0533735466139555, 3.9390951704247996, 3.751283987490905, 3.526676619266211, 3.3111681380740365, 2.956961334298291, 2.5546704897790384, 2.060888050169685, 1.5348027912199842, 0.9159396604847818, 0.9835668286329791, 0.5888323977985911, 0.6822874802664055, -1.6452847192156292, -0.310758672866282, 0.8257215561228861, 1.142748468149546, -1.3360408611135182, -2.5590024149951796, -1.796939904202274, -0.4069920131703049, 0.8362426432433862, 1.2367990540306135, -0.862260725979005, -0.33449479807106963, -1.0431270449486065, 1.2221575148887387e-2, -0.6505368071442673, 0.9456923322190438, 0.950868204040766, -0.5898524966565676, -1.86494960584787, -0.5523431040303862, -0.715060515592293, -0.28783851676165756, -4.6556283411062716e-2, 0.45627220928964873, -0.7069157641738667, -0.10903320061946799, 0.9053177263066706, -2.6455698195808024, 1.7188208353291283, 0.687920952026626, 1.0682776751223833, -1.9369009664262862, -0.2588351782951232, -0.8457773251812323, 1.3700069694406642, 0.8396723344154438, 0.6415105843944227, -1.7841114283821244, -0.7609960642114504, -0.5701402454969812, -0.14234572418159014, 0.7880409180443148, -0.8502426405252879, -0.8507878050793767, -0.7272048819190794, -2.0365116712324314, -0.21105565842895624, 0.45926006132769087, 1.0487831332643434, 0.5702918554704907, -0.6062282799939303, -1.1856099390523986, -1.390681944905123, 4.928870582742525e-3, 0.7585995682150001, 1.0991524046847128, 7.009522976230498e-2, 0.11361564360639312, -1.5919130152358563, -0.4617916183236534, 0.43694150634702844, 1.2038335500109358, 0.2580563214777241, 0.8819112511128521, -1.8503373494479622, 0.46412895266683846, 0.753556756414608, 0.6700137921759476, 0.403416767199108, 0.16123956155659008, 1.2389700337655913, -0.33580143900118475, 0.6904316100316765, 8.792219746669176e-2, -0.2763686216839266, 0.5179846408778875, -0.45731670815159764, 0.7911605194896822, 8.798507872624468e-2, 0.69170239457235, 0.8382903770934336, 1.083657738158697, -0.4647924886823091, -0.5461401775413678, -0.9154718784164892, 0.3467459834468637, 0.5689684745114674, 1.6250233272949204, -0.4657632979974886, -0.2050917172183164, -1.0993825735424871, 0.6697302502636959, -0.20532709766764565, 0.4677778134414446, 0.5476438162209631, -0.9358631957185995, -0.3818813938028518, -1.0381636446145925, -0.5214127103234661, 0.29508981026173237, 0.735299844846736, -1.0820263460634662e-2, 0.9166970023654778, -0.8078339894287805, -0.39290818960767365, 0.3601933021341314, 0.8538536621507221, 0.8956531483179693, 0.438056826650223, -3.452257549146507e-4, 0.9544177497037, -0.4903278875294994, 1.0586020722750966, 0.6957912875870238, 0.9213495194257872, 0.6257754906916215, -0.606674361117786, -1.1893587311520863, 0.6852725667566534, 0.27681020995851313, 0.6015053322538371, -0.13855826042057184, -0.33491735623749075, -2.098710642003958, 1.3584342196428334, 0.18824618480062819, 1.23609169499891, -0.2819749930198364, -0.15797445358375056, -4.7363697233417476e-2, -2.1080012743960195, -0.9958642149197922, 0.8354518076158841, 1.1599552711140169, -0.3620219885278956, 1.5819087037475703, -0.1795392903373052, -0.25545079286713207, -0.13104257115058687, 1.080458538766492)
