seed <- 105
log.wt <- 0.0
penalty <- 2.8115950178536287e-8
intervals.send <- c()
intervals.recv <- c(56, 112, 225, 450, 900, 1800, 3600, 7200, 14400, 28800, 57600, 115200, 230400, 460800, 921600, 1843200, 3686400, 7372800, 14745600, 29491200, 58982400)
dev.null <- 358759.0022669336
df.null <- 35567
dev.resid <- 226182.88708478955
df.resid <- 35402
df <- 165
coefs <- c(6.730392936203991, 5.685344256736475, 5.652925936054083, 5.129660764618756, 5.025729261315843, 4.849720026769106, 4.807100767369217, 4.644629402124262, 4.319562868350002, 4.2794775606925795, 4.30373845966148, 4.157301721434844, 4.00631956680853, 3.954178332547698, 3.756082736002647, 3.5347979238131657, 3.25218256854506, 2.8812833046557356, 2.4947780891363323, 2.0655527879391524, 1.616496363076647, 0.9169127190896399, 1.0087289064388885, 0.43297816657790394, 0.5923524521030838, -1.2068870100920297, -8.890214848958602e-2, 0.9782442274204604, 0.9952449316929227, -0.9834249218872649, -2.1582539811972956, -2.388607085031836, -0.4897920489397766, 0.7073888412869639, 1.2390076610694023, -1.050423518674726, 0.33219157288334167, -0.6289881101936563, -0.15794044944627056, -1.034765598632914, 0.8828072616281197, 1.061552465217128, -0.9541029257978202, -1.582748959955119, -0.5503075384800442, -0.6917877497100743, -0.32645438719846653, 0.4040079217686875, -6.569841118733379e-2, -0.6205798560880326, -8.287878335089419e-2, 1.031200856581996, -2.1366500074482637, 1.6950460187159848, 0.7499444736823684, 1.011187625575154, -2.1013890238644715, -0.19414655038653902, -0.27743406139749116, 1.3519664713893442, 0.4455678705347808, 0.8122358151823373, -1.7488659857567836, -1.2929372394353338, -0.5561404305315377, -7.674248876631765e-3, 0.531567809066039, -0.37501350040571474, -1.7875416962832829, -0.6188331243728576, -1.7794275250906353, -0.7231285660482086, 0.545039176484169, 0.8193264471672915, 0.6809389400608394, -0.7244699900611214, -1.3543488556998737, -1.058079313539784, -0.1284810156644515, 0.666099371909783, 1.164936057938364, 1.4118056492522638e-2, 9.905652116454176e-2, -1.4968103453478112, -0.1573579412176894, 0.40295806980567783, 1.2416258032006755, 0.43895398477434516, 0.762831900781867, -2.45102051328769, 0.44952068407772466, 0.5523039424036842, 0.8497794161961163, 0.5163600964951902, -0.30895810476285174, 1.2876927849234439, -0.37491673035655176, 0.5362117721076015, -7.547427247151609e-2, 2.9175999325877305e-3, 0.5114847313346838, -0.42100340293595734, 0.8700041086582669, 5.8981514469657725e-3, 0.7611650418911441, 0.8382936794195265, 1.0639147421847122, -0.7707439783369676, 7.641037394635228e-3, -1.1747290751155717, 0.40606651047770914, 0.66737054450687, 1.550348314772669, -0.5613897672940179, -0.1640427905935751, -1.0278264352976185, 0.7817046306682164, -0.2335787546828878, 0.3963511223551264, 0.7731497746686766, -1.3037258976531292, -0.5082365670160599, -1.1908629047969252, -0.2903584890802316, 0.22171394926553117, 0.8288824849018237, 5.455166980274494e-2, 0.9049733712251768, -0.42454187032451784, -0.3919220117639328, 0.22556766319052665, 1.1184873216950135, 0.6982536444129223, 0.39765572908167696, -4.818829894942378e-2, 1.0329558930709606, -0.3513755456192255, 1.0431497976531126, 0.763827498013268, 0.8619394283974439, 0.6932916414664889, -0.7459014900065698, -0.9864671012050624, 0.7234230246154804, 0.2251344861087379, 0.4310267931600183, -0.1435015576191114, -0.6374250375608824, -2.0171297606571668, 1.2515454290076395, 0.11750955581612745, 1.125152330619344, -0.11467018920277793, -0.1169037118608072, -0.35388543674865386, -2.0505990572308415, -0.9444812595069769, 0.7400059920007234, 1.2079831471413298, -0.17168675151672644, 1.491213510479915, -0.39758402767442624, -0.13204508586336494, 0.2466417591127805, 1.217365578934522)
