seed <- 790
log.wt <- -12.684231616796097
penalty <- 2.8115950178536287e-8
intervals.send <- c()
intervals.recv <- c(56, 112, 225, 450, 900, 1800, 3600, 7200, 14400, 28800, 57600, 115200, 230400, 460800, 921600, 1843200, 3686400, 7372800, 14745600, 29491200, 58982400)
dev.null <- 358759.0022669336
df.null <- 35567
dev.resid <- 226530.86659111816
df.resid <- 35402
df <- 165
coefs <- c(6.568663281571274, 5.704259606681322, 5.459847256314978, 5.442520821397959, 4.969567658378607, 4.80895447827605, 4.692173820616074, 4.5713363279816335, 4.378155981456948, 4.177911132004897, 4.312471501980723, 4.144530934559036, 4.0124399375271125, 3.945639416671321, 3.7240220473310153, 3.508517528988629, 3.2256223018013053, 2.927183403450935, 2.494165305609672, 2.040855649284668, 1.4703319723119759, 0.9301769965751292, 0.9890961789791902, 0.5054713708807362, 0.386121303824277, -0.9689873637767458, -0.17273628194159193, 0.9756158295181875, 1.0414554474190825, -0.9151593441761982, -2.075989831370625, -2.1642616230195078, -0.3895220448256806, 0.7365643066816592, 1.2574787114731036, -0.6485180715120072, -0.31869296204962666, -1.2696517638607032, -5.243562815967376e-2, -0.7587494833220828, 0.8618844712205076, 1.014126843735368, -0.8562882414657221, -1.9062012678484863, -0.975561747247472, -0.7995067553403647, -0.44551588836111533, 0.2049269312271686, 0.702323430778101, -0.7009304484437349, 0.14854375038439305, 1.0097467976757764, -2.3033493523963458, 1.7549126287983228, 0.8470863183100396, 1.0241376785886311, -2.049171062218722, 3.0745454817833126e-2, -7.739179299451314e-2, 1.539795480163874, 1.110955525616253, 0.7576082272146287, -1.810499234158791, -1.2521593982249122, -0.6738847980168476, -0.14439821158539654, 0.5350144315906821, -0.4625224109834685, -1.5579447399018491, -0.7303032601203624, -1.7698513645644534, -0.2529440083246118, 0.5584677328585794, 0.9236123089581181, 0.5896804172616316, -0.6344528795054987, -1.2251321448059271, -1.5472516382105939, -0.1717589631105302, 0.7041586322913459, 1.1349094162249755, 0.13292410342359778, 9.196322580592635e-2, -1.6193803876890966, -0.8918575672238613, 0.7002602579583037, 1.1344139241114226, 0.45466485025590875, 0.8616412638965578, -2.2428970843439306, 0.4616411344169709, 0.7977645479472807, 0.9065268540570295, 0.4142582376679368, -4.106843481684718e-2, 1.2841090762949237, -0.5897104580646705, 0.33572421259556173, 1.501714458019972e-2, 0.12849447905504216, 0.4580371826341351, -5.8784234951514e-2, 0.809386844970356, 0.1940900704995358, 0.6291586033224276, 0.8363830506664846, 1.1331631730645286, -1.0927041741401862, -0.39231904964556114, -1.0120358933671, 0.42079445059527787, 0.6609538301079473, 1.5636205221105652, -0.6517234666832539, -0.2976218375724355, -1.2172543386991452, 0.8047045138813749, -0.3162004258024505, 0.25696061826097016, 0.5493318625536417, -0.16279715473077644, -0.4574385054279674, -1.2600326848663963, -0.8048409971133009, 0.2978902030580251, 0.7599812481921879, 5.875356278205945e-2, 0.9529516455886561, -0.5014375246287701, -0.42105283252638814, 0.20492487701550088, 0.8590152632499592, 0.8225269748756051, 0.31347970455196805, -6.71761929550567e-2, 1.1995010320145607, -0.5438231075478288, 1.0519744249647212, 0.6924586192625294, 0.8923311882201663, 0.863035541517682, -0.6681604259882291, -1.4777414094147918, 0.5781969892314738, 0.5724262191617844, 0.5066095717908422, -6.02082084644806e-2, -0.5363121880576472, -1.8519051635369228, 1.2301602171339203, 0.15782805909161524, 1.1987357717476959, -8.728496211137142e-2, -0.1458284500549314, -0.122017894447487, -1.9073003319358852, -1.797443995400093, 0.8717496918068771, 1.1146385436130335, -0.4424618724040226, 1.5135654759648727, -0.2509413828737131, -0.1605100969049877, -1.3929894332771172e-2, 1.2225871519304388)
