seed <- 976
log.wt <- 0.0
penalty <- 2.8115950178536287e-8
intervals.send <- c()
intervals.recv <- c(56, 112, 225, 450, 900, 1800, 3600, 7200, 14400, 28800, 57600, 115200, 230400, 460800, 921600, 1843200, 3686400, 7372800, 14745600, 29491200, 58982400)
dev.null <- 358759.0022669336
df.null <- 35567
dev.resid <- 225434.73124978246
df.resid <- 35402
df <- 165
coefs <- c(6.038826083370031, 5.852824330768146, 5.755107660811114, 5.231392268029697, 5.113591763725302, 4.881955869494201, 4.748856504504489, 4.683665766291369, 4.352454152448218, 4.250339578426055, 4.329981095688773, 4.217143105802918, 4.042458915001589, 3.9783129358821427, 3.776704055484085, 3.508167444058477, 3.2724230427776235, 2.987741446111342, 2.5144998430612353, 2.0819935575381767, 1.654587471012665, 0.926084969259812, 0.9420516729126874, 0.2635046876209945, -2.630872482562088e-2, -1.1347906050346066, -0.3960473687722439, 1.025052380639028, 0.9611042054779745, -1.5294707883042924, -2.1565036145518497, -2.272718807452725, -0.20089008230358052, 0.793209463742571, 1.1457723103070654, -1.0935233132180218, 0.16034158787643002, -0.5421269023898218, 0.1797764489360492, -0.9718025822379378, 0.8022140219842343, 1.113999937264604, -0.8740984267640042, -1.8257478156340192, -1.1670508425588388, -0.9163011543505859, -0.7074782927079929, 0.286825459672561, 0.37590615798492405, -0.5878989066262994, 6.349503708763156e-2, 0.8292503067066896, -1.7815868828418122, 1.8630901633331536, 0.764492314330211, 0.8900290196620904, -2.0325707203647885, 1.9171635684693367e-2, -0.20808576667799977, 1.1173310710562072, 0.7659017482185185, 0.7462324090747832, -1.7513387101171902, -1.0300114535253881, -0.46267331866136446, 0.4009218018710584, 0.7138723290530264, -0.469928313491209, -1.1030911429664607, -0.7583980181030434, -2.0419243721649805, 0.407841619857819, 0.42295465155844686, 0.7580308317856163, 0.559862613497732, -0.6887645690086148, -1.533506424793792, -2.0616777901469048, -2.012154790465478e-2, 0.8023726546069477, 1.197249319936322, 8.298324785196744e-3, 0.3490186498494419, -1.751916183329113, -0.5196117204622817, 0.3435644442423583, 1.1937689414876391, 0.41770751387613647, 0.87201438155023, -2.3531154537196763, 0.5168343603570184, 0.6953940996981706, 0.7958364604919368, 0.40819498209968524, 0.21777239556309738, 1.2922404548643527, -0.373574436748332, 0.6289430918749531, -8.693889188095955e-3, 0.10421674673032459, 0.24223507461870056, -4.547365542454552e-2, 0.7305291702580794, 0.326017944516313, 0.5914514716663439, 0.832669334613197, 1.1064695015746933, -1.2721456309585635, -0.1274713529079599, -1.2692371466537145, 0.4414113905162082, 0.6280795700264764, 1.5102864749948952, -0.3923638826982593, -0.3395826727350974, -1.4534795105144693, 0.8022151121040705, -0.3045475577837638, 0.31608193758074593, 0.5681047864532837, -0.2895517547504383, -0.4419200816908903, -1.2086251644726962, -0.8075754548418539, 0.27353044393213577, 0.8106949669760302, -5.4452499889103965e-2, 0.9951039668081287, -0.6564838758365548, -0.335353523037969, 0.28479366687935376, 0.8169238329275894, 0.7275992958206184, 0.3688612645668108, -2.5910110785926838e-2, 1.1165519180262635, -0.5787970370319991, 1.1775954995265023, 0.7218292959153778, 0.9813998917675222, 0.7147269312351012, -0.6169119707269748, -1.2551425825557616, 0.7792245875309893, 0.23349865325284846, 0.34727891172766434, -0.2091411234287008, -0.3456685838542992, -1.7523763685569367, 1.2752971692582413, 0.1451301361472155, 1.2711585181384741, -0.11818373546884049, -5.6116486182880086e-2, -0.14932912056036196, -1.4144113724781089, -1.3496841050171642, 0.7830626891231596, 1.1614419352395142, -0.2770357925368047, 1.4475554293276367, -0.25949796793591895, -0.147928844216262, 6.039835189481464e-2, 1.176791104065257)
