seed <- 349
log.wt <- 0.0
penalty <- 2.8115950178536287e-8
intervals.send <- c()
intervals.recv <- c(56, 112, 225, 450, 900, 1800, 3600, 7200, 14400, 28800, 57600, 115200, 230400, 460800, 921600, 1843200, 3686400, 7372800, 14745600, 29491200, 58982400)
dev.null <- 358759.0022669336
df.null <- 35567
dev.resid <- 225348.3098469169
df.resid <- 35402
df <- 165
coefs <- c(6.673837251926692, 5.69348282366844, 5.7412131983629875, 5.442985003598032, 5.136965816886003, 4.9085048611176685, 4.683729853157902, 4.640295907843641, 4.400849119073928, 4.234570917792142, 4.393070177701423, 4.173906160004919, 4.030655695492421, 3.958894486600265, 3.7761787285635524, 3.5473593042005414, 3.2244153246367446, 2.9925596572146875, 2.533237762284223, 2.0178262798626228, 1.6444208172516286, 0.892917725301725, 0.9907327894165633, 0.3430955988542815, 0.5239454812030865, -1.4495992985155748, 3.7717050360797297e-3, 0.8479658416060272, 1.0273122416033766, -1.2872664324166956, -2.1890332964126156, -2.4274544774861893, -0.27384524460015236, 0.7797323214802279, 1.1791599965944861, -0.8401484320190612, -0.30154517977177975, -0.6725273907427295, 3.55496695473563e-2, -0.34616753811562645, 0.8273268617386562, 0.9498046238653399, -0.7059841672870905, -1.791639539668415, -0.7419098282444554, -0.5548078935448713, -0.2978119322423456, -0.22009625850896508, 0.599797197199068, -0.6331853510218581, -0.3385308087328649, 0.8938127841042784, -1.9026252716565328, 1.8305602175178306, 0.7573515505357238, 1.0894578314358254, -1.814257461661643, -0.25249334371612003, -5.514720941863627e-2, 1.1783175973769588, 1.1269041392425614, 0.7791523697637357, -1.8372885223498214, -5.576398834611912e-2, -0.6040466613349837, 3.118913100779594e-2, 0.5361726922523059, -0.23668221071305226, -1.9222768193637998, -0.8188830484691301, -2.0100409019707217, -0.411133524070346, 0.49785119003746, 0.9241434316942868, 0.7931480416551759, -0.7410904201485513, -1.2200548188312905, -1.0429508131479712, -0.2290279201814064, 0.8128165106684059, 1.1251114835149625, 6.561990697272789e-2, -0.101451455682894, -1.3836026062518516, 0.382552274672722, 0.3541983975133844, 1.3213959275679599, 0.20336677946126494, 0.8113218939268777, -2.4852504841299443, 0.5418748083852805, 0.8482042691771278, 0.8621083012237486, 0.32154021846074443, -0.30402696003622004, 1.2345062090427223, -0.31189511873243153, 0.6085546852511784, -5.585129767349047e-2, -0.7249068743225552, 0.24746619471158324, -1.123215159291094, 0.7801177885468239, -0.1495125609327994, 0.653897134871351, 0.862882396095885, 1.135697739041492, 0.3585312355472289, -1.1126700675778636, -1.1180789856436082, 0.5731828181520003, 0.6203668164454472, 1.5440261354214906, -0.20058120372984672, -0.17692676648288153, -1.3305640344715388, 0.7127358650054578, -0.19397062978548618, 0.28357817631071625, 0.146137071370342, -1.1866696333910287, -0.5286637552560544, -1.4371433753938214, -0.843561491128242, 0.19045839458691724, 0.9106385866158145, 8.092334163217104e-3, 0.9790276623994654, -0.5842285381317731, -0.41298526459758084, 0.2884215567772679, 0.8174963602931007, 0.8202027086295466, 0.35207378872624934, -3.547331784414098e-2, 1.2072589818018253, -0.37341891623058077, 1.1077669768623004, 0.6882398720074782, 0.9827205214458089, 0.8042387953706827, -0.648121455671195, -1.064609680166413, 0.6177965802468615, 0.5386843162476546, 0.4880021764882968, -0.26737075142035815, -0.43270652940108373, -2.030896520168576, 1.396866921766089, 0.18816825266456386, 1.2770056513725607, 3.756548339613455e-2, -4.143093252685448e-2, -4.450211862331061e-2, -1.840899831881292, -1.5771573077590253, 0.8959299317426465, 1.244609911455794, -0.6285743619566494, 1.4831304662331168, -8.756236491973005e-2, -0.19904514819144395, -5.337962322726623e-2, 1.1408608286194413)
