seed <- 575
log.wt <- 0.0
penalty <- 2.8115950178536287e-8
intervals.send <- c()
intervals.recv <- c(56, 112, 225, 450, 900, 1800, 3600, 7200, 14400, 28800, 57600, 115200, 230400, 460800, 921600, 1843200, 3686400, 7372800, 14745600, 29491200, 58982400)
dev.null <- 358759.0022669336
df.null <- 35567
dev.resid <- 226310.12356891274
df.resid <- 35402
df <- 165
coefs <- c(6.366841291691214, 5.765542935322573, 5.699082567684288, 5.325956433041718, 5.058225121378881, 4.816463559277565, 4.724812865557234, 4.5581903229668645, 4.379733122279867, 4.2591691957944215, 4.301737255354818, 4.1646114980209585, 4.008462888985748, 3.9385830417301935, 3.758373219695322, 3.4962650505575157, 3.2195165177948537, 2.9098433064830345, 2.466028110263484, 2.026697421325482, 1.5065565895282642, 0.9175487704360813, 0.9242601906869645, 5.961878689183975e-2, 0.5562636117759123, -1.0517536910721346, -0.2553861265839685, 0.9926222760416757, 1.0631318883196244, -1.0952977521882161, -2.117367564164331, -2.3799052875577584, -0.2840831165657432, 0.8332509965265629, 1.1406490173284676, -0.8895556724907968, -0.390639541691558, -0.9531031137440328, -0.17216572751047052, -0.8169040168932129, 0.9514944511750272, 1.0041438323787002, -0.8075938769671215, -1.9473938043962884, -1.2954296095158937, -0.8652166053722774, -0.5029016467495891, 0.1553322361263561, 0.7296435963999127, -1.1489545198781872, -0.15019168688630474, 0.9298463525578734, -2.6748232900675624, 1.7812569687548538, 0.7030905670018732, 1.2161685650590641, -1.9517857885009244, -0.11894608044609088, -0.16844173571429483, 1.271843961626159, 0.6682837559516209, 0.7808353400513953, -1.7562643649518088, -1.3153640924752363, -0.40614821100123083, -1.247715084777326e-2, 0.5571585050016188, -0.3736121780299685, -0.9204248788640481, -0.7801468901963461, -1.8340470882417632, -0.44938553274590554, 0.5614357563685632, 0.9733514258349312, 0.7413789156328353, -0.9060687331689941, -1.6630874130618163, -1.0737593662016534, 3.469865753415918e-3, 0.6807913505960271, 1.0071853556580412, 0.13644068513592625, 0.2937294047398247, -1.6270845153010978, 4.879932585530846e-3, 0.3706262951676353, 1.2788095874146743, 0.5750961476788744, 1.0314899478047628, -2.6505543217056884, 0.4458205099013263, 0.6898543898320653, 0.8123431631066053, 0.2921559058130587, -9.298499675778218e-2, 1.4593983885644066, -0.6636488923958594, 0.4279009817100862, -0.15802815312251298, 0.2946066160575189, 0.5467184822396929, -2.4824224713113508e-2, 0.7584589235594634, 0.13349260106974195, 0.9352658369836612, 0.9014792244076231, 1.0350108832649012, -0.17944917151869902, -0.6290350984173119, -0.7222362480195219, 0.2940008538975373, 0.6906506061494615, 1.6788759597882073, -0.7905001756734334, -0.2598651481253869, -1.1245362247927178, 0.7543528765545635, -0.35453231063214674, 0.35824751954918915, 0.6746701607306289, -0.5992387887378102, -0.49172881790564826, -1.0975110030804316, -0.5445426599437583, 0.31594297012391365, 0.83156658824999, 2.9087500582844143e-2, 0.9452609969673689, -0.547856938275236, -0.28746550170434976, 0.2730134502943274, 0.8852044785648122, 0.629003913148162, 0.443797582382315, 4.3010950154211004e-2, 1.0751712488741902, -0.33380308771454564, 1.0356565101013593, 0.7101423218090716, 0.9509671051259324, 0.7093668214994049, -0.6901113292574985, -1.1139682644522995, 0.5787356367244401, 0.355404708057789, 0.4741500924929443, -3.0255034409278455e-2, -0.669554107274893, -2.14485606143158, 1.2960515503310952, 0.17611588800519726, 1.1643336322141773, -0.3397825174145851, 1.5543135289048509e-2, -0.31256673394790535, -1.9393287571721503, -1.2223529530449666, 0.8971146729801647, 1.2626017894454031, -0.3055596376034771, 1.6350643638254425, -0.30126245848623096, -0.19851749235793179, 4.4578853912377064e-2, 1.1208487953340498)
