seed <- 950
log.wt <- -13.08549325611002
penalty <- 2.8115950178536287e-8
intervals.send <- c()
intervals.recv <- c(56, 112, 225, 450, 900, 1800, 3600, 7200, 14400, 28800, 57600, 115200, 230400, 460800, 921600, 1843200, 3686400, 7372800, 14745600, 29491200, 58982400)
dev.null <- 358759.0022669336
df.null <- 35567
dev.resid <- 226645.80331311258
df.resid <- 35402
df <- 165
coefs <- c(6.759172605831457, 5.743117336586724, 5.6452580923592715, 5.245423920908594, 5.078200625049623, 4.8872225017331505, 4.80108335475841, 4.658300622779397, 4.356122649218555, 4.293804692260164, 4.283258530919599, 4.13872426868828, 3.990921278199874, 3.9440365048556614, 3.757465985057899, 3.5032911756081857, 3.2460568619929893, 2.943508424414788, 2.508018788502245, 2.0680127000330097, 1.5598618645212776, 0.8763878035321626, 0.9251335368124839, 0.37727847730668645, -4.540878296208097e-2, -0.9882100907622927, -0.3069701966883069, 0.9036702338033415, 1.001536614691432, -1.15591056808804, -2.6511565711167826, -2.034462385435732, -0.27738148961980963, 0.7341886688952416, 1.2405757670399478, -1.107659576448908, -1.0414364384529105, -1.4868378115938978, -6.1552747213327486e-2, -0.8639119815416456, 0.9023943196411794, 1.1469032242920427, -0.6702131930237213, -1.9654088634059386, -1.3253416862885656, -0.5737479325399076, -0.8830821271980821, 0.4656731047552713, 0.4998838464236972, -0.513222196303496, 0.16155457013305344, 0.8063378854645249, -2.1404459258025144, 1.8308560519413013, 0.7496206418653192, 1.050538097532808, -1.8687779553478148, -0.11202944974623988, -3.3332641876152154e-2, 1.6276359010836126, 1.040263184589394, 0.645095136057645, -2.2056574386113583, -0.5754394383802449, -0.826523670628722, 0.226594577998127, 0.6309380685297523, -0.5209781851621108, -1.407025517331935, -0.4272905035853068, -1.7726263824759962, -0.9131185274684216, 0.4413716986551977, 0.9574440831600327, 0.7510107418482551, -1.2232070760481613, -1.2937489882678626, -1.3087512157535401, -7.233640005147171e-2, 0.6532149009581535, 1.1917595412566175, 6.90908941367589e-2, 0.19587714001843903, -1.572842914380301, -0.47417186127417255, 0.4706760357102979, 1.2371300053431549, 0.5338182539325097, 0.8675697930201254, -2.766656223344382, 0.6481107256210852, 0.6764237887978831, 0.8370542514195422, 0.2647164267755161, 5.763812576779518e-3, 1.5841532178806235, -0.6151079596476308, 0.3500768221796303, -0.15480363126746868, -7.89137248034794e-2, 0.37667555622680726, -0.38109448269941554, 0.914441591083755, 0.3826211202027556, 0.6553686418636414, 0.7946260161758953, 1.0963861048342318, -1.0462436357808915, -0.19528053847434018, -0.975491283616665, 0.5348671475662772, 0.552728562533959, 1.5474626646308596, -0.5552807584926085, -0.1459811775605871, -1.1601050396381496, 0.8460205413926638, -0.27613429192468336, 0.43525065497338444, 0.7046406425529224, -0.40222284124168384, -0.13505724562685634, -1.0647584741178404, -0.5346024198397373, 0.18087339216585607, 0.9082269695427292, 5.632846792414339e-2, 1.0106375898002184, -0.5783652197678301, -0.4609121399116581, 0.3538071397269428, 0.9706350624293715, 0.8949566008045615, 0.4500065098363941, 5.003112158091931e-2, 0.9248319880195839, -0.37556571562677515, 1.1823755564309453, 0.7076534946810228, 0.9347992975055169, 0.8119233936207667, -0.7414176830641797, -1.550708179645378, 0.7888576096163494, 0.4129303993530273, 0.42869900406901074, -0.11369702124439655, -0.31126527650315927, -1.7564287594082224, 1.4417185095452676, 4.738176805896681e-2, 1.1493717046869656, -7.708458863040756e-2, -0.14747780874356323, -1.3044824786595598e-2, -1.879009361546301, -0.5157773077730671, 0.796821036890249, 1.172845922670893, -0.1340470066375059, 1.5162007193577351, -0.568981641372492, -0.2147874160115036, -0.17665202584244824, 1.1918500874330922)
