seed <- 561
log.wt <- 0.0
penalty <- 2.8115950178536287e-8
intervals.send <- c()
intervals.recv <- c(56, 112, 225, 450, 900, 1800, 3600, 7200, 14400, 28800, 57600, 115200, 230400, 460800, 921600, 1843200, 3686400, 7372800, 14745600, 29491200, 58982400)
dev.null <- 358759.0022669336
df.null <- 35567
dev.resid <- 226090.8535792798
df.resid <- 35402
df <- 165
coefs <- c(6.474369936694193, 5.842580312196548, 5.706338164618109, 5.409660651024679, 5.076717376222026, 4.833414145461298, 4.813693459577536, 4.6498923467007875, 4.343114699673551, 4.253984382909294, 4.382806579987622, 4.158863451124236, 4.003503929456512, 3.9240488457991525, 3.7548063156769516, 3.550553784882957, 3.2496447968600073, 2.92034100339618, 2.5362078410260995, 2.0424538126088625, 1.6509916547281231, 0.8532797189246282, 1.0738631482467722, 0.5542227404886014, 0.21489475379624415, -1.188685447683195, -0.18083638106551542, 1.036468153494274, 1.0547156574955394, -1.4434889367529635, -1.9360112477738634, -2.546324123256766, -0.43299033726411434, 0.7529392616049783, 1.2944952695825758, -1.451427851380185, -0.816821115364489, -1.8389799429509042, 6.580028556957998e-2, -1.022252710051366, 0.9373567586904746, 1.1048577855067065, -1.1282247556268816, -1.7283664960076452, -1.0187643388280643, -0.6811982288904778, -0.9936147358567472, 0.17338794446828434, 0.3408018342505531, -0.23735968040867658, -0.18343707465385248, 0.9353049912158131, -2.536234344472912, 1.8507891852796348, 0.7275605606902493, 1.062501712216845, -2.104669834588788, 0.14547153600312798, -0.19938646249903705, 1.3362627434473364, 1.2189561964668443, 0.8459990246411903, -1.5945582404903706, -1.0786350281860095, -0.5159603643910957, 0.5319755387613493, 0.6120273897253248, -0.4703625466359136, -0.8583412743481098, -0.6471297672311583, -1.863560683837474, -0.1475827882234858, 0.6629221189947296, 0.9942843722952743, 0.5333309777469767, -0.8305392136360581, -1.1985710921475514, -1.1433817395966728, -9.684038388438276e-2, 0.71562452839927, 1.162143022475152, 4.9235439002236286e-2, -0.10670190262532961, -1.7153902930446592, -0.12938179012445547, 0.40115044894107094, 1.244922885550229, 0.4986169672337945, 0.7131354420241768, -2.441165307979884, 0.5105450872249135, 0.7180122754175018, 0.819478107523201, 0.3767974288851976, 0.1877400424376501, 1.2582081037869361, -0.6555467155115241, 0.38003292128252847, 2.1848193169352555e-2, 0.3053052883370205, 0.32550278208146266, -1.0452992767872433, 0.8641118350026303, 8.72976105809613e-2, 0.6648092992012766, 0.7721796945542192, 1.1687583946398172, -0.22807849269240416, -0.26461242162683307, -0.9829702452862004, 0.40827751179981875, 0.5961413963142411, 1.5724852642997682, -0.3385273556773755, -0.14148486922999326, -1.0226266205734562, 0.7788159263940628, -0.36794990580687237, 0.5040374768761904, 0.5673787347308109, -0.4523581501891789, -0.4080597341083875, -1.3385924596066445, -0.5376323592856691, 0.32510892409202397, 0.8483709850631435, -0.15627373636607064, 1.0030389260239345, -0.7895992375039239, -0.4853811780709314, 0.3491035700713399, 0.7263577498391759, 0.7976481788225129, 0.5443643040974696, -7.58748219982155e-2, 1.1221248617159791, -0.2897132332832737, 1.12963695127968, 0.6957513127237657, 0.9810859645468224, 0.7773845933165218, -0.691976348533104, -1.367638276299926, 0.47140065767170564, 0.12961474443521043, 0.5643930913444013, -9.881197898117104e-2, -0.6998951967142768, -1.9148707350560725, 1.2605328224455696, 0.13076841119828406, 1.208499112134932, -0.20772605761668883, -7.626765044198347e-2, -4.7095840735751834e-2, -1.5447392490921477, -1.0461176339496132, 0.9258308878354413, 1.197931102959775, -0.3250071504377275, 1.5270449406676148, -0.3143006515420295, -8.192960368406915e-2, -8.380342846396362e-3, 1.2094601312394542)
