seed <- 891
log.wt <- 0.0
penalty <- 2.8115950178536287e-8
intervals.send <- c()
intervals.recv <- c(56, 112, 225, 450, 900, 1800, 3600, 7200, 14400, 28800, 57600, 115200, 230400, 460800, 921600, 1843200, 3686400, 7372800, 14745600, 29491200, 58982400)
dev.null <- 358759.0022669336
df.null <- 35567
dev.resid <- 226245.13464265416
df.resid <- 35402
df <- 165
coefs <- c(6.505413650882337, 5.66931031895012, 5.86358594373604, 5.369354339530453, 5.010963891465013, 4.821162173322489, 4.749380041591446, 4.618903169479247, 4.375775335286406, 4.295303992595523, 4.3081366602325755, 4.154495241518097, 4.050562807766933, 3.9514951387559445, 3.74715394492767, 3.5192464608553267, 3.23815884944322, 2.957023281577139, 2.505057016209064, 2.068229717921657, 1.444469666928417, 0.8915736890795337, 1.0887287806582022, 0.6451550440164735, 0.4959922854232135, -0.9628970260335307, -0.1317392956783392, 1.0233192443523738, 1.0718995471933959, -1.4125169378108449, -2.3177465215730937, -1.6900206617000801, -0.33843694654880113, 0.7612094247590148, 1.3845090807955738, -1.2950882593089046, -0.49093709678262126, -1.388751900003353, -7.120513668912946e-2, -1.1190861174381204, 0.966797994077339, 0.9687275814206339, -1.0426035418597566, -2.3751735429186467, -1.1168491902527522, -0.7023843964407509, -0.30853447393008565, 0.3544356486724013, 0.5011579844381222, -0.44590697018533954, 0.28525824115625825, 1.2352970417855984, -2.7282867955880357, 1.6089289313440425, 0.8816417405830765, 0.9699338440831382, -2.688616198158978, -0.30625736705679674, -0.9707139519000647, 1.290874411713487, 0.9809885223199, 0.6216754668187343, -2.803021445775661, -1.1289227927431609, -0.5961182489886457, 0.4939812092010413, 0.736720902220067, -0.17864999104070975, -0.6007338894072388, -0.5507225705066731, -2.6740451346681136, 0.19039457347062735, 0.304903632245038, 0.863490372619055, 0.7046600237252499, -1.0526422868300722, -1.2254022623048624, -1.1415369228989445, 9.583821674074332e-2, 0.6435081742054316, 1.25661401285076, 0.13627850330844254, 0.3796701010543788, -2.4071022455398725, -0.8806028650312495, 0.23152161341437366, 1.2805805951101765, 0.4445209448768818, 0.8961742234255361, -1.985687435423008, 0.28541176354115355, 0.8339633820869198, 0.7795734966837833, 0.30839196925062995, 1.0360219797211915e-2, 1.218852676749469, 0.6164883497156763, 0.48018813080484474, 0.37974496501292876, -0.2586100279909331, 0.5131221038857235, -0.25384561340384937, 0.8644431316361166, 0.2009837241229737, 0.8169883534717751, 0.8390589129919038, 1.1857548969145384, -0.6112011775715873, -0.9555256561445172, -0.7793845971019769, 0.3996394717648066, 0.6088077936010163, 1.5898124039371688, -0.9502689792334904, -0.18419666406266602, -1.394840350687473, 0.8088132609697287, -0.18116082286323443, 0.6057250578159163, 0.7303982863108996, -0.4261064898138993, -0.30188799054098653, -1.2163166784790989, -0.3081649695475856, 0.3373745559291731, 0.922479221008435, 6.731452260662586e-3, 0.9785716448604577, -0.7656793985898378, -0.38656411319376804, 0.36638576660984745, 1.0620848789225936, 0.571509804932131, 0.42713763688039885, 0.11539836796002641, 1.1829751319242754, -0.3890258152111041, 0.8854591592842831, 0.7660000233049221, 0.8590245557002631, 0.7655838301832433, -0.7171637615062861, -0.948175351126363, 0.6410267722817798, 0.3780651028590284, 0.5461672322208626, -0.21372438233895816, -0.49085716245856437, -1.9468066092437468, 1.202724361374071, 0.1074057148287814, 1.1458141319329476, -0.1672371026475142, -9.225946782189007e-2, -0.11966499202105552, -1.819830609717407, -1.0959335741608167, 0.7086480311069203, 1.2707252742315873, -0.1366367995317405, 1.5104589028880917, -0.3384445748624649, -0.19964621761995022, 6.8850893548837964e-3, 1.2499797714456828)
