seed <- 121
log.wt <- 0.0
penalty <- 2.8115950178536287e-8
intervals.send <- c()
intervals.recv <- c(56, 112, 225, 450, 900, 1800, 3600, 7200, 14400, 28800, 57600, 115200, 230400, 460800, 921600, 1843200, 3686400, 7372800, 14745600, 29491200, 58982400)
dev.null <- 358759.0022669336
df.null <- 35567
dev.resid <- 225897.3842229932
df.resid <- 35402
df <- 165
coefs <- c(6.907745892824303, 5.976521571282523, 5.614677547504603, 5.27760657183169, 5.069850836280442, 4.801532129710882, 4.799561338489071, 4.634058823685111, 4.3512514498723185, 4.272959008333765, 4.2776992742903985, 4.135537387042505, 4.004767503180055, 3.9515727208825404, 3.75906639438604, 3.512754662941773, 3.2458322596145077, 2.935428862302217, 2.4787131528250375, 2.014202863856197, 1.5269784822359669, 0.9484472340024686, 1.027214790505299, 0.4135773673602244, 0.4018652827429352, -0.8528108042310629, -0.3748603199862791, 0.8104997770367044, 1.1280599613745061, -0.9828726486361399, -2.2412148923372333, -1.7828754640170952, -0.21423306534507208, 0.8295547847395768, 1.1755894463211132, -0.7198946336723734, 0.11988761937775295, -0.854842677099621, -0.17857107460545155, -1.623026726704035, 1.0304801387982638, 0.8691942315384031, -0.5596658921232257, -2.6918350823243293, -0.7785535873630325, -0.6306453663166096, -0.7189289631025946, 0.14987979475415245, 0.43874733783368125, -0.683432290427651, 0.4052055103776856, 0.9320866375423976, -3.455081442885255, 1.710002492653687, 0.7126382792587569, 1.0361753821860495, -2.8058410018867366, -0.5750766475630121, -0.5220077770787063, 1.1380102807553512, 0.929789179168734, 0.4509557349152472, -1.7631948621738462, -5.983339417202129e-2, -0.36929774473597676, 0.17632796420458555, 0.5705447035432943, -0.25663852041611795, -1.0452472959315247, -0.6838411024140234, -1.3777803186700777, -1.4458980970842684e-2, 0.3381585613049272, 0.8794675807299582, 0.58753375671705, -0.6336922211891701, -1.1834123432718462, -1.1776658847667174, -7.8912438904095e-2, 0.731066736050733, 1.231039268179314, 0.14268242934460446, 7.977442390637629e-2, -1.8584400286129241, 0.1349288558556668, 0.4460194635960652, 1.236600162946488, 0.29436398350399345, 0.8764243567961444, -2.145001207642874, 0.4592104093919495, 0.6889264288683246, 0.8360094025302935, 0.5472948674850789, -5.378280915407503e-2, 1.2270539467219665, -1.3154783863043469, 0.14772154413481886, -0.26995823753257364, -0.800892964026482, 0.511307660875291, -6.243223639567342e-2, 0.7969182290138034, 7.962397128499814e-2, 0.6978072776629252, 0.8952115118438312, 1.0547798544974563, -0.6657581121611668, -0.40093928195746587, -0.7977512290651743, 0.4162792034138391, 0.6718967582697882, 1.6430896313516068, -1.2994671050362352, -0.2606082868783404, -1.0766321490038298, 0.8725901058612474, -0.2577334894970913, 0.47883765560370956, 0.7127657186221956, -0.23892910082604166, -0.40536761775333746, -1.0228451979515694, -4.816304077931746e-2, 0.45557349027657906, 0.7793928907732409, -2.2384351072071e-2, 0.9983567286145053, -0.5892232417091634, -0.5126584774777285, 0.31836701741610096, 0.9217652303884617, 0.7786282635162725, 0.32731703144924534, 1.1395602732685915e-2, 1.0438757780084305, -0.36491014574896186, 1.0705645373403891, 0.7341928335850576, 1.004086006874563, 0.8056575309257338, -0.6973941316385046, -1.2701695921829625, 0.6138724314894834, -0.2121653343677691, 0.472752460426531, -0.17422049644597912, -0.45749853834328275, -1.8340370971877062, 1.2860292594833969, 0.11835919030516559, 1.260332493799577, -0.2963155800792046, -5.841612508591789e-3, -0.1918937280615488, -1.9183730146745794, -0.9744929963443675, 0.8699708033250552, 1.126635952507812, -0.12961604914701544, 1.561803534357504, -0.22407229351613, -0.22907778378306679, 9.413468082468296e-3, 1.2863101871552711)
