seed <- 894
log.wt <- 0.0
penalty <- 2.8115950178536287e-8
intervals.send <- c()
intervals.recv <- c(56, 112, 225, 450, 900, 1800, 3600, 7200, 14400, 28800, 57600, 115200, 230400, 460800, 921600, 1843200, 3686400, 7372800, 14745600, 29491200, 58982400)
dev.null <- 358759.0022669336
df.null <- 35567
dev.resid <- 226106.60102075344
df.resid <- 35402
df <- 165
coefs <- c(6.609450351039157, 5.842515668675264, 5.674392705797745, 5.407885479712371, 5.009315502125013, 4.930691810738989, 4.852090623511447, 4.559869557318792, 4.38760402459713, 4.2587812665477385, 4.324383111045865, 4.184910278918228, 4.04977772627341, 3.964698695688201, 3.7401909294602333, 3.526858325582756, 3.270238720012273, 2.9455528534249993, 2.4951006963253617, 2.1014507756557825, 1.6216108507124052, 0.8861237879552261, 0.8810088536710019, 0.471495234812537, 0.2036352222047874, -1.1581635859648713, -0.19072575855031462, 0.9414078078838395, 1.048729680735091, -1.2374785402063972, -2.361584745043021, -2.526980900444182, -0.4465113295896163, 0.7696780561151345, 1.1192341755707722, -1.2141995712761147, -8.581195807242208e-2, -1.3295159383068962, 0.15908685941494285, -1.0824825664618103, 0.9370835445670156, 0.8121494062216595, -0.8760676278260014, -1.9142370142659284, -1.2025217433504944, -0.5246761823272417, -0.46469718474138866, 0.18506574816851928, 0.43877953850772294, -0.6431089154936972, -0.10587512472796291, 1.0899251611637657, -2.772348704860923, 1.472797459146786, 0.7235693660697946, 1.0970409563984072, -2.3393405070640303, -0.39069490615808106, -0.785216900980264, 1.2553643482861172, 1.1946335075389147, 0.8235039226909997, -1.9676196588049717, -0.9280472652955495, -0.5927296656160617, 0.43459636753389674, 0.6689765846953185, -0.6143582594337353, -1.0630928464125395, -0.4583981610315264, -1.4352382127274295, -0.5078306188144239, 0.7395127682401977, 0.9051410115905207, 0.8194518959578586, -0.64140972083784, -1.2109922721013195, -1.018172255129661, 6.449588105340295e-2, 0.739593650860055, 1.2969899443834618, 3.970074286044465e-2, 0.11582102941382412, -1.7028688411625463, -0.9163511841230385, 0.47460958283280147, 1.308189068787122, 0.3652610639611752, 0.8664283898664329, -1.9763629692268083, 0.437358923509374, 0.7064750204090214, 0.8832625517617949, 0.3361933792385132, 2.810269244758245e-2, 1.1488024930418632, -0.6241276263041365, 0.5531055981984562, -0.17051053471854288, -2.747601297970628e-2, 0.2595408635751068, -0.2556067829347525, 0.8283948637270394, -0.39281506780202996, 0.8336926127010125, 0.831500472929653, 1.0714284903658362, -0.36966790230079327, -0.6631024148831265, -0.8961277866546099, 0.4389193006398791, 0.5325338844059438, 1.578008998752134, -0.6304668899611826, -0.20737669852250992, -0.6914335789960878, 0.8443819572952185, -0.21799844947459407, 0.38740303494727657, 0.6049658516914949, -0.5511626251326843, -0.3726215664882232, -1.4430031173652096, -0.4241099495668857, 0.3051659401316288, 0.8122577478890379, -7.001978800148642e-2, 1.1890561633393801, -0.7571346836651008, -0.4686776411407154, 0.30605305138196404, 0.7407496024603181, 0.9343051411384983, 0.26635272048752373, 1.3539791341585805e-2, 1.050098387188374, -0.2310901190650762, 0.9693195968341288, 0.736326364970004, 1.0035974716126355, 0.788512413008205, -0.7394653782019975, -1.2394331628544009, 0.5179369006544277, 0.2846000802050156, 0.4822925724849502, -0.12580964359281932, -0.5839794854820022, -1.735190170787678, 1.2883050259842526, 0.16601626254069068, 1.2235341263260242, -0.12077622962303756, -6.328572076517329e-2, 1.5534133505316568e-2, -1.1298132455614318, -0.9549104493197552, 0.8945323846230889, 1.2643569216183794, -0.29172130397929474, 1.5473935148035078, -0.6713381661510819, -0.11008938717249452, 0.18052743199647606, 1.282537860555034)
