seed <- 617
log.wt <- -13.13121089057097
penalty <- 2.8115950178536287e-8
intervals.send <- c()
intervals.recv <- c(56, 112, 225, 450, 900, 1800, 3600, 7200, 14400, 28800, 57600, 115200, 230400, 460800, 921600, 1843200, 3686400, 7372800, 14745600, 29491200, 58982400)
dev.null <- 358759.0022669336
df.null <- 35567
dev.resid <- 224972.09762377394
df.resid <- 35402
df <- 165
coefs <- c(6.615885385596903, 5.756884239662244, 5.7636532842732855, 5.281019261588871, 5.0526484102802645, 4.94385649417498, 4.792422600994923, 4.704159459603287, 4.441661286536038, 4.259793343387758, 4.30398113304511, 4.198087490935493, 4.071606765854413, 3.938536156693478, 3.7855241263642805, 3.5537915091327252, 3.272078769116761, 2.9654802780680454, 2.4917521119548556, 2.090838224304507, 1.5147119518047083, 0.8630992885841254, 1.0252845875023395, 0.20600846496597708, 0.6957632775054394, -1.6728407325737382, -0.32542509211646486, 0.9768768351738771, 1.0446303276939028, -1.5847203631599474, -2.648170499011109, -2.693361512852742, -0.4532967170791735, 0.7078010390046408, 1.3526032233867447, -0.856433397130311, -0.9152263246823487, -0.3943121831705393, 4.118110278579548e-3, -0.8096573250698311, 0.8261112590926029, 1.1748753787578887, -0.4404019387773703, -1.8514083631163738, -1.1244187206960208, -0.7507183656965903, -0.6834446163733999, 0.2847555386274953, 0.5601158735043698, -0.718494727640484, -0.20471986637970316, 0.9101157090783989, -2.1245093788347615, 1.754982101510021, 0.7219134783866794, 1.0254978464232847, -2.053146148500547, -5.105757117851072e-2, -0.5064186208544477, 0.6750248976680029, 0.7227360670653681, 0.9425244221661826, -1.2526695254925577, -0.6968356188575023, -0.9257084634466849, 0.420450509704463, 0.6581241569632396, -0.3929377721212688, -1.3814712930327457, -0.6515401396482442, -1.8997480633286759, 0.22352386265876506, 1.1234993866264182, 1.0560969038108732, 0.6383955236094663, -0.7424729445892244, -1.0455417655552142, -1.0987598274369557, 2.3187907050518507e-2, 0.7762814618395583, 1.1590046855154048, 2.8722933299405624e-2, 0.1556810701634177, -1.5765990239530299, -0.8511969597297095, 0.3919906025276359, 1.177841750148251, 0.22234250622035176, 0.8245175876785008, -2.4281138752833815, 0.5131845127544064, 0.7159770572589024, 0.8651414085072482, 0.4809646762320535, 0.29127570467832603, 1.2919388426462153, -0.5635928067861369, 0.4287716586732596, -0.16483347365372752, -0.6513662575862967, 0.4423339963804587, 0.1338660550236649, 0.7467763844090278, 0.355414269384512, 0.9201508792490694, 0.8021745241936382, 1.0914008016464711, -0.29555651380016534, -0.6106000925653099, -1.0190874568695638, 0.49453183571237724, 0.6542660815869287, 1.5341480887354937, -0.994407385371954, -0.3330564144672201, -1.3261685115891524, 0.8140938031700539, -0.2966596535910842, 0.3865945041944107, 0.5412057476670665, -0.6218034246994733, -0.8578100706257232, -1.149387350312679, -0.251905401093106, 0.3303203448478134, 0.9351970512834638, -4.927456864075796e-2, 1.0376996795080302, -0.6849998599008106, -0.30173967318405776, 0.21862346965202897, 0.9145657893621139, 0.7675823131344685, 0.5102502518539302, -5.274596935126952e-2, 1.0145375191906456, -0.4257166149189696, 1.0468221354097709, 0.7300924535235433, 1.0376828991028222, 0.8208909803112832, -0.6843172332080983, -1.2288007261490095, 0.7027374121541178, 0.5630918045729816, 0.532612011981604, -0.2971495202960647, -0.2950759226562966, -1.960152156919703, 1.2956135925361365, 0.17653750835865215, 1.306302888401292, -0.12931408258693766, -0.14672982480712246, -0.20305133451825486, -2.1111716208662337, -0.8703691139460669, 0.8002993198665888, 1.1320435778536944, -0.33082518139798384, 1.4795667752463517, -0.6558053729732856, -9.891298054959108e-2, 9.020057761144248e-3, 1.2473650650432)
