seed <- 752
log.wt <- -14.148709570666643
penalty <- 2.8115950178536287e-8
intervals.send <- c()
intervals.recv <- c(56, 112, 225, 450, 900, 1800, 3600, 7200, 14400, 28800, 57600, 115200, 230400, 460800, 921600, 1843200, 3686400, 7372800, 14745600, 29491200, 58982400)
dev.null <- 358759.0022669336
df.null <- 35567
dev.resid <- 225622.39197242502
df.resid <- 35402
df <- 165
coefs <- c(6.655442078233471, 5.698401014821028, 5.795987251055354, 5.295863247742595, 5.122582827044332, 4.872410212231353, 4.790015704824656, 4.690310481033528, 4.387044416290548, 4.260798555300046, 4.330968935171655, 4.1618363797541145, 3.971893772756269, 3.951308824092455, 3.7414177506090085, 3.512109852907885, 3.2387887850980572, 2.910682917754704, 2.499577724378499, 2.0305467285291523, 1.6772116425950885, 0.9009156008670657, 0.9820801244538987, 0.4387835573527828, 0.3698468583629921, -1.4951988623518797, -0.2752734544498286, 0.9746341131109658, 1.0333927506187732, -1.917393672777509, -2.7011683348815296, -2.938752930837916, -0.323000232936867, 0.7607946734175423, 1.2293784287851377, -0.8425825360625283, -0.15164569032655753, -1.5419490930149757, -0.22395449257635452, -1.1966230042308232, 0.9590545383452781, 1.121230138759771, -0.9081137942995531, -1.545582689472894, -1.045132161426209, -0.678049809851812, -0.22047012999502197, 0.16057446872666054, 0.6075196567719987, -0.47082268524898907, 3.408278032670859e-2, 1.050932025686232, -2.050130086696379, 1.8478440164751486, 0.766756321435417, 0.9301116703068698, -2.013652743754314, -0.2620467717541965, -0.21740842687994377, 1.2501106489262745, 0.9291513600766779, 0.6530024962284938, -1.6852809580638581, -0.8291900069037634, -0.6822740323866539, 0.4140354824035672, 0.7801949694488081, -0.6065583150628893, -1.5318542809155786, -0.549216785262692, -1.8958037951402273, -1.29241268133711, 0.5446598980994217, 1.081441308068852, 0.8022208793819382, -0.7447891859221029, -1.2664473142019417, -1.7398330501817478, 5.448099434097893e-2, 0.7545317800121253, 1.1501628123450145, 4.378249601413285e-2, -0.3917211607921592, -1.54486699887266, -0.4965479288885842, 0.3820496162129279, 1.290683216083014, 0.6451315685247847, 0.8725137052314572, -1.3529469296312893, 0.6030844220049373, 0.7949347549071067, 0.9031449339205062, 0.33179540599362195, 4.71616586576183e-2, 1.1734587426677048, -0.3568120872112972, 0.3840090672013246, -0.3958611885177065, 3.155776834533589e-2, 0.310293626385374, -0.9444873901969422, 0.8772790086619492, 0.16479577986230837, 0.6688927878986525, 0.8549305844322656, 1.1069949344260201, -9.94785434449639e-3, -0.25367395357925276, -0.9023670167207776, 0.36748503594399357, 0.6918650734089941, 1.5804452562445008, -0.6245236776000085, -0.3256486351259339, -0.7012163333278627, 0.8376761939367658, -0.44420039778499915, 0.2422780420279481, 0.5785864970850021, -0.9761708146412539, -4.8473068175144726e-2, -0.9944974433580371, -0.7571593358651781, 0.2276318077835602, 0.8903817659383345, 3.596390399614214e-2, 0.9073934030130814, -0.5679251260670598, -0.34192870820698407, 0.317621802145019, 0.9156233510066322, 0.765983000470906, 0.4833781902550648, 5.934860663457115e-2, 1.107545521658021, -0.39899751431773234, 1.1430825868269001, 0.7994241701469558, 0.8599351128678906, 0.738216733754752, -0.6597621463902112, -0.9300449811599201, 0.5926026525941516, 0.3249326373677279, 0.6005791338045153, -0.23081567027329547, -0.7421532845086037, -2.178818478848553, 1.3735865400785743, 0.20015564446275017, 1.180993070928467, -6.840492401437728e-2, 4.298585852597499e-2, -0.27006649652836195, -1.4199298477424551, -1.3072429365027811, 0.8743509137405876, 1.2518626888687716, -0.23175125330382626, 1.5933357418422673, -0.21097581009476196, -0.18240867019095663, 0.1994146968036394, 1.25187600725864)
