seed <- 1066
log.wt <- 0.0
penalty <- 2.8115950178536287e-8
intervals.send <- c()
intervals.recv <- c(56, 112, 225, 450, 900, 1800, 3600, 7200, 14400, 28800, 57600, 115200, 230400, 460800, 921600, 1843200, 3686400, 7372800, 14745600, 29491200, 58982400)
dev.null <- 358759.0022669336
df.null <- 35567
dev.resid <- 225835.9134448038
df.resid <- 35402
df <- 165
coefs <- c(6.625135830424685, 5.799497235746144, 5.778870807711779, 5.334814089719413, 5.132045947900662, 4.872904218721293, 4.734970797783591, 4.565029287604295, 4.366022100025201, 4.257898141387246, 4.30254912298558, 4.141077929009702, 4.03942831665903, 3.9328840921295942, 3.7573416217457516, 3.525377508262647, 3.2543751674141275, 2.9192228645456866, 2.5101928186433478, 2.0700680790689066, 1.5524088739209803, 0.9182719495924307, 1.118791161600814, 0.4979225220633878, 0.38847782271923076, -1.0388930650595023, -4.937978283457555e-2, 1.047306728279063, 1.070001295352433, -1.160289348247578, -2.2670065076756853, -2.583067974749253, -0.6086701263190042, 0.7326850894727572, 1.271056688262449, -1.1806397635527013, -0.37307436525875354, -0.9207410813165153, 9.889485550661641e-3, -0.9902299972747479, 0.9388561474176841, 0.6370245598356259, -0.9735972168237461, -1.5898951960362522, -1.1260135681780374, -0.44246064891581516, -0.9814836933539786, 0.3738701271277781, -4.0749113688886146e-2, -0.7385724525127007, -0.14370336761450558, 0.9666460958212916, -2.951722111731087, 1.7254942748952697, 0.7948572818280555, 1.0448378363570885, -1.2348149491839224, -0.12142250925397786, -0.7019624836697526, 0.8618259510044797, 0.8912488439802447, 0.8853188841327528, -2.1687408714216745, -0.47370270558155825, -0.4953356351956705, 9.524749578293458e-2, 0.6861181094294736, -0.7007806339492202, -1.7281768388436285, -0.9031254999698911, -1.8551131243295074, 0.10937365306517478, 0.4082612286218147, 1.002912459473359, 0.7341091877409509, -0.8273846006479939, -1.145191151580044, -1.2646379242299868, -0.1930575421434507, 0.6263387277790645, 1.2900449682057993, 0.10562186168445618, 0.16918249007898603, -1.2565979641352532, -0.12495590728009406, 0.41233162167159987, 1.2788403547919769, 0.2613634584181548, 0.9587093004496062, -2.1367639314735096, 0.506263625290304, 0.7012082271540295, 0.8180026844233166, 0.325687809683361, 0.29176429623645933, 1.076820364156164, -0.10376108969220185, 0.18051577725117, 0.10307390840784508, 5.1487566805708075e-2, 0.48967347121235366, 3.2312531032089364e-2, 0.6810000791457208, 0.5485033118694748, 0.491918107957323, 0.8262633249016924, 1.1828721362181054, -0.23331257330866956, -0.4962634113012223, -1.0129222952648644, 0.3749352863995795, 0.6999955487743775, 1.6006074267505492, -0.5803883894913869, -5.214450008351494e-2, -1.0809121861231803, 0.8796068035184397, -0.34709256997668797, 0.4034540437319997, 0.40989276705655625, -0.3247971643832022, -0.5921601715134434, -1.21759850242299, -0.8774004739353307, 0.26367908505029336, 0.7178575491724614, 1.1200976553238129e-2, 0.8883604300912128, -0.6430146851200093, -0.40655683524154007, 0.30897506085232673, 0.693562487618809, 0.746115542287015, 0.4155810683850773, 2.2045198596476277e-2, 1.1249633634031804, -0.29335228092569, 1.0514820109692937, 0.7786500438134639, 0.9983285354624986, 0.7747500310453019, -0.6952664374106932, -0.7444144121866357, 0.6184861481606155, 0.3785884512457416, 0.5336588073069831, -0.22182996290962242, -0.7084915724352728, -1.9608224995669596, 1.1627746179657088, 0.1508993114894318, 1.1593902982116366, -0.16492300187724288, 7.394465433982431e-3, -0.4631221634412595, -1.9712037192563228, -1.3490908372496808, 0.872970447445989, 1.2783590657158779, -0.27455341162685176, 1.524896952766806, -0.2801134462109943, -0.12318366082333418, -1.231137606707697e-2, 1.2512905743715732)
