seed <- 444
log.wt <- -15.683744926628988
penalty <- 2.8115950178536287e-8
intervals.send <- c()
intervals.recv <- c(56, 112, 225, 450, 900, 1800, 3600, 7200, 14400, 28800, 57600, 115200, 230400, 460800, 921600, 1843200, 3686400, 7372800, 14745600, 29491200, 58982400)
dev.null <- 358759.0022669336
df.null <- 35567
dev.resid <- 226213.72892751326
df.resid <- 35402
df <- 165
coefs <- c(6.474577023707582, 5.914772768581371, 5.642095585381326, 5.226599975816351, 5.0927663320288445, 4.9089506343231735, 4.794267539682252, 4.581409895494731, 4.384271631187869, 4.28511294614086, 4.283043259096463, 4.169254746534147, 4.01501277743134, 3.95165111422417, 3.7751939044272467, 3.5487224392889054, 3.240443636352648, 2.9725652235982944, 2.480582164522501, 2.005458773239484, 1.6341231344004032, 0.8720632074821008, 1.1356948283017076, 0.3757994611061631, 0.37262874196085516, -1.5638408693496488, -0.28458049091374, 1.0813910068148511, 1.0200153939491594, -1.186651591366327, -2.6086312108485186, -2.707744927197111, -0.3979303800261587, 0.7902910833898447, 1.2571057828020327, -0.5749785748151567, -0.5204904850566078, -0.9581113370664256, -4.901870536122201e-2, -1.2495734381056671, 0.9150285412277128, 0.8238691871323719, -0.781812719293574, -2.06538008019789, -0.8676534773938043, -0.6530578206985671, -0.502236071102422, -6.62752961194513e-2, 0.4132311405315802, -0.9323649452061592, -1.331127890228802e-2, 1.0048760312166947, -2.5026315296129464, 1.6359830382510139, 0.9188770568134474, 1.1665447195226744, -1.504463328805618, -0.1290801536448132, -0.4556667842465485, 0.931733729478906, 0.6881173200158623, 0.7033152680315335, -1.7989093058317893, 9.48977907295208e-2, -0.7949211134847948, 6.818912379283659e-2, 0.6601863908385394, -0.775615589293682, -1.4645122271494961, -0.6865479800196653, -2.552338583283709, -0.2700928725965333, 0.49289226009476517, 0.9084098377454763, 0.5679232324378989, -0.8506107149618377, -1.1440000855952825, -0.8863893636694431, -4.16293808716814e-2, 0.8550071990855116, 1.173091388056072, 0.10509381407914634, 5.43077762221909e-2, -2.0400224762460235, -0.458957909452324, 0.3672310836447481, 1.2247799774475965, 0.25331916493972256, 0.9266213028195618, -1.9023186941357988, 0.4763991578338496, 0.7154072429597099, 0.7386306659591146, 0.3619477961320746, 2.496366678669907e-2, 1.5353317961176265, -6.456598437813639e-2, 0.5521641587803656, 0.18290356361817797, -0.7558468824980463, 0.27757509222543053, -0.1194107863628292, 0.6515316935675959, 0.4485650764971952, 0.6786659615136215, 0.814042179383431, 1.1221392979974427, -0.2524249421884182, -0.6712624929548218, -0.5532869906602914, 0.43532329715619983, 0.6677152320091532, 1.5684364663297286, -1.224007334599493, -0.15052036773774377, -0.9713203176062236, 0.723583074045828, -0.27761076508200005, 0.43170620574441476, 0.6578697873679453, -0.41504468343735584, -0.4249669378181882, -1.278406570405156, -0.49365234905481803, 0.3329942188711507, 0.8244032516987724, 4.289348989175367e-2, 0.9769775081709138, -0.7265543448862449, -0.4503161367944013, 0.30419982553058156, 0.9674377636725218, 0.8540187007397433, 0.5934652424864992, 3.3984032348496854e-2, 1.0614827010130206, -0.2590890009172728, 1.0577290273272872, 0.7932713412328449, 1.022611628738236, 0.7564734234051003, -0.6444321298020208, -1.0413769232990382, 0.5948161356791741, 0.4322167474329292, 0.4738169630285368, -0.16218553475879652, -0.513679980971203, -1.8988134348795254, 1.2850418457735675, 0.1482054894283904, 1.2782830252469861, -0.24925664323782298, -0.10239309442517826, 0.221500978546627, -1.8591945114567598, -1.1227833554964988, 0.834168526383572, 1.14149778316448, -0.3003185611313873, 1.5587841490674208, -0.3764377038420393, -0.1087709408548908, 5.666451407371675e-2, 1.1399258885193)
