seed <- 457
log.wt <- 0.0
penalty <- 2.8115950178536287e-8
intervals.send <- c()
intervals.recv <- c(56, 112, 225, 450, 900, 1800, 3600, 7200, 14400, 28800, 57600, 115200, 230400, 460800, 921600, 1843200, 3686400, 7372800, 14745600, 29491200, 58982400)
dev.null <- 358759.0022669336
df.null <- 35567
dev.resid <- 225341.14851844558
df.resid <- 35402
df <- 165
coefs <- c(6.43260151939094, 5.654718373629346, 5.6725827075619755, 5.427621898769793, 5.0453550257221105, 4.961251736222781, 4.705066692626435, 4.641186559985845, 4.3924699991203155, 4.280014790490439, 4.302688410605613, 4.161758718661001, 4.064727204057421, 3.9636151492573335, 3.7785179823257153, 3.5427772853789543, 3.242266248766571, 2.9524216503200016, 2.53920300196692, 2.0349499730774503, 1.5254676553953808, 0.8717907200254544, 0.9528525053775465, 0.4280152858641919, 0.9568474256345526, -1.4978998390172147, -4.092349762743319e-3, 1.082223336214282, 1.0916744838326027, -1.0575407193646087, -2.7446978365378345, -2.4243231632440154, -0.25127955517648676, 0.722673151257574, 1.2969355510605274, -0.8579176918866397, -0.3273681355215779, -1.0670331567895255, -0.23950203608328488, -0.7873758180833147, 0.9420412669059457, 0.7824102302272306, -0.689184530269299, -1.4245590633693699, -1.6068580639840178, -0.5806453270740669, -0.883480657702817, 0.3136515860999259, 0.3998806380872242, -0.9664951981691396, -0.8176517007788786, 1.0839962317007146, -2.7657544946204218, 1.681501134739768, 0.8559731115193111, 0.9832681024806632, -1.9720025140796298, 2.489714472331186e-3, -0.30579791854664257, 0.6578564563551985, 0.9509520440444398, 0.9387135724666912, -1.0423185458043203, -1.5608041064702614, -0.4664095530744124, 0.28498471460533203, 0.7179776418068419, -0.3532888274328819, -0.768313000392657, -0.649777239073933, -1.9272281754213927, -0.45493380238890657, 0.6810940664504694, 0.9758662035589709, 0.6206753616437, -0.8368514350506833, -1.38670288438048, -1.3076811133666575, 4.455420320121556e-2, 0.6058754529043675, 1.0266816022366851, 3.5762542324505625e-2, 0.2941635026963853, -1.827092761308001, -0.9581666815715447, 0.5075058348173592, 1.270200823407347, 0.6393379911986966, 0.9870278691268792, -1.8811834628069763, 0.47841686546364687, 0.7618182312540774, 0.7883576070138323, 0.4019185408984101, 4.062720180055925e-2, 1.1213309985120223, -0.6442715456157827, 0.567926119464309, 4.3630805638340174e-2, -9.796229329222496e-2, 0.5626133785528784, -7.778830646721688e-2, 1.0831547472134524, -0.2327377716944724, 1.1930056548078245, 0.7982556185514251, 1.092255675614368, 0.2325022943225607, -0.424132619955863, -1.025925205663793, 0.49796100642447855, 0.5226935567995168, 1.6299580877212616, -0.6322340947820304, -0.3630296439386189, -0.8745013960272282, 0.7077974224765737, -0.416628100191855, 0.4367011531113881, 0.8402538690052737, -0.6910715611885109, -0.40423715202834276, -1.360861016169354, -0.528286006020526, 0.40897511886631693, 0.7728895905941707, -3.937100635182063e-2, 0.8933995852990061, -0.7579833465678727, -0.4590686647607962, 0.2672102567763875, 0.9810268338739571, 0.7764351289944156, 0.5117505087451475, 2.095732662554246e-2, 1.1847524731077568, -0.4013898914429309, 0.9107394407847035, 0.7095454098998518, 0.9121310444842857, 0.7465013484456726, -0.5955352053771302, -1.133184597890501, 0.7310751674226955, 0.4254886420414354, 0.5553381041042512, -0.2134246336035019, -0.441592244247531, -2.167215477753483, 1.1145118650884158, 9.05434427001704e-2, 1.1555327796162231, -0.268355170476563, -0.13123575105207685, -0.13105449687577517, -2.1657682358722874, -1.145687401399284, 0.9044902085112912, 1.2244249584626175, -0.26013168585642077, 1.5651820962653222, -0.5906092792521458, -0.14388240470687272, -2.6149742706768724e-3, 1.162448015696682)
