seed <- 972
log.wt <- -13.162652098864868
penalty <- 2.8115950178536287e-8
intervals.send <- c()
intervals.recv <- c(56, 112, 225, 450, 900, 1800, 3600, 7200, 14400, 28800, 57600, 115200, 230400, 460800, 921600, 1843200, 3686400, 7372800, 14745600, 29491200, 58982400)
dev.null <- 358759.0022669336
df.null <- 35567
dev.resid <- 225873.3880235194
df.resid <- 35402
df <- 165
coefs <- c(6.45001146812457, 5.845124256052409, 5.702532357790073, 5.479511318843045, 5.122864113046142, 4.967332493123006, 4.793578311633785, 4.631797480503784, 4.3602750887014174, 4.271343688255689, 4.355315910581518, 4.172902492826104, 4.035910584058716, 3.9683284050373717, 3.798167105857845, 3.5215398179990496, 3.261791357736208, 2.9206408844463767, 2.475183696834484, 2.054445218628778, 1.5216343115836575, 0.8779008076668, 0.9127545485256049, 0.35370844380675937, 0.29632943075407975, -1.0484749242400435, -0.21520189632963607, 0.8851924417051208, 1.0291263818175078, -1.4102045729431643, -2.2663217715730903, -1.6090305470202952, -0.4247379125600264, 0.7429342077183659, 1.2477048461462623, -1.1608520053762137, 0.17890740428663604, -1.2756046149143627, 0.3152813709332775, -0.8345542947276247, 0.8674684962207795, 1.053261224383546, -0.9278753599659001, -1.585865373095668, -0.5513569840087874, -0.8992947163400383, -0.6415234356464051, 0.4704604320932918, 5.177546570927239e-2, -0.5378635091734647, 0.19565209750953064, 1.1293093573690574, -2.2873588771825863, 1.7623273409634646, 0.9084123540932587, 0.9673553701833112, -2.1584482736920823, -0.11319249208922606, -0.29364874956313175, 1.3700166311459236, 1.4553693288432752, 0.6561664279668826, -1.8085576047219367, -1.1124797835844222, -0.5685204789811045, 7.265395466714825e-2, 0.5398378147127572, -5.37279359382959e-2, -1.1855302492022857, -0.668761379579399, -1.5954720964369389, -0.46240545851140413, 0.39973280165440633, 0.9029534908319041, 0.633379998027966, -1.1107051372510355, -1.252395486368253, -1.2561260501421903, -0.15381460359474491, 0.5575657958336365, 1.1247338998264595, 9.51132560311411e-2, 0.12289605629665791, -1.6467614961744896, -0.7384271886787723, 0.4758332059216165, 1.1674894154902142, 0.467626541518198, 0.9166004088442262, -2.373812083643914, 0.5537345277795984, 0.7401912623914557, 0.74045164263828, 0.3378547616606999, 0.13551044056220213, 1.3435715484300974, -0.37919375124801347, 0.33108324477090856, -0.3210027372981933, 0.3698172030987669, 0.28386843280213053, -0.4114659874808064, 0.7301475452418125, -0.2639378485829622, 0.668862644961479, 0.8344190909273997, 0.9726370425800651, -0.18823169507145973, -0.2836189203755981, -1.0179734767882407, 0.3591391019456204, 0.559598990518393, 1.5796820456121243, -0.48543888585501543, -0.2109645414314018, -1.345058349552167, 0.7317938807235168, -0.25546762343214285, 0.35836934972613016, 0.7536553302762649, -0.5322036726516609, -0.2616521900378509, -1.2176849453310041, -0.43878219407299357, 0.45901663570884454, 0.8947608747142184, 3.2244883501012472e-3, 0.8631321010766949, -0.5843975064680529, -0.37398790521972053, 0.16158879644967883, 0.7864518853578453, 0.729950046773337, 0.4058764537535233, -9.790103666509031e-2, 1.0815162796166322, -0.39343606079134447, 1.168082639803035, 0.7379408996274166, 0.8667369649047675, 0.6521440882916976, -0.6460292655167356, -1.270308241667329, 0.5651910894348633, 0.35239797111482596, 0.567674882989025, -0.1760576801986512, -0.5754150896090587, -2.199706151726726, 1.3336363543722551, 0.16429845742680574, 1.1173352126895066, -0.16443428758669962, 6.851125817276939e-2, -0.11050855697273464, -2.1848047054115134, -1.5310189161817873, 0.8019810089200603, 1.1654639166378788, -0.42112431458103133, 1.5656546540442164, -0.34767480883874496, -7.861981066653678e-2, -0.2546966528900329, 1.1509190570764312)
