seed <- 302
log.wt <- 0.0
penalty <- 2.8115950178536287e-8
intervals.send <- c()
intervals.recv <- c(56, 112, 225, 450, 900, 1800, 3600, 7200, 14400, 28800, 57600, 115200, 230400, 460800, 921600, 1843200, 3686400, 7372800, 14745600, 29491200, 58982400)
dev.null <- 358759.0022669336
df.null <- 35567
dev.resid <- 225907.01272908953
df.resid <- 35402
df <- 165
coefs <- c(6.532470725442975, 5.7326917076717345, 5.653988617198622, 5.331223540730959, 5.140924400985045, 4.870810296619234, 4.762705768091194, 4.6536634311645315, 4.419979524295951, 4.273743829376285, 4.290370092469095, 4.170912235345106, 4.020090744936764, 3.992420056224551, 3.7424252259982644, 3.536468247872788, 3.220148056884088, 2.9363542268303577, 2.540041974498617, 2.0586527837211293, 1.4944655140312189, 0.8585628011212997, 1.0388886067182055, 0.5601226475233715, -2.0935401877762664e-2, -1.1786296729468588, -0.2293847721461321, 0.9952356935781808, 1.0502115232530005, -1.1102779656100261, -2.151428390226507, -2.05230303338067, -0.33973371007102937, 0.7117307684856082, 1.2628505534680663, -0.8482998425192231, -0.5169902979401104, -0.46775096733161214, -9.071486767860698e-2, -0.35848050878121973, 0.9806348473817744, 0.9241845348494538, -1.0941993555371357, -1.7877773645318953, -0.575977092427128, -0.6718094244558774, -0.6718450580357161, 0.40871766356981937, 0.2546918548116279, -0.5853238931871528, -0.2112640950989873, 0.605885020633892, -2.69277860176404, 1.68410257791167, 0.816221400053757, 1.0703062810598007, -1.8626179696283505, 9.714231358451557e-3, -0.6371276901542685, 0.6686186344964842, 0.8827495487726695, 0.6372262684449286, -1.4937240101358134, -0.32321166620690756, -0.49615524310353637, 0.30024425780046576, 0.7217063918280437, -0.5327601761111025, -1.7673157766148542, -0.7254310878073609, -2.028341539819991, 0.10839637182690214, 0.6007290611447667, 0.9844546890819224, 0.7536961944518848, -1.3847596833407418, -0.9153262285116811, -1.3590634023917958, 8.318556350285226e-2, 0.5874475796195496, 1.0824859509119107, 0.11324863008496944, 0.31880995165870146, -1.7945144204180707, -6.261816504079656e-2, 0.4682424230555862, 1.3016397628357255, 0.37552080396951265, 0.8983560837763735, -2.36278347408491, 0.42171014389286404, 0.8293495223401155, 0.8190644651739918, 0.3099633380264876, 0.14451058889073087, 1.2692114538162769, -0.32768463019821187, 0.28238795724393695, -0.5457237924743141, -0.35123951626726957, 0.2405348674809978, -0.6821184981932893, 0.679702626931575, 0.2580494453438044, 0.7922655894396371, 0.7939363900843978, 1.1209263860113985, -0.6383825390203568, -1.650254254889006e-2, -1.006472108730391, 0.5508720566253041, 0.6297537826132426, 1.5650137992974202, -0.49681005139981743, -0.2558482647294043, -1.1155863146735554, 0.7823739209996968, -0.23826121364727346, 0.5039120129463939, 0.6056673109439997, -0.32116368954554453, -0.7417320963782674, -1.1849919014876173, -0.4998567478099381, 0.24837302424109178, 0.7360402486348864, -2.7959099568540927e-2, 0.9261334395667692, -0.7833578024625288, -0.4161426110520597, 0.23496283186607328, 0.8923347293401969, 0.8257576755753842, 0.37563594208698436, -1.5193233373794362e-2, 1.1211222118451416, -0.41649808181964854, 1.241522036379182, 0.7353688351416338, 0.8786356302638199, 0.794067348390609, -0.6747430063689431, -1.1627194484750527, 0.6375348692787873, 0.491209270824829, 0.5079816250907978, -8.588541889605977e-2, -0.44460828634605704, -2.023992042571057, 1.334926088370663, 0.1717851014175883, 1.0915998281662855, -0.16178044729889968, -7.076881582998758e-2, -0.1248271950745798, -1.8694068788382112, -1.7892426839779838, 0.7239798335700649, 1.2506740773783243, -0.36536110388782994, 1.561626052338948, -0.20996635226649096, -0.10024495270665651, -0.15309483766290297, 1.2205255235869965)
