seed <- 839
log.wt <- 0.0
penalty <- 2.8115950178536287e-8
intervals.send <- c()
intervals.recv <- c(56, 112, 225, 450, 900, 1800, 3600, 7200, 14400, 28800, 57600, 115200, 230400, 460800, 921600, 1843200, 3686400, 7372800, 14745600, 29491200, 58982400)
dev.null <- 358759.0022669336
df.null <- 35567
dev.resid <- 226741.275202552
df.resid <- 35402
df <- 165
coefs <- c(6.427242891835154, 5.473014130052105, 5.572718183029139, 5.264033221507915, 5.001664360763586, 4.881761355062522, 4.715943071917818, 4.654673839832712, 4.411652366324712, 4.256110290438641, 4.299640573299517, 4.1331950817706185, 3.9987238766488806, 3.9588793996821656, 3.7294301927764972, 3.502165159196893, 3.2306703256613303, 2.9072217545936176, 2.4245965388464596, 2.0294819878445662, 1.7603482799574781, 0.8962113276837343, 1.0055559824512736, 0.44110749853856623, 0.41484787239077114, -1.4617123444504805, -0.2660350820175977, 0.9235102330980194, 1.179512452621573, -1.3532174220539133, -2.4499610343042377, -2.3294204564223326, -0.4712246824145794, 0.7496315833829506, 1.220313343129459, -0.8239660631979974, -0.9084019085148423, -1.5086966637229167, -0.11146297019391806, -0.7400628147805632, 0.9680831457176716, 0.8402648104214409, -0.6963177666956362, -1.6944416716053288, -0.6864157588489767, -0.5698393801003583, -1.0062619731299538, 9.876605170547448e-3, 0.10401087572749647, -0.5805094436917618, 0.19808825913149566, 1.0875822858019515, -2.1660112034370216, 1.7744898171460686, 0.7298453752385159, 0.977607861033093, -1.8017334583950075, -0.23565770328388289, -0.425392738729127, 1.3723837570104498, 0.8253102484084663, 0.7568809103470481, -1.584994226846769, -1.0036292753267648, -1.214497704200073, 0.27417394462225186, 0.6679670958116498, -0.5239005161750121, -1.8915488719749185, -0.4383890512377899, -1.6109093035770705, -1.124975602215458, 0.5751287425714988, 1.0889892946365276, 0.7528297639161347, -1.3154569961222995, -1.384598095812711, -1.491333372149355, -9.284407619819048e-2, 0.6302354823838398, 1.2107737432725298, 9.013518752431473e-3, 8.325217670405373e-2, -1.5465665832316235, -0.391551370809504, 0.4045131429747993, 1.180642070900349, 0.40323287842569805, 0.9813075078095266, -2.3491957122539078, 0.49399981209500443, 0.6786945311059976, 0.8106681202987029, 0.26549846319422593, -0.14654825778093655, 1.408734961312227, 0.42777938426298795, 0.31325025693083375, -0.11150131811458784, -0.5604914693512926, 0.4334150518379478, 3.642754384973718e-2, 0.7609860237984525, 7.950308181078247e-2, 0.5804271476339942, 0.8628228223435128, 1.0736362696596657, -0.3104708660609203, -0.733518999294222, -0.8688608809715223, 0.31600845960665147, 0.709481428855095, 1.6411881964199406, -0.5532008827514727, -0.1658050316093849, -0.9561610633925964, 0.8550602391173154, -0.3183264018976414, 0.6223368898299348, 0.5378910769607271, -0.4316756562315649, -0.22305555612202055, -1.2058127839431707, -0.2793922081968984, 0.3589565602615527, 0.7348763171033361, -6.129742983219846e-2, 0.967149591162765, -0.5342813914488619, -0.3822641479181369, 0.3127787891570581, 0.8827199713400489, 0.955052869301862, 0.5020535389555916, -6.685824893354829e-2, 1.147761666120351, -0.34985359014561024, 1.0978212760957815, 0.7186732400567845, 0.8459256278665522, 0.7635923054509202, -0.685393149832491, -1.0788804361333375, 0.5720193201889456, 0.5022385335547982, 0.5960061369022418, -0.21104442743885338, -0.40169495554030554, -2.0212382855916893, 1.320161153056347, 0.2052860491606992, 1.1785371662501587, -7.913757771387207e-2, -0.15330788108664326, -4.9880741580965705e-2, -1.41875407581548, -1.3392205913677533, 0.9811416082116361, 1.1101405039338228, 2.9159227017009376e-2, 1.5737359645187983, -0.33126747308639737, -0.11053225752152719, 0.14627036598202453, 1.243820185022608)
