seed <- 289
log.wt <- 0.0
penalty <- 2.8115950178536287e-8
intervals.send <- c()
intervals.recv <- c(56, 112, 225, 450, 900, 1800, 3600, 7200, 14400, 28800, 57600, 115200, 230400, 460800, 921600, 1843200, 3686400, 7372800, 14745600, 29491200, 58982400)
dev.null <- 358759.0022669336
df.null <- 35567
dev.resid <- 225988.37024853274
df.resid <- 35402
df <- 165
coefs <- c(6.507309297015747, 5.87611515546157, 5.799445116033861, 5.315685580090612, 5.038901023613377, 4.809973193162987, 4.789116222601492, 4.660227449641977, 4.366178220281151, 4.248746146343708, 4.320361011144216, 4.106408906059593, 3.977037362802295, 3.9537524499179426, 3.748219331267084, 3.5132660822655573, 3.25567764874801, 2.9566216508283034, 2.455763533748496, 2.039058085113959, 1.5713487805354505, 0.9597205309073773, 1.0187296578904521, 0.7504047853369368, -0.11135922497758446, -1.1156024577423378, -0.31894509679644495, 0.8414796013302415, 1.153854989330816, -1.3175705229040853, -2.2168944253939116, -3.3840017625180456, -0.49428385960784416, 0.8121062011911283, 1.333380927583431, -1.858805229979213, -0.1295857046636055, -1.5300990626384994, 0.2780597467987716, -0.7244848116714666, 0.9808618588378971, 0.8412953616573385, -0.7623077741536919, -1.463096204316455, -0.7634570448666942, -0.9213462847992496, -0.5068590569415167, 0.9049266583737958, 0.5425839535577089, -0.9201135879551503, -0.22969821213619546, 0.9246626832683076, -3.559084550435186, 1.7427270712595506, 0.8179196681392301, 1.1109102057992208, -3.018672797321627, -8.930252261607956e-2, -0.6208257224169552, 1.1401105838644179, 1.1420804901951764, 0.8385472548739598, -1.663834699294967, -1.041503087135886, -0.7951484531712231, 9.076344330638923e-2, 0.7091841344233604, -0.2697962301063467, -0.9117316544251312, -0.6081891294803538, -2.0362890837228464, -0.13919499147621667, 0.1663091073761793, 0.9701257079856624, 0.6849789104408142, -0.8335074896678889, -1.208954574091656, -1.4907601622097244, 5.971450437588962e-2, 0.8235545821780335, 1.2237556151429199, 4.2839265021295266e-2, 0.2204105195772825, -2.202477075913831, -0.4848880954107337, 0.42605037882720587, 1.2389408524112766, 0.4926066184156928, 1.0781651872698113, -1.875071054817662, 0.41426880372082425, 0.9845090281090554, 0.8385166166563869, 0.4609936591864707, 0.12380105530010194, 1.502287769887431, 0.8510226100681935, 0.5056028800490888, 9.14517264146216e-2, 2.6857220187193345e-2, 0.6817571663504706, -0.20198418086937478, 0.8892238675299557, -1.2892941830435767e-2, 0.7537330850008291, 0.8717323426708102, 1.0987364326265818, -4.543699640479018e-2, -0.563905435225899, -0.8052301559831353, 0.3874155507933466, 0.42367239052219013, 1.6997236821270507, -0.828592199722369, -0.43242714740543686, -1.0881925772666545, 0.7675470140208589, -0.30825579618855437, 0.4427591709545933, 0.7392521743250743, -0.5102770423990003, -0.45156196419034605, -1.7203281884898314, -0.4159219168647702, 0.3823828488491005, 0.8365610145381978, -0.14230208369260136, 0.9858746243317068, -0.35756592303237245, -0.39711103598416325, 0.15496486604505988, 1.0101495593445649, 0.46268744147846885, 0.4881622966547714, 5.3852592404643615e-2, 1.0082489069584626, -0.195628922135092, 1.1507275366948204, 0.7032688045131911, 0.9955875791884929, 0.7820402046679682, -0.7096010847010126, -1.1407174778536395, 0.8940472691821385, 0.13771254922180123, 0.5410877044965517, -6.064324187946872e-2, -0.41984713700212983, -1.869748467802085, 1.222024766425973, 8.959315685989724e-2, 1.3395462974479193, 3.0014742851944123e-2, -0.11358614520730925, -8.809128904245306e-2, -2.6952645065403162, -1.5023806492206908, 1.0530310056222547, 1.2587500593334506, -0.2822629783399731, 1.651819234869279, -0.17012107335912335, -0.12924150891669753, -2.2002601016519942e-2, 1.150104000912779)
