seed <- 822
log.wt <- 0.0
penalty <- 2.8115950178536287e-8
intervals.send <- c()
intervals.recv <- c(56, 112, 225, 450, 900, 1800, 3600, 7200, 14400, 28800, 57600, 115200, 230400, 460800, 921600, 1843200, 3686400, 7372800, 14745600, 29491200, 58982400)
dev.null <- 358759.0022669336
df.null <- 35567
dev.resid <- 226028.26429761905
df.resid <- 35402
df <- 165
coefs <- c(6.490529161491564, 5.58456454692405, 5.811299061729892, 5.394283506328478, 5.072775642533029, 4.858768523614431, 4.687689572954987, 4.6394174362654255, 4.403561377365631, 4.288404919509292, 4.300583104450389, 4.167395780282829, 3.999507822742841, 3.9568138181950574, 3.75052559232993, 3.575030611828191, 3.253746595289583, 2.97451211360936, 2.504653913491495, 2.0665795891264516, 1.5552611251442978, 0.9224460737464674, 0.9560236801177077, 0.43406987681047743, 0.38426302105508375, -1.3114922790866497, -0.34625284595721534, 0.9456377493528468, 1.0282694905339116, -1.20317797632188, -2.163775620136367, -2.193131508749991, -0.246219866225127, 0.7211987790938186, 1.1805840300572175, -1.3339012768717264, 2.9411042933877134e-2, -0.7869816315895498, 0.31109847038846594, -0.6128456516571839, 0.8600308073542015, 1.0642624129118805, -0.7510421853185003, -2.131000136637256, -1.0565735565853276, -0.742667819407598, 0.1523228136668664, 0.12797575736397485, 0.3250660390330609, -0.7538310253819436, -0.36572657158357763, 1.0182986350691736, -2.1365100223416627, 1.5190433192033268, 0.7822492741399124, 1.0658327714295521, -1.8699127466231136, -0.15974399908678333, -0.9183489949425707, 1.4656846832504449, 1.1493911416988283, 0.6154112263130532, -1.448323253682108, -1.0898866676924366, -0.5380346560704151, 0.24026405823594701, 0.5585076218919828, -0.5030548398731838, -1.0215542654681882, -0.6106064361877541, -1.8022658942376695, -4.6128294327768715e-2, 0.6344107615996831, 0.9863751520619168, 0.5346777472408246, -1.035436631838796, -1.050239192205106, -1.6290521166661427, -3.4236498319760424e-2, 0.6340704279686883, 1.0948347779394474, 0.1239337968999267, 3.1269419365608335e-2, -1.367566556891671, -1.1575190524060495, 0.4755437177048572, 1.1592226879605445, 0.45889520909231934, 0.771167657780114, -1.5733487775471142, 0.41894439371825404, 0.654635259799714, 0.7686862492363986, 0.4405741035916631, 0.24191509138781037, 1.220770090252904, -0.3643938383110271, 0.5082014936000567, 0.22647586423350638, -0.1276908794225897, 0.28399882294543355, -2.3622531381961114e-2, 0.7813218212761933, 9.0909072098437e-2, 0.6163734606677094, 0.8368535791812534, 1.0279899215005166, -1.0533718503051086, -0.3733645722123088, -1.026608138056692, 0.20860352115840608, 0.5026472788875976, 1.506005361890287, -0.6458575956641204, -0.12979757403314582, -0.709374593183173, 0.7322108745436903, -0.37235816640113684, 0.4646568867221734, 0.6460628221202335, -0.11008223559816649, -0.4797830707200322, -1.02853086617369, -0.2603220005681877, 0.2588780905948296, 0.685591950400689, 3.6072356366323804e-2, 0.9313340962843651, -0.6093783376167627, -0.332480103945025, 0.18783990343802712, 0.9131042362186869, 0.7775875207857036, 0.4959120131732881, -9.041329948534348e-2, 0.9871895630739164, -0.4980131675288843, 0.9802272825131182, 0.6190175934748852, 0.8531550504354518, 0.6065097403801184, -0.6682265002609583, -1.3721696132631622, 0.6266218338734248, 0.1892137129984999, 0.4759595933321221, -0.2966064171542279, -0.5153404261466039, -1.9017978613615645, 1.1372323969854201, 7.916318775201561e-2, 1.1602524701796937, -0.1615307368926132, -0.15892330722383713, -0.1498172438125375, -1.6333213214938878, -1.483983541577199, 0.801292948649522, 1.135774963054378, -0.27114617815004777, 1.416244668409022, -0.5515624226691824, -0.19642437081180816, 0.1463719302477197, 1.14655440664373)
