seed <- 871
log.wt <- -14.93989973984336
penalty <- 2.8115950178536287e-8
intervals.send <- c()
intervals.recv <- c(56, 112, 225, 450, 900, 1800, 3600, 7200, 14400, 28800, 57600, 115200, 230400, 460800, 921600, 1843200, 3686400, 7372800, 14745600, 29491200, 58982400)
dev.null <- 358759.0022669336
df.null <- 35567
dev.resid <- 225195.05298886128
df.resid <- 35402
df <- 165
coefs <- c(6.525239993606918, 5.739730172287128, 5.784642896434265, 5.460864530620813, 5.157800399126043, 4.924899008873823, 4.754380433898643, 4.669443777417769, 4.3956547452609716, 4.208892544808895, 4.351078636569861, 4.175703735955989, 4.051730411588246, 3.9796450497308276, 3.7910929842405974, 3.5521339158095073, 3.266262330409939, 2.9575627987999384, 2.4942807872544055, 2.048629532922948, 1.6184711478274598, 0.897940538662395, 0.9846365136762045, 0.47870512355295636, 0.6381843322155994, -1.0431178804007022, -0.18111230041634047, 0.9097673651670785, 1.0959133815604334, -1.0760980704665888, -2.1712327846203676, -2.027607935892486, -9.93806106462639e-2, 0.7406638291703288, 1.2348055990910654, -0.770833112933185, -5.915157908014942e-2, -0.6037274092022241, -0.26612015104370473, -0.7655575436674174, 0.9889091624692887, 0.7180385021379929, -0.6928125134436298, -1.7387071148023563, -1.1779428946830985, -0.690804133976932, -0.6955665973360616, 0.18964843477820287, 0.57761387668051, -0.5474367677623283, -9.431157013713876e-2, 0.9493455566838287, -1.9766203337661816, 1.708023943413609, 0.5779224249358358, 0.9095837383640758, -2.2959476579680613, -0.10761184767379867, -0.8709807980530985, 1.2411261350654332, 1.3190321363223279, 0.5997548443500356, -1.8567011777922136, -1.0479744989347086, -1.1833053137761855, 8.63790978860236e-2, 0.5904878077179581, -0.46396542625334586, -1.1232731502349047, -0.8101150283578172, -1.299185277121907, -0.7373116821887395, 0.34529157805262484, 0.8276946225714003, 0.7077734602946862, -0.7572960961250788, -1.7870632273116, -1.49122310493731, -9.378237477436335e-2, 0.6123607550988757, 1.1879664667032408, 0.23151834547608502, 0.20270682337913462, -0.9314784590452282, -1.2883867046158955e-2, 0.2464051291208003, 1.3175471853813592, 0.43469081766404555, 0.9762256931895832, -2.0173095233985148, 0.595039064864966, 0.6466547331655254, 0.7669623420005354, 0.3022550909397069, 1.7263288470023896e-2, 1.597765644839929, -0.3976443949695092, 0.34270984632440493, -0.31843311377672884, -0.47063687231903906, 0.3952762499084661, -9.355923996842865e-2, 0.6826327666804358, 0.14331330465055808, 0.7738677479837269, 0.8161127198711255, 1.0706282556160127, -1.4269298399695707, -1.0945072385802812, -1.1055696706387639, 0.560420461733424, 0.7315762881850815, 1.6479163039965237, -0.9169010508629382, -0.3089492754612099, -0.9702775220003873, 0.7678421010029053, -0.24615048930113043, 0.2743412893695912, 0.4646641732915277, -0.42008322502142886, -0.35630560057758504, -0.9896129674784778, -0.44606062098938587, 0.23358462996249546, 0.8977965000739883, -1.803912729043881e-2, 0.9601919039741605, -0.5453911859743292, -0.40123899471690966, 0.23559132358153012, 1.0823647305929536, 0.6833409990612295, 0.4224829560037844, 0.1562912777461407, 1.1290191257792126, -0.24349444500232326, 1.0931700341812431, 0.7314886694284731, 0.9337773060672687, 0.7775640540806348, -0.7278099054194582, -1.0602169563305166, 0.6080526068247639, 0.15661583373937815, 0.5054394517968209, -0.30254722862988515, -0.19771993047022307, -1.759369365094681, 1.2551422356961186, 0.1686489558310424, 1.1091507910524037, -0.17841001679123134, -4.760124673801364e-3, -9.402346434196046e-2, -1.795773754809071, -1.735808451374142, 0.7116704784142832, 1.2668061241189357, -0.4691535909733569, 1.612027263864099, -0.16345932375524036, -6.140361386883059e-2, -0.11447453342434251, 1.1461428045268003)
