seed <- 540
log.wt <- -15.13544786745381
penalty <- 2.8115950178536287e-8
intervals.send <- c()
intervals.recv <- c(56, 112, 225, 450, 900, 1800, 3600, 7200, 14400, 28800, 57600, 115200, 230400, 460800, 921600, 1843200, 3686400, 7372800, 14745600, 29491200, 58982400)
dev.null <- 358759.0022669336
df.null <- 35567
dev.resid <- 225145.55081379568
df.resid <- 35402
df <- 165
coefs <- c(6.446544081563811, 5.792230570553733, 5.560200185912749, 5.308800911740613, 5.124193166782772, 4.87741701213143, 4.8449814990545095, 4.693644264358945, 4.42077427295141, 4.306462408071812, 4.272107638227293, 4.170152287210896, 4.023351185971388, 3.97449750170415, 3.7826222239314653, 3.5700240994217287, 3.271637684153535, 2.960878166770127, 2.506297555028766, 2.0134971575853817, 1.4976913735238293, 0.9016531079424811, 1.1471978669506486, 0.3935474233860035, 1.0525983159546703, -0.8718816730272475, -0.4301352325947151, 0.9301183021217232, 1.0590520126504135, -1.245198843744696, -2.7477860207032774, -3.025338047445334, -0.2741977134474374, 0.6410181067397327, 1.4213755607766623, -1.4136345456553074, -0.2734854968070204, -0.9030686958941676, -0.6047813023567761, -0.21321469932268539, 0.8648289422732963, 0.9098971037560825, -0.45318549764555943, -1.565397884862688, -0.6984294880074532, -0.7469194460920336, -0.9523107128569765, 2.123195481073702e-2, -0.6343992757565542, -0.7999513167131486, 0.3042522322295892, 0.9669854287463913, -2.532170046318622, 1.6452169171413267, 0.8820077232273454, 1.1033812516299482, -1.7050623639148408, 4.5607284969059185e-2, -0.49986476198163027, 1.4322458992118032, 0.9462468400999227, 0.8124074981158188, -1.8013142068721677, -1.5712948940595732, -0.48183706077849037, 0.38274422156075194, 0.544291611815675, -0.4716567248280864, -1.2959860019244607, -0.5468167466780335, -1.988956483626395, -0.3139902737695008, 0.5431005305772348, 1.0173212417868909, 0.7729434929350623, -0.9442382550168904, -1.261410184534677, -0.9366092505782049, -3.213740770470045e-2, 0.7171967564272209, 1.155787448627687, 7.516117934951834e-2, 8.777023522594637e-2, -1.2219467357263576, -0.6399575404750032, 0.470630217222654, 1.2457305992892531, 0.23434284143683262, 0.926902967353115, -1.7243506570023202, 0.46968079077847996, 0.7118265487921864, 0.7213011868087971, 0.43184275368315983, -6.191167608221434e-2, 1.2262939440106522, -0.29884298986439195, 0.14277308325584717, -8.035649720444106e-2, 9.213323975390525e-2, 0.5352755635492087, -0.724512898551853, 0.653028242676928, 0.2716662019233999, 0.49201504929192136, 0.8572951663822325, 1.14311478974099, 9.715197040777251e-4, -0.2516390038382134, -0.9934442860556748, 0.271807071940247, 0.638375626732385, 1.556737041226131, -1.1840865021119904, -0.2125335804690845, -0.6155362143217822, 0.7204844935654393, -0.42170889404499956, 0.634783250371078, 0.4688277165253001, -0.7417566973945793, -0.7977160357018416, -0.9045295692206585, -0.5063234864868642, 0.35166386416137374, 0.8174336608191382, 7.750595082869265e-2, 1.0172170148118265, -0.8759876551802961, -0.42796775237961665, 0.2991674451548091, 0.9218428052345543, 0.9268493481442474, 0.4828151347122005, 0.10760107876774994, 1.0954367964793694, -0.2535062159583204, 1.0856787122944365, 0.7281434546099119, 0.9562632176500919, 0.742952337722532, -0.7133633733506857, -1.1894751196653124, 0.671461810017562, 0.45545593586888516, 0.5673230684864069, -7.137800794677819e-2, -0.15619995640328713, -2.2909005102875835, 1.3106667839725656, 0.13578160260128072, 1.2025851192874915, -0.17541636658909687, -9.580138652103469e-2, -4.089039400764254e-2, -2.186851517749521, -1.0841699665092108, 0.8727917638122202, 1.1901603410335728, -0.5661209439813215, 1.5253636266641029, -0.33687924755529547, -4.479687001567906e-2, -0.3022072390643742, 1.1925390730471683)
