seed <- 571
log.wt <- -14.245963927305963
penalty <- 2.8115950178536287e-8
intervals.send <- c()
intervals.recv <- c(56, 112, 225, 450, 900, 1800, 3600, 7200, 14400, 28800, 57600, 115200, 230400, 460800, 921600, 1843200, 3686400, 7372800, 14745600, 29491200, 58982400)
dev.null <- 358759.0022669336
df.null <- 35567
dev.resid <- 225830.38902510103
df.resid <- 35402
df <- 165
coefs <- c(6.605473265624851, 5.701465779620431, 5.730709372031344, 5.343840473347047, 5.037786064354959, 4.8242382633310354, 4.7713286369905195, 4.609659702548369, 4.353875519161103, 4.319383989274595, 4.3303047047003025, 4.147473526588858, 4.041965878115756, 3.969050011116454, 3.773947377039018, 3.5490209598350924, 3.264671714955568, 2.944251909560327, 2.551924315243521, 2.067141674044018, 1.642714177522772, 0.9010031403819166, 0.9685440364825039, 4.117614656140086e-2, 0.12273330203500532, -0.6843816145132473, -0.38834743855462456, 0.8991232218621839, 1.0137915515929898, -1.1157992685191198, -1.9774597046823876, -2.5780382108838706, -0.5521332820841652, 0.8138656266423993, 1.241041798176986, -1.4340473311365731, -0.18833065497060805, -1.8513849513273615, 0.17841163855095726, -0.816086022386373, 0.9362715485041464, 0.9819745506303242, -0.8479354845397515, -1.5625366518646515, -0.81011019845422, -0.8395120749674444, -0.10528382711836268, 0.3010019914484108, 0.4919846849740611, -0.5688010712100202, 6.642995372035633e-2, 0.887261731252144, -2.3572806501185317, 1.7033569799419463, 0.845074411395347, 1.1577141912774582, -1.9314902835477514, -0.2124818478999873, -0.5239402614012438, 1.5266648236990525, 1.306374387803218, 0.8441312651669187, -2.2072821651772596, 0.283573456033411, -0.6010673788952205, 0.21778272575487242, 0.506864000753025, -0.45483643102131993, -1.1542236364904002, -0.6045101343763787, -1.6484727362238667, -0.11435383835042869, 0.37178418719251927, 1.0853488528605975, 0.8202503350550132, -1.1781994741664026, -1.2872242496705466, -1.3641748561912699, 9.848541218060556e-3, 0.6853074034889869, 1.1944333452409928, 0.11413996156176599, -0.12376259422350427, -1.4028830077535412, -0.5179589019521635, 0.33365759965973146, 1.2856711124259304, 0.4409452585839014, 0.8684483201819234, -2.1163086288673396, 0.4121932836686618, 0.5493003380466922, 0.8096022890070883, 0.3617089466759255, -0.22982399123033037, 1.3197840811365995, -0.1221706214272189, 0.3792995231914755, -0.4361464347153563, -0.9611666483475496, 0.4124025921205449, -0.4152431307742228, 0.6827434592618148, 0.20707686221645774, 0.7345758943751381, 0.8789732967729119, 1.0821237335502996, -0.30551120408827287, -0.735953680936286, -1.0540369776551, 0.5181836876679964, 0.6453284223072302, 1.5359038377637269, -0.6498281711738266, -0.3446249946453562, -1.1165506313131401, 0.7389653549340864, -0.277743700173463, 0.31413495012608555, 0.556516119658649, -0.7285361907218763, -0.362012894795439, -1.072519046832426, -0.48156534114798777, 0.3130047439818576, 0.864009094327079, -7.895734520106568e-2, 0.9854166891318877, -0.541168868941414, -0.2741032346371598, 0.25641486298338184, 0.9861370842871423, 0.8627892906282784, 0.3156531766021059, 9.928567354239104e-3, 1.1108249739434795, -0.3731173820632056, 0.9459941704831714, 0.7485254062478423, 0.911927362357216, 0.7300282577130928, -0.6330232203633779, -1.0394835137605634, 0.708771826131302, 0.18652542353096047, 0.5748282595646689, 2.0284762404984023e-2, -0.5193138353765596, -1.960821238097056, 1.2629254414541118, 0.250392169249997, 1.2153812400778363, -0.36336138210136676, -0.22831675961726158, -0.1914924573614219, -2.1832566915937455, -1.0492412261559032, 0.9876988324557264, 1.2051350281000783, -0.31072574255748325, 1.4996883046994405, -0.3146889070658316, -0.20666374272615223, -1.6216151348982e-4, 1.1448825103488327)
