seed <- 566
log.wt <- 0.0
penalty <- 2.8115950178536287e-8
intervals.send <- c()
intervals.recv <- c(56, 112, 225, 450, 900, 1800, 3600, 7200, 14400, 28800, 57600, 115200, 230400, 460800, 921600, 1843200, 3686400, 7372800, 14745600, 29491200, 58982400)
dev.null <- 358759.0022669336
df.null <- 35567
dev.resid <- 225853.1475161376
df.resid <- 35402
df <- 165
coefs <- c(6.689761655120675, 5.904540383949329, 5.800627892182592, 5.3182064532815945, 5.10705166178621, 4.931358604748228, 4.828018333921857, 4.6382962620346415, 4.405803785903654, 4.278760370643193, 4.306474740104575, 4.162623573304568, 4.047510902174774, 3.98016835038107, 3.7216497987642856, 3.5584630292927573, 3.2565945371792497, 2.9352747839830395, 2.5139053123747144, 2.0992053788327003, 1.5362548362504835, 0.8848757843103282, 1.0228224726081965, 0.4725902864609888, 0.3653880448177874, -1.21543981861271, -0.339840004708382, 0.941652710561269, 1.0077415687706899, -2.0449861753479452, -1.9214604946555853, -1.9639810332124126, -0.3647075248506646, 0.6845229239569406, 1.298796214604077, -0.7843179526960457, -0.5426691964115863, -0.36750607136876096, -3.52923884062659e-3, -0.3687686400503936, 1.004139398157094, 1.2858333539564308, -1.059436280511969, -2.067996988006078, -1.2841092728456, -0.7809532961614563, -0.19571687945569588, -1.2829701414742743e-2, 0.47317867537339203, -0.8747353624949814, 0.19779735465083642, 0.8298881133620833, -2.6721622784886843, 1.8894564814880719, 0.8408777165395811, 0.9190701065666714, -1.8620696614419177, -9.975004022088933e-2, -0.31495886095732406, 1.07063619929561, 1.313811547640221, 0.6433245776908255, -1.817593538850377, -1.484676717283259, -0.4405826073669553, 0.16248065487373978, 0.48297980176169364, -0.5842776738209852, -1.2765949511822277, -0.50443918961272, -2.0533020873340107, -1.0209148150096239, 0.5355965822275037, 0.8223105232746436, 0.6397192229977385, -0.9667018273070231, -1.2242690852011213, -1.2557200982636358, -0.15196547465633378, 0.761336593767126, 1.1467374732556603, 0.213329347230859, 0.26284548871066393, -1.9148325560956532, -0.45437558409322704, 0.6505270137819461, 1.0896335764219367, 0.5189248985635765, 0.8793607224527574, -2.0883172020481933, 0.39581622820407375, 0.7967716677369127, 0.6820672479279782, 0.22071953377286188, -0.6060288006931479, 1.1098832118015318, -8.026453308169625e-2, 0.18152980295949428, -2.7384863092311668e-2, 9.098966252472283e-3, 0.28619061929661166, -1.0662649289605675, 0.7885299491023069, 0.2940549022854314, 0.8973988038697255, 0.8512128009367325, 1.040576233736185, -0.19920641555921892, -0.9766813700175095, -0.9930475466850653, 0.3715115537784362, 0.7737193028589772, 1.5739642750840885, -0.26949100159252565, -0.18583694930299424, -1.3767328855947862, 0.7631127129501943, -0.31917311455755204, 0.43967569465825135, 0.8638136157075383, -0.4752233267418915, -0.756886066639953, -0.9080790804289974, -0.8254225693953811, 0.3299032545972625, 1.0022150396322589, -1.5145860764537908e-2, 0.9866578008409874, -0.45799203945257266, -0.4619531980117262, 0.1705872462690755, 1.015534190450107, 0.862479679572076, 0.42133833189679576, -8.524820242133291e-2, 1.0560056004944949, -0.36414895819108395, 1.2034600919476461, 0.7591475409781173, 0.8821783430860446, 0.748230643997993, -0.6559308378124781, -1.0825669320048978, 0.7303331988335471, 0.41233233254761686, 0.445209522694083, -0.23518129904306329, -0.32524327052875196, -1.9017177605474385, 1.4783942809230723, 0.164319983708127, 1.2479532084721432, -0.15808432182522017, -3.246071383095939e-2, 1.727020985873085e-2, -1.3306892617740405, -1.4335728518326902, 1.043375093503741, 1.118194519536104, -0.1584765675280374, 1.5215808514366214, -0.2970604966084619, -9.782616040252602e-2, 0.10496595787898036, 1.1660108895966235)
