seed <- 546
log.wt <- -14.353633528459856
penalty <- 2.8115950178536287e-8
intervals.send <- c()
intervals.recv <- c(56, 112, 225, 450, 900, 1800, 3600, 7200, 14400, 28800, 57600, 115200, 230400, 460800, 921600, 1843200, 3686400, 7372800, 14745600, 29491200, 58982400)
dev.null <- 358759.0022669336
df.null <- 35567
dev.resid <- 225521.7268279286
df.resid <- 35402
df <- 165
coefs <- c(6.848949927429046, 5.888100530464324, 5.619915541814088, 5.236196431306843, 5.164894125497228, 4.8895107537574845, 4.676753277862723, 4.6189322080869015, 4.381235869030795, 4.2581046443501265, 4.3150528717893035, 4.1887817479555105, 4.050680078307557, 3.9720958247874374, 3.7677778447329815, 3.556810912636791, 3.247283603299741, 2.9328098749287532, 2.5008781963453064, 2.052471313489522, 1.6305772640878644, 0.8829654048291993, 0.9748021487173445, 0.5125275825479488, 0.3105479874255888, -0.9503965148543222, -3.7968408203549145e-2, 1.0789744991401797, 1.014383151332492, -2.0926515183885304, -3.2447359287144875, -2.029806374473053, -0.4519213147334891, 0.7240019003782341, 1.2752228000921297, -0.8326138589896047, -0.37039100885123294, -0.48157625666545745, -3.4984806800318895e-2, -0.7788147929676471, 0.9516664343680938, 1.049742762719712, -0.5492215214016591, -1.4009281379482674, -0.8542866859961895, -0.7067728968698332, -0.5584873420304959, 7.622116917064636e-2, 0.6782209126408368, -0.6028204067146533, 0.4877991459807538, 0.9845960565678289, -2.2901360800014894, 1.817606724380209, 0.8414729527754631, 1.0895087878520502, -1.6386879213558292, -4.196551595952557e-2, -0.5112908314465908, 1.368309849762688, 0.8965731991019996, 0.5614075440924914, -2.342399846248049, -1.2573513082818033, -0.4726285510659466, 0.3306345370640555, 0.618737666365392, -4.434702348660452e-2, -1.261620730801799, -0.5338278263138496, -2.04694314270367, -0.5458021895519785, 0.3351044011392784, 0.8881935612384697, 0.8909643266444717, -0.7114845551455433, -1.2165033462702413, -1.2244309331683247, 4.038036390322847e-2, 0.5580484901132389, 1.1379620931445735, 8.726418442188226e-2, 3.313756402267736e-3, -1.5712593599555154, 4.803590216396501e-2, 0.3779666294900774, 1.2618881442591043, 0.5075961452934692, 0.8560614830707515, -1.6352333947188566, 0.6031689587370482, 0.6413921697544724, 0.8077021580555188, 0.37801105820385, 0.36859856871250024, 1.2799573320268396, -0.6106181596338291, -3.154934235440295e-3, -0.19474669000882122, -0.3663659665492995, 0.29271868035135007, -1.3063306581799456, 0.7438199777172184, -0.3863903999114349, 0.7034450303825919, 0.7803875009558903, 1.0920780501437266, -0.4582023804101097, -0.4532713805380311, -0.9905595122050413, 0.4515089938632708, 0.6247865516481003, 1.555616356369955, -0.4535069668733262, -0.17896842445765007, -1.09398655463317, 0.7080782363249805, -0.2438229112155501, 0.3419786745916686, 0.46303128014460804, -0.37470292724321136, -0.48654124054017794, -1.6743362296116366, -0.41279926109611165, 0.13688943701675085, 0.9165688532029821, 0.12575069668049854, 0.8850661958697965, -0.9015739279589385, -0.5218734792493352, 0.34332090391159376, 0.9112848082633511, 0.8033737919871777, 0.3421424816136518, 3.9774950981353384e-2, 1.0313285955520644, -0.426641759908574, 1.2302088430594158, 0.7979010069672482, 0.8713546857075579, 0.7705360861415601, -0.7126690387460606, -1.287844094222914, 0.6484335415505241, 0.39229610500971157, 0.4635117800369138, -7.684986878578283e-2, -0.3649955555404669, -1.8683636728382351, 1.3407194242496543, 0.28930954590317876, 1.1146096602045028, -0.20591418731203856, -9.169838043516272e-2, 5.250507832396591e-3, -1.851887774559387, -1.655168823202265, 0.8818268687434816, 1.2293502879291531, -0.3354704086207475, 1.4669378675748936, 2.667232665284855e-2, -8.761529447548759e-2, -0.20452149904920436, 1.1862811641090576)
