seed <- 267
log.wt <- 0.0
penalty <- 2.8115950178536287e-8
intervals.send <- c()
intervals.recv <- c(56, 112, 225, 450, 900, 1800, 3600, 7200, 14400, 28800, 57600, 115200, 230400, 460800, 921600, 1843200, 3686400, 7372800, 14745600, 29491200, 58982400)
dev.null <- 358759.0022669336
df.null <- 35567
dev.resid <- 225758.77657265434
df.resid <- 35402
df <- 165
coefs <- c(6.56104117173602, 5.850476287522115, 5.837316506880735, 5.27978812373897, 5.094063277554914, 4.87732138573718, 4.7615870843571555, 4.725480099005584, 4.409755103217674, 4.280546513715857, 4.394354678779644, 4.1780935293048485, 4.037245120224444, 3.9846885266895273, 3.7838176424239065, 3.5603254912723243, 3.2532688153359732, 2.976074908665827, 2.5539665365230046, 2.0494328046315786, 1.5896814354575168, 0.8814417920510497, 1.0986385392518314, 0.18745134258734936, 0.13989132664662599, -0.8168555617748866, -0.45968447607582585, 0.9098687957277884, 0.9942195926570189, -0.9232150438605007, -2.542006988668463, -2.3244601932944735, -0.21924423413698102, 0.7279024265854745, 1.205427503293942, -0.8701881987435205, -0.5589207373889167, -1.0617714848679143, 0.1264936274132899, -0.4132124435434894, 0.8159000713340426, 0.9180849010283796, -0.547072970704293, -1.8988339527395743, -1.1016752705653285, -0.6834497774711218, -0.7669578995143077, 0.31916359707093356, 0.15379331080504846, -0.7432882875742869, 0.18650789402972534, 0.7498629316576513, -2.299043451013786, 1.6811077711579543, 0.8468180309177775, 1.0738676215443537, -1.6439853179648867, -7.717779425669916e-2, -0.4372963907438702, 1.117837561789038, 1.3325036581822045, 0.7021854512986172, -2.121144559629341, -1.0864583064624573, -0.4251715978859507, 0.36099805752084707, 0.7146033141108222, -0.5244697385293765, -1.94908184852397, -0.7301035424239631, -1.675405057884507, -0.8516820462390472, 0.554836691400264, 1.0294494284317781, 0.6573232342285384, -0.8216242172268238, -1.1531894873965645, -1.2446992574614433, -1.370674341283602e-2, 0.6001974005579551, 1.1075983313646443, 8.822497980880703e-2, 0.2561516186156669, -1.6003871137196395, 5.989377386440017e-2, 0.4381564567885099, 1.2077083615856006, 0.4348902424579297, 0.8544297528977639, -2.647056306529991, 0.31025151833262193, 0.7983117745775428, 0.7690203439371828, 0.27890764914909394, -0.11693493259280643, 1.4544519845452901, -0.613039602975338, 0.3553931863960273, -0.48257412549541, -4.646398980424964e-2, 0.3760623399526442, -0.24845605740777307, 0.6330688313352015, -1.2864300313165333e-2, 0.9136300234470285, 0.8133265113233097, 1.1668447438300487, -4.7498975534331765e-2, -0.8792210628999643, -1.1720781629630204, 0.38682468870936254, 0.3812944940613633, 1.4921180157297114, -0.5148821850984188, -0.26857544906373143, -0.9121854082883887, 0.7405312019825089, -0.291678288398726, 0.5775814164198352, 0.6116905853515292, 2.181620952199999e-2, -0.5687166940773005, -0.8896870762490838, -0.4701229503427582, 0.26465711632605426, 0.8575329304939181, -7.911874506069281e-3, 1.140592066275341, -0.3984495308298565, -0.3468435533031046, 0.33527201023457637, 0.7685440736894367, 0.723144738215148, 0.5173710035871538, 0.20538888979001887, 1.075106267298566, -0.4285778073132353, 1.0585282229694235, 0.7365086461141965, 0.8087734764822692, 0.788298408927839, -0.7263723694806856, -1.1424513238013962, 0.564644247669319, 0.37796961879918306, 0.46134359509340533, -2.932722650237467e-2, -0.4718358204052968, -2.0049504740771753, 1.1523278655800588, 0.21597841004258425, 1.1850459094084431, -0.17952874549581685, 6.582196641633958e-2, -0.5008702271089971, -1.654027058466373, -1.3126679241706547, 0.8588110696619972, 1.212170768195453, -0.24130500341822483, 1.5135459287893676, -0.4502708983925073, -7.795472449776611e-2, 6.6025344319059e-2, 1.1728866378576466)
