seed <- 216
log.wt <- 0.0
penalty <- 2.8115950178536287e-8
intervals.send <- c()
intervals.recv <- c(56, 112, 225, 450, 900, 1800, 3600, 7200, 14400, 28800, 57600, 115200, 230400, 460800, 921600, 1843200, 3686400, 7372800, 14745600, 29491200, 58982400)
dev.null <- 358759.0022669336
df.null <- 35567
dev.resid <- 225926.6919967598
df.resid <- 35402
df <- 165
coefs <- c(6.647118075450447, 5.757003076007396, 5.655479812060889, 5.357048441450731, 5.116550624716858, 4.864413185545522, 4.688751744372213, 4.6671435208716545, 4.371700315991933, 4.2582546385031765, 4.242629417857013, 4.171992384828549, 4.044127591318121, 3.9289369601349735, 3.7527844249395916, 3.5267597336775447, 3.255500772198782, 2.959092988672872, 2.4974874744428277, 2.1177166547839947, 1.464587533000114, 0.8604189639593373, 1.1200425585384735, 0.19552217325954235, 0.23664872447069032, -1.528816562674998, -0.30981546007080707, 0.8602743485757827, 1.1634208434634548, -0.9875586376173694, -2.286950962207269, -2.092128677748894, -0.5751414293779651, 0.729461897249992, 1.3022951889499883, -1.2302802706726719, 0.3048174133220664, -1.2727420475665867, 0.15884362377494277, -1.066670343899088, 1.0983687605546206, 1.2033465231090836, -0.8802403691380015, -1.8460990402941235, -0.8061498032746596, -0.4769022858036739, -1.3670261073106276, 0.27426159012638135, -0.34838390826237314, -0.4715254680216099, -0.11046052893874503, 1.1822375779763536, -2.9633382500545764, 1.674509421947289, 0.8420868369869144, 0.9726056511403248, -1.9904962144447196, 5.921233451427845e-2, -0.4007160761970262, 1.0156353342849782, 1.3550759108400314, 0.7862786278271384, -1.490233662629179, -1.605792383196248, -0.8701623950185816, 0.41226353654284875, 0.595429547587288, -0.609096693483813, -1.0403245364874942, -0.6706797925580015, -2.554693436403212, 0.26745350932911455, 0.7468802249854875, 1.028211942380078, 0.7848412336248833, -0.7091854184616712, -1.597835168148868, -2.0010022280750603, -0.14585553181194477, 0.6473087675832292, 1.1024705570530935, 2.000786000077648e-2, 0.4370505064058331, -1.9703663631938289, -0.464795966846314, 0.4031758557066675, 1.1957406942177795, 0.5785189183452217, 0.9794064530724754, -2.7515828954422608, 0.40241278675978553, 0.5874463743064589, 0.8117699026099728, 0.26767971340563285, -0.11374688728705482, 1.1107334207921593, -0.6372124649880149, 0.737217888989654, -7.788443737960556e-3, -0.13930452815722622, 0.5654427907179619, -8.507332054927336e-2, 0.8957241577678563, 0.26367191140403046, 0.9199049101823398, 0.7844499395827467, 1.305699040908463, 0.3113886558075733, -9.043060327386701e-2, -1.3485731355975812, 0.28680660595230884, 0.7194911051660233, 1.7120379492911069, -0.3098085311320111, -4.082298800931043e-2, -0.9124945092064053, 0.7623517470051818, -0.2792502092406575, 0.5684533681616696, 0.6095031378844435, -0.34713326487745966, -0.28733553056737077, -1.2888847790021947, -0.34240892830543296, 0.31964883843631503, 0.8605815372779125, -6.963308222056547e-2, 0.906024381152962, -0.7278519838481485, -0.36856850027622823, 0.4705052712137431, 0.9253288556052713, 0.8264179333145957, 0.5989958811791473, -0.1559256465310228, 1.1879731299835758, -0.3452897767936246, 1.041220485133554, 0.7443171107434395, 0.9247481767787199, 0.7580065636188087, -0.7614678850895257, -0.8298034382167898, 0.5292065289204849, 0.5187220540480693, 0.5275301965882804, -0.22594854491720237, -0.48925533473307026, -1.754752916273149, 1.3341188244998463, 8.978741126521715e-2, 1.1254823823395432, -0.34799477759524805, -0.164362035744755, 6.194001123652797e-2, -2.0383865721434553, -2.100606052732922, 0.8275823517571478, 1.1628249082571016, -0.1758781432942277, 1.6930528707528207, -0.39101471569476354, -0.1462549177234012, 3.25312760279263e-2, 1.1334550645588897)
