seed <- 1047
log.wt <- 0.0
penalty <- 2.8115950178536287e-8
intervals.send <- c()
intervals.recv <- c(56, 112, 225, 450, 900, 1800, 3600, 7200, 14400, 28800, 57600, 115200, 230400, 460800, 921600, 1843200, 3686400, 7372800, 14745600, 29491200, 58982400)
dev.null <- 358759.0022669336
df.null <- 35567
dev.resid <- 225488.5448560588
df.resid <- 35402
df <- 165
coefs <- c(6.541774951901539, 5.947980151952611, 5.530357650114252, 5.171306859026227, 5.006339183143094, 4.862259681841371, 4.772836524765529, 4.641498614081175, 4.355422677274252, 4.287358386730794, 4.350410631657081, 4.133696861696053, 3.98499274662014, 3.9345657057290784, 3.776417547337694, 3.5249228616603534, 3.258953411017883, 2.9339951116163125, 2.4794411272898627, 2.060765769790765, 1.5308081885716844, 0.9342568721958443, 1.0926040562718013, 0.6047525738556513, 0.39266912957369104, -1.6976137547539614, -0.1781182214935261, 1.04682774254126, 1.1383128835728331, -1.6057545450958035, -2.204153987538172, -2.2919173996917457, -0.6087376195066905, 0.8075161857115728, 1.4321551337828229, -0.7911189435088208, -0.30075285043557565, -0.8050032443901594, 0.10619684591979983, -0.741010471891626, 0.8876053254729059, 0.9760090716154362, -0.7292979063840769, -1.842508972818111, -1.2193962826547802, -0.6805675295576286, -0.6175170557301423, 0.11465809179465922, 0.8279036246393495, -0.5124858242150783, -0.6472588705524838, 0.967996934621815, -2.3985920335204503, 1.764098072920869, 0.8089590606868959, 1.078489473871247, -1.5541366042614224, -0.2531095497896539, -1.1357348628408672, 1.001015987372519, 1.3591741068605485, 1.0084005692408493, -1.4939496191987172, -1.0006163337273626, -0.7171694654418416, 0.2900661439585521, 0.6284876648056802, -0.5354207540686384, -1.338757499402958, -0.5307173172990373, -2.1071871178593837, -0.6716349558341095, 0.5613700979437388, 0.9370702240323285, 0.7562039858939708, -1.5855580658318833, -1.0830637539114056, -1.1383021050075786, 2.6203700475846026e-2, 0.693170282694522, 1.2125497018724207, 0.15912326200307675, 9.856263891598696e-2, -1.3358803059298128, -5.6459254957228394e-2, 0.4591500847113625, 1.2595794570027345, 0.6503261110129461, 0.959578502063743, -2.3726499831857972, 0.44730012736287356, 0.7096510171653638, 0.8914832366419497, 0.31371250487856156, -1.5659222322465197e-2, 1.3055975353109353, -0.30756553565943445, 0.39390975120372484, -0.39215566377551286, 0.19055622559511473, 0.4024899896420199, -4.16850346427258e-2, 0.8218394506317624, 5.971790870744132e-2, 0.5289683887169593, 0.8570162433629716, 1.1416833059739429, -0.28409413936881045, -1.0698042739908484, -0.8006003510580728, 0.531912205765189, 0.6060536058859176, 1.589397259917235, -0.7335871376456459, -0.3269187265180049, -0.9758582925571677, 0.7878848906597057, -0.3508109572708302, 0.5526062051615465, 0.3678715978287579, -0.6345186863764227, -0.6683043446702355, -0.980308117819905, -0.5605514952318128, 0.2502654629483874, 0.7605279190754863, -2.5654653710661952e-2, 0.9561205927977764, -0.7564674236596065, -0.50961927190974, 0.4324505518015705, 0.960585927015393, 0.9747305977033803, 0.3218974261143204, -9.762703797825821e-2, 1.1083048717112391, -0.4090930742730766, 1.032232145491044, 0.6771616598550414, 0.9187154755720596, 0.8525168924196084, -0.7118238834896317, -0.9386425902029274, 0.5305360286892083, 0.3758078850241135, 0.5099350422191314, -8.30375035921942e-2, -0.5085926448631836, -2.135720624802725, 1.2925828903289365, 0.12377778554563036, 1.2277410231816657, -4.691502675898651e-2, -3.497655883544954e-2, 6.467895704811888e-2, -1.8022893972255631, -2.1225548403253307, 0.8536444215658149, 1.2185625398287918, -0.1737364798224408, 1.5159895283324805, -0.22353743781277682, -0.2477041752128492, 2.099645145586626e-3, 1.2510073459337119)
