seed <- 936
log.wt <- 0.0
penalty <- 2.8115950178536287e-8
intervals.send <- c()
intervals.recv <- c(56, 112, 225, 450, 900, 1800, 3600, 7200, 14400, 28800, 57600, 115200, 230400, 460800, 921600, 1843200, 3686400, 7372800, 14745600, 29491200, 58982400)
dev.null <- 358759.0022669336
df.null <- 35567
dev.resid <- 225786.04253701345
df.resid <- 35402
df <- 165
coefs <- c(6.725098933450987, 5.852360690785922, 5.786056585089542, 5.238110357616442, 5.175900484555737, 4.930471296746759, 4.755375219760812, 4.622302529090273, 4.363227268237301, 4.31156047682862, 4.3102303286918175, 4.189043860730195, 4.0018686729549655, 3.9579742585340645, 3.775061562822514, 3.5594548272691577, 3.242705059192109, 2.9323632221967473, 2.4781173132290544, 2.0655171720565875, 1.5853636756144414, 0.8823408032053702, 1.0343914538678605, 0.3791007338873139, 0.12632420043123635, -1.3708076939636709, -7.671297907236917e-2, 1.0833284637601859, 1.0373848162321275, -1.162390348234626, -2.5208905582345915, -1.8498187711837755, -0.3032137240514939, 0.7544285470168578, 1.3092041714719571, -1.0839973660638553, -0.17065267452549085, -1.3715601364123153, 0.20508598357899135, -1.2177450703700494, 0.9347591002422229, 0.9540836444844116, -1.0289478427061156, -2.322086594801542, -0.9504566652293404, -0.8499109861538688, -0.23233621244346572, 0.4071204063903762, 0.43824041678260045, -0.8499585188610905, 5.232068544502547e-2, 0.9962083931426452, -1.9379322983356835, 1.7483273809531148, 0.8205905033950969, 1.031770674942641, -1.3188196393206097, 9.791523374444194e-2, -1.0176628717275538, 1.1325172915179949, 1.237240860910419, 0.9885240387617465, -1.9750399565731576, -0.4721041459604953, -0.8524381210997503, 0.6450211690363162, 0.6707708293166207, -0.5669566376089951, -1.4645922799596038, -0.674450297116195, -2.1427349298921246, -0.6585006790925465, 0.3980896791926674, 1.0151592918240722, 0.6994923276293193, -0.5179577845947062, -1.1970679368372985, -1.5957204469115824, 0.18753419385201717, 0.7150046645636717, 1.1302539906039548, 0.1058454831421681, 0.14530429006630408, -1.775606635044421, -1.1694256651869457, 0.46536397754022557, 1.1710275743729903, 0.4877920153202534, 0.8681719552107848, -1.8850392271877165, 0.4614098779477512, 0.7405800354735298, 0.7155020981557222, 0.3372831926674085, 0.16073466906923248, 1.2351883932019638, -0.1065828398913617, 0.2387324183965771, -0.12186153899604145, -0.33199337796833295, 0.4266470766410284, -1.3942436565525278, 0.8177443479546559, 0.30601521049528785, 0.6547636877843214, 0.8344576453217889, 1.1905864951952791, -0.28400282993999937, 7.473086263970115e-2, -0.8190046924588451, 0.38431534289588715, 0.47550734770070713, 1.5181684890948643, -0.2718412604532889, -0.13784976725609374, -1.1360033790457398, 0.674191971135397, -0.3812741118437641, 0.4551604916159263, 0.7601875334844649, -0.7344155748775573, -0.26015706839729613, -1.2874672985942546, -0.4076122239147471, 0.22061797179919893, 0.7951701891178902, -6.605771815447571e-3, 0.9383486127188575, -0.7756561927467952, -0.4096912536589468, 0.3903199468967136, 0.9207589687070098, 0.6803015259190596, 0.4923369419033855, 7.576873760974578e-2, 1.1408918704555244, -0.4187557879584737, 0.9618206254621973, 0.7249254151644258, 0.923829793567441, 0.7315547805739065, -0.6276855351765733, -1.281570499470473, 0.5976170790356997, 0.5499781874355525, 0.5689998337382295, -0.2542913791633353, -0.7071027012866685, -2.0783377093576973, 1.3473467128876462, 0.1656181395398577, 1.1744626333461756, -0.21027954332238383, -6.925872114878912e-2, -1.1397004649611851e-2, -1.6303828960840145, -1.3238289788298934, 0.902371607928995, 1.1273625008671144, -0.5292127862842995, 1.4787824443685598, -0.14253478260198124, -0.15429936715815548, 4.4853757532314846e-2, 1.1167515163769024)
