seed <- 483
log.wt <- 0.0
penalty <- 2.8115950178536287e-8
intervals.send <- c()
intervals.recv <- c(56, 112, 225, 450, 900, 1800, 3600, 7200, 14400, 28800, 57600, 115200, 230400, 460800, 921600, 1843200, 3686400, 7372800, 14745600, 29491200, 58982400)
dev.null <- 358759.0022669336
df.null <- 35567
dev.resid <- 226003.2788358104
df.resid <- 35402
df <- 165
coefs <- c(6.771189339491974, 5.6783107061254805, 5.567233932155655, 5.20742014605511, 5.13615218673928, 4.88989613334164, 4.834631783619601, 4.6162400915405835, 4.397914388222825, 4.2321293857106, 4.327988756779308, 4.149126049545159, 4.060135164870118, 3.9291683516596287, 3.7332762399219863, 3.5388036435125776, 3.2686397632516866, 3.0094546371808466, 2.4955308736271276, 2.057785033875222, 1.5437971430314106, 0.9113984765726637, 1.1067260124237535, 0.5487374022706415, 0.15251199734453666, -1.3431475322117368, -0.4005617070589153, 0.8035705026992089, 1.0869391600604352, -1.5484301428720675, -2.1743745864339368, -2.404781383971482, -0.29181154865211323, 0.7496437539854606, 1.2858809034398488, -1.5768912722089958, 0.17690462505295948, -1.4017179203451093, -0.22996931653042177, -0.2807537065452226, 0.97895171031816, 0.9837778778524309, -0.41551897190192655, -2.0143386145738127, -0.6985656695521557, -0.6968748416496707, -0.36750257401007225, 0.6578920973789396, 0.25181435761760723, -0.32250154919177065, 0.6043251357684905, 1.0778100362774932, -2.931012288074407, 1.7624080327605347, 0.6390045517612675, 1.1568440619371838, -2.6882441378533235, -0.3542102581152139, -0.17033041532813611, 1.3856735590066127, 1.1551131868939892, 0.6939510364251658, -2.5008088087162, -1.554927904011714, -0.6394354111593951, -8.979726196425043e-3, 0.5340148848224563, -0.4456759053381681, -1.122669097949207, -0.5185354536119522, -2.9926463527700995, -0.2107471947738043, 0.6177470076436605, 0.8423006553323394, 0.6618807913736807, -0.8485961162870848, -1.2330499576190181, -1.3829071437828147, -1.3839165899802348e-3, 0.7283639488453457, 1.2242068606852834, 0.11200694928969918, -0.11718330255881826, -1.9991226754019564, -1.4624805740576077, 0.39132703624080534, 1.2536549455654373, 0.3704410007988139, 0.956420718430519, -2.566398436195737, 0.5244672626009338, 0.7215509197112254, 0.811721408171415, 0.3561457144319849, 0.13752199195155415, 1.4655521191413048, -0.1829076884179747, 0.7653084415341498, -0.14567930503395338, 0.21754592985063645, 0.5388442486019456, 4.9138997374696826e-2, 0.7872073048748548, 0.33640198699073126, 0.7201680183137374, 0.8717696404598871, 1.1020637867457876, -0.8039688065213376, -0.14262321966242295, -0.9450556779120001, 0.41798883705431084, 0.5475313796165755, 1.680223499219643, -0.5671796279038187, -0.129566587433826, -1.3240928601607518, 0.7975698159258658, -0.20636982282477365, 0.70493675355154, 0.5961037466682173, -0.2267444527109711, -0.3803137630332594, -0.8295133756804044, -0.8503157913968862, 0.3509745584204556, 0.9419830036498986, -0.14991203640583944, 0.9285774253605359, -0.5645158929473554, -0.4276952441776025, 0.32948893643796384, 1.1517878661065388, 0.5953403684517605, 0.47268231562282337, 0.139985618154641, 0.9179276063153745, -0.3216855129276989, 1.0641131181376495, 0.6689454878655179, 0.9661297367258791, 0.7484696779761272, -0.654294735480668, -0.9520159805508466, 0.8387210839708608, 0.1694866959984267, 0.3945579313593751, -0.16081164117612307, -0.2167650663561445, -2.1076781769866746, 1.3081865023288912, -8.069479175753758e-3, 1.2930520996960506, -0.12175267221811324, -0.142984178879624, -6.693975933253679e-2, -2.053737925637071, -1.1041623041539859, 0.8326090261792651, 1.1895088262793367, -0.18346787096101616, 1.6405074517159248, -3.57124551534043e-2, -0.27481391398383903, 5.796858477717803e-2, 1.1854232380997791)
