seed <- 322
log.wt <- 0.0
penalty <- 2.8115950178536287e-8
intervals.send <- c()
intervals.recv <- c(56, 112, 225, 450, 900, 1800, 3600, 7200, 14400, 28800, 57600, 115200, 230400, 460800, 921600, 1843200, 3686400, 7372800, 14745600, 29491200, 58982400)
dev.null <- 358759.0022669336
df.null <- 35567
dev.resid <- 225673.28976500125
df.resid <- 35402
df <- 165
coefs <- c(6.735402405530459, 5.757795457401849, 5.6582172348983075, 5.233165968154623, 4.959911221123162, 4.863619325417576, 4.78294311880466, 4.668584803303209, 4.390950132611155, 4.264668100136741, 4.364932998115668, 4.161021753083456, 4.019663154219492, 3.986616663989694, 3.7923613670507814, 3.5040046995502663, 3.238960108818894, 2.983703820510329, 2.50547991025645, 2.053862644130345, 1.6401017839140601, 0.9083680077184912, 1.016999453064622, 0.5198046456941828, 0.6600829805536893, -0.8584532557009966, -0.35504755832089857, 1.1534455175787088, 1.1250404242042622, -1.0449699433306057, -2.832118827650555, -2.4346989264981436, -0.5140065968503381, 0.7803434075719913, 1.244755605995225, -0.6857032853506645, -0.8410230836911698, -1.039289572091777, -6.694248823863937e-2, -0.9402978294863541, 0.9747332469392512, 0.6933938231094898, -0.7722193985331981, -1.6177959529280446, -0.7964118565284618, -0.7350037336844152, -0.28799924373636604, -3.310982083211488e-2, 7.024923665784777e-2, -0.9281529876722, 0.35068560619030087, 1.2786360250752902, -2.71796400097178, 1.694398057397156, 0.7098068785666605, 0.9609385205052929, -2.354658606890799, -0.15736127162566935, -0.3604035986129953, 1.363328504152692, 1.052827691530904, 0.8571919943543912, -2.012013941009977, -1.4488660191946316, -0.715766247536411, 0.12170188681132035, 0.7017979906191955, -0.5788093930412055, -1.098482851321494, -0.6440876626857862, -2.2329741884282033, -0.7224299529581298, 0.43098590726077035, 0.8637916066658958, 0.8102616781242786, -1.117882601817031, -1.1469310805880901, -1.4506444842632003, 1.36252817559318e-2, 0.6330434618833838, 1.2183011712471479, 9.550164838880593e-2, 4.731937210644435e-2, -1.6741472058679854, -0.504549492218085, 0.36903180585265877, 1.236719854726092, 0.6153264903608001, 0.9082442950646907, -1.7812162530461841, 0.5756992130912968, 0.5745949977697854, 0.8227123899429009, 0.21304421255314657, -3.7036634520854324e-2, 1.1696084430198723, 0.15169027853890632, 0.37490484479582253, -0.15604436386329953, -0.8043659123403498, 0.4323206086926922, -0.4189132390289708, 0.7330059531567333, 0.3058975085689394, 0.6240607983037875, 0.872374054225992, 1.1076457167775282, 9.356370632159285e-2, -0.48567954207948055, -0.5727878324884834, 0.49833496785703024, 0.7688441601434006, 1.6284894254469366, -0.4702160901201024, -7.095955637966606e-2, -0.8661409895874714, 0.8161899905079808, -0.3618520925473816, 0.2812186150270382, 0.541338769933129, -0.2885215258933969, -0.5319916910061041, -1.2510078098000665, -0.3377887933442298, 0.4163243568131165, 0.8818498908905531, 3.795515959964187e-2, 0.9265465486260073, -0.5450173148467017, -0.3116550378964969, 0.30277997078684354, 0.7531600972753252, 0.8006715899525075, 0.3422332255965567, 1.336102736419396e-2, 1.3040616106486136, -0.3791715098056783, 1.0189232772929815, 0.79844566117999, 0.9006404816023487, 0.8056054638185696, -0.6112535514302211, -1.0059739041198446, 0.6408049237116317, 0.31097952079228863, 0.42996644683051993, -0.25745384716261094, -0.2448899190874558, -2.0944841054672874, 1.2086675173953563, 0.24435577102689662, 1.1275635189778683, -0.2190064519963299, -4.841798058846373e-2, -7.633116433937023e-2, -1.9662188250995298, -1.357713561404791, 0.6935554148637039, 1.189146874133626, -0.22622272853671035, 1.5691645872084685, -0.4529744431078423, -0.1393941264328536, 6.822022412113687e-2, 1.2407138646137161)
