seed <- 675
log.wt <- 0.0
penalty <- 2.8115950178536287e-8
intervals.send <- c()
intervals.recv <- c(56, 112, 225, 450, 900, 1800, 3600, 7200, 14400, 28800, 57600, 115200, 230400, 460800, 921600, 1843200, 3686400, 7372800, 14745600, 29491200, 58982400)
dev.null <- 358759.0022669336
df.null <- 35567
dev.resid <- 225857.59108383107
df.resid <- 35402
df <- 165
coefs <- c(6.559198164734499, 5.71951500222837, 5.843832363454024, 5.348400110050454, 5.106397692130927, 4.8258642581101245, 4.7072144300499446, 4.642976298977951, 4.379725260336246, 4.265821492863589, 4.277738315464184, 4.168425069800633, 3.9835727845456375, 3.9576420770743845, 3.757820875801872, 3.525206493636179, 3.272167537694392, 2.962223423092755, 2.4864516486001262, 2.0164112358333868, 1.5652966761760605, 0.9188820431693204, 0.9867604025782295, 0.48217797585508865, 0.2644939394464057, -0.8162355733666179, -0.24580046936938077, 0.9442416466800893, 1.0385832070236876, -1.425041939531986, -2.379778201248353, -1.8658184138839333, -0.1875123077590416, 0.7992133153091677, 1.210072589751305, -1.3538567902815348, -0.15045770244280326, -0.6521240927462717, 5.2676895186486725e-3, -1.037834175620214, 0.9084881201005407, 0.6858765035815936, -0.88832549946092, -1.548929945830349, -0.995126340173256, -0.7596875159337318, -0.4498171536232862, 0.2901218313301461, 0.4111629506231083, -0.783365622456272, -0.6489014844474945, 0.9086058093419428, -2.312551584781924, 1.784897699607219, 0.7791805435382582, 1.0878607111373682, -2.1045880293352073, -0.11099654265066973, -0.5286319615653097, 1.342243014869046, 0.570041649126895, 0.5764662890127683, -1.5419713098440808, -0.7041495591980281, -0.5197267497270149, 0.2888136336779689, 0.5430734035808735, -0.5827672278448653, -1.5961922556068247, -0.7778221786028248, -2.0807406491986704, -0.41413912904428424, 8.055098926494969e-2, 0.8242337875645607, 0.6727477403189162, -0.7460382510160641, -1.4526852367681178, -1.2020209727952604, -7.244159104960683e-2, 0.7476338848554468, 1.179558254783676, 4.419581076791053e-2, 0.1380881565642116, -1.3715488530211823, -1.1526818865762767, 0.25583210744551454, 1.281086513565724, 0.4282792014492633, 0.8763946230826806, -1.830895197355265, 0.31910788998881184, 0.7057048009515887, 0.7888901461010354, 0.36101081649227335, 0.37057392584655935, 1.2613939617720389, -7.24715191449728e-2, 0.3286553767440726, -0.193404081908686, 0.2050350923289451, 0.13313990902994452, -0.42830509436276926, 0.9564364748312032, -4.948497158843664e-2, 0.7620249576395088, 0.9065000675471788, 1.085053665751777, -0.2913616962095256, -0.21399137152156858, -0.8278292524640857, 0.35855567546889433, 0.5778784558079333, 1.5444023998863596, -0.7976817450601342, -0.3997441077147325, -1.2358160515953653, 0.8086727908108491, -0.2757837607340503, 0.33214864950967093, 0.24861138197765714, -0.10167067732360804, -0.49672689295452493, -0.9205640738265279, -0.4480892824384549, 0.2943939828719673, 0.900794948093956, 0.14502222108542448, 0.802998291796063, -0.530436881255969, -0.3208882742693327, 0.23175572598043773, 0.9553088258925286, 0.8721195102655023, 0.45364046386579904, 4.6172256781553726e-2, 1.0972365457190316, -0.38218665590629186, 1.0977766954680588, 0.8524171097432268, 0.9143199241694451, 0.7670369807830089, -0.668539625342158, -1.1482712576581473, 0.7394615493734057, 0.5030352884635988, 0.3659088004581789, -8.574675008725696e-2, -0.8385509651332043, -1.6342028382185594, 1.337314070874011, 0.24429680177389282, 1.1297007425402585, -9.386535000135801e-2, -0.1160841557532048, -0.14699209393674434, -1.8884120725133977, -1.010131170181245, 0.7715446088969236, 1.2725582938296713, -0.38661451792123763, 1.5059508234068, -0.41152860219757664, -9.924504506807393e-2, -0.10540174470726052, 1.2015380340135318)
