seed <- 717
log.wt <- -15.436884068110334
penalty <- 2.8115950178536287e-8
intervals.send <- c()
intervals.recv <- c(56, 112, 225, 450, 900, 1800, 3600, 7200, 14400, 28800, 57600, 115200, 230400, 460800, 921600, 1843200, 3686400, 7372800, 14745600, 29491200, 58982400)
dev.null <- 358759.0022669336
df.null <- 35567
dev.resid <- 225030.82815595737
df.resid <- 35402
df <- 165
coefs <- c(6.763685934861847, 5.7054672690208, 5.805847136670093, 5.264971542366462, 5.069212239138441, 4.786103051557155, 4.760619689737393, 4.633517123002409, 4.3832332169350074, 4.308465585370764, 4.278802508892088, 4.1981488439293, 4.033094670469714, 3.9934875049243126, 3.7743067095949905, 3.5566586105358997, 3.286651318343448, 2.978910525678986, 2.4877148370111084, 2.05595353083973, 1.6062544423101113, 0.8944940692293623, 1.1848312386325706, 0.5246066646451364, 0.6463169467929454, -1.2305846062782924, -0.1770552346479417, 0.9504935084520159, 1.017850754489487, -1.263335015217224, -2.3071243765162897, -2.5462681457649774, -0.41645863563116914, 0.737677159138156, 1.3601357358642157, -1.3735834248212793, -0.4053863573706424, -1.287592762995497, -3.5140246701338335e-2, -0.635120772973437, 0.9360362446519013, 0.7540615630605135, -0.7430263558203566, -2.3569953579011322, -0.6126755789653192, -0.8149838246911715, -0.5641984376653352, 0.12089464285218555, 0.6640933164671601, -0.7486092304977378, -0.4083070694499482, 0.8694883849029266, -2.76782767292815, 1.6443969602913417, 0.6339836068228353, 1.175296145003374, -1.7418318699902442, 0.1830661902043357, -0.16402164185597493, 1.1666399390573812, 0.8890932753562977, 0.7994436486062068, -1.47708732384916, -1.1370316797503695, -0.4319267563948938, -0.10231045217350582, 0.6178566277172474, -0.2904613346491533, -1.495641922623274, -0.6450668600070387, -2.708632418516922, -0.26582411064787337, 0.3013056148460568, 0.9739701244854918, 0.6928746772150216, -0.8903713460278851, -1.141002016692244, -1.1213111285635355, 8.970813655596158e-3, 0.7233765073170604, 1.0848201903563046, -7.7432506678577605e-3, 4.78171951349264e-2, -0.7829782310993801, -0.12706621485615058, 0.2538946906664804, 1.3493323211491124, 0.3840711335357871, 0.8683670375722817, -2.4560916289985553, 0.5073698406846604, 0.8402279192132056, 0.6765675641125158, 0.32087947684301327, -0.24223374939381323, 1.2583651225459735, -0.6507298961161594, 0.6566549895212639, -0.1651788999726285, 0.10740131282826655, 0.31936634801705216, 0.10402458758082146, 0.9118759035960156, 0.1257653414551785, 0.7961279250312346, 0.7933709959152482, 1.2584644158324778, -0.8281864472823898, -0.7446754125746166, -0.8393288547866388, 0.483400942624033, 0.5535614534483781, 1.5855361145039149, -0.6124624283227939, -0.16177302531205537, -0.9127415305072867, 0.6605772000470935, -0.3441954853850914, 0.5441102450810038, 0.7277605728299705, -0.30736243771141464, -0.398072825296496, -1.7117340352187227, -0.5066184480780579, 0.26071945621199893, 0.8808705332300681, -8.623338303203583e-2, 1.0418694190914646, -0.732868940850187, -0.34013667129632424, 0.4252653048085012, 0.971443733113632, 0.7988373463122279, 0.5049758986816651, 0.20283643271604554, 1.0147868821868125, -0.48670600975269385, 1.1319939817082125, 0.7587595042613504, 1.028484544268741, 0.7473024455699198, -0.6689675252759103, -1.1725411532130254, 0.6235451906226349, 0.31028682103544286, 0.4702191225886458, -9.137816049257669e-2, -0.41253376880800635, -1.7022682607893111, 1.273292265480129, 7.037353295904901e-2, 1.2525631345698103, -0.10435734134148332, -0.108394274006716, 3.1003265291376043e-2, -2.1426836518159766, -1.374713002181131, 0.8450298053048955, 1.337436596628046, -0.2981266597163806, 1.5418547611106852, -0.23312923807558172, -0.21103268901592137, -8.111664209630785e-2, 1.1384389642845758)
