seed <- 705
log.wt <- 0.0
penalty <- 2.8115950178536287e-8
intervals.send <- c()
intervals.recv <- c(56, 112, 225, 450, 900, 1800, 3600, 7200, 14400, 28800, 57600, 115200, 230400, 460800, 921600, 1843200, 3686400, 7372800, 14745600, 29491200, 58982400)
dev.null <- 358759.0022669336
df.null <- 35567
dev.resid <- 225368.85226540736
df.resid <- 35402
df <- 165
coefs <- c(6.73594346647096, 6.148400313623306, 5.621647718797129, 5.4726602726459, 4.9402936558932495, 4.871335541927469, 4.8563154440320355, 4.687368032140728, 4.342425812471088, 4.269149459093036, 4.294234760132971, 4.161066414963853, 3.9887080997105167, 3.95891449529688, 3.7804833384626013, 3.558583746924724, 3.262613059110226, 2.9137835813681447, 2.4836666871737947, 2.033228415895842, 1.5374478054168499, 0.9174415780284993, 1.0812729013102325, 8.927782631836187e-2, 0.42477042749520405, -1.153419416356265, 6.583738992801888e-2, 0.9827089156520602, 1.0762079078811049, -0.999135262674144, -2.2127395305785718, -2.5678692574704534, -0.6433279709673788, 0.8349282130289256, 1.3124636414791984, -0.866767348481367, -0.5314132530838218, -1.0914725690918152, 0.10124942835676609, -0.7544440374798961, 0.8986708936877679, 1.0902112317304808, -0.7316029029850072, -1.7411775164814536, -1.2570201606143567, -1.0077728457336237, -0.9522789625756969, -0.1413197205623681, 0.29676374664625227, -0.4940711717989953, -0.5272599940873456, 1.1273904161797192, -2.634983313782297, 1.868489814871149, 0.6950887241717861, 1.196845583583343, -1.828259756646778, -0.10409778109578381, -0.5916382089812744, 1.522360692719155, 1.2419532735459105, 0.5355946532375957, -1.5305683170789577, -0.6415087996738384, -0.6137710483986558, -0.1292628672331815, 0.5338362576112965, -0.6855120477054006, -1.1045977386121844, -0.5820757467482212, -1.9717697250442248, -0.4509454416733704, 0.6871608645799522, 1.047755797523609, 0.6187552149453778, -0.7361776482059619, -1.6992833202848072, -1.416020655197567, 3.9616994068654286e-2, 0.8358407986106082, 1.1575731490992094, -4.689061548775355e-2, 0.1871118791957304, -1.7723319578386825, -9.50030802909635e-2, 0.3354732904285538, 1.2024319367650027, 0.4815507938004337, 0.916611777864705, -2.1282463934732743, 0.5390904327214632, 0.714788939491658, 0.7916612033185451, 0.35304092315512, -0.1036606809603719, 1.2041259130663857, -0.60104944562537, 0.6089799370015998, 2.9872910328191445e-2, -1.2153093083620115, 0.5210932403347124, -0.9517841364492462, 0.8145077036194214, -0.1586098909980707, 0.8114110861532212, 0.9006110512468221, 1.16213194486096, -0.3298650771016036, -0.1307615083661461, -0.9669182202728506, 0.4777612479282245, 0.6641419122399554, 1.5982412527081369, -0.6288972229196403, -0.2351864770354201, -1.4752394492309844, 0.8179080559489497, -0.22354291017212316, 0.5678561606608868, 0.6218408891914132, -0.6020186401003746, -0.5612697123991455, -1.487002162079725, -0.33706368425259886, 0.437787643286915, 0.94028011496751, -1.681588053338334e-2, 1.2030341802791638, -0.47624569510411485, -0.34629169640773716, 0.3996698803517536, 0.8267777036079768, 0.8216080237104572, 0.3922370373522377, 3.0229652496174136e-2, 1.1626953763653687, -0.3860689342434078, 1.127834932730444, 0.6308511418700925, 1.161356525244289, 0.6989383520739343, -0.5687987439822558, -1.025689425963969, 0.7315013701987539, 0.2960610406214994, 0.48405411913055174, -0.19636598002593236, -0.3977383169427628, -1.7034628497296753, 1.337285912944854, 0.11373748853300715, 1.32815816769704, -0.18873513387201069, -0.1265514258322054, -6.546940433322755e-2, -1.434654849444676, -1.8080714491326297, 0.8630562552448579, 1.2150586725241852, -0.33624561932044916, 1.5889567506753035, -0.11075546929753687, -0.17038395146331597, 0.18838396698026263, 1.2206946092229545)
