seed <- 1079
log.wt <- 0.0
penalty <- 2.8115950178536287e-8
intervals.send <- c()
intervals.recv <- c(56, 112, 225, 450, 900, 1800, 3600, 7200, 14400, 28800, 57600, 115200, 230400, 460800, 921600, 1843200, 3686400, 7372800, 14745600, 29491200, 58982400)
dev.null <- 358759.0022669336
df.null <- 35567
dev.resid <- 227497.90517037277
df.resid <- 35402
df <- 165
coefs <- c(6.821228370840198, 5.958046474609109, 5.686122132811881, 5.320547450996613, 4.950140906459838, 4.747965707849944, 4.6962291524086055, 4.670130317402684, 4.403362165013418, 4.218882251348333, 4.261277351270856, 4.125672367229933, 3.9686662102844563, 3.918790848297244, 3.761309792723354, 3.4710754918419866, 3.2447864559293107, 2.913614105504278, 2.5109077782819216, 2.101125088438957, 1.6798945514502488, 0.8940522928982234, 0.963899863064436, 0.3578112631163005, 0.43332406282532093, -1.0430070779312146, -0.21230287274948612, 0.9328151526392463, 1.045653601201932, -0.6121695481106625, -2.4170346704524017, -2.707518164497885, -0.35842393093563035, 0.7445727992463452, 1.146477111197162, -0.8600399733189799, -0.7423178606201836, -0.7368073869749666, -1.6196283173823652e-2, -0.9928054859765085, 0.8968832592833593, 1.1806456877753828, -0.7073557383531505, -2.101960543858113, -0.7171239749712933, -0.6842447937305888, -0.48533406684502417, 1.597422480805635e-2, 0.7553955837547859, -0.6265918505051564, -0.6066984473054118, 0.9317602010686444, -2.4849195445147885, 1.675757114821698, 0.837800145942516, 1.1296014435761965, -1.921826672362978, -9.521852119963198e-2, -0.1189026461751002, 1.2105323285158496, 1.0990748622083975, 0.7096541879378477, -1.4449919645345601, -0.8542678604903438, -0.7297268325799476, -1.3998447225506574e-2, 0.7095901923276744, -0.48137415680048934, -1.4957931343643487, -0.5990156700474251, -1.5627010194912925, -0.5655724196918515, 0.57964713431281, 0.8661492683314107, 0.7654923186360918, -0.908621319588789, -1.4572191573176196, -2.1206913080835657, -4.723619830522008e-2, 0.7094870416001128, 1.1655657687711527, 0.2416595306474526, 0.12600567725439846, -1.1482308223704027, -0.8572567698443198, 0.39369240039526093, 1.1722887330673668, 0.49946822673845087, 0.872031332498676, -2.414029291219095, 0.4098403325169277, 0.8406988501373174, 0.7327468661496883, 0.3594544069833272, -0.2817502556173404, 1.2267867154405523, -0.8414892044160944, 9.478802403261771e-2, 7.280469126022157e-2, 0.22414133135103018, 0.5349946761827158, -0.12006841271829392, 0.7495597599516757, 0.35109475985388716, 0.9078559095651902, 0.8622464365974458, 1.0438140532642526, -0.47104836631459, -0.7560845468756989, -0.7956652531237615, 0.33777949903122223, 0.6656849632425801, 1.5842365398865994, -0.4783344518007236, -0.13289183129924778, -1.1016703820740854, 0.699351907593736, -0.28603550907808906, 0.4631677052118219, 0.5053730795545385, -0.2569472351527956, -0.44334593778397474, -0.8525892730594675, -0.6089724542115825, 0.3731155319379842, 1.007007143829415, 2.481737174322393e-3, 1.0332208946085049, -0.580175681879931, -0.4572370349059784, 0.22706501029971674, 0.878110763160936, 0.94411314107102, 0.30751974440563007, -0.13868067534748055, 1.1519421296845924, -0.3233069770899184, 1.093641432640793, 0.635822765436889, 0.9655948959337586, 0.684812605894446, -0.767993363989776, -1.1915836323532714, 0.7069420708728106, 0.5640769200651313, 0.45099885504518206, -0.21380249416911737, -0.672509561777106, -1.8104789380063997, 1.2468978697471922, 9.32973447301701e-2, 1.2369227671374976, -0.22879660911523797, -0.21224057342142505, -0.3301577998097325, -1.8566388637732267, -0.9215360873283863, 0.8226150261711003, 1.1368967683443438, -0.3686353226802066, 1.4987365085174749, -0.4446577896567227, -0.1338738396701259, 0.12590259438327903, 1.111806945655127)
