seed <- 738
log.wt <- -15.724637571435183
penalty <- 2.8115950178536287e-8
intervals.send <- c()
intervals.recv <- c(56, 112, 225, 450, 900, 1800, 3600, 7200, 14400, 28800, 57600, 115200, 230400, 460800, 921600, 1843200, 3686400, 7372800, 14745600, 29491200, 58982400)
dev.null <- 358759.0022669336
df.null <- 35567
dev.resid <- 226865.05445363963
df.resid <- 35402
df <- 165
coefs <- c(6.322109438614906, 5.687491804894182, 5.715572426275609, 5.325578161591058, 5.064802264001629, 4.835824809920274, 4.797080447105716, 4.627255717827028, 4.327795621241941, 4.27004072699278, 4.262144963972843, 4.145725018326622, 3.971445879668051, 3.9319789982635296, 3.7626996812413993, 3.5218497676025864, 3.242906787758802, 2.928239606535714, 2.467460221087541, 2.061925628517787, 1.632374232250726, 0.8869964516081739, 1.10182525219107, 0.2318284501228484, 0.8883653242845024, -0.9309138278449829, -9.241874734771797e-2, 1.1834783837431286, 1.1114890613322967, -0.8649535297771901, -2.0130623950733058, -2.063458362825468, -0.19377132639482939, 0.7664717954256537, 1.3809363660816483, -1.475771546458106, -0.8472845113581304, -0.9880173561914068, -0.1715447546691447, -1.5166339404033993, 0.9496540066833439, 1.0606202532389006, -0.8554295730410403, -2.0540951354832133, -0.6336736685753152, -0.7109502355184141, -0.4871953043278803, -7.350390991775523e-2, 0.49296164359560446, -0.5604893415356864, 0.13215045132842348, 0.8820962251552034, -2.0827103791813326, 1.7354471284268942, 0.6938068867557168, 1.0625747872381814, -2.2228729482041527, -0.25587475218050054, -0.9130555200803079, 1.6217351922145427, 1.2479048242753041, 0.6515600678422824, -1.8402165390395773, -1.2674139150855968, -1.1336606101651876, 0.11449904790979006, 0.6719068632631553, -0.20843769232526707, -1.190616229593605, -0.6772737953029758, -1.7008547409086796, -0.16766637756212083, 0.4995651544537353, 0.9606027188685589, 0.6567140904581106, -1.0574963508561153, -1.5971187429653548, -1.2491363792053238, -0.1756229342233762, 0.8971168050997219, 1.1702033848155218, 0.1094473723802677, 0.2535571150967588, -1.4837633167821511, -0.49485428134616694, 0.28478613212886095, 1.212676035891063, 0.453055347266352, 0.9463928263365484, -2.7084866117942745, 0.45437112201284563, 0.762333009704386, 0.7528428236758671, 0.4123978650709866, -0.20747205872249752, 1.3494574363955512, -0.9373738119161978, 0.64478432074571, -0.26428507528730627, 7.079022854226484e-2, 0.46358507607145233, -0.7648672510075486, 0.8587099755854315, -0.44688876050292886, 0.7067054914523321, 0.8073110264871727, 1.1296130907808133, -0.3575955034975378, -0.5550369594238671, -1.3213814791347316, 0.4230022310019972, 0.6926121077191177, 1.6372362494246198, -0.43580590003469666, -0.29216289882050145, -1.6313704712223474, 0.6775865860789922, -0.20353358401789245, 0.5970448652133599, 0.4657575794375871, -7.992132632801967e-2, -0.4181711140141293, -0.9465236837642745, -0.374184536587406, 0.35794877885700255, 0.9054759318433923, -0.15708708421714992, 1.1349715871346326, -0.7072015653802907, -0.46332803490630664, 0.41293430343939325, 0.8701298047310345, 0.8232777396425331, 0.44339465231651515, 6.928783236283348e-2, 1.2349514609701258, -0.2744269746554723, 1.085268515295194, 0.7307177410415071, 1.0773813335134321, 0.8400950822448164, -0.6460493334108268, -1.257014591439413, 0.5599425364285388, 0.47292075579005305, 0.4827184233289276, -0.3536871571183198, -0.2538191521604178, -1.9623299398286436, 1.2507968395805047, 0.1761607518999739, 1.3767013953099074, -0.3240420351441709, -2.5614775635615847e-2, -0.3103187773242409, -1.5405503451124205, -1.5105245516693395, 0.7511268034900767, 1.174845316183835, -4.743585830325304e-2, 1.583940648090658, -0.12885804447568497, -9.23084551832665e-2, 9.317150435895806e-2, 1.124744405024772)
