seed <- 820
log.wt <- -14.435789299544343
penalty <- 2.8115950178536287e-8
intervals.send <- c()
intervals.recv <- c(56, 112, 225, 450, 900, 1800, 3600, 7200, 14400, 28800, 57600, 115200, 230400, 460800, 921600, 1843200, 3686400, 7372800, 14745600, 29491200, 58982400)
dev.null <- 358759.0022669336
df.null <- 35567
dev.resid <- 225235.18302158074
df.resid <- 35402
df <- 165
coefs <- c(6.421119932176547, 5.886809498499136, 5.760046250169744, 5.302390988639854, 5.02811834245453, 4.913935521747993, 4.779231634547223, 4.695259035287484, 4.385716595616845, 4.2806746832397655, 4.342847577928393, 4.17200789774139, 4.057895442954704, 3.9681245801596416, 3.757944164874993, 3.5548377040490156, 3.285420446517017, 2.977469668452786, 2.5310304159345254, 2.0803020716194456, 1.598170606668548, 0.9303587576282089, 1.0342594183295741, 0.6038637784291897, 0.603533001417468, -0.8147978171852507, -0.2752813177407976, 1.1323305410581785, 1.051167546557889, -1.1987845755467266, -2.3621464634121474, -2.3561823761231144, -0.626205934978261, 0.7574869159852038, 1.269702643840781, -1.0496603655318946, -0.6346339064557961, -0.8263394871162372, -0.16716272058367332, -1.1821825978672567, 0.9368444776683118, 0.9666508549204788, -0.7191186013742418, -1.1001184386261955, -1.1212164135658036, -0.6820142977065916, -0.8599059398551974, -3.4793860728257894e-2, 0.3439181002591466, -1.0712812283599726, 0.3869977642059949, 0.9002781941606944, -2.4545225296987003, 1.6940592664181864, 0.8057591783004838, 0.9062862539857639, -1.8304313448989948, -0.28015204493694973, -0.23127641383590572, 1.1239335879104175, 1.3197091203762534, 0.7799820433048952, -1.697490622276915, -1.0024655604661392, -0.6537377775757558, 0.2705519711787784, 0.5226116469733901, -0.34829541219523774, -0.7636056443447183, -0.7401751618815302, -1.906439415748031, -0.6466382687806252, 0.2472500244679863, 0.9704356535525731, 0.7835515878657245, -1.038490918199307, -1.0283625174627784, -0.9888987311199711, 4.607641067676543e-2, 0.6219238169107725, 1.0988703795866523, 0.19067614644439176, 0.23266647316900374, -1.330361809558679, 0.296733081666267, 0.4033556423639738, 1.2143079533238255, 0.22559908866326872, 0.7718029708991797, -2.4198470138853696, 0.3114887328744066, 0.7910496551134227, 0.7421057044763811, 0.3518235872138144, 7.793676155515643e-2, 1.1726869255505548, -0.13504139837790408, 0.2297435091936067, -0.12116235055470066, -0.207458053918872, 0.4269207820157334, -0.5250672188335302, 0.7774571957929223, 9.280047541088468e-2, 0.7543844068417557, 0.8511439561139146, 1.0117561599259297, -0.10747929901293221, -0.7846494205611889, -0.6912629011555204, 0.42003347892883386, 0.7941225575599041, 1.5619863707775195, -0.6897868492440938, -0.1461024637745453, -1.343239825064162, 0.7690317046548327, -0.30142423472674085, 0.4205192780958798, 0.5058465571967978, -1.0077047349775468, -0.5730534167453611, -1.5647819009147221, -0.31590041264381014, 0.24477494857884943, 0.7292340797048209, 2.3804967071689123e-2, 0.8573459028712472, -0.790792782746167, -0.397942040525171, 0.22572587798050872, 0.9088577681591015, 0.6916158590764222, 0.4392943746810722, -2.729467784870226e-2, 1.064790434933572, -0.388162030603554, 1.0050006350950709, 0.7492842818177547, 0.8617009270330988, 0.7658175027706763, -0.611755558505275, -1.1758745464474378, 0.6626041094406899, 0.28936455630919933, 0.44129667246491366, -0.23772719890228425, -7.619736931326476e-2, -1.9749712852616494, 1.2867709068294686, 0.19750799668310173, 1.1450551865149663, -0.14737623437977812, -6.802602510346531e-2, -9.907029701031819e-2, -1.8088591230743611, -1.2300942832003026, 0.712626955001349, 1.2860100044973417, -0.2944259039669831, 1.5062590441052406, -0.12988332551723086, -0.2066228816295673, -0.1283261658313955, 1.1494186565834807)
