seed <- 155
log.wt <- -15.044662981536902
penalty <- 2.8115950178536287e-8
intervals.send <- c()
intervals.recv <- c(56, 112, 225, 450, 900, 1800, 3600, 7200, 14400, 28800, 57600, 115200, 230400, 460800, 921600, 1843200, 3686400, 7372800, 14745600, 29491200, 58982400)
dev.null <- 358759.0022669336
df.null <- 35567
dev.resid <- 225656.98289623478
df.resid <- 35402
df <- 165
coefs <- c(6.500095517928613, 5.942631096659432, 5.910154115275026, 5.301845189035265, 5.129179815825994, 4.889563057626512, 4.815096961758521, 4.683490187589568, 4.354258103471885, 4.338314002739103, 4.318915623097029, 4.178905809947904, 4.059629139146177, 3.965241232556212, 3.7626742603655807, 3.5535259890065527, 3.2419059667076544, 2.955101158108421, 2.4678581365998697, 2.088134804171232, 1.5862711516172874, 0.8602061657009781, 1.0003884310716915, 0.6525053892470899, 0.5419003364976989, -1.1629453966193133, -0.21484652748769437, 0.9646658300953598, 1.156850321651804, -1.0396858745378856, -2.3959762910337012, -2.4824463016209206, -0.264924980380228, 0.7701745326099279, 1.2240999990475754, -1.666653661585063, -0.20631855501585167, -1.7977431676523952, -0.11526337352703576, -0.9127131779702647, 1.0773657601501228, 0.6941438754538145, -0.9190938534991335, -2.1112286984194886, -0.9381434041580314, -0.7604256566058225, -0.36989701885231485, 0.11157331117179226, 0.25482868558885374, -0.7735275961241164, -0.35185038142298, 0.9391239056479891, -3.2951468576110043, 1.5500048137031566, 0.7838780875627664, 1.003695471505399, -2.771545378636701, -0.11000896638044619, -0.22925062420975403, 1.3863541186111346, 1.0115809563862517, 0.9346682591301149, -2.2098377650378387, -0.9586363821044365, -0.8763571651509711, 7.036750786640905e-2, 0.701688704253659, -0.344355651256317, -0.9485213099991641, -0.6873389724701475, -1.8722131972658744, 0.18004921562177464, 0.30018689623525974, 0.9970049242042139, 0.713335534135752, -0.9060298226675986, -1.097488745864508, -0.8568292386625372, 4.9857762126948604e-2, 0.6685049727837724, 1.2197733006661082, 0.12050225501881444, 0.14951180436465722, -2.4481309277798182, -0.8347891029218636, 0.2945859431117029, 1.2483964020083327, 0.3918820402076722, 1.0049697489604883, -2.233325763300207, 0.4348529207158509, 0.6747462521674439, 0.8751241926434916, 0.2920150233171212, -0.23938135355278137, 1.50426145686093, 0.18609040456455928, 0.6178720588617547, 0.17585553670861598, 3.266107391371654e-2, 0.3703109183902499, -0.3603626716073269, 0.9027219570831978, 0.2849485120724862, 0.8470202635039836, 0.8382262404110055, 1.1745818635588117, -0.13348116156002474, -0.5843576465486651, -0.8698683285420896, 0.48234857773475365, 0.5839713754091845, 1.7231909411391924, -0.5343178301629595, -0.27403286998967524, -0.875395464176033, 0.8206165019663931, -0.2824639382738491, 0.4917616453202468, 0.6972169016437721, -0.2852810339045085, -0.1844922937878617, -0.9373697144501835, -0.560330477179063, 0.49748953896907916, 0.7857696726677952, -6.19713940028462e-2, 0.9723346498347348, -0.6764075110273017, -0.4033515122021799, 0.2893241797203154, 1.103189132985604, 0.842155056638197, 0.5004770152427098, 9.428486137742013e-2, 1.0816842201528116, -0.20396627868156325, 0.9901903007906483, 0.6894120102414159, 1.0021640101075449, 0.7433453809277533, -0.5819707066769758, -1.215592785258109, 0.7545561337462596, 0.16898416145216485, 0.5248742747626216, -0.12466980911977281, -0.2637240405167342, -2.012345092804027, 1.1987363098524262, 0.1988419447004269, 1.175794237581259, -8.770671604818617e-2, -5.556446444879083e-2, -0.4033329439444303, -2.141439908963485, -1.3949801589720883, 0.9190943074127104, 1.2396166590805178, -0.39255454498862413, 1.6551269108513966, -0.2646911020635661, -0.11017897815894913, 3.1238009420217292e-2, 1.1813696605418083)
