seed <- 733
log.wt <- 0.0
penalty <- 2.8115950178536287e-8
intervals.send <- c()
intervals.recv <- c(56, 112, 225, 450, 900, 1800, 3600, 7200, 14400, 28800, 57600, 115200, 230400, 460800, 921600, 1843200, 3686400, 7372800, 14745600, 29491200, 58982400)
dev.null <- 358759.0022669336
df.null <- 35567
dev.resid <- 227148.10822628744
df.resid <- 35402
df <- 165
coefs <- c(6.868723413397946, 5.65854129807248, 5.829356911157964, 5.384071028822035, 5.057055670838884, 4.874810980278946, 4.718868258275752, 4.637889648845941, 4.351572145958919, 4.286195814441826, 4.266478195505542, 4.131249292108778, 3.9687076541122646, 3.915992600717569, 3.716744646665338, 3.5097804787866274, 3.224643923832555, 2.8750179040562354, 2.4613785875065357, 2.0179271389058937, 1.5587787632540793, 0.8785956708617142, 1.1030662742934254, 0.1793208612686621, 0.4467843463238112, -0.8654273861799933, -0.22946622810021466, 0.765188708365929, 1.1067132779453412, -0.7998324193723558, -2.527365094151405, -1.856859886964472, -0.45071601906697495, 0.7428850208951109, 1.4969845562615018, -1.1690988647866798, -1.0118726017621178, -1.1250687035486509, -0.3077410604367672, -0.8825470635248519, 1.0557504818132306, 1.1048915110656543, -0.8540849900257304, -1.9412613057020356, -0.9361275127313101, -0.8619694708979466, -1.1569821835426122, 0.3328754562568934, 0.3163468194126562, -0.8521109983693061, -0.21729265643030415, 0.9240961877265456, -2.533085374889738, 1.7322732460359986, 0.7129358879465744, 1.0911054369526214, -1.5464070456627026, 2.2341530669731036e-2, -0.9977410007204289, 1.2565947634858454, 1.217515236704783, 0.611078075892631, -1.319860413155022, -1.1704533308216833, -0.5450476390331196, 0.1590106917782676, 0.7216218563122923, -0.5744897490413108, -1.0562219573012896, -0.5841345340501445, -1.828436447766713, -0.7286455272994894, 0.7992664330451675, 1.006514460577639, 0.724525081752016, -0.8054437386230399, -1.0274506242006003, -1.7600492977871618, 7.031300104333231e-2, 0.6860613111950419, 1.024828555224772, 8.166621193110249e-2, 0.4480063347221313, -1.8773738869065373, -0.6952482528874756, 0.3060139003783436, 1.266422503456092, 0.7560051155383946, 0.9589487078602293, -2.683964791793669, 0.5236573894926764, 0.8518160973064416, 0.7111514663447628, 0.38219212050573176, 0.14885488018115695, 1.3710807390776745, 0.16096667275096718, 0.46395580592327174, -9.028588177374375e-2, -0.23980960189636633, 0.13723676734307916, -5.845053805427356e-2, 0.8804977089563537, 4.920786646475625e-2, 0.5793182089794997, 0.8063297736563835, 1.2082831804098502, 0.6426926473956263, -1.1709596133346647, -1.058742291212534, 0.5805197969604651, 0.6681035140124338, 1.5539081845373484, -0.5505562392280495, -0.231447070153218, -1.2210571209068004, 0.7704294041862486, -0.31419614916694266, 0.5038520307276139, 0.7373188347484546, -0.4824547039780897, -0.10718798081967566, -1.770866371086227, -0.3851621978830287, 0.24126559959310268, 0.7381711693141627, -4.61363594516389e-2, 0.9774774222109964, -0.708628734058444, -0.4383511191054515, 0.35124668246862006, 0.8635309994730559, 0.8639359423620625, 0.35655245166029204, 0.1953806856438189, 0.9709697892830198, -0.37290900240078967, 1.030631432145739, 0.7551198453688307, 0.9133144799543088, 0.7450465581101311, -0.7390676837084246, -1.2628449640698296, 0.6036720431013738, 0.2744148163484786, 0.5080459038308773, -0.11343820522932603, -0.33286972706562573, -2.1147524002956484, 1.2971970323796307, 0.21306501353215945, 1.1666215043744057, -0.2460726407170631, 2.37086284089704e-2, -1.4289342964686244e-2, -2.211968065814912, -0.7186950949856037, 0.7563767618671771, 1.2821027483991712, -0.26807765511171117, 1.5394220217275079, -0.20932179648398258, -0.21817718887019397, -0.14193605584395402, 1.1133997166923593)
