seed <- 398
log.wt <- -15.141926681569366
penalty <- 2.8115950178536287e-8
intervals.send <- c()
intervals.recv <- c(56, 112, 225, 450, 900, 1800, 3600, 7200, 14400, 28800, 57600, 115200, 230400, 460800, 921600, 1843200, 3686400, 7372800, 14745600, 29491200, 58982400)
dev.null <- 358759.0022669336
df.null <- 35567
dev.resid <- 227304.1999140331
df.resid <- 35402
df <- 165
coefs <- c(6.65591071770843, 5.814483761556872, 5.686449414364811, 5.269199202920721, 5.098222382675883, 4.9408999431717575, 4.674764133245564, 4.653679201784491, 4.302129042239404, 4.239636663324353, 4.283536056595797, 4.176496477117542, 3.9503833853986796, 3.9093563800010087, 3.7365524187313968, 3.5227451578903604, 3.256502982074349, 2.9224456341910283, 2.482250634245973, 2.028736925353684, 1.507904598364219, 0.9277296912571231, 1.0981566164538321, 0.28284270652587323, 1.0004653697994743, -1.404270771665759, -0.5649473437911869, 1.1128284330010167, 0.9635213662076798, -1.1062597121397788, -2.162337863255472, -2.372772929846333, -0.2845334382346122, 0.7376317456956967, 1.5323281074993778, -0.6939511572344195, 0.3589581414194033, -0.7783325539681265, 0.11735423338052954, -0.5464928420099724, 0.8440737308080395, 0.7300502064156754, -1.103873299485396, -1.9310809575687815, -0.5020124301167405, -0.8476357045936942, -0.8008699377078232, 0.2888145632823179, 7.590939194002286e-2, -0.8141233550610443, 1.7882565690410506e-3, 1.0461998631121825, -2.1369842753831607, 1.676709844473163, 0.8127315568917919, 1.0583124832661412, -1.912225099523238, -0.17594267892102275, -0.4433640704551266, 1.3439554077542035, 0.999344015821209, 0.8697374807700589, -1.7122149315305057, -1.441320673159773, -0.3120951171515325, 0.17855339361828382, 0.6740147145574006, -0.524484650598172, -1.0854358122523935, -0.5932887252306207, -2.687499489297739, -0.12377709739872667, 0.4307801496744782, 0.867823808745825, 0.763197945299372, -0.7424057427988986, -1.5105958632428131, -1.5115930191323084, -6.250067620621785e-2, 0.6033752083288068, 1.1217381874493726, 0.11879623143842499, 4.661393400665067e-2, -1.6644930144907082, -0.2823238767347513, 0.4755138998938364, 1.2271848593758885, 0.5856860001562751, 0.790471438073182, -1.805622288489968, 0.4695489260512376, 0.6592122892278839, 0.7234694024827928, 0.3326441684654119, 0.18442999457004025, 1.1914094259725732, -0.8509249599053375, 0.12180537772945968, -0.2754734570075645, -0.5836887642136328, 0.3713802923588705, -0.47059229882086534, 0.6997256239860087, 0.4912165308855207, 0.6220413343891738, 0.8555136615959079, 1.1444431476698926, -0.5937546276954597, -1.3365075342660298, -0.9404856102630323, 0.4585236268640011, 0.6847967050281497, 1.5094670926641924, -0.3424409277539855, -0.11563510141598571, -0.9725768907463518, 0.6593610049194829, -0.17627053328581996, 0.5434319468079861, 0.3308948327355525, -0.2048405172922076, -0.31641582860634065, -1.1282977272285695, -0.385764847133677, 0.3037460657418807, 0.7503800506938135, 1.2085403222702103e-2, 0.9339904729810736, -0.8949357071624199, -0.4179547054389023, 0.3452393359931574, 0.7844112786612916, 0.8428496485501671, 0.5950373165501545, 0.11132558265798961, 1.0709343689804618, -0.4694789805550099, 0.9307016468850605, 0.699559474602519, 0.8899740556670911, 0.7225168653725741, -0.6758877552025078, -1.0032229531784433, 0.38600114610547265, 0.2776938334147758, 0.49820161424435716, -0.20880231860739543, -0.47699277588320566, -1.8316799118362803, 1.1798590190331466, 0.1453016871377879, 1.1616622068003166, -0.2465908191687642, -8.533539578008534e-2, 4.031336763816481e-2, -1.53235346421798, -1.3114036624212209, 0.8255086216306237, 1.2103612740183962, -0.3237797250788985, 1.478174162314919, -0.2097459147823877, -6.862044608632235e-2, 3.1721816027296887e-3, 1.076606511844668)
