seed <- 713
log.wt <- 0.0
penalty <- 2.8115950178536287e-8
intervals.send <- c()
intervals.recv <- c(56, 112, 225, 450, 900, 1800, 3600, 7200, 14400, 28800, 57600, 115200, 230400, 460800, 921600, 1843200, 3686400, 7372800, 14745600, 29491200, 58982400)
dev.null <- 358759.0022669336
df.null <- 35567
dev.resid <- 226088.56820707963
df.resid <- 35402
df <- 165
coefs <- c(7.044454207403064, 5.739572796742993, 5.612700104973264, 5.301586224268148, 5.14499070055634, 4.801123303209376, 4.846377677927618, 4.650798753753953, 4.404369892156047, 4.2488774346366895, 4.30222481842318, 4.15449748083337, 3.9738359846436104, 3.9458899792845323, 3.723402846336554, 3.5231655955022396, 3.2680747764608573, 2.9238678737038315, 2.485135321772043, 2.050442144895842, 1.6209868581749227, 0.8667175876776657, 1.1301716889446487, 0.14886721540349354, 0.7888548990386202, -1.2194131594530384, -0.2426822176643091, 0.852931170875216, 1.09371964218251, -1.3037928440979996, -2.4614092593886565, -3.055910089922674, -0.2715869125745213, 0.7977014968379275, 1.4372332671734658, -0.7051436254304563, -0.9655558886283372, -1.1008016883797211, -8.766988979070961e-2, -0.8732017734283574, 0.9453413678811454, 0.8030971064001227, -0.5615427518623078, -2.1940641546115818, -0.7154612223537448, -0.8977177682778429, -0.756342471811198, -7.308895556896028e-2, 0.15048584839737042, -0.5798723015899848, -4.5476713475473204e-2, 0.9501431881473891, -3.0537699709956825, 1.7960198159082426, 0.8372568971570743, 1.120904676325068, -1.767416724848066, 6.697356851350383e-2, -0.6133003760026827, 1.377598758391626, 1.6119171331836208, 0.6860996400424025, -2.0232565764101147, -0.9590505039317532, -0.4144539176928932, 0.2089802425434124, 0.5457361261103334, -0.3551164706521368, -1.1867124170959031, -0.782009092545211, -1.803046549648889, -0.2578555837275378, 0.7440587208484528, 0.9842484813505274, 0.8153179597406011, -0.5430970664460292, -1.0972179976806549, -1.185563744137769, 2.307027813442146e-2, 0.7442546351280412, 1.0747387968939304, 0.20300262708525, 0.3902558817010644, -1.918494424683598, -1.0812607645042265, 0.35706546913278564, 1.2612284328647103, 0.4617597518957422, 0.8673816830883392, -2.435573295707222, 0.3831706526690559, 0.8080240983398215, 0.7700130138496689, 0.3404405417031508, -0.785663502953104, 1.1329122863288124, -0.8554725181308966, 0.27803234650372166, -0.4577947396932236, -0.1273139268779784, 0.38564521669982516, -3.625759508090098e-2, 0.9321848967634256, 0.3122177618468973, 0.6747470943389638, 0.8154059263698467, 1.2428428706663157, -0.525078566617059, -0.640026764743029, -0.8315694949259004, 0.4755926265770908, 0.5323243205386649, 1.6191385996361927, -1.1423011154401332, -0.3837670905542853, -0.754780039201117, 0.7952890046197187, -0.19967288070278155, 0.528197331016919, 0.6468983869427524, 3.9056187127007626e-2, -0.4665881605657329, -0.8939308381779367, -0.6547084229113768, 0.4235350514749105, 0.8973266277947927, -8.102989371531057e-2, 0.9854314639259544, -0.8235766900601842, -0.5243248214715409, 0.32750553018955164, 0.8694138425697218, 1.2542548588082707, 0.49162497202405453, 6.785310885111541e-2, 1.0626866424914858, -0.421249216286269, 1.1114709105816027, 0.7386694933217071, 1.0174829423993403, 0.6859197129387512, -0.6524584303050482, -1.1689610713355931, 0.6176594032028934, 0.6769629462461677, 0.6026305974784091, -8.576233369862951e-2, -0.6262016652708973, -1.9132393879350513, 1.369078600823136, 0.15395011636175338, 1.2748886581034884, -0.3802674757727226, -3.4058754884698464e-2, 7.110740205953472e-2, -1.3136887368117123, -1.723274657643061, 0.7985432983824544, 1.216581180876933, -7.62717150821166e-2, 1.5651689296273383, -8.24847095873853e-2, -0.12628946499717836, 9.666651831883832e-2, 1.1443138200640706)
