seed <- 667
log.wt <- 0.0
penalty <- 2.8115950178536287e-8
intervals.send <- c()
intervals.recv <- c(56, 112, 225, 450, 900, 1800, 3600, 7200, 14400, 28800, 57600, 115200, 230400, 460800, 921600, 1843200, 3686400, 7372800, 14745600, 29491200, 58982400)
dev.null <- 358759.0022669336
df.null <- 35567
dev.resid <- 225921.50218480662
df.resid <- 35402
df <- 165
coefs <- c(6.175903748429782, 6.1224946669992395, 5.643394221353714, 5.3069925801503715, 5.051788779820772, 4.933892999154659, 4.8035269465420605, 4.696649794160988, 4.367548738603884, 4.242431696348865, 4.279308554642376, 4.1756186642637125, 3.99814262022278, 3.965365593226569, 3.7556587603630573, 3.5374040850408353, 3.237682435624147, 2.96722114291283, 2.4957322436755423, 2.1228163533691955, 1.482950866992818, 0.8836683501456605, 0.935990073571632, 0.38838176038200994, 0.2495030390098656, -1.0772713176766462, -0.3546654757375488, 1.0073024288536032, 1.1531396679012411, -1.791426513764594, -2.529711425298611, -1.5367804646650378, -0.15900265565157473, 0.7812345565062787, 1.3088480880867648, -1.1064545129717407, -0.2984969388248103, -1.12912018168841, 0.24194722199350743, -0.9766043749634038, 0.9603234213536046, 0.7832126462589433, -0.7432055250723398, -2.0005581798231096, -0.7615523463458546, -0.7661560070281089, -0.7089662576434459, 0.2819008885332541, 0.5564619628594967, -0.31318314181210566, -1.0059169803183607, 1.142744625326659, -2.433104589350501, 1.5941188974729252, 0.7947782934625791, 0.963317416256787, -1.5405856761162995, -0.14995562965213496, -0.36208973211012585, 1.2103292811034951, 1.5220138414533906, 0.7920969361437612, -1.7519712822683182, -1.4743392123377315, -0.8017009047290858, 0.25380216889975044, 0.676895311822605, -0.43990012557232894, -1.3517721015648592, -0.7849053402969729, -2.0593276184474445, -0.5360002000405866, 0.6772702043124553, 0.9635802918929621, 0.7881793547491757, -0.5846174445944969, -1.109660229216222, -1.2360465493812838, -2.318737937713162e-2, 0.6389423600763088, 0.9786311094927637, 0.1864560957802397, 8.262911265248597e-2, -2.0378769759283744, -1.113411959065639, 0.46540810726639853, 1.2938317122704666, 0.46344066852044113, 0.9094551142539534, -2.122853712285937, 0.35839687990903246, 0.5645639881606556, 0.6763950388540239, 0.3803780216517248, 0.2668250973738831, 1.3049703310374274, -0.863435314160119, 0.3531262046922529, -6.625865856963214e-4, -1.6524646585096663e-2, 0.4158023727162128, -1.3770941490889555e-2, 0.8453325397073881, 0.27729996865177203, 0.6182423691839637, 0.8543922819238883, 1.1269922669475407, -0.2926578303147695, -0.9382174737786592, -1.2120349720110357, 0.4356656176593032, 0.59933520921085, 1.6164099639951475, -0.3683004230102077, -0.15631965841622508, -1.1446866107422362, 0.6794675747704997, -0.27945367935409393, 0.44885675872292946, 0.7331762394572222, -9.811138087008661e-3, -0.4893184696832343, -0.744341389030201, -0.7679286930385384, 0.26948222309993364, 0.8698685079780143, -5.055395068933217e-2, 0.8179649657780127, -0.7056822219830095, -0.3617837450479906, 0.22552059962152113, 0.9104104757849063, 0.9282209790930159, 0.38248165568377696, 5.0814811029621584e-2, 1.2025529356532898, -0.36705492576722176, 1.0296532469080455, 0.7379223444394055, 0.8270484148520066, 0.697173659371171, -0.6809184818266008, -1.094590105202204, 0.5769831981092904, 0.5166577108805962, 0.4452263685996803, -0.15624173798744895, -0.476233754617214, -2.201301520067124, 1.1732368634184955, 0.1922914329962728, 1.083776023614831, -0.23214760180951302, -6.295642280224707e-2, -0.17068828357358196, -1.4331626551521701, -1.2267549136925715, 0.8190085185926249, 1.2033607342254595, -0.11912774142837679, 1.5882094058100462, -0.17149419100343186, -0.10263886348378622, -5.0987756587626346e-2, 1.1008328517986183)
