seed <- 703
log.wt <- -13.280397269536502
penalty <- 2.8115950178536287e-8
intervals.send <- c()
intervals.recv <- c(56, 112, 225, 450, 900, 1800, 3600, 7200, 14400, 28800, 57600, 115200, 230400, 460800, 921600, 1843200, 3686400, 7372800, 14745600, 29491200, 58982400)
dev.null <- 358759.0022669336
df.null <- 35567
dev.resid <- 225795.12156454494
df.resid <- 35402
df <- 165
coefs <- c(6.667361213914535, 5.985899226517915, 5.63215891855991, 5.252764024019088, 5.124109338823645, 4.770292122039603, 4.794310937055533, 4.6253613109932825, 4.395926822998054, 4.22998046675915, 4.333205765047652, 4.203489991431948, 4.039854738840101, 3.937803537720821, 3.7892104381427965, 3.5388866636225833, 3.284287056947809, 2.9554126062787556, 2.4963412455310854, 2.0683179873673407, 1.5924286435487036, 0.8863378542570769, 0.9471337621225321, 8.103264859520451e-2, 0.23882358309170873, -1.2789804055635097, -0.10901471445972352, 0.8519641868129783, 1.1093841477498767, -1.1760463080470311, -2.970910165269663, -2.9830460539613113, -0.5532326771084896, 0.7205694801809943, 1.2906984946300362, -0.9882356116336418, -1.3046398596740907, -1.1485299068182842, -0.11521734928114447, -0.6528158957662288, 0.9045814668437259, 0.8425604285299562, -0.7620551344371428, -1.9386923764111326, -1.2330163461327182, -0.5798146340389991, -0.28966476137066205, 0.16448371895427052, 0.4467515287875246, -0.2868260920465787, -0.2564398302303469, 0.8717369820220753, -2.6798250929348675, 1.6709996401600855, 0.8472823516614224, 0.9508579535360274, -2.0693952107287723, -0.22293578693661031, -0.7556918132052041, 1.4140707260469259, 1.3919682879592843, 0.7135924287011237, -1.546556431131604, -0.7524809794293486, -0.5388665738949757, 8.845034525979154e-2, 0.6227647244181419, -0.24827210374414097, -1.5688830196302692, -0.7136470956488657, -1.8960368474965736, -0.5024202567609632, 0.5929053970422995, 0.9036851966101924, 0.6010193978766782, -1.1593866363145915, -1.5008719935325192, -1.183619402986172, 0.21552175471583693, 0.6231932561760316, 1.2522025226682396, 0.15940255767194864, 8.114677227286886e-3, -1.349930056282995, -0.7134352312364324, 0.4512197403184772, 1.239732584586499, 0.4552471362721611, 0.8128991845863084, -2.2487263818394765, 0.6178760094249656, 0.6416065212761082, 0.859289588491581, 0.46131969966929603, 3.372531565420431e-2, 1.2012607332488356, -0.11135000525160736, 0.41583558182572694, 0.1269625056301142, 1.5095749079267003e-3, 0.41731205414909506, -0.5049020008084019, 0.7151162816890676, 0.33406256322766426, 1.093746853895839, 0.8249820331262226, 1.1098710481443836, -5.018504915167108e-2, -0.34658353145113746, -0.883282141587988, 0.5094656258125105, 0.571245800125652, 1.6056182554592295, -0.2473870557140651, -0.18506659971252465, -0.7335389254757713, 0.7929555722327224, -0.17813754277134206, 0.5149506257051838, 0.3976163895822226, -0.2530869627584772, -0.4980483403231395, -1.4768861467679244, -0.28596545473028595, 0.41545360645770973, 0.8537871561622625, -1.4290995706765789e-2, 1.029541196365631, -0.4822059936852574, -0.4417630918964909, 0.3115714509751884, 0.6766594271336966, 0.8007423044240845, 0.418204490410988, 9.678981714358373e-2, 0.9583932938102689, -0.27817472184736036, 1.0799985987147542, 0.7709098469478899, 0.9473892252416836, 0.7280544925193888, -0.6466784494795804, -1.0370864680943657, 0.34385214674841685, 0.28213439309774774, 0.4890905019891342, -0.2734081078581139, -0.47472801036125234, -1.8409536915882123, 1.2698217061336081, 0.18238762054739105, 1.2283258676213564, -6.389946475953634e-2, -0.26963502413384194, -0.23758548429203505, -1.3882048164803582, -1.0242299040309077, 0.7040389464838418, 1.203552648679418, -0.38471999734934137, 1.5734433585520824, -0.4449367255654196, -3.9535694278534185e-2, 0.14857287614780332, 1.244383682237281)
