seed <- 492
log.wt <- 0.0
penalty <- 2.8115950178536287e-8
intervals.send <- c()
intervals.recv <- c(56, 112, 225, 450, 900, 1800, 3600, 7200, 14400, 28800, 57600, 115200, 230400, 460800, 921600, 1843200, 3686400, 7372800, 14745600, 29491200, 58982400)
dev.null <- 358759.0022669336
df.null <- 35567
dev.resid <- 224955.64165184862
df.resid <- 35402
df <- 165
coefs <- c(6.820601366846283, 5.872508236441943, 5.723566987115763, 5.341974389336917, 5.206634383394469, 4.7987012143769245, 4.756985132281856, 4.672486183974237, 4.3908471273061345, 4.337746017460242, 4.301998923483869, 4.178423704382746, 4.012102240934272, 3.9672694499070817, 3.785863202768499, 3.5358909252650936, 3.276090227975805, 2.973387184581747, 2.5418470421264554, 2.007943255538615, 1.677989286538226, 0.9377538108145252, 1.0064747484770404, 0.34158477573891266, 0.5293589016725748, -0.9378910092241984, -5.6465886925605065e-2, 1.0058222901143619, 1.0939454044096126, -1.0448187110922482, -2.349811455486233, -2.332392829788002, -0.5013124436147331, 0.8204499516743019, 1.1476792511667537, -1.3988980217277376, -0.2707176166046631, -1.2487593532822416, 0.21139289561239955, -1.5232790041111615, 0.9733838354909676, 0.5860509575671168, -0.7421761704469365, -1.9096175030081515, -1.4002441490211055, -0.8372908974861047, -0.4501935762750797, 0.2982227210256134, -0.8347909372815526, -0.5076469336050196, -0.3736423991314153, 1.0514319186143093, -2.691748789400479, 1.8235488044881571, 0.7329125572029185, 1.2317373744194813, -2.0527780411680876, -0.2368785449637577, -0.3589251484808177, 1.4140810532167538, 1.4750938664928233, 0.8676383343583506, -1.9628096080468926, -0.33407503557856344, -0.679380185140886, -0.49744204299954564, 0.49256844414240525, -0.5315983765660343, -1.1980209604938405, -0.8185867065382765, -1.6611224294280207, -0.43770953993075223, 0.6752767788136094, 0.988543998285382, 0.7017436591301897, -0.847257401773294, -1.224132777036644, -0.8430014089097714, -0.1232928030643208, 0.6525713948689591, 1.2564295404256631, 0.17654576980726736, -5.4448714840506396e-2, -1.2273531799303674, -0.644482924696368, 0.4311096440771492, 1.2254788075123975, 0.28668999042896776, 0.90306101620722, -2.2070563525535563, 0.4722253198171426, 0.7253418922166938, 0.8995485306485359, 0.3521710644395291, -9.378828193382932e-2, 1.50005974690033, -0.31369604701469744, 0.5400903111889, -0.13248550599925565, -0.16122123187141812, 0.4730890243709777, -0.5823934550771676, 0.9683691645221166, 0.10132937505868238, 0.730897452951583, 0.8845366233538361, 0.992678694219943, -0.8796384463275972, -0.5163066362976537, -1.724608403720463, 0.4519933942047891, 0.6532669186246323, 1.632261932183284, -0.477335217311503, -0.3359478002058112, -1.174668552579808, 0.8834287107855298, -0.30644502012787583, 0.419050716335619, 0.6740706659920063, -8.715500764570645e-2, -0.26220397046128524, -1.1453606814821653, -0.546528942486879, 0.40410883333588843, 1.006320156410981, -3.78678206629804e-2, 1.0125270510968678, -0.5282101999701035, -0.3409626018178525, 0.349639160095401, 0.8934690357644945, 0.8663708874368117, 0.4649203092610503, 9.462862676208991e-2, 1.0820668641143478, -0.3460189344531745, 1.0914930590761942, 0.7616474669611925, 1.0023029430807042, 0.8860783245045384, -0.635893243139018, -1.32967705100749, 0.5144045808474965, 0.5394069655068557, 0.5159732402799887, -0.2562558353826733, -0.34261138561031645, -2.0987025494915206, 1.2770119984442703, 0.26899995729304166, 1.2043457460553542, -0.2050756315407588, 4.59979398338339e-3, 3.2632631671074046e-2, -1.6922933915691476, -1.4183582303820395, 0.8728338328423925, 1.2417825337461146, -0.3243049804650209, 1.5601331895247348, -0.13237778804301106, -0.10762686007245338, 1.8121485145194207e-2, 1.2292588664926725)
