seed <- 110
log.wt <- 0.0
penalty <- 2.8115950178536287e-8
intervals.send <- c()
intervals.recv <- c(56, 112, 225, 450, 900, 1800, 3600, 7200, 14400, 28800, 57600, 115200, 230400, 460800, 921600, 1843200, 3686400, 7372800, 14745600, 29491200, 58982400)
dev.null <- 358759.0022669336
df.null <- 35567
dev.resid <- 225439.10198138512
df.resid <- 35402
df <- 165
coefs <- c(6.466612905895666, 5.833443822040513, 5.588902947617052, 5.3285459570730715, 5.0889750344327185, 4.89895810251894, 4.838821573834312, 4.680154918786569, 4.374130296126229, 4.270992309592854, 4.300766848289423, 4.195478300116712, 4.006815895370578, 3.9685054729521365, 3.8057681855582954, 3.547116309879617, 3.281923119488695, 2.952582135217735, 2.513321018652517, 2.0284222197768753, 1.62665749528716, 0.9154213027439515, 1.0431750190308495, 6.692998580464576e-2, 1.7799974669728894e-2, -0.8157385746627698, -5.558256441392564e-2, 0.913688787919181, 1.0178621076609533, -1.3182978484123618, -2.1084240741107934, -1.781100291622478, -0.5604420792858208, 0.762603385922496, 1.3300197403740774, -0.6777511224569268, -0.8216870012278635, -1.191989297369361, 3.2197119882920273e-3, -1.0344855660093764, 0.802339381791303, 1.2604541685845727, -1.1095785852594182, -2.001883404318013, -0.7584314322740418, -0.994850867684337, -0.15805590006836046, 6.660506551737547e-2, 0.34722910543368257, -0.29945867709584256, -0.7607861740458138, 0.8630196539932289, -2.338301120967978, 1.864627872957522, 0.7161342237583421, 1.0093807091127909, -2.3762939744226927, -0.1855261737508875, -1.0437414463346818e-2, 1.3302787833513414, 1.2608942072826999, 0.7143093182338945, -1.5003132432289028, -0.8906143939789456, -0.5432904833451814, 0.2973631007852262, 0.7689547105921708, -0.35510045441485355, -1.1626972838663763, -0.5597056102266116, -2.0296083532713998, -0.5960889429200013, 0.5148369477258509, 0.9810299913469228, 0.7994152677735398, -0.5154724533687314, -1.256379993426773, -1.2884134899860287, -0.1822663152266076, 0.6012703952724006, 1.098350206478001, 0.1919754584792736, 0.11000376776369805, -1.861449353604181, -0.7285045817492436, 0.3439442551941833, 1.2880555688852144, 0.3752474170353151, 0.8172574497281545, -2.617367903640449, 0.5235499967462244, 0.7068357135697616, 0.7542462639753095, 0.36257803155102913, -0.5949661728230481, 1.3045151443009142, 0.5768432562506906, 0.45245978075885274, -0.46668170708682905, -7.502721994009062e-2, 0.4152718337850192, -0.45093180926752274, 0.820949909323239, 0.3356633921361107, 0.9095704882853543, 0.8634101052887698, 1.0791616887339586, -0.19807674159828145, 3.3506427624703642e-3, -1.0481394704138418, 0.46046534238577275, 0.5821270420027247, 1.5271153065594658, -0.7359604471891397, -4.496062204150639e-2, -1.131778856996787, 0.7294597869472805, -0.35303761199583317, 0.25842742485998277, 0.66211470991411, -0.36053815712839266, -0.48787665074475656, -1.0918081829546067, -0.6537843921507317, 0.34564407277860315, 0.9736778475259134, -5.958142567880923e-2, 0.8689537275866033, -0.34051960647777607, -0.3484895430346758, 0.46935971047471464, 0.7961855065294983, 0.7767491691864958, 0.2875633326455113, 0.10849450195792222, 1.1394145395238655, -0.4669369237053248, 1.0549081228806236, 0.7008643842852512, 0.8092964442898624, 0.737492799405164, -0.6599522182456599, -1.4273425283910202, 0.5904817901947254, 0.2986663256973052, 0.32597752063026536, -4.238178199759198e-2, -0.4021648067728886, -1.8159187770934566, 1.2603768124571684, 0.14855767399789208, 1.0931453285733215, -0.1890922206865207, 5.573740952447992e-3, -6.973698222012567e-2, -1.4837448250331924, -1.8856398889034436, 0.7379184714769095, 1.257903260736886, -0.30194860825355674, 1.495337146235088, -0.3004364266957136, -0.17419987638595466, -0.15468270318884952, 1.1583570519221036)
