seed <- 989
log.wt <- 0.0
penalty <- 2.8115950178536287e-8
intervals.send <- c()
intervals.recv <- c(56, 112, 225, 450, 900, 1800, 3600, 7200, 14400, 28800, 57600, 115200, 230400, 460800, 921600, 1843200, 3686400, 7372800, 14745600, 29491200, 58982400)
dev.null <- 358759.0022669336
df.null <- 35567
dev.resid <- 226608.55481315794
df.resid <- 35402
df <- 165
coefs <- c(6.614812361550691, 5.998213028163717, 5.809803833042085, 5.359990721367053, 4.98523292779675, 4.79958382444487, 4.802075361347613, 4.613234524463414, 4.340726076740958, 4.236589654814015, 4.253892896688589, 4.182980292316812, 3.998764553083827, 3.9758480682892032, 3.695042120295703, 3.484369337235685, 3.2184692835479236, 2.933586761401298, 2.513378252131605, 2.0732615792169264, 1.5406660238223167, 0.8854396297655867, 0.930087512957513, 0.4070346584177868, 0.30957289338178995, -1.039979730578396, -0.2893540324363789, 1.0066818835265823, 1.0717716820486847, -0.7300258610748579, -2.7240587465427764, -1.9696136468033925, -0.47792751837126723, 0.7639617337894586, 1.2017650107677158, -1.1465004054374635, -0.3866898524666029, -0.9376426304190766, 8.644596904992097e-2, -1.0153971039612377, 0.9575555727373595, 0.682239386641169, -0.9545665042238997, -1.9010574387854093, -0.8750721137366831, -0.8357786489752923, -0.2384404983166481, 0.24185507220305866, 0.5678713798761758, -0.5943531401475733, 0.25590428172130697, 0.9164649325276122, -2.3231143817873225, 1.6595031553062145, 0.7095970415343156, 1.1015283039569383, -2.305052851174282, -9.619645404677463e-3, -0.4577005630478943, 1.1416308430887425, 0.7509966665009155, 0.6390141697302353, -1.6869893123764583, -0.8670867428661763, -0.6027939154849182, 0.2912085227595815, 0.7477317811356197, -0.48694494675465566, -1.5490197291110488, -0.6466803789221756, -1.810183877285268, -0.12669477777494914, 0.4788168198075823, 1.005212918424306, 0.6702528700017288, -1.1164714800891018, -1.23098464178117, -1.2051880107191235, 0.17500355993435573, 0.7211733657318682, 1.2866585572551068, 0.12179216958613291, -2.964979921680802e-2, -1.8195392148153957, -0.7330888066611482, 0.4028094304115611, 1.1993985359359933, 0.7160466980857567, 0.9571233995759966, -2.891239545399453, 0.5666081197412536, 0.7810237722664276, 0.8865389672884809, 0.31787700170562333, -0.15508921511695292, 1.2122277781277941, -0.37690719870707556, 0.353104034861834, -0.15133753353453044, -0.36729418388026186, 0.25561980770308207, 1.9439329971222812e-2, 0.8414989742389167, -6.039975015207609e-2, 0.6749385313965268, 0.8290707219547861, 1.076520194588866, -0.4871218432658981, -0.47965190864500407, -1.085289252357178, 0.2963576293560989, 0.7132220988046839, 1.583245080288443, -0.7461142584599367, -0.1430083289483545, -1.3586504919094038, 0.864624502559355, -0.25798323948845614, 0.41307010275284173, 0.7169111997941133, -0.12948147884999242, -0.6652967744445797, -1.0992413149446332, -0.5676799407747665, 0.29211975152768893, 0.8332046520160608, 1.0588052448088373e-2, 1.00471961850504, -0.6308606326283752, -0.3951754170746552, 0.2736372238735554, 0.8291861095982914, 0.8101488844580088, 0.4859405373129018, -0.2162600468290836, 1.0732052911986671, -0.4736737023157249, 0.9949295885580224, 0.7701018378980032, 0.9603783452695478, 0.8641621154223318, -0.6067806255808019, -1.090398605054116, 0.7207063648738848, 0.24514906640173287, 0.5153139658387483, -0.16249346792261915, -0.42780335138944225, -2.0087696421877275, 1.345765994090755, 0.16601014003393705, 1.2655724608434629, -4.744894611157196e-2, -0.1661233013555888, -0.11361748690288788, -1.689695784809991, -1.0567364650963924, 0.9211664713671923, 1.0973164219785876, -6.388810118230116e-2, 1.5219009896756461, -0.25372295368956, -0.16550592724944974, -5.772959216827421e-2, 1.308459117211454)
