seed <- 190
log.wt <- -14.166531236101903
penalty <- 2.8115950178536287e-8
intervals.send <- c()
intervals.recv <- c(56, 112, 225, 450, 900, 1800, 3600, 7200, 14400, 28800, 57600, 115200, 230400, 460800, 921600, 1843200, 3686400, 7372800, 14745600, 29491200, 58982400)
dev.null <- 358759.0022669336
df.null <- 35567
dev.resid <- 225706.77384642378
df.resid <- 35402
df <- 165
coefs <- c(6.938631313118713, 5.717585140978893, 5.755288656226911, 5.319903001867741, 5.122131656085884, 4.804587727206727, 4.8330710074017365, 4.581797550811864, 4.423120567032287, 4.253515409377926, 4.279154124919512, 4.170685988234985, 4.001784122527881, 3.9834930945256586, 3.7488085779904767, 3.504822908478301, 3.2610703677291575, 2.9511073149898914, 2.500304242452168, 2.001213412951876, 1.574846536217133, 0.8876149719587363, 1.0473623203958224, 0.6579170840155475, 0.44080718025097393, -1.35871430513157, -0.19268859184121281, 1.0294923885037774, 1.0245222483223029, -1.3775152299654165, -2.1953037593610705, -2.293697898122118, -0.574745504675561, 0.7934203990797906, 1.2458173638185637, -0.8555440310856466, -0.10707811515347489, -1.3285241291231191, 8.788476707623961e-3, -0.5792666730743861, 0.870024330195942, 0.8262625867319877, -0.8187203958372792, -1.8468087136472306, -0.8570502679291224, -0.539992714526244, -0.27463722549050695, 0.521369707062284, 0.3226814725647229, -0.6599801433986545, -8.761793836954876e-2, 0.9381082167553274, -2.293671321215806, 1.7318728140468542, 0.7922384801543377, 1.053245443986453, -1.6631453443309894, -0.23338930280987719, -0.9366840192305042, 1.0716680279297217, 1.1595961314544991, 0.6947874735287485, -1.7306512046975548, -0.6749393227716812, -0.412483340721084, 0.2051157767034247, 0.6928261404140021, -0.38507059871329136, -1.7778862604104009, -0.640672617457808, -2.5296198735191133, 0.13464605131893814, 0.4697673801561477, 1.085702876974559, 0.6478778767520597, -1.2190651108431712, -1.1932638604726153, -1.1977567884279114, 0.11273231528335204, 0.7193321168713871, 1.159642153579644, 0.12366422194591675, 0.15758449099927938, -1.3823893438304338, -0.44293587630028547, 0.41695542747185527, 1.2359014227390916, 0.31672709572102314, 0.8021172664146913, -2.5853320160526354, 0.3182042196266698, 0.7162214964547365, 0.7588703916422755, 0.31977162432286466, 0.47715960826697496, 1.2858186488021894, -0.5760645521878873, 0.19450313824451224, 4.7463276913536925e-2, 0.1419929979419881, 0.26712314197273057, 0.21511713684380637, 0.7928771987762191, 8.685111096522617e-3, 1.1025907214819324, 0.8073461944627366, 1.171388612430023, -1.279607891612801, -0.961153695303511, -0.7474037039634758, 0.39037600784359244, 0.5386122462951207, 1.5527231854704118, -0.6138917003306081, -0.3935579057797497, -1.1783676880189997, 0.7253338156991369, -0.31460175055804235, 0.4317481439238363, 0.507586739650799, -0.48012519383121977, -0.37360285366246615, -1.339618132045896, -0.37631739221164745, 0.2842056144664273, 0.9415826776948473, -1.4556879108277485e-3, 1.028698368249044, -0.5136491247636314, -0.3358928950068684, 0.20468288164697906, 0.8274414104859876, 0.9207436417868464, 0.47321430934936204, 6.0621515369245926e-2, 1.0440545936043422, -0.38064959485770405, 1.0644273086854998, 0.6756629789367782, 1.0119995045417813, 0.7639239226466584, -0.7129367736985577, -0.9971436038529844, 0.6132221976748637, 0.3666683275312588, 0.6471495659637304, -0.23336167900429686, -0.7600938615764652, -1.9737663417495663, 1.2503544821020622, 0.1864253972426263, 1.2178205299642166, -0.2918108902848718, -0.15433135771266304, 2.3413006115607276e-3, -2.1021286004114628, -1.1129067009680733, 0.9559123437465066, 1.192908969633289, -0.39930517834424023, 1.4531186721742604, -0.46023704803212845, -0.16192898154511057, -5.205767266259109e-2, 1.1679263873449466)
