seed <- 825
log.wt <- 0.0
penalty <- 2.8115950178536287e-8
intervals.send <- c()
intervals.recv <- c(56, 112, 225, 450, 900, 1800, 3600, 7200, 14400, 28800, 57600, 115200, 230400, 460800, 921600, 1843200, 3686400, 7372800, 14745600, 29491200, 58982400)
dev.null <- 358759.0022669336
df.null <- 35567
dev.resid <- 225479.98044989826
df.resid <- 35402
df <- 165
coefs <- c(6.490107724549802, 5.785150615951918, 5.653239652229007, 5.487284629880038, 5.017327386581314, 4.831347261288075, 4.741719729709892, 4.664230620297802, 4.4144016378733, 4.31442080137525, 4.273380873701349, 4.160220457897983, 4.027778934388625, 3.9730503768599914, 3.7628746140395632, 3.549792874513825, 3.2555314871854444, 2.9853276539715443, 2.5076401126868983, 2.0934634675709454, 1.454488476199477, 0.9041074188551022, 1.0201544965642835, 0.5502765389235758, 0.5323908095745671, -1.8096078463965712, -0.2254810199620072, 1.1246100946446875, 1.0045693557406712, -1.3235960130723305, -2.291642486596733, -2.1954978576725113, -0.5968527508245386, 0.7215352864519039, 1.246841780554839, -1.1809404393628873, 5.212340804533643e-2, -1.2383111607597723, -0.1831146042105923, -0.5573194612708102, 0.8457761484538528, 0.7748185566790806, -0.7288780591918548, -2.399858714497974, -0.8307845370220631, -0.44111900632082035, -0.19003381908833372, 0.471654863443553, 3.249481831969148e-2, -0.42064224306909503, 0.2048862251937479, 1.144879660482487, -1.9778459747590427, 1.6193229674363705, 0.8354924517201561, 1.0357948783477928, -1.3392772605589751, -0.546914036212784, -3.309393564568206e-2, 1.68482298947201, 1.2901908521437861, 0.7578178639727086, -1.834520513733888, -1.27940734286949, -0.7256274490559705, -5.282718866274821e-2, 0.6309569185270033, -0.4291013946287811, -1.4868193087473929, -0.5046583069896858, -2.072959421927731, 0.1088000626265479, 0.316587159010645, 1.1021010730759577, 0.7117057866017498, -0.9190257914318288, -1.4322637765906991, -1.0103402174238532, -3.963736613880966e-2, 0.6476073309686898, 1.105187338422199, 8.231478661962105e-2, -3.457008605241556e-2, -2.183898668236861, -6.06293826872471e-2, 0.47568110379060374, 1.2108598417275362, 9.220386620891105e-2, 0.7833517716207917, -2.1260785626230487, 0.3777506541545127, 0.866399807973518, 0.7337393335511964, 0.3664621402537343, -2.1191805927308315e-2, 1.4366857311456795, -0.9035968260616869, 0.8397786560671545, 0.14416572738936914, 6.075333522745501e-2, 0.44714105668432486, -2.969275294076984e-3, 0.7780188427705362, 0.2796007768493156, 0.89617357690461, 0.8426342013897972, 1.0925637169239648, -0.7130236746856651, -0.9970386221483702, -0.9842565361248196, 0.46255002388808963, 0.6106659608655803, 1.522729029123678, -0.48207961676386746, -0.29515529772112364, -0.8478619178190477, 0.7057975906788203, -0.36322029156461655, 0.4696107770806499, 0.6685319136512695, -0.5669208501750084, -0.583916312930386, -1.2793759811617922, -0.6613028191020375, 0.3543987090149049, 0.713240918918446, -7.184451549939988e-2, 1.0205122146572676, -0.7500424209977543, -0.3284404671486854, 0.28188754473532596, 0.8434436467009783, 0.9653686457218573, 0.48055839803047784, -0.185506952251035, 1.096928577050458, -0.45975114819800966, 0.9920353882621491, 0.7484744381098845, 0.9048065051553816, 0.7401428626801931, -0.6277682812437733, -1.382826998322506, 0.5370588592852424, 0.3335707184471941, 0.567550024170064, -0.16361962399905514, -0.1075207317279011, -1.8307292030243811, 1.3027266653398033, 3.787683342888952e-2, 1.2155319062980665, -0.28864238398779024, -0.10493344408983056, -0.37638224889503064, -2.2234118229634716, -0.9945407301907818, 0.8132469801736452, 1.1374510905178021, -0.6054653480774961, 1.4682514809898417, -0.40425362279599864, 1.858758643692045e-2, -9.79335356317216e-2, 1.1113779599014602)
