seed <- 370
log.wt <- 0.0
penalty <- 2.8115950178536287e-8
intervals.send <- c()
intervals.recv <- c(56, 112, 225, 450, 900, 1800, 3600, 7200, 14400, 28800, 57600, 115200, 230400, 460800, 921600, 1843200, 3686400, 7372800, 14745600, 29491200, 58982400)
dev.null <- 358759.0022669336
df.null <- 35567
dev.resid <- 226267.02134146472
df.resid <- 35402
df <- 165
coefs <- c(6.724291117640129, 5.857221591742869, 5.69121032581505, 5.310429826027777, 5.135300207356335, 4.826651130329138, 4.713540505496636, 4.549105588519662, 4.372988867358502, 4.207549147286202, 4.257469566915531, 4.15325185415653, 4.002011937982361, 3.9326836563478453, 3.749468591888447, 3.551436982463293, 3.247227240115192, 2.9297443928148126, 2.547067589714066, 2.0368575460677394, 1.547808620434262, 0.9029778079729086, 1.027435303173268, 0.4294105411485357, 0.5166442019590068, -1.1755147447620824, -5.6137669419565814e-2, 1.0833650709837055, 1.07593271459464, -1.2051729084882945, -2.139218946069504, -2.42002768588794, -0.44362374805855315, 0.7871204459641847, 1.2608976566428625, -0.6616775758521152, -0.9358452358680422, -1.020096534602497, 0.10928927379759394, -0.44701494170323963, 1.0316335651690172, 0.9668361573485602, -0.8966524170433762, -1.613933588115972, -0.63112465944732, -0.7791884303230964, -0.8307303408083249, 0.4198323338678045, 0.6794815843101675, -0.6301352481421041, -7.81879127588785e-2, 0.9979044241624002, -2.216562433892655, 1.7547043655499013, 0.729730959435267, 1.1778991883007106, -1.5621252830052925, -3.207310147013276e-2, -0.2807581340794614, 1.2424637615481717, 0.9879053290505417, 0.9248756993178813, -1.7247592268771845, -1.1445328518826907, -0.6537318404509261, -0.2091297124863661, 0.5952955248520215, -0.640562538485315, -0.8962121470185674, -0.6743679092005396, -2.341983991052507, -0.217033300520549, 0.7681461284380963, 0.9618147605893037, 0.7292664731261584, -1.619560045569142, -1.3674384472474606, -1.2402344246689878, -6.72576398323381e-2, 0.7447454317748459, 0.9360503073468333, 0.11820971334506777, 0.18987562176693262, -1.63137806493122, -1.0771146691446807, 0.440093012369893, 1.2828777076190154, 0.43006440893253217, 0.9474926470225072, -1.9021008704710318, 0.5915130988470249, 0.8704640815499253, 0.6645726284191553, 0.4169994624520275, 0.23262695917243673, 1.3068657856471553, -0.29916905072606104, 8.595803916974144e-2, -7.012511047664581e-2, -0.6109472540020764, -4.6975956674403095e-2, -0.2253711692043456, 0.8053145855388673, 0.3620279809369979, 0.43423412186016636, 0.8073839307932649, 1.1295059462917119, -0.5323062720294265, -0.34916442585347185, -0.7936873999080036, 0.2541967262553136, 0.8719833437517421, 1.6202017146012049, -0.6101631947514561, -0.27103792308326935, -1.8202958167043932, 0.63932497228949, -0.41016336493040356, 0.6166527810711143, 0.4810389636625341, -0.5309828542114203, -0.9114413976373783, -1.6041708582207062, -0.3147238316621219, 0.25092373254958966, 0.8884886943796155, -8.673774983942735e-2, 1.0544091897904848, -0.4197281001610169, -0.427448898648685, 0.39680567002190925, 0.8487670318352337, 0.8682497328176458, 0.5262984328351908, 0.10839023444107344, 1.3128043859224352, -0.30171110140235613, 1.0008436367731703, 0.6792387021127148, 1.0139979946417226, 0.619667636159169, -0.6178074308606742, -1.2569991471142126, 0.44031663434860324, 0.5730986726286502, 0.6417764913100105, -0.11868474723091431, -0.6062722854103227, -1.881074043846315, 1.1950473915663513, 0.16804757203363574, 1.3363520311962946, -0.3848913386088456, -9.164222509416652e-2, -0.14332832508583265, -2.1262998387247323, -1.2012494134004457, 0.9500588894600032, 1.168045109744601, 4.692957647680899e-2, 1.5413094495770019, -0.4137479655472569, -0.10823576695166111, -6.50762689974576e-2, 1.043855610224788)
