seed <- 641
log.wt <- 0.0
penalty <- 2.8115950178536287e-8
intervals.send <- c()
intervals.recv <- c(56, 112, 225, 450, 900, 1800, 3600, 7200, 14400, 28800, 57600, 115200, 230400, 460800, 921600, 1843200, 3686400, 7372800, 14745600, 29491200, 58982400)
dev.null <- 358759.0022669336
df.null <- 35567
dev.resid <- 226379.7010959621
df.resid <- 35402
df <- 165
coefs <- c(6.6251128262795955, 6.047828222326369, 5.784427306340823, 5.288278650595114, 5.093052407440395, 4.746127431693869, 4.724355854809436, 4.608187535055463, 4.3610289192015115, 4.279409383386829, 4.28089944423359, 4.146577195826575, 3.9703482558628185, 3.96295600110447, 3.7512153909905597, 3.5004903643453535, 3.220773127241532, 2.93724534770744, 2.475988675624039, 1.9897832952319738, 1.4385654449192613, 0.9188942264002292, 0.9837310727641063, 0.5750527288936326, 0.5982415219750851, -0.9698585581570018, -0.2462176495261092, 0.841375069653661, 1.0811624423623516, -1.281507969384874, -2.216997925275276, -2.537254663879116, -0.5129967108103829, 0.7415122606302426, 1.273813271547734, -1.303362808079787, -1.2799630651520684e-2, -1.337226421592391, 0.11053762290263557, -0.5994548656620092, 0.9848496056544962, 0.8248066908831945, -0.5781664647440894, -1.9018052083633386, -1.0058956282041607, -0.6403920399642948, -0.6032640375528949, 0.15472469240314948, 0.4933329103074989, -1.171800682039346, -4.3319850666913864e-2, 0.8890043500609714, -2.4210001871715514, 1.8133295363130129, 0.7741416195236965, 1.1383931202543687, -1.6795128238131634, -0.11304729279207654, -0.1979852467964916, 1.4812509151437363, 1.0804492084480415, 0.8243119420021209, -1.3990708454468646, -0.695735058443959, -0.6273462820381026, 0.29715635989954, 0.46501295586293323, -0.2757963383868992, -1.1713517694510007, -0.5634990508439569, -2.0760448247892995, -0.4468742281510386, 0.3962908924064651, 1.0401474731093687, 0.5159623220692274, -1.3023159938904, -1.178855584009765, -0.9758192380635922, 5.7766988322413386e-2, 0.6728238484949791, 1.0142364128794286, 0.15400535336017981, 1.0524867341034614e-2, -1.7888206698517544, -0.533214349445707, 0.5867658109356302, 1.200132808723056, 0.37665745651733623, 0.8921145586307058, -2.2892979373993714, 0.3974539709878932, 0.5800889580522405, 0.7775298019245273, 0.26196570529731217, 0.13566780378506546, 1.2095999295240591, -0.12916274674404765, 0.4731308326426138, -0.23616135220160933, -0.39046582755093123, 0.2605042978947864, -0.7879712798075104, 0.7744892172010527, 0.2370274324121164, 0.9014278290150258, 0.840825897644522, 1.0310307606752154, -0.1690169273931864, -0.7711021713199466, -1.0170806907441303, 0.4199651873079191, 0.6434532956412198, 1.5916916617611754, -0.8411309361337298, -0.19354938423185808, -1.0062671342381309, 0.7005203406780319, -0.43242006727396753, 0.3799629419430219, 0.43710002113224455, -0.7938326906899749, -0.4603971931190802, -1.2336133384211339, -0.23437263134439923, 0.26792483643750675, 0.9964907545219143, -6.594174179131115e-2, 0.9157558191956388, -0.6393845139359059, -0.42372739451095054, 0.3327137657080303, 0.9544935460919595, 0.6426446551982143, 0.461871362232002, -6.434470801616478e-2, 1.0673822552779657, -0.45111478800198324, 1.1411098101340187, 0.6410675288644232, 0.9562731085828529, 0.7284670326032762, -0.6418818743152419, -1.1709504717043075, 0.5423691049292625, 0.39237667618789757, 0.6551011113217229, -0.19510771079078526, -0.19950103434810992, -1.9923500048575626, 1.3730712447801228, 1.9938557878279528e-2, 1.152585156629107, -0.2463651175596938, -0.10223572363228446, -9.919990292118039e-2, -1.6465163046422933, -1.363224275672, 0.9150350134084742, 1.1712375140667648, -0.3960270159113649, 1.5924194433380072, -0.2702370357428431, -7.52153225981711e-2, 6.817590124611277e-2, 1.133325146673938)
