seed <- 707
log.wt <- 0.0
penalty <- 2.8115950178536287e-8
intervals.send <- c()
intervals.recv <- c(56, 112, 225, 450, 900, 1800, 3600, 7200, 14400, 28800, 57600, 115200, 230400, 460800, 921600, 1843200, 3686400, 7372800, 14745600, 29491200, 58982400)
dev.null <- 358759.0022669336
df.null <- 35567
dev.resid <- 225097.9293636156
df.resid <- 35402
df <- 165
coefs <- c(6.8865199836188165, 5.859520259257168, 5.735413412504406, 5.279155441729767, 5.1132750223665075, 4.861931248329457, 4.761775558085061, 4.690848895340172, 4.417013811430588, 4.274795866068197, 4.39858338910029, 4.205345291064754, 4.031879834409772, 4.027234323858539, 3.766871413057773, 3.5559988271086564, 3.26094562076368, 2.969235497259521, 2.547127822590359, 2.0426338315666146, 1.6381684015779976, 0.9020160404453549, 0.9663155346437096, 0.54395708285317, 0.5705984310107032, -1.1436545119574872, -0.2792540980410487, 1.0432965243275234, 1.071215758798332, -1.4846678166822165, -2.3347377060316163, -1.7385174113093742, -0.577996533371855, 0.7879843580041551, 1.2608344136190066, -1.376017448150024, -0.3101447894323987, -0.8128810551722137, -4.151968052443331e-2, -0.30519111793061054, 0.9346264047064426, 1.0027740823579625, -0.7016965233445813, -2.9553028522192464, -0.6899943832279956, -0.8961349589032823, -0.6481322269873508, 0.4228096468683614, 0.6532715258593125, -0.7144310330246272, 0.23847546300226555, 1.2122900031160009, -3.0532574135115174, 1.651330807094557, 0.740738113777498, 1.1636536607590346, -2.153041684737374, -0.11728475735605874, -0.3847522056518744, 1.4558489210697527, 1.081460490543414, 0.5866043500089839, -1.3026811630753798, -0.8573267814144, -0.4709587588461002, -0.24818437136250596, 0.5763492022927068, -0.13097927996144457, -0.8790622947387149, -0.6616205951297136, -2.033428432903504, 0.27743148500891407, 0.677354345445668, 0.9462292655354638, 0.5027341048100963, -0.9172147453823646, -1.158644735949576, -1.456901658787504, -0.14977174931046633, 0.7396767386750637, 1.1363483215902956, 0.12739461366179908, 2.6973930691711688e-2, -2.4950179883376333, -1.3789329957909062, 0.415493795707643, 1.1441221041198473, 0.350186569356893, 0.9582222631892743, -1.609924417103382, 0.43544610899549324, 0.9486582415562873, 0.8472925871802198, 0.3380448262507158, 9.325557028651636e-2, 1.251707849297473, -0.7570302251274975, 0.640558319665714, -0.15586253438092135, -0.8761394144935268, 0.4888937968665348, -0.1693285455130182, 0.8653077356692184, -0.4679326769321117, 0.6887442882778717, 0.8315352589223713, 1.11620604007946, -0.21867030878278282, -0.43937953273136043, -0.935822448025826, 0.4429495785145291, 0.7525550024582054, 1.5754089995723914, -0.46928148435646644, -0.13614939040974905, -0.910737682352586, 0.6885146075752501, -0.355848602583575, 0.49289064455316633, 0.73494567220264, -2.7064368674398785e-2, -0.635188876977022, -1.3764656741443162, -0.7056446442247581, 0.30360024123406454, 0.8813162459724344, -4.981374615827855e-3, 1.0057586579247388, -0.6313242776571802, -0.43200744095005206, 0.5432293259210762, 0.9109448962662056, 0.8704965390211912, 0.3465080814240222, 4.130162751280676e-2, 1.1095017702071368, -0.3978286457691155, 0.987345655930206, 0.7512454016823029, 1.0329838306162922, 0.7350432114888796, -0.5475795611205213, -1.3203830979599191, 0.6883044407561573, 0.5240633669643658, 0.49143696549380234, -0.3265195886471492, -0.5510302586936846, -1.7912835632716915, 1.2324064932735157, 8.25522106361937e-2, 1.2554419934188963, -0.2433305944676874, 2.3500818758847793e-2, -0.11300949629201487, -2.1962442490522673, -1.4646927870880904, 0.8151471473215496, 1.1127198608536546, -0.25528290732638326, 1.540005652980593, -0.3168849908238769, -0.12430202934123942, 5.729677982454571e-2, 1.07880675208828)
