seed <- 908
log.wt <- 0.0
penalty <- 2.8115950178536287e-8
intervals.send <- c()
intervals.recv <- c(56, 112, 225, 450, 900, 1800, 3600, 7200, 14400, 28800, 57600, 115200, 230400, 460800, 921600, 1843200, 3686400, 7372800, 14745600, 29491200, 58982400)
dev.null <- 358759.0022669336
df.null <- 35567
dev.resid <- 225894.31172525868
df.resid <- 35402
df <- 165
coefs <- c(6.533328410644247, 5.6978005718125155, 5.831861598276026, 5.328961797917119, 5.007935437848457, 4.795899183132115, 4.790046207555046, 4.663562864567482, 4.369577008880454, 4.304253556122468, 4.289845650245232, 4.153756917872471, 4.003282711900279, 3.9387779678497403, 3.7819591665372747, 3.524960106335276, 3.2822301752365135, 2.9515012090969637, 2.5168903152100444, 2.068691538778541, 1.6144254703002747, 0.9251429155203719, 0.9875161928093689, 0.6426932845069023, 0.7529004495537451, -1.6001947478831327, -0.27301986385735594, 0.9461940534732447, 1.0543776478937035, -1.085339114798534, -2.27384252405347, -2.3838335986470915, -0.49397151427451175, 0.7972524025294191, 1.3258067356131555, -0.9071595269287315, -0.9984009318635794, -1.1647138134384931, 7.631494833134231e-4, -0.37133543761579024, 0.9857216063182714, 0.8025284025102205, -1.0866961767865968, -1.4415890136484377, -0.5994116565636503, -0.7402306162910511, -0.9751489716168819, 0.3171520879436879, 0.5458533059958739, -0.8588356280253095, -0.22701871572172921, 0.9787265981961877, -2.1845320230231557, 1.7663410759686817, 0.7315894932340347, 0.9314083893468136, -2.027645693147201, -0.35638071511900216, -0.33582729593349825, 1.212452848059492, 0.8380955647582107, 0.7069904888118258, -1.389099455070056, -0.8394614865488035, -1.028313278742326, 8.211012519703685e-2, 0.6663302094099794, -0.4505245000131133, -1.5684115724113679, -0.5454370681160435, -1.578011045034032, -0.19905666458335117, 0.3000080373442624, 1.1311724355617563, 0.6128459879988131, -0.8723542657397866, -1.3156729260761357, -1.6042252235497778, 0.13667062764046545, 0.5666198716556686, 1.1715381010455785, 0.13060593866053566, 0.23741131327785966, -1.2688264466673311, -0.2597562387250454, 0.5935947945676978, 1.0835871681210234, 0.5846211134852028, 0.9204644708328015, -1.8537839987387048, 0.4764262811448022, 0.7617669906449369, 0.7732712873206964, 0.32443830421767, -0.26732165918690776, 1.1155309210706257, -0.5699454619860727, 0.5381275773072126, -0.22009797235562822, -8.896406863027899e-2, 0.4699794751285219, -0.48139534015699575, 0.7517377915745137, 0.16918051686432597, 0.8713412421514726, 0.8943726771905017, 1.138368913140815, -0.40594262019612487, -0.30479939163172387, -0.8246587519172836, 0.40162284887395694, 0.6395242925049055, 1.6294496762665258, -0.47038304746217374, -0.16658014054345474, -0.9567936756624645, 0.780853806575795, -0.30954702968071796, 0.28884177842749986, 0.26661990814067693, -0.5010868843713147, -0.4365274845684264, -1.1144854272718459, -0.632768294864232, 0.42956541886701255, 0.7870397544524875, -3.5756977077382714e-2, 0.9038882177948189, -0.6612524433857649, -0.34758088985217667, 0.3963674332520354, 0.6703271608302475, 0.861833549952478, 0.533381283431836, 0.15596525673580297, 1.0871326549648281, -0.3528149063462391, 1.082829534012107, 0.758796023878627, 0.8370441370095858, 0.7946061185954781, -0.6195294965764031, -1.104573893478528, 0.4692250138072374, 0.45872894001856257, 0.5378767301046085, -0.1634146365787325, -0.7019938621092654, -2.145295502347873, 1.2631486889587784, 0.10860498406539562, 1.0606326127297543, -0.2241906588374513, -0.15310642248317546, -0.11342950127084182, -1.9130159659833466, -1.123430939045402, 0.8437871160476949, 1.1323516596422927, -0.7293212971162086, 1.5370703412290372, -0.2888708563932563, -6.727959248690782e-2, 2.2000519251564785e-3, 1.1832729829309563)
