seed <- 314
log.wt <- -14.687516081728107
penalty <- 2.8115950178536287e-8
intervals.send <- c()
intervals.recv <- c(56, 112, 225, 450, 900, 1800, 3600, 7200, 14400, 28800, 57600, 115200, 230400, 460800, 921600, 1843200, 3686400, 7372800, 14745600, 29491200, 58982400)
dev.null <- 358759.0022669336
df.null <- 35567
dev.resid <- 226777.28992661726
df.resid <- 35402
df <- 165
coefs <- c(6.413423113524, 5.817979824034182, 5.788402895316879, 5.307181238574187, 5.055337158495206, 4.85531841131805, 4.7767589580467, 4.670339946341246, 4.369628397693097, 4.282539545117303, 4.29890047366963, 4.183665972052568, 3.956642821102519, 3.946734970535074, 3.758532974360125, 3.5221470020314305, 3.2695824460035454, 2.931850082808895, 2.521714277232086, 2.0269462008476595, 1.6088244224974453, 0.8504072979311745, 1.0434399747859167, 0.7443278089641507, 0.1762317785716544, -0.9715687299607726, -0.3212477753056354, 0.8764896204313666, 1.0996090165231518, -0.9639380723152265, -2.53767169556419, -1.994829573930802, -0.1488098555063905, 0.7335423566719176, 1.0935867253063078, -1.2241189392817944, 0.26432622263147776, -0.5105459655295724, 0.13837792573729069, -0.23306009396068886, 1.020039361411989, 0.9131255430086097, -0.6229517401610792, -2.198154413616894, -1.085294760485523, -0.705844255134525, -0.44742137401830334, 0.42598887295412863, 0.3351599606877589, -0.5569691309163147, -2.7236759968067546e-2, 1.0503861329909847, -2.8236807218090916, 1.602093040536168, 0.7903034542341858, 1.107024213284563, -2.050671031391261, -0.19324916763790773, -0.31375912758140173, 1.4590076599889257, 1.054415696989491, 0.7348657927001201, -1.9186548716090253, -0.5558690762481524, -0.6594124040299874, 0.20226290326505988, 0.6693059305618192, -0.6876280847161194, -0.7191439494273135, -0.6315357599347127, -2.318482769972495, -0.30910302203898077, 0.5728908771664837, 0.9271732044515701, 0.5855620161810428, -1.0379637292337331, -1.5357252299764277, -1.1021261686803216, -0.1798438916674479, 0.771666542041654, 1.0876920001527162, 0.21252107408178428, 0.24363505072825134, -2.262094594594099, -0.7474127576557048, 0.2821892284165108, 1.1866865129535593, 0.37150093842582954, 0.9319099584997882, -2.227871487775609, 0.5414456371465329, 0.7326852544476443, 0.706503894252569, 0.35654874564123445, 0.24829029357096818, 1.4768072204302611, -0.3874835682807547, 0.2627467009753086, 0.14502919964419958, -0.5438282511383676, 0.4482068282911706, -5.549029481941123e-2, 0.8938316673583659, -0.14408478256113746, 0.47870301594012377, 0.8394879286595734, 1.0768176972702619, 2.0363110604051313e-2, 0.1242152510904977, -1.1734447132577868, 0.3251173365727677, 0.4162161329443506, 1.6254479318950776, -0.878665451251103, -0.3225744431108572, -0.9108936820236301, 0.6940986757528634, -0.4053469734365899, 0.3425929696851305, 0.44136885811287596, -0.413322625111243, -0.6053489891419981, -1.0981505355939312, -0.5970109552637168, 0.39493685818641117, 0.8135837212311551, 3.0563844318877875e-2, 1.0573704819554566, -0.5490143355482385, -0.33376140693962386, 0.34666447323735883, 0.8514144986558668, 0.88031814392129, 0.4082124834194059, -5.55187449190947e-3, 1.0990301308274304, -0.3907691075268612, 0.9680443448933643, 0.7203273586990984, 1.0058948923614235, 0.7116918746996215, -0.5940760482891568, -1.1690715021208282, 0.6915665565913448, 0.3125708712917433, 0.37564854752642135, -0.1737003267576436, -0.34236255716387504, -1.7051928883637946, 1.167738307803106, 0.22412145405228806, 1.2128382525391017, -0.23361706980533314, -0.12869379161323047, -0.14629241089115208, -2.315528030386753, -2.171909851302688, 0.8270415713171355, 1.1637691526372007, -0.5035282926114194, 1.5946303968984918, -0.43875638589596566, -0.20685757586765538, 4.8110900218651186e-2, 1.1078615413661455)
