seed <- 791
log.wt <- 0.0
penalty <- 2.8115950178536287e-8
intervals.send <- c()
intervals.recv <- c(56, 112, 225, 450, 900, 1800, 3600, 7200, 14400, 28800, 57600, 115200, 230400, 460800, 921600, 1843200, 3686400, 7372800, 14745600, 29491200, 58982400)
dev.null <- 358759.0022669336
df.null <- 35567
dev.resid <- 225236.10619817107
df.resid <- 35402
df <- 165
coefs <- c(6.828590260862882, 5.817262486413942, 5.8260987611277, 5.257153055866306, 5.131880215713745, 4.872211503523113, 4.785346124954909, 4.6315395979812, 4.379676036557503, 4.284978437254334, 4.284962384607952, 4.198418715566898, 4.065746359665396, 3.9878960299922146, 3.782329897041922, 3.5557783253443374, 3.2638246345464133, 2.921162768754202, 2.530842152440554, 2.0975353737863522, 1.4649462819378762, 0.9019577958730339, 0.9842830954775769, 0.35635782283623524, -4.8795578033985235e-4, -0.5695523470529367, -0.26680184816946784, 1.067399136904244, 0.9755039685872253, -1.3905393661275085, -3.0876810091932128, -1.9928507305372658, -0.42679041113795296, 0.7870344230654078, 1.231267776958566, -1.1049404971246328, -0.28338983633869474, -1.1925544065071183, 0.13742274529085344, -0.5408475541646606, 0.8890095366615229, 0.9624710336948087, -0.9581696128761037, -2.141416154310884, -0.6943478900856838, -0.6308117384985662, -0.7224432657292469, -0.11806639870025216, 0.4616258780536342, -0.7655428769590719, -6.707268960966743e-2, 1.1149202373313687, -2.3175644634232113, 1.8483060233278958, 0.8708161809571974, 1.2149012674716222, -1.8818396750893793, -0.17641127392526315, -0.6095616675753162, 1.5813733777943655, 0.7313752739263051, 0.5389413038142719, -1.9853532335081896, -0.4526258508767412, -0.493016306693214, 8.121288987673366e-3, 0.7559627352784657, -0.5185242206704118, -1.1267487947971424, -0.8366735376670524, -2.0901047480393964, -0.6068094111711549, 0.6663687009338458, 0.924790139991606, 0.7748867165997927, -0.9061537236932796, -1.3594347516720071, -0.7233359678854129, -2.399194326326986e-2, 0.6871846295592039, 1.2528050685890026, 8.404960076978162e-2, 0.320467750167955, -1.3393586515813114, -0.88282421160786, 0.23161850183579397, 1.2429092096609402, 0.11523809863037418, 0.8703180497843729, -3.028585682347108, 0.6133242178381698, 0.8073867830025168, 0.701777683294661, 0.2699022572639752, 0.5536078284097111, 1.1629054963845413, -0.3196653679320807, 0.72348823888218, -0.10720074540040977, -0.2140988447193445, 0.396766362160457, -0.651666312792338, 0.974035841540193, -9.062442324784994e-2, 0.46981935238482175, 0.8542696984796702, 1.040034552890304, -0.6122575020262468, -0.16034036592783288, -0.803631057737332, 0.32121053112328035, 0.6798513870689961, 1.5588391512379607, -0.2791677846505645, -0.11699596700226124, -1.0285960809823236, 0.7580652852316812, -0.22940322036537455, 0.5421025277991359, 0.8742731817223197, -0.2927944795324004, -0.6472609111438565, -1.1097147322074028, -1.213687465269603, 0.3421798757811716, 1.0404792844156976, -4.445496236691216e-3, 0.9793152961508591, -0.8579037346726273, -0.3433585659842039, 0.3295214144470128, 0.9701006100485596, 0.9105785549084542, 0.41497393111427616, -1.7530594488345506e-2, 1.1008354785579797, -0.29098375481597205, 1.1288625234255367, 0.8206913902677401, 0.9500669242092413, 0.8043683351210034, -0.6481216506781486, -1.1955359490537858, 0.6967267194615722, 0.4062676415667039, 0.3962591729173236, -0.1227939864899131, -0.35012152717636114, -2.0817264157979314, 1.4108345090721217, 0.19088049338003446, 1.1743059396254194, -0.1920424390576333, -3.243378833330818e-2, -0.3836393157525894, -1.8603047476440062, -1.236713832269734, 0.7484703108448858, 1.2000386271984298, -0.40070937259297806, 1.5101087481891609, -0.32577954912065116, -3.442683069029132e-2, -4.114923027021327e-2, 1.1928372202192064)
