seed <- 808
log.wt <- -8.105224562967837
penalty <- 2.8115950178536287e-8
intervals.send <- c()
intervals.recv <- c(56, 112, 225, 450, 900, 1800, 3600, 7200, 14400, 28800, 57600, 115200, 230400, 460800, 921600, 1843200, 3686400, 7372800, 14745600, 29491200, 58982400)
dev.null <- 358759.0022669336
df.null <- 35567
dev.resid <- 226390.70960890275
df.resid <- 35402
df <- 165
coefs <- c(6.516878619384146, 5.852432563942492, 5.728012330836635, 5.212279424762191, 5.080937861765519, 4.867753130453897, 4.850473711722584, 4.637044388562451, 4.350207037542632, 4.24868839486263, 4.305449615964705, 4.157541183186211, 3.9985043554596884, 3.928393977968613, 3.7525808007018098, 3.4978225265526883, 3.2286352451475784, 2.933317621523292, 2.4749680949877773, 2.015736870409657, 1.6891252479815764, 0.8751998091862577, 0.8931896988023562, 0.284173616211407, 1.0508081452444984, -1.26146166610723, -0.1016451712470223, 1.0022095019822215, 1.1182321318646742, -0.8215604473533463, -2.1661961798729408, -1.8394431076340538, -0.3996346575599923, 0.771696497661596, 1.2383773230721078, -1.166676630998236, -0.8189602885738614, -0.7156204388054925, -4.061250067216458e-2, -1.3343721464472567, 1.0119962549864163, 1.0213816077159685, -0.8136683313704146, -2.393315834563139, -0.7015973693369816, -0.714486276311478, -0.2507052776157035, -0.15835138240835644, 0.3497008662196517, -0.9659394447888427, -0.26873004836809494, 0.8657552798824891, -3.0072409968815013, 1.7412905461792847, 0.7698240823154461, 1.0946049095518438, -2.2256534960723005, -0.24632056655854026, -5.5654244555251066e-2, 1.4166939433611903, 1.5838929218504243, 0.5968428243161299, -1.605946343690989, -1.1325456843112727, -0.40500761820626835, 0.15993723492660156, 0.618072160201214, -0.7281232435231294, -1.496385844241392, -0.3436190858856451, -2.5052068345724985, 5.027982467279835e-2, 0.6915927107599693, 0.892226566891491, 0.689043101292219, -0.8223747429982976, -1.4240720517572278, -0.9605235718847174, -2.0777398255878592e-3, 0.7607094320837178, 1.208070119131088, 0.117002073267289, 0.19978330925765952, -1.9062541711709808, -0.9525852583162588, 0.3622331797659922, 1.265018253435873, 0.5856147910544044, 0.9681252189317229, -2.4490259578503433, 0.4625787159551433, 0.7383451797100695, 0.7549390753682996, 0.3544855462829667, 0.13293701768993144, 1.4524826790468217, -0.35238552056662537, 0.7119097054916455, 0.2019024526202269, 0.29872579273686445, 0.2875870650080938, -0.5821766662663237, 0.7605807610167176, 0.566764409353923, 0.7883338077158066, 0.8955397914672502, 1.092989065115318, -0.4798874686632612, -0.8428709856374769, -0.9853538228814843, 0.45877729235765324, 0.6801548206054133, 1.663180735624473, -1.2785374172876316, -0.3692833835349942, -1.2664920707235057, 0.6556634510068138, -0.48373372934152575, 0.5351099585670523, 0.6761293879200647, -0.6278352647733974, -0.30308749570838744, -1.594712492427724, -0.3791696622597971, 0.3452845296123418, 0.8656607563445688, -7.996060699938011e-3, 0.9136175372386345, -0.4153923536619461, -0.5113085940715523, 0.22475066098887808, 0.982615979691322, 0.8608562666462221, 0.4473329094133119, 4.797769462093736e-2, 1.0749598334804016, -0.2738735412109624, 1.1239094395589788, 0.7223224444600349, 0.9431656828533534, 0.842342952366095, -0.5993125972625277, -1.3563757731322412, 0.5792399764981847, 0.36928612396673355, 0.4503568441742847, -0.27033762856557103, -0.6534497496509192, -1.8773189937114214, 1.35770100602395, 0.12453912299229812, 1.3025304900023302, -0.18577912630240626, -0.11514286843436049, -0.14919490361757123, -1.730445754161, -1.311499716819905, 0.7705608382385271, 1.2192653906446242, -0.18550803407423705, 1.5931072657396936, -0.17805653010704106, -9.869559163694497e-2, -9.236338435017487e-2, 1.175093441586921)
