seed <- 341
log.wt <- 0.0
penalty <- 2.8115950178536287e-8
intervals.send <- c()
intervals.recv <- c(56, 112, 225, 450, 900, 1800, 3600, 7200, 14400, 28800, 57600, 115200, 230400, 460800, 921600, 1843200, 3686400, 7372800, 14745600, 29491200, 58982400)
dev.null <- 358759.0022669336
df.null <- 35567
dev.resid <- 226022.05175125296
df.resid <- 35402
df <- 165
coefs <- c(6.454319527391154, 5.921214743788022, 5.771238452481331, 5.332749786029199, 5.05146014343533, 4.895813536803387, 4.794894068560908, 4.633773988447881, 4.384808845737305, 4.252636073961442, 4.304619723137898, 4.167835429681261, 4.007063368862377, 3.9825134289574398, 3.7788052769619633, 3.526066959515982, 3.2557345535454862, 2.968916087033313, 2.4970532100727842, 2.0009598662924404, 1.6972669378949499, 0.8572680216443709, 1.073350062609967, 0.45029830370402946, 0.19872253357434583, -1.4411622326417701, -2.04186790451775e-2, 0.9428842752867859, 1.0501120545535518, -1.204548486477047, -2.517035060679575, -2.365213268010567, -0.31950707617475127, 0.7548077010308106, 1.3036009612476256, -1.3062568913747252, -0.4555107802143287, -1.2540967880747966, -2.5809915812504167e-2, -1.2666647605588126, 0.9109989281606015, 0.9180113729720923, -0.836299519752106, -1.9165399324964265, -1.0589795825988242, -0.766892916363048, -0.3425360915811803, 0.24466973924278068, -0.105520263145053, -0.4271694033233905, -0.20087865649711642, 0.9362944225184673, -2.2808953556151956, 1.744839489187939, 0.759367444397008, 0.8717595050626619, -2.049085507162514, -0.14756622939309066, -0.5114782777444363, 1.177072103619969, 1.2632831286684003, 0.8017395364429066, -1.4067734244735839, -0.21806852606871582, -0.9564923481510696, -4.270929062561435e-2, 0.6768970817057524, -0.4694113350123229, -1.736206579515646, -0.5844243717349129, -1.6795183181970077, -0.16221542174227455, 0.5073736630670871, 1.0042471825807628, 0.6868955875798768, -0.6327541755636609, -1.091258307511257, -1.294663006351638, 8.535931716509067e-2, 0.6826252935833305, 1.2919829905456388, 0.16229128211354604, 0.1167809722639785, -1.7592041295362377, -0.3696494141353738, 0.48474053095644576, 1.1643234725971856, 0.38389348773078324, 0.8369228043788973, -1.2581193335276026, 0.45106172360348484, 0.681742059507905, 0.8392309250957353, 0.3819466315221758, -0.22878507828484748, 1.578557712329767, -0.5377169350650121, 0.4357225993810734, -0.15454955506609924, -0.8020770415567244, 0.3288455770721761, -0.777404031547027, 0.8342092527890737, 0.1155315622308695, 0.7704861985034542, 0.813328022197641, 1.188339073724046, -0.605974595131753, -0.8801091547805163, -0.8179625791584035, 0.3475392374593247, 0.5137868552126851, 1.5544881827571113, -0.6453261560300155, -0.31489218445934625, -0.7702940186637213, 0.783569422817552, -0.3659373652063797, 0.1448483125639221, 0.48955952433368577, 0.26569478126161716, -0.5296175442207512, -1.2125715163116821, -5.726368357623138e-2, 0.45790518878107295, 0.7774211344970479, 9.023685932219065e-4, 0.9011386741509899, -0.44522172817254574, -0.35770168178043465, 0.46642304353409725, 0.9410431777191771, 1.0199302356253581, 0.32690926526133224, -4.441608977706716e-2, 1.045952427595183, -0.3831854073394697, 1.0546625255079698, 0.7553576537487686, 0.990040247737252, 0.8241239939546746, -0.6958525056703143, -1.3881277357538016, 0.7829093253309343, 0.6171247686754164, 0.5163241486520278, -0.3186901378985812, -0.5994983585771082, -1.9441643397248205, 1.198695726581523, 0.2693373343671864, 1.1661117926315314, -0.13519111314544646, -5.126658836028339e-2, -0.14289692438228127, -1.8304588484953688, -1.523622563531935, 0.9003252841445066, 1.1853496772454433, -0.24648492244266582, 1.5167230226383888, -0.470859944187587, -0.16426541147861878, 0.11250941927851346, 1.2347980558526641)
