seed <- 135
log.wt <- 0.0
penalty <- 2.8115950178536287e-8
intervals.send <- c()
intervals.recv <- c(56, 112, 225, 450, 900, 1800, 3600, 7200, 14400, 28800, 57600, 115200, 230400, 460800, 921600, 1843200, 3686400, 7372800, 14745600, 29491200, 58982400)
dev.null <- 358759.0022669336
df.null <- 35567
dev.resid <- 226385.02263047957
df.resid <- 35402
df <- 165
coefs <- c(6.582515962655694, 5.779966844380058, 5.668738404067799, 5.2474188460346625, 5.070106121722068, 4.872536394035325, 4.7334174757529635, 4.653991333552643, 4.353649263814061, 4.247669297952901, 4.334900800755413, 4.15310714952145, 4.016048213801923, 3.9511140811668635, 3.7853803310883465, 3.514314886113691, 3.245434020117954, 2.9201789098183473, 2.5079524634863617, 2.0776852335794436, 1.583368197922261, 0.8985226772876729, 0.9796529858822243, 0.49093194488267133, 0.5928300905494953, -0.9313266761576433, -0.2574311566030359, 0.9476915300372963, 1.0307335409278429, -1.162764948257191, -2.5905988274539844, -2.6617819884473177, -0.3406980087392967, 0.7413898294884755, 1.2197262123061052, -1.4473424434310047, -0.8931611852525779, -0.7650737472364981, -2.801807903301776e-2, -0.8958904910511194, 0.9513109565567835, 0.8915799258408855, -1.0002711257149288, -2.0386595444012094, -1.0975362859657007, -0.6712110695483823, -0.30702852494395394, 0.5187032747547566, 0.721443101035757, -0.9355038028895042, -0.42752944663798653, 0.7884933033134607, -2.3672628346434434, 1.7017176133322287, 0.8243642962108984, 1.2817924484342713, -2.372919318594571, -0.21993111723180564, -0.43164531430852543, 0.9815542262626233, 0.8191389571639047, 0.6222346589389981, -0.95219611264258, -0.9703381160918476, -0.7740683739984714, 0.11400242658324036, 0.7149819106850483, -0.47275288484967687, -1.2247601558732588, -0.5987991197836987, -2.265443441864523, -3.735174531304942e-2, 0.21916138968782733, 0.9901399071010923, 0.6300348131172673, -0.5655282876650879, -1.4020270849472791, -1.7134731590202859, 3.7896945441068926e-2, 0.8879106353717938, 1.2569567472783003, 3.241945781821211e-2, 0.1501260066415035, -1.2132461679712965, -0.7591482865194502, 0.1671020894678718, 1.175837232678043, 0.4417651433753297, 0.8374955429630926, -2.086579558361564, 0.40530807348732983, 0.8631635645760388, 0.7748925658466131, 0.3048195270718719, -0.11852369045959758, 1.3237841027616744, 0.38570874357692214, 0.5552623918296978, -0.31074604127469885, -6.786938423390328e-2, 0.422249258705735, -9.440304396850249e-2, 0.8232605980557505, -0.5715566254648143, 0.9428335972956011, 0.8455549431836759, 1.0854034735315217, -0.481051641166629, -0.7401545822957842, -0.6210375739127049, 0.3807780795087006, 0.4782803139785674, 1.5578117618320744, -0.6102466779978095, -0.21223763574712862, -1.0944402478047208, 0.9052665757747613, -0.21934119264137011, 0.5055132526534295, 0.5305175895361742, -0.4698324534164438, -0.4934545968939774, -1.2773478518043144, -0.5289643381298793, 0.26210192488025924, 0.8555869498391473, 6.992537738071324e-2, 1.2095488782784516, -0.8195316862467904, -0.40877963058198513, 0.27542217213697995, 0.8752936208936707, 0.7748760585640729, 0.33652480180793753, 2.5534183747246e-2, 0.9724558218568505, -0.31702325153726246, 1.015549210279269, 0.7696444183679938, 1.147387699072442, 0.8311075115712572, -0.6651235294972582, -1.054196564699783, 0.6839957346245168, 0.42116802758276023, 0.36927033949296256, -0.1260476582302227, -0.4611647917522593, -1.7119995874150944, 1.3289401201034297, 0.18359227835414493, 1.4007256257436143, -0.14008898798225478, -3.9520775564964784e-2, -3.900656687538272e-2, -2.2257884958341134, -1.07202986067651, 0.7058622084517047, 1.1671320371745517, -0.13893070363739995, 1.5106781466760075, -0.23990885837285167, -2.5866309067041647e-2, 4.8662439491038184e-2, 1.2844774456353183)
