seed <- 699
log.wt <- 0.0
penalty <- 2.8115950178536287e-8
intervals.send <- c()
intervals.recv <- c(56, 112, 225, 450, 900, 1800, 3600, 7200, 14400, 28800, 57600, 115200, 230400, 460800, 921600, 1843200, 3686400, 7372800, 14745600, 29491200, 58982400)
dev.null <- 358759.0022669336
df.null <- 35567
dev.resid <- 227006.4227959109
df.resid <- 35402
df <- 165
coefs <- c(6.823957979997479, 5.6570730983240995, 5.6768414091968795, 5.464815548028114, 4.99963392320971, 4.878667302366784, 4.726982000940203, 4.5908925212215745, 4.33716958175397, 4.28039909641951, 4.265075739149256, 4.135257660180046, 4.010675692435117, 3.9548714803721965, 3.7409599117654775, 3.508288994096083, 3.2500814810918732, 2.967983333541252, 2.4523054866961504, 2.071565210880875, 1.5976048333937485, 0.8606731141003854, 1.1837494858900157, 0.34255196576602875, 0.521171872371936, -0.8669276892722233, -0.5480626185832865, 1.0062332113253318, 1.075669089138309, -1.5838996434514667, -2.0658866084081366, -2.1994231844042145, -0.47209283672031654, 0.7624527263582187, 1.537956948870826, -1.1813653225799836, -0.25498681688025887, -1.4760108664153095, -0.26459821598017563, -0.8212967492484824, 1.0745616495701238, 0.9424549462548378, -0.7606843166920605, -1.55855582008266, -0.7581928670511204, -0.8116187855799956, -0.5335655160409875, 0.27918423600089337, 0.7850701929983446, -0.5739770722972106, -0.1447000172079909, 0.9929182320183968, -2.9847686455138316, 1.6108555174317951, 0.7810120980860222, 0.96699695361083, -1.943823985563549, 4.373169902524135e-2, -1.2039310871285902, 1.1162160956341536, 1.3627140703662208, 0.8495516499761043, -0.8682999799790556, -0.8959751427857684, -0.6124945362122355, 0.28009918438324, 0.5278411432205432, -0.6223345199859656, -1.822919067862464, -0.6850141156110712, -2.708850520835758, -0.5520364249042348, 0.49893775392218687, 0.957466450044258, 0.7130144789286648, -1.2789838841537728, -1.3727142194967308, -1.5939861198564234, -0.10211864002400228, 0.7058462243937572, 1.2482283151166758, 4.1692517532619454e-2, 0.49371047572570936, -2.155766198508774, -0.6052082220924166, 0.5348060978779171, 1.1427228194931383, 0.2798594082503949, 0.9227041637137766, -1.5875743074794724, 0.3660407037028786, 0.626107959530274, 0.8744121041961538, 0.3439944875293523, -8.475416514983973e-2, 1.3589954457374178, -0.17602052114534653, 0.5254180857362303, 7.868012897563322e-2, 0.2356460853586059, 0.4937867971398133, -0.36530755329608605, 0.9031318956924692, 4.9960354060909234e-2, 0.6494907934681976, 0.8143296636696135, 1.319103701683516, 0.5415330093239521, -0.5482467139605726, -1.5947798181426691, 0.3287809912269211, 0.8037499252898718, 1.6811982421066547, -0.7854137803682452, -0.21141249292387487, -0.987549932378888, 0.8013395927651978, -0.2730328836427944, 0.6530946384877463, 0.6560781432223116, -1.1961010108348527, -0.17406515617300156, -1.4015491389767079, -0.5473739224964513, 0.44931681463362944, 0.9468243832232887, 6.0298971878648e-2, 0.9459885159543061, -0.5419395550449739, -0.39684556905448043, 0.4436380924055945, 0.8759033396017897, 0.6089901364590491, 0.43521720853408874, 3.839896886111518e-2, 1.0635469224810508, -0.24098119752644287, 1.0552211784610184, 0.6684924789303514, 0.9349854356992848, 0.8492406843621539, -0.6361592785762938, -1.1646751151784032, 0.7012085390936985, 0.13155353440673312, 0.5597865917356469, -0.1799139009649563, -0.4889823316294005, -2.1131367716327705, 1.2648614093662474, 0.10525656817294894, 1.216125798479835, -3.850848498934198e-2, -6.420357575072096e-2, 6.452306127023721e-2, -1.9825028283872514, -1.1278742756110312, 0.8235145183961484, 1.1055264842065904, -0.34934175440977516, 1.6268586140797432, -0.18413521466898247, -0.2719718016359728, -7.814778487761696e-2, 1.1547653073233712)
