seed <- 866
log.wt <- 0.0
penalty <- 2.8115950178536287e-8
intervals.send <- c()
intervals.recv <- c(56, 112, 225, 450, 900, 1800, 3600, 7200, 14400, 28800, 57600, 115200, 230400, 460800, 921600, 1843200, 3686400, 7372800, 14745600, 29491200, 58982400)
dev.null <- 358759.0022669336
df.null <- 35567
dev.resid <- 226489.89819565564
df.resid <- 35402
df <- 165
coefs <- c(6.668521058284035, 5.826197976448711, 5.681194040864355, 5.286916073872651, 4.999590182605417, 4.829043578586455, 4.786939178803332, 4.599956709194129, 4.4142650712494955, 4.266621974757129, 4.3192176108206635, 4.173486932806262, 3.994932643232369, 3.973036493472429, 3.7337427568660737, 3.521379371112343, 3.281905497067226, 2.92318054914355, 2.4937457210969973, 2.0664043640094674, 1.527350041565411, 0.9313105816960412, 1.011409340187629, 0.5150205185072821, 1.2500370121938418e-2, -0.7934817963419759, -0.3382381119798198, 0.9338186093447364, 0.9723729449871876, -1.9730234504503328, -2.0755661553175537, -1.5145568549390886, -0.4393946005080851, 0.8129092923348759, 1.2962631455370914, -1.079805974331852, -0.6972460797068591, -1.0898336215799762, -0.291621023004827, -0.812808798892135, 0.8615700150151189, 0.904040178749951, -1.0205384168144231, -1.9456317532955802, -0.8882385061415433, -0.8532643375609948, -0.46153535222805336, 0.3982852955797651, 0.5598309855328214, -1.3895783245801105, 5.284404044738841e-2, 0.8506729841525179, -2.3125680919278917, 1.836421776950602, 0.7489633890436076, 0.9279522530557379, -1.8322260127847017, -0.1562409105561217, -0.2358194997784011, 1.449217874941293, 1.004402470644746, 0.8556505328479928, -2.0796144106742815, -1.0868543102246295, -0.6021264651558029, -0.12677075556748665, 0.5449498413646643, -0.46319834651527714, -1.4074903768180462, -0.6651071842780882, -2.5818959996928377, -0.5518905446450827, 0.6225117806215915, 1.0056546601524998, 0.7844228983645661, -0.5308575930598832, -0.8488009044337942, -1.0928944928016184, 2.519409855421245e-2, 0.5731313264326662, 1.1510009626749895, 0.10276733831608938, 0.1885722529326165, -1.364572497480331, -0.20391205743239482, 0.2949504330962232, 1.297393400230437, 0.3136865351368711, 0.849910050372058, -1.6839517593827544, 0.5784331734477148, 0.48929158560172437, 0.6538919105047784, 0.36142564220521617, 0.28530949277515544, 1.3162285561344151, -0.29567402523759534, 0.255339332794531, -0.11805448030264888, 0.1721063207435954, 0.3495552709569243, -0.3323887178294588, 0.7781460858676391, 3.929535553599358e-2, 0.641705122559683, 0.8455324949220351, 1.0068512805471654, -0.843902500928459, -0.34260062167919086, -0.5084138582321427, 0.5583266570498385, 0.7001671692460371, 1.5074834945747773, -0.4825434747785576, -0.26664057104590194, -1.0724951745776352, 0.7942239661901404, -0.3317413549887634, 0.3736014367091751, 0.49164214190192673, -0.854292025136448, -0.32304331035399747, -1.0807354165558114, -0.6482386282135276, 0.25032102580334836, 0.9219588671660661, -1.914853568125124e-2, 0.9202074027658951, -0.4776057881112044, -0.39274073553748934, 0.39786005187701373, 0.9343067649219683, 1.005671054441289, 0.41813798365881116, 0.15836735631705925, 1.0038090315249346, -0.3365146639421471, 1.0609131463940242, 0.700184199913833, 0.8447805839040596, 0.7609309615175522, -0.6817871499095366, -1.2174339253052746, 0.5893979364612727, 0.3809706128401188, 0.5167404420585445, -0.15857515450472012, -0.30448199427952327, -2.1344545656723968, 1.302258470308336, 0.1339619481854531, 1.0958058860523119, -0.18432262741784203, 2.6936323356645676e-2, -6.318222356133951e-2, -1.8539275710622003, -1.1921624650100209, 0.757877526479585, 1.2154842446127736, -0.5910193254790123, 1.4432518894226796, -0.3340197887587505, -0.12793905751791132, 0.10541773597909236, 1.2275249883342203)
