seed <- 1096
log.wt <- -14.42376927539214
penalty <- 2.8115950178536287e-8
intervals.send <- c()
intervals.recv <- c(56, 112, 225, 450, 900, 1800, 3600, 7200, 14400, 28800, 57600, 115200, 230400, 460800, 921600, 1843200, 3686400, 7372800, 14745600, 29491200, 58982400)
dev.null <- 358759.0022669336
df.null <- 35567
dev.resid <- 225284.18935265468
df.resid <- 35402
df <- 165
coefs <- c(6.676140842271278, 5.7326419977565735, 5.710109995434462, 5.375308841363542, 5.068075032200255, 4.86187377638638, 4.681940974583259, 4.679376039868265, 4.426834868114441, 4.252636130301411, 4.372560577664512, 4.1943243317173415, 4.044655301021177, 3.974404457278623, 3.773083744425865, 3.5246950930534924, 3.247565218437837, 2.968511838582506, 2.4818841720495826, 2.065977572179582, 1.6605955820505363, 0.9000373930704991, 1.0212738257363212, 0.47005352687881785, 0.1698027364429421, -1.0567679186229186, -0.29828422408297084, 1.0048701264008775, 1.0751696481726845, -0.8596809443709645, -2.4484318611406395, -1.3791530808759804, -0.25046418222744454, 0.7945792776198203, 1.1487354735008326, -0.478705662603193, -0.3542010592119564, -0.31869482026923746, -6.640546002699703e-2, -0.6488384089793671, 0.9631697597082779, 0.907343749738707, -0.7645210527428907, -2.2936739416356757, -0.9059063447777418, -0.6655118108228629, -0.740184031688742, -0.4295703519490913, 0.41650009363143997, -0.4996136051962892, -0.10541032234765149, 0.5286086490562881, -2.8489961330997864, 1.7237675800602033, 0.8331264257220168, 1.1198443394661133, -2.485773259397152, -6.913244531392951e-2, -0.6159385545209332, 1.5126588101840657, 1.1575004771944506, 0.5629475018194092, -1.8149341154144512, -0.5655920721022244, -0.38840661708145824, 0.11256641492621536, 0.7362141086915582, -0.36295316303331016, -1.4632777750659833, -0.6779027769544795, -1.2295835337384033, 0.1073136305663197, 0.6262989706617899, 0.8771985761403682, 0.6708946725419389, -0.8249474251822924, -1.1977517826228927, -1.1081492023687183, -0.10667000186461204, 0.5983038216339246, 1.1640246712920663, 7.036492188064618e-2, 0.18261432354744941, -1.7966009213800758, -1.263764500956016, 0.19789671314371798, 1.3092170682760538, 0.38023791342096896, 0.9637352725169117, -2.8259114738053968, 0.3769656484447347, 0.6788457943595441, 0.8186766310071142, 0.35907593947909655, 5.84692831409524e-3, 1.283216907718589, -0.6805681731152756, 0.4178541390351614, -2.744750035684814e-2, 5.310994940098705e-2, 0.41401871460773876, -0.34552842906842907, 0.7206820059132375, 8.863190795355258e-2, 1.0158525371227836, 0.8424961757249833, 1.0487601222308451, -0.3686818672413992, 4.472876079178372e-2, -1.2881588107809716, 0.3400350082758336, 0.4277469466310401, 1.5937529925496396, -0.3676458921601457, -0.18469114903730768, -1.256541659670085, 0.7887136345830347, -0.3005407975184985, 0.3524677352634806, 0.4499466690300596, -0.6008789496015606, -0.48001174772210176, -1.1934831262145327, -0.5071533482345685, 0.3469927440404152, 0.9119319106290114, -1.8239633331042934e-2, 0.8820697699013456, -0.48843791671694836, -0.5470384069413776, 0.21385674238145744, 0.8136782737893976, 0.7889616239981931, 0.4212000332924202, 4.409946645716115e-2, 1.051137692808651, -0.32355261964117726, 0.9970163924563494, 0.6816085045376803, 0.8667550164785698, 0.739301251985154, -0.6398804945761726, -0.9886371581919745, 0.5113240811855173, 0.44361859988295027, 0.4629009814570001, -0.16809634949927602, -0.6668550278294936, -2.1443971956078762, 1.198244673600011, 0.18520649141775472, 1.1133916989753068, -0.1861791765368561, -6.654697564787776e-2, -0.3992118728344629, -2.07463309617903, -0.7479985797187055, 0.7032489577034262, 1.3098148823917177, -0.23232499539084278, 1.5462652164576043, -0.3439547796368312, -1.1249486610477014e-2, -5.552050355322689e-2, 1.2534699287319249)
