seed <- 519
log.wt <- 0.0
penalty <- 2.8115950178536287e-8
intervals.send <- c()
intervals.recv <- c(56, 112, 225, 450, 900, 1800, 3600, 7200, 14400, 28800, 57600, 115200, 230400, 460800, 921600, 1843200, 3686400, 7372800, 14745600, 29491200, 58982400)
dev.null <- 358759.0022669336
df.null <- 35567
dev.resid <- 225005.654152665
df.resid <- 35402
df <- 165
coefs <- c(6.481724933695533, 5.845593838891318, 5.854204529916582, 5.385550181852441, 5.106263993935139, 4.837071817459401, 4.788316546983141, 4.708439004606879, 4.402124659811238, 4.274508045797302, 4.291505710910727, 4.171928738045683, 4.05036639801998, 3.944435344063752, 3.760314102709394, 3.547110800799723, 3.28259481763247, 2.960438009224611, 2.514996955910967, 2.0853000467992096, 1.55062228568367, 0.9336134358693449, 0.9785403828977315, 0.36728653828832836, 0.8176601737807995, -1.2358434160975402, -0.13716998931008662, 0.8986370634979562, 1.0358835179714028, -0.8998079947475343, -2.3335962338185956, -2.3415113517920734, -0.6298000406111834, 0.8101527241985149, 1.220360165426649, -1.3872022523514462, -1.087642298842912, -1.8340320385419586, -2.110309797882034e-2, -1.3094431144040724, 0.8927935438645133, 0.931503764179966, -0.975680409659184, -2.143449708391389, -1.032792705871767, -0.8677744490290469, -0.4327695460093966, 0.4555560125280637, -0.19321015302975902, -0.7390694282594495, -0.4390448977293448, 0.9506014174843621, -2.574406197188712, 1.640532603124272, 0.7707727540420595, 1.0357851715700004, -1.6981704697290136, -0.18145289392567987, -0.7794482660287619, 1.3398464904169551, 1.410263173216495, 0.8540783321551708, -1.6480222084907132, -0.20686037732015317, -0.47950792081434407, 7.98444785737172e-2, 0.5742384734500121, -0.4301351149656602, -1.1325516516663972, -0.6749532118405985, -1.6551166593123472, 4.905425715853986e-3, 0.3453588994080288, 1.0642915829721329, 0.630113082421978, -0.7736387170716003, -1.390318843768735, -1.091293110857239, -1.111514640154849e-2, 0.7407927132291143, 1.2348037511684704, 3.142680011266406e-2, 0.16238175730031626, -1.8156453581776217, -0.45861903589327396, 0.48566686867770614, 1.2404411354655216, 0.5583307685517022, 0.8822618138331161, -2.371652211351035, 0.4023908050950335, 0.6439987307109916, 0.7692790096730976, 0.44307548239931216, 0.19755856298663452, 1.5259047750270138, -6.326347457973194e-2, 0.5255320162874856, -3.960305911985322e-2, -0.40869288950735383, 0.4997742841050197, -0.277633549512655, 0.9766707037955238, 0.14391348470828969, 0.6876800504919003, 0.8580712077376967, 1.0740047792385505, -1.034758810436698, 8.595448764795743e-2, -0.9272619576250892, 0.41870244134681084, 0.7968992238921838, 1.5691041441259164, -0.4729668086949795, -0.17760893336564124, -1.2351803808448953, 0.7347291425135504, -0.3047343848458803, 0.38779427433098684, 0.8166869579247827, -0.7665975547513738, -0.3145344384088348, -0.8480023678924271, -0.6628922216298598, 0.30622065520673464, 0.804696885582121, 1.4982676338032434e-2, 1.08001106565166, -0.7445691387148284, -0.4153518144774805, 0.2800363514372104, 1.0293270049204926, 0.9128361099982043, 0.608548597647348, -5.3593569601033085e-2, 1.0374871265916947, -0.4898828295202331, 0.9204781548468126, 0.7860521944493588, 1.0483578387754626, 0.7191468949312213, -0.6462797299804951, -1.2353809850058486, 0.8391322959192841, 0.4854984685275296, 0.57794724712916, -0.23690575770946554, -0.54871130580604, -1.7582197013307237, 1.2361353967421826, 2.720133292784469e-2, 1.2292833061814643, -0.10314230935276095, 1.4206833781718636e-2, -0.19796081726180859, -2.1410390797750543, -1.4882387954819836, 0.9346766340638704, 1.134188288597354, -0.331716974278795, 1.506297533515931, -0.4998376078857138, -5.430821685298108e-2, 0.2281342451668872, 1.195387467167657)
