seed <- 1001
log.wt <- 0.0
penalty <- 2.8115950178536287e-8
intervals.send <- c()
intervals.recv <- c(56, 112, 225, 450, 900, 1800, 3600, 7200, 14400, 28800, 57600, 115200, 230400, 460800, 921600, 1843200, 3686400, 7372800, 14745600, 29491200, 58982400)
dev.null <- 358759.0022669336
df.null <- 35567
dev.resid <- 225429.99515350471
df.resid <- 35402
df <- 165
coefs <- c(6.748430590916765, 5.927752187458291, 5.708655906378632, 5.450603583151157, 5.125035417831996, 4.808523826460182, 4.75361758117605, 4.656749040414023, 4.377198748051687, 4.263650414859156, 4.29281846760007, 4.1865115706536855, 3.996144078983717, 3.9617933120135107, 3.7767167957133765, 3.5300667002192934, 3.2516971517358635, 2.9469427601933478, 2.459538990129531, 2.0826295844181564, 1.6012535896039188, 0.902539821700566, 1.0746376681223693, 0.5310066792822531, -0.2618805408249038, -1.4582574203034941, 3.3750897912875506e-2, 0.8590951653114616, 1.0895560018760004, -1.163306971162293, -2.5550170711330917, -1.898406378337025, -0.529711061118179, 0.7856978057346992, 1.4382837472020091, -1.3876989407868565, -0.25764012299567557, -1.2548977085236614, -0.20136989878549577, -0.22737128668032955, 0.9945769280230135, 1.0307525188850746, -0.7028017104931326, -1.971268628768156, -0.6808681226685181, -0.7261577204453401, -1.399441543366575, 0.43330285453161693, 0.4759727639620921, -0.4029391263622881, -7.873121719836791e-2, 0.7416416402585819, -2.4665316681174043, 1.6762455538972307, 0.8757718876946777, 1.0323097860569512, -1.6607793612053636, -0.25570699984126877, 0.1651942776662379, 1.2390241243806195, 1.0681860646327708, 0.777472168565327, -2.12274899902496, -1.1123130027512682, -0.858930864030211, 6.362363598382156e-4, 0.6676746033085992, -0.7069801489150679, -2.391250568510816, -0.5262543055620587, -1.8826027767974578, -0.9895032864071471, 0.7756692867727609, 0.9813567289112743, 0.7150824250928253, -0.7002640847392935, -1.1155688690921068, -1.3299521745924967, 6.224214812749068e-2, 0.6512277648904353, 1.2149139355004688, 6.773600414087398e-2, 0.24129897835437983, -1.1896908494258238, -1.1229389465329565, 0.3192556035828194, 1.3336863279656728, 0.252618190460428, 0.9819386668815373, -1.671639746342454, 0.24782544845301485, 0.6711036226122783, 0.8212195499569294, 0.4185271178967574, -0.15203566896389203, 1.14737794458425, -4.951895910259124e-2, 0.3285692228290648, -0.24466296995797185, -0.18458277543678892, 0.3365108802514852, -0.5682029338035149, 0.8629219500561515, 0.20904426103561807, 0.7904480400107153, 0.8336785167859809, 1.1013548161731948, 4.1500191066457713e-4, -0.2593027984092711, -0.6829163284054601, 0.5367191596472416, 0.5969820697045045, 1.620501974198602, -0.4759310581654361, -0.19129510758049276, -0.9136541862979645, 0.816715591335931, -0.3848944992678556, 0.4166231456276054, 0.6038533818919304, -0.5439038316489996, -0.3726859522090274, -1.2374562909793463, -0.4999628077783147, 0.260791922160025, 0.7477740594093761, 7.696740163319417e-3, 0.9255766787222832, -0.35966563534385443, -0.40607851432762415, 0.4171826669808841, 0.8701321501325093, 0.8336570115919733, 0.29973438851700973, 3.5867260645251746e-2, 1.1241746190721615, -0.35819073733367807, 0.9584664672041568, 0.6998742140773083, 0.8753311190519031, 0.8250298630823337, -0.6675768303845331, -1.1708275513435291, 0.6537088274581196, 0.5650570602505456, 0.674229739017799, -6.231332536379646e-2, -0.4455948800117865, -2.0638088608481273, 1.219964526921578, 0.24267324060998663, 1.126864948340756, -9.610777187878355e-2, -4.151039643031034e-2, -0.24966775965519528, -1.9119278875521553, -1.2233569876957509, 0.7910786843805686, 1.292176630045994, -0.40442284740934825, 1.5791546260306655, -0.4248064786111008, -0.2175663432838875, -1.148838392050406e-3, 1.2500555408390988)
