seed <- 883
log.wt <- 0.0
penalty <- 2.8115950178536287e-8
intervals.send <- c()
intervals.recv <- c(56, 112, 225, 450, 900, 1800, 3600, 7200, 14400, 28800, 57600, 115200, 230400, 460800, 921600, 1843200, 3686400, 7372800, 14745600, 29491200, 58982400)
dev.null <- 358759.0022669336
df.null <- 35567
dev.resid <- 226390.52429620028
df.resid <- 35402
df <- 165
coefs <- c(6.477411595133291, 6.019283584703979, 5.791207352175658, 5.42420986768601, 5.000253551883474, 4.843526613757117, 4.734560553496719, 4.675011728397987, 4.305663921167653, 4.241166111565221, 4.280916981017466, 4.157583884192513, 4.043480196279201, 3.9579632080383087, 3.763599120296546, 3.5459982294852344, 3.2313686302260147, 2.9480712124900665, 2.497755268195063, 2.121252491964024, 1.721283769980829, 0.8751671898780999, 0.9155466712994001, 0.46107211052560765, -0.13161531122999873, -0.8998790823404943, -0.24530112745948554, 0.8759113735408347, 1.0100902685132727, -1.498776286989996, -2.7634742029195465, -2.7175077564739145, -0.3569592601147989, 0.7485345387148148, 1.2027739387831047, -0.6596616004087348, -0.6146765149052811, -0.7361324234440766, -6.175184620549423e-2, -0.8417587455346031, 0.9013564261708163, 0.7146908314287047, -0.6296412508734299, -2.556119460687496, -0.888408371313093, -0.703014953486792, -0.11037176925636573, 0.1714551450270029, 0.3076684611198003, -0.7512203615573487, -0.10343516123086612, 1.0399208005045657, -2.3488036541716473, 1.5512788110436828, 0.8070582296892769, 1.216596342772262, -2.0816042327394064, -3.180421655064073e-2, -0.3102605215023507, 1.1301592750535678, 1.1069773581745668, 0.5695013773689866, -1.5990519801987952, -0.7338386111049877, -0.2877264677673897, -0.13328453246828956, 0.721585498412203, -0.5861397947445699, -0.9727096962792094, -0.5475000596516123, -1.9138795794469539, -0.6053043698570021, 0.5489392580820234, 0.9117156887803186, 0.6797642094668799, -0.5866995986516658, -1.6383313205895471, -1.5235180803394976, 4.2646703029110264e-2, 0.7279309743252571, 1.2125262594789523, 5.29963716814282e-2, -2.1708495653812294e-2, -1.8394137855884565, -0.3405483647290144, 0.4490345648130874, 1.2347046466286768, 0.3547599303003583, 0.7938330389813933, -1.9173659540543306, 0.5390301372455614, 0.8397679972677441, 0.845328416761858, 0.30573815461660914, -0.25417535999083896, 0.9290992594545563, 0.7501412540794591, 0.16013801806177896, -0.10810266161414706, -4.69785692695465e-2, 0.4143285768159688, 0.35849578183826203, 0.8385695803053391, 0.5009505937016941, 0.46753998266196994, 0.7894889112847173, 1.1463664755402445, -0.1658942717055789, -0.21690456377833503, -0.9564172009704315, 0.4398089889615361, 0.5729773939434181, 1.5224513119020366, -0.5430982741059024, -0.21797292610031735, -0.9006146725432009, 0.8020036986017007, -0.2282012405335399, 0.31522633319183263, 0.3576147494613542, -0.7832768322100323, -0.22496414636107004, -1.1507921377059376, -0.45548345218939645, 0.3009720245997666, 0.8659047477749867, -3.906771906622626e-2, 1.0746736671676689, -0.6506010254684957, -0.45644619066196607, 0.21908094267611322, 0.9084915280908004, 0.7483478916109204, 0.3384652986506731, 3.134513488063118e-2, 1.0449227106310375, -0.4836369188483206, 1.023224796193093, 0.7111537981788215, 1.0122786323544346, 0.7500940879085022, -0.6885238363363362, -1.0858627475082092, 0.5810636826564249, 0.16003578255183, 0.4161680280874009, -0.2413708394097819, -0.5790885522754218, -1.6638287537258267, 1.3101100791421265, 8.917329334614184e-2, 1.3054675345753182, -0.35300644590071284, -0.11643466895499119, -0.10273588813216505, -1.2686817227095426, -1.5350884187659346, 0.7235902389111806, 1.1241827738867254, -0.6446446798945971, 1.4792954681196042, -0.20766191946282872, -9.906114124691293e-2, 8.271594228481936e-2, 1.2257965864026865)
