seed <- 1022
log.wt <- -11.20761100783833
penalty <- 2.8115950178536287e-8
intervals.send <- c()
intervals.recv <- c(56, 112, 225, 450, 900, 1800, 3600, 7200, 14400, 28800, 57600, 115200, 230400, 460800, 921600, 1843200, 3686400, 7372800, 14745600, 29491200, 58982400)
dev.null <- 358759.0022669336
df.null <- 35567
dev.resid <- 225597.93958136372
df.resid <- 35402
df <- 165
coefs <- c(6.731108295474249, 5.835581725674967, 5.8559638698289085, 5.3894440495393425, 5.015323637126667, 4.97967842539823, 4.842798549686592, 4.69194396355922, 4.349274662868644, 4.331355851822421, 4.316991756540395, 4.171259177304805, 4.033920327879912, 3.983378311263626, 3.7371606314071184, 3.5571800506931504, 3.2425000873941006, 2.933385162518412, 2.477198846863478, 2.0861323623329717, 1.5031872008966158, 0.898252644924322, 0.9439946628328495, 0.28463278631716205, -4.277896123963798e-2, -0.8868405877338337, 7.71238469307301e-2, 0.9351979978285445, 1.0818469609139294, -1.168778250874902, -2.1668774739999823, -2.8427971726413817, -0.5489241725910201, 0.7534592712100179, 1.0452839947201022, -1.4994656728168199, -0.3348550632234471, -1.7495695259253807, 8.99773046292188e-2, -0.5873058530703754, 0.9107980912717764, 1.0987628818571102, -0.8396997555790289, -1.7533066168803526, -1.4671048458577296, -0.9346787948055375, -0.5395763690859476, 0.3551497793002426, 0.5293131859103674, -0.45207623896708404, -2.3670786883417867e-3, 0.945167289445318, -2.903737046977003, 1.7448013143147132, 0.6186921077351527, 1.1190847398924058, -2.000149034699052, -0.11022260438639712, -0.20804719913985936, 1.6012819470422208, 0.9119498466259803, 0.7433478847529851, -2.072225084900267, -0.16106877051487448, -0.5600231655999395, 0.26780944766211107, 0.602291323634202, -0.5384491318637115, -0.8515901175762908, -0.620624933226806, -1.4152475764575028, -0.7553896555920383, 0.7023205692322138, 1.017491797383978, 0.699445602672421, -0.9027362630300401, -1.1725686150371322, -1.1800112361845214, -0.17330776450632998, 0.7370525409019438, 1.2174194073152593, 9.941167109229095e-2, 2.2750976470904242e-2, -2.2206916530020098, -7.047751808190472e-2, 0.3075394297961339, 1.284273953685362, 0.30351798685568454, 0.9491174530414634, -3.062539128312762, 0.5286522336623505, 0.8662097552200458, 0.8539539538345952, 0.303231500924442, 0.16868868041995314, 1.5268222373791054, -0.685603169498021, 0.24055448058576256, -0.3708030265076673, -2.970846390768648e-2, 0.5901321601675998, -9.185913951896374e-2, 0.7464081430848181, 0.17374873463866794, 0.713528650023031, 0.8120343583854733, 0.9744229312770144, 0.10548815247160102, 0.21471171815538692, -0.8100568939115249, 0.5168817513527973, 0.5381571389167997, 1.591048717675112, -0.6034844579397322, -0.13136581385875193, -1.2106352595965666, 0.7633457127422658, -0.12610418045073218, 0.41705837670302254, 0.7843890203513671, -0.8222797181573047, -0.26814389400588146, -1.3493976235475178, -0.8171238869354627, 0.4230226158524288, 0.9153409521977338, -4.38138437529699e-2, 1.1217649059328387, -0.5185600874924897, -0.42097948731524293, 7.711518597514352e-2, 1.0725708537772158, 0.9267811748598129, 0.38377124351042474, 1.9868510620917046e-2, 1.1745975025933237, -0.3638047060316041, 1.0988579656922888, 0.7203849633624584, 1.0329900279392334, 0.7867348801484889, -0.610614940450394, -1.0578933771629473, 0.7562649359271588, 0.19417078775548824, 0.5881637867784056, -0.14686813652544972, -1.2146051370126794, -2.0862523850730468, 1.243340698670838, 0.18285402907971093, 1.2711806729438366, -0.14563368811802058, -4.316450590147525e-2, -0.42855028655272015, -2.01105273115519, -1.523252852338912, 0.8858185177360142, 1.2540899802776972, -0.1840895411685751, 1.5404199197960613, -0.26224104756412964, -4.4218148861714386e-2, 2.315680351303724e-2, 1.1969793422706982)
