seed <- 313
log.wt <- 0.0
penalty <- 2.8115950178536287e-8
intervals.send <- c()
intervals.recv <- c(56, 112, 225, 450, 900, 1800, 3600, 7200, 14400, 28800, 57600, 115200, 230400, 460800, 921600, 1843200, 3686400, 7372800, 14745600, 29491200, 58982400)
dev.null <- 358759.0022669336
df.null <- 35567
dev.resid <- 225228.81737449093
df.resid <- 35402
df <- 165
coefs <- c(6.585380622832146, 5.76766071631041, 5.6890509981529505, 5.421369603265386, 5.144890832240461, 4.816868625352492, 4.806837764938431, 4.647619683899182, 4.32268751703429, 4.29244453155512, 4.292532128115325, 4.189983793653733, 4.040097491472463, 3.9550239888202547, 3.751181832237536, 3.5391646524967624, 3.2627678363437504, 2.969326473353133, 2.49667418521044, 2.101718420081593, 1.5330753862488247, 0.9264782909824386, 1.0101026108090496, 0.471217970481735, 0.4955575942630629, -1.1789121318314078, -0.24034829824750015, 1.1774903772572767, 1.100472332817433, -1.4302720695402082, -2.5328629081769187, -1.930763724500867, -0.2066314115417026, 0.7869386004155634, 1.3736493409089268, -1.532801253733928, -0.1575803680597561, -2.9854734261591873, 0.13990080064224256, -1.1870176333211593, 0.9950833455492958, 1.0109511980305634, -0.969348961555424, -1.8208789838895514, -0.8693973510028533, -0.9030451947685905, -0.49046679510836555, 0.2799304348428322, 0.7137654675060683, -0.4809566808721359, -0.15736925035019209, 1.2174287738427068, -2.8166503804381597, 1.6834393528685045, 0.8522476719943168, 1.046379258118028, -3.0218208576713956, -0.2884095243610889, -0.3977888576579963, 1.659092222886081, 0.832663872130951, 0.9567328953189997, -1.4790170142634955, -2.372380740454527, -0.4147836347350416, -4.195873239609651e-2, 0.7776897317666721, -0.32424023713129474, -1.2785078970580064, -0.642272714252641, -2.228910870792697, -0.4493371220108949, 0.8625484204069681, 1.057851596160524, 0.579149649195038, -0.715502560813877, -1.4392003506226634, -1.2883164786095809, 1.5322759677917103e-2, 0.6609826982998795, 1.2543767171097464, 0.19432996105681388, 0.17512096940862734, -0.9131373186293131, -0.3260196484576435, 0.7085658509768515, 1.1460036529277946, 0.48712736267427664, 0.9236487495094556, -1.5284779299219835, 0.4677024929604917, 0.6783677927773504, 0.9313961654689183, 0.3326736744585622, 6.024954650319718e-3, 1.2942495702208263, -1.307236991226513, 0.7481266823009819, -0.18790863453916404, -0.10498684521649249, 0.19710687806801516, -0.5816532847665711, 0.8961716236819516, -0.1555149871164053, 1.1302011987151985, 0.897105854268855, 1.0617950319654996, 4.016340072649707e-2, -0.9784727482889832, -0.7162312029831114, 0.45841252856020837, 0.716028228661134, 1.6496713655051092, -0.6016521164884899, -0.17467743662942306, -1.229704172426603, 0.8538110305529889, -0.2531008473017314, 0.3946726156654924, 0.40562852524184406, -0.24086780806272398, -0.42777623206985654, -0.9586360541011981, -0.2061750852784378, 0.33090202138614516, 0.7754083196185304, -4.988111576372764e-2, 1.008487493219471, -0.7597844346714571, -0.3755935144880319, 0.19531002081161297, 0.8734902504365021, 1.0514208549569886, 0.622952310134736, -7.09430732093144e-2, 1.2703816852910148, -0.3160556790551586, 1.0288438659123977, 0.7325451051465401, 0.8996879792576061, 0.756381966370125, -0.5566085036947775, -0.9805466907742056, 0.7059245407176991, 0.605026365126999, 0.672846428067696, -0.33173551519050026, -0.18319982373655178, -1.837333104710351, 1.2167101045960675, 0.14388486440501896, 1.1247614584340764, -7.924773925782418e-2, -0.11849608231521809, -0.11896232988625369, -2.834421221179914, -1.550805010295416, 1.0222739109558856, 1.1024912085760012, -9.919373890534659e-2, 1.6271384567257752, -0.24302222930323397, -0.15879382750734947, 4.243542495822162e-2, 1.2892226129860933)
