seed <- 1017
log.wt <- -15.101367300398174
penalty <- 2.8115950178536287e-8
intervals.send <- c()
intervals.recv <- c(56, 112, 225, 450, 900, 1800, 3600, 7200, 14400, 28800, 57600, 115200, 230400, 460800, 921600, 1843200, 3686400, 7372800, 14745600, 29491200, 58982400)
dev.null <- 358759.0022669336
df.null <- 35567
dev.resid <- 224927.7776413762
df.resid <- 35402
df <- 165
coefs <- c(6.394601891449689, 5.716662021893795, 5.706105941277319, 5.441329702515607, 5.050898982194076, 4.8695766793875865, 4.75037280965692, 4.633754385980877, 4.381087057750291, 4.331059265834844, 4.317632249564365, 4.211314078016149, 4.059428258701324, 3.960467869213841, 3.7578836845914374, 3.5508013839451755, 3.2533783936166243, 2.975678676718116, 2.507918876917959, 2.1231967617343295, 1.6913032136944315, 0.9109329133643479, 1.1190033373423767, 0.5437371945106246, 0.6169983256751893, -0.6706931503993373, -8.380719128089417e-2, 1.1418896725022976, 1.1206224977678148, -1.1602740712212725, -2.201685498499406, -2.523311632334328, -0.3722129808533651, 0.8314687845888423, 1.2760193900020425, -1.204299600682824, -0.723096362227994, -0.7153697649701845, 0.10518257780173683, -0.7458329709690664, 0.9372626937614789, 0.7804777844100668, -0.7494136518159925, -1.9088230262864005, -0.9348370049182932, -0.7467840109184677, -0.45517115118388024, 0.3924030176441458, 5.2325137617463394e-2, -0.802528665314869, -0.2761131433738315, 1.2041760404082207, -2.5059510000428427, 1.597546148535637, 0.7202027975669313, 1.0989260917975066, -1.9185309118774165, -0.2788059839701101, -0.4057537705147332, 1.7225104764478552, 1.2313046057241794, 0.7446072947473021, -1.62041261738538, -1.5159466123120162, -0.4113957650063065, 0.27867954839114206, 0.650502317199909, -0.7045168185033075, -1.431341856070102, -0.6123849830215321, -1.8317576697590483, 0.22456389840932453, 0.8103543012984059, 0.8976661359602485, 0.6588958910980689, -0.8044253902995234, -1.3651169974634592, -1.4024411730137842, 1.1865360592441539e-2, 0.7150150887142155, 1.3017254696494265, 5.1264416514601854e-2, 0.1731974019320797, -2.16678553468211, -0.8488938267728576, 0.4375306538755544, 1.2545511425523728, 0.6858544058938227, 0.9165094302130131, -1.756054037287258, 0.35760299824482344, 0.7374988440538213, 0.7249221225521442, 0.45394858981854147, -0.544023149196287, 1.1665579932252719, -8.111845574869295e-4, 6.858870694690253e-2, 5.405109630972259e-2, -0.4109714118736966, 0.10344826415816506, -0.18772210135618944, 0.8026080239532993, -1.6097261187178996e-2, 0.7493783258708372, 0.8476728693197076, 1.1925359956291894, -0.8939505191582665, -0.7202480501207452, -1.0627835977352078, 0.43665382353360843, 0.6253549585913942, 1.6222930415060846, -1.2097454439719653, -8.917880448523272e-2, -0.9529153870053363, 0.7533248905285218, -0.31804054823229067, 0.5023006054503212, 0.8526669117406109, 5.0029802878525355e-2, -0.5331303099426038, -1.3194786646633765, -0.5035895272605836, 0.42111638250487365, 0.8731260940624398, -0.11663182561352492, 1.1080242132618092, -0.6589351753909266, -0.4611616252122017, 0.3072112502732398, 0.897760309863115, 1.1155455540438723, 0.3602431831091596, -8.003835706199364e-2, 1.1940854014861504, -0.2861558486029824, 1.0195587402296904, 0.6638621760907881, 1.0644906693702265, 0.8187819654752029, -0.6723083929456937, -1.194035713988961, 0.6948631702502364, 0.4033282624388395, 0.4788259836867634, -0.3222816736054221, -0.6040059176421126, -2.1815021400030816, 1.2979436270995208, 0.10022043570139846, 1.2570858976068724, -0.2534215858313152, -5.802029305891462e-3, -0.1395265259863644, -2.2300273175680045, -1.9868365659973837, 0.7970435300363024, 1.1927971160752862, -0.26658864852487996, 1.6288694412069376, -0.131095115878143, -0.14995432893535238, 0.12462332051201258, 1.221146740865208)
