seed <- 1025
log.wt <- 0.0
penalty <- 2.8115950178536287e-8
intervals.send <- c()
intervals.recv <- c(56, 112, 225, 450, 900, 1800, 3600, 7200, 14400, 28800, 57600, 115200, 230400, 460800, 921600, 1843200, 3686400, 7372800, 14745600, 29491200, 58982400)
dev.null <- 358759.0022669336
df.null <- 35567
dev.resid <- 225838.432284363
df.resid <- 35402
df <- 165
coefs <- c(6.552624072729671, 5.882614361571837, 5.583952173404729, 5.323709575024392, 5.034531525723919, 4.888867131500808, 4.7257978711929285, 4.643073184461847, 4.391579881868551, 4.273652839348097, 4.29154887572368, 4.18909166792106, 4.049224526737839, 3.9702914681639037, 3.741784723875669, 3.504703950898845, 3.2286690173264807, 2.97842220716685, 2.483836451271128, 2.0880362573471323, 1.594740044908324, 0.8765882614909367, 1.0271293638671901, 0.434476514861475, 0.777090144107607, -0.8520982183449812, -0.28693672699823924, 0.9517855377514448, 1.0299951846290043, -1.0412920915067385, -2.2512090441267376, -1.6889320564027277, -0.41097439376636113, 0.7610301585611573, 1.390323820031614, -0.6284045144734419, -0.3944700684727678, -1.0940258691283877, -7.780004358751703e-2, -1.2294743824017447, 0.9896620283978836, 0.8636737559123439, -1.1335514482940903, -2.0908703257437686, -0.7956095605390181, -0.7510650792637935, -0.9884064894450781, 0.3166064447617305, 0.30926565931069355, -0.9288047816939882, 8.45056609905286e-2, 0.8755444997044322, -2.0603954929999637, 1.5668939306062628, 0.7747038547223283, 1.066133724986699, -1.5068739273375074, 0.11265688670041864, -0.4655608156500943, 1.4212122064115573, 1.0614857756506666, 0.992688503500952, -1.7470115917763491, -0.6770248949268801, -0.888173279339091, 0.23873090147451298, 0.5449893487202587, -0.48554999559988704, -1.3229280988101755, -0.5930501092123134, -1.8591564949278954, -0.5510990245528198, 0.4815823769033377, 0.9490048685639509, 0.6350213405147128, -0.41460344295851054, -1.1547967582414351, -1.1673172151591766, 3.793828876092509e-2, 0.6904211243712226, 1.0573536086901836, 3.481322120078136e-2, 5.312014062397674e-2, -1.5959632547503408, -1.176218311550573, 0.32664348978890045, 1.2720740089182039, 0.1622006160641488, 0.8912312741816183, -2.502163966166695, 0.4689616173257837, 0.6289004138392214, 0.7651712508817077, 0.36107767053683154, -7.402785692523384e-2, 1.4765170505936527, 0.11855442998186766, 0.4437939689063123, -0.19829137146629733, 2.357880123842479e-2, 0.5965374003533804, 0.10472691286726603, 0.8777400851359798, -3.2180350781408996e-2, 0.5167239460689057, 0.8138463607656387, 1.1063027151765072, -0.859359298737025, -0.2939791788837428, -0.9817367453110781, 0.37576061191721744, 0.7183471822230084, 1.5790727969420855, -0.6183430205522829, -0.20826843451529237, -1.1268775712376675, 0.7056537330071152, -0.4086465819812029, 0.4736073186533318, 0.6363257902347763, -0.6627995965033079, -0.628184290834971, -0.9204578337706293, -0.3154058413703629, 0.1560693454275813, 0.7803040366012673, 3.218798842738692e-2, 0.9884113853308704, -0.5259080690677085, -0.36851116655608274, 0.3803076299662085, 0.8820581361165665, 0.7286394989669943, 0.4937504846357647, -3.280784336742323e-2, 1.1328878678713519, -0.31299480829783993, 0.9900885739126121, 0.7785487243865845, 0.900838334789706, 0.6685246307841645, -0.6690339204080613, -0.9536926080271809, 0.5757390575644372, 0.2591654324233629, 0.5099377657534224, -0.3353258482336436, -0.6466737667047049, -2.37842052835122, 1.1673631741719501, 0.21898562220019327, 1.200771464291521, -0.2692901591763557, -0.16970570183425096, -8.994672334332716e-2, -2.1081091080305785, -1.2083161619341354, 0.7690308241640856, 1.231269636859359, -0.5811621764906056, 1.5522128372979676, -0.3826649921614379, -0.1410266027433059, -5.106614784373187e-2, 1.1181570392649578)
