seed <- 1088
log.wt <- -12.652789684750623
penalty <- 2.8115950178536287e-8
intervals.send <- c()
intervals.recv <- c(56, 112, 225, 450, 900, 1800, 3600, 7200, 14400, 28800, 57600, 115200, 230400, 460800, 921600, 1843200, 3686400, 7372800, 14745600, 29491200, 58982400)
dev.null <- 358759.0022669336
df.null <- 35567
dev.resid <- 226423.91132799417
df.resid <- 35402
df <- 165
coefs <- c(6.60830268109875, 5.416192446960628, 5.6904872391386165, 5.3320775350100575, 5.022103437379869, 4.824689741295144, 4.765131337515218, 4.611304914383007, 4.32234047985064, 4.303479705542565, 4.28467780635713, 4.140450380695449, 3.9853202067685305, 3.932924020873453, 3.7493366388118763, 3.5159461540782213, 3.2542895527869833, 2.954781556318454, 2.481792132444833, 2.004206608539002, 1.5524315560950428, 0.8964885161227903, 1.120310450975949, 0.3742373624012139, 9.226167771981918e-2, -1.4862566153324168, -0.16624059285587775, 1.0127117017726945, 1.0582549903109162, -0.9748291024360696, -2.6979127406990937, -2.046380268645561, -0.2744454607283256, 0.7868321543602533, 1.359153748191652, -1.3427592874586243, -0.275395986593832, -0.395713263550663, 0.17015975693804503, -0.7919706554268983, 0.9946158660746363, 0.5818109873881162, -0.817959613182171, -1.7646585322258015, -0.691283359582184, -0.7787557902385722, -0.6144499283013057, 0.3958389275192831, 4.301310508985684e-3, -0.48360140589348494, 0.365333924800129, 1.0532446567363634, -1.8828112736878957, 1.7062247572301301, 0.9501833058834596, 0.9650635397222715, -2.1602311229266085, -0.11706958453790527, -0.2142486351224805, 1.1455690966994734, 0.8776464597516688, 0.6987213656901506, -1.6382379165902259, -1.0649043334147141, -0.7958977396926118, 0.12777904060046438, 0.6521451652986776, -0.42971853288508466, -1.193776031625808, -0.6754307274862842, -2.303415762546258, -9.236141239333838e-2, 0.19165519943130066, 0.8232677294306212, 0.7519072386966702, -1.4907857044375532, -1.3878529372367363, -1.5327118873236703, 2.0837317455195816e-2, 0.6083441796380025, 1.1234421346543833, 7.087543796013762e-2, -5.388701043004726e-2, -1.5658679202072245, 0.62256051412969, 0.37689922931872183, 1.2160848459290403, 0.5034676944714174, 0.8430726450882196, -2.062454659175898, 0.4503376271302588, 0.677700585693686, 0.6819274566137957, 0.3811596716640722, -0.18335087313704282, 1.3445925425763117, 0.48439245768118744, 0.663787154055448, -0.3825265356443288, 0.11591839570727214, 0.44165150656740837, -0.29849553725021305, 0.8070769551743988, -8.724391906315661e-2, 0.936550523404397, 0.8653093668702942, 1.2162859649934985, -0.45226045256528263, -1.160240113814982, -1.2505902479691375, 0.35041360226797347, 0.49887439430061636, 1.6015220703047426, -0.5058845499807514, -0.24649330036427702, -0.7333422509989697, 0.7557556187619598, -0.25491282717107056, 0.5181317702013909, 0.6902036128991815, -0.3254592586728859, -0.6371139913675091, -1.3242297168198673, -0.29285536410798246, 0.37968055435001974, 0.8260479559767013, 1.2978492138175906e-3, 0.9240769472633579, -0.7422356745758878, -0.43704031643189006, 0.3864007787758885, 1.0120344686077378, 0.5659687510531342, 0.4817718148935221, -0.20217234496386818, 1.1221385945287856, -0.3039968233458585, 1.0002905725395665, 0.8192218010823485, 0.9307479701077246, 0.6187743068197574, -0.6182755605731877, -1.0395053216195163, 0.6035257038758094, 0.2407728096748297, 0.4879383895344242, -0.2282920950098278, -0.39459342995854657, -2.487578278370102, 1.2837671411960436, 0.10876862772436319, 1.118792409896702, -0.18685922402762348, -0.11918034053868114, -0.19142518198167718, -2.1127526419545672, -1.3184638208689186, 0.7208898411903177, 1.0877998332521361, -0.271245950171473, 1.5393394196371921, -0.15154471876448647, -4.750299471694342e-2, -0.16338212850324751, 1.1323808332120593)
