seed <- 637
log.wt <- -15.124569310427331
penalty <- 2.8115950178536287e-8
intervals.send <- c()
intervals.recv <- c(56, 112, 225, 450, 900, 1800, 3600, 7200, 14400, 28800, 57600, 115200, 230400, 460800, 921600, 1843200, 3686400, 7372800, 14745600, 29491200, 58982400)
dev.null <- 358759.0022669336
df.null <- 35567
dev.resid <- 226411.27107735857
df.resid <- 35402
df <- 165
coefs <- c(6.304235035048717, 5.812339200829609, 5.678351414583335, 5.356968876716152, 4.985543311992616, 4.900237455756025, 4.72604705593804, 4.584143501652958, 4.3974984830638215, 4.240144994697913, 4.283313317554216, 4.158832999023103, 4.033819187933774, 3.9464938217209298, 3.758695427964509, 3.5266353691812142, 3.2369243259405707, 2.9937557609723338, 2.490531617756056, 2.1022544002534485, 1.5036300493169406, 0.8590931393972635, 1.0553541930337975, 0.5261533842428368, 0.7548178052190972, -0.7738030575832668, -0.23569615840485875, 1.0823269868591556, 1.0995580617819987, -0.9475281318312113, -2.119913900686904, -2.055890497818281, -0.4960114494776292, 0.7029717778207228, 1.2949083502870455, -1.0995290501942674, -0.6315927584498702, -1.6525686588666642, 0.267798415341842, 7.489514976912481e-3, 0.8940129301490708, 0.879781467754085, -0.8527070688822908, -1.9725089555135273, -0.9625440735827254, -0.8175167141991554, -6.240850375217498e-2, 0.702136933770963, 0.3718603827349271, -0.6983888893036787, -0.46225915899909886, 0.7575976067333829, -2.2247122976411213, 1.6266343344908243, 0.6800488790709996, 0.989637841802915, -2.109310260931066, -5.200392912446878e-2, -0.5634203598994342, 1.35033395720478, 0.9970973391620139, 0.9683315031593499, -2.1105118085712045, -0.6445927540355545, -0.7506600481341128, -2.0808102009112914e-2, 0.5840545530473527, -0.4562789912647195, -1.6156343352684273, -0.5122272806735807, -2.3605698258670786, -0.6258569471657581, 0.7561786329845755, 1.2390853805662332, 0.7857816150687292, -0.9907795919142717, -1.5471321877372577, -1.2668286758385854, -5.2621659007509855e-2, 0.6344633453041104, 1.298430091744316, 6.544524804350223e-2, 9.065053063705997e-2, -1.7829586558039465, -1.0064586920987546, 0.4322780212972096, 1.3082174497489665, 0.3593431878834475, 0.8723456625721695, -1.463763967387484, 0.5042155115489233, 0.6522933887660283, 0.819856860787707, 0.3968790755984767, 2.2842430349815004e-3, 1.225563520515652, -0.497479491172626, -0.22712996293999313, -0.23635113169990526, -0.8797358614271445, 0.47289557379490155, -0.8811485420504915, 0.8154415044283533, 0.19866443762368416, 0.7458100486894909, 0.8008505917948592, 1.091407502643841, -1.2687099637706984, -0.957372949133358, -1.4339439880742915, 0.5083737776738421, 0.40811983854461864, 1.6413653587757766, -0.6814375141732257, -0.25672172785032416, -0.867323794093616, 0.7753533936737597, -0.2860749376009863, 0.6287239549703412, 0.7491394452504474, -0.5923664730652667, -0.19863098957178338, -1.0324894323661913, -0.2936036945723474, 0.2781976715706128, 0.876826180006848, -4.344496197797582e-2, 0.9473890812635278, -0.24122697853584046, -0.5002864581948396, 0.38548435543461657, 0.9278850278234282, 1.1392525807044303, 0.5676138923672206, 0.1416773065239561, 1.185614106620218, -0.3343733744503767, 1.0553851630503104, 0.7176554676356647, 0.8636886819062772, 0.7481502845565837, -0.6129742541934289, -1.430735756322527, 0.7112789840484678, 0.739703389014859, 0.8080659647647842, -0.2534181750539149, -0.5051060825135075, -2.022797299326938, 1.2839002080814808, 0.16287229332564426, 1.1234042787612808, -9.336835809373017e-2, -4.4156258668522616e-2, -0.13167868420056117, -1.4154366359219244, -1.073639765900038, 0.9690907841848798, 1.3188773007376835, -0.4866732571549279, 1.621299948645037, -0.461012420093463, -0.1388788906519522, -5.75388167377233e-2, 1.1304947764375513)
