seed <- 625
log.wt <- 0.0
penalty <- 2.8115950178536287e-8
intervals.send <- c()
intervals.recv <- c(56, 112, 225, 450, 900, 1800, 3600, 7200, 14400, 28800, 57600, 115200, 230400, 460800, 921600, 1843200, 3686400, 7372800, 14745600, 29491200, 58982400)
dev.null <- 358759.0022669336
df.null <- 35567
dev.resid <- 226540.70164994887
df.resid <- 35402
df <- 165
coefs <- c(6.787793301406202, 6.093804718288513, 5.667188167696466, 5.238000186772888, 5.103547088301521, 4.82949968399164, 4.6068972705618965, 4.635324551203205, 4.29416363647316, 4.221014183519319, 4.2901113263536805, 4.131813048471286, 4.0084221884648645, 3.9145214046766883, 3.737325385029359, 3.5314606471233003, 3.223047897158449, 2.8816325148293185, 2.532107911789685, 2.0788197485910396, 1.6055963555578237, 0.9513999799618493, 0.8672227157706898, 0.4848153218381367, 0.326901902474092, -1.1275086792708098, -0.19706643348504907, 0.9191999315219591, 1.0876405832414864, -1.581108869298462, -2.7725028699000425, -2.711456504185714, -0.2661318533866894, 0.7608778022535285, 1.1820942921299078, -0.8923714859730836, -0.3753974228210552, -1.2803015711613022, 4.429465067559711e-2, -1.2824876890445511, 0.9286798300965131, 0.7443161224865723, -0.5444290724032126, -2.1010907543285264, -1.3304211031258173, -0.8578780540418084, -0.1538569324284401, 0.3145545944541523, 7.083367366980555e-3, -0.6664678146893499, -0.36022367075944717, 1.2343118657930021, -2.2945853888155034, 1.5009182356796136, 0.7962680503556515, 1.2312327212943994, -2.3522353068886144, -0.16270230442952718, -0.445839232656138, 1.174754989095226, 0.9410027060044447, 0.8498812533127362, -1.9511522727427282, -0.8778561614390532, -0.7621296068913624, 0.44598626382775586, 0.6504401420180937, -0.30391284274740105, -1.0930325643437813, -0.602050544658087, -1.1111950654283484, -0.24506312366745428, 0.4083797369658611, 0.9909376128464231, 0.7934535427242955, -0.6787601813923968, -1.695552710201156, -1.0620249328495306, 1.767518244371328e-2, 0.8037974495801098, 1.198481856222774, 0.21295792429687366, 0.16943514569745827, -1.6434168263889053, -0.721921078830591, 0.42040070428373505, 1.270183988481919, 0.4604056864284155, 0.9189870499575753, -1.5776529480740127, 0.4980887511240008, 0.7529286281680437, 0.831801027829207, 0.4429858449587067, -0.34878971465263436, 1.2816828098546222, -0.10450743370673139, 0.17325782536682746, 9.926480025385975e-2, -0.48051505012875984, 0.3660321648804731, -0.3061448557991029, 0.9100294391810831, 0.18290080442089787, 0.9149131823926759, 0.8652126208150306, 0.9533940956192624, -0.4847687867954082, -0.15561217093459725, -0.828131656225535, 0.5179303934507552, 0.6039653249672484, 1.6461243706170343, -0.6167077935694579, -0.3223593399437278, -1.5465779753088231, 0.8631570196398847, -0.27011783411062484, 0.2531999078148488, 0.4043837677573524, -0.8524136579302427, -0.28536523260474855, -1.3595839433445545, -0.439186509792582, 0.38477610627578424, 0.7342903108292526, -7.892679031949616e-3, 1.1344095937757088, -0.6707685710571165, -0.43317245377770836, 0.15753324453394602, 0.9394195590091382, 0.8892060803272681, 0.4211835111871877, 0.14642499057327482, 1.168967947162204, -0.3682986364339553, 1.0156745255019242, 0.6759404930649852, 1.0277254979185244, 0.8290184696304883, -0.8533079790133011, -1.2166871267404376, 0.6134318920929018, 0.20765563214444488, 0.5234910638509062, -0.30288206152359426, -0.26139433558970576, -1.7642626929711243, 1.153077331834277, 0.11435598476220651, 1.320988316495319, -0.1863119201109405, -5.4205002254788866e-2, -0.3065113296601196, -1.9474227112767233, -0.5703776610598721, 0.8086229831039173, 1.299356015695557, -0.3666508284857627, 1.552588930244556, -0.45062339056892786, -1.5614081670835521e-2, 0.20905506491743345, 1.2615297631978986)
