seed <- 783
log.wt <- 0.0
penalty <- 2.8115950178536287e-8
intervals.send <- c()
intervals.recv <- c(56, 112, 225, 450, 900, 1800, 3600, 7200, 14400, 28800, 57600, 115200, 230400, 460800, 921600, 1843200, 3686400, 7372800, 14745600, 29491200, 58982400)
dev.null <- 358759.0022669336
df.null <- 35567
dev.resid <- 226276.0549457459
df.resid <- 35402
df <- 165
coefs <- c(6.5100220188657225, 5.902587687527705, 5.603913891143684, 5.365854512853912, 5.176040907667709, 4.827534897034701, 4.735016169575785, 4.5963070748045665, 4.40040091600379, 4.212745741185358, 4.313014137821805, 4.182548877405999, 3.9814060660238133, 3.965066509912863, 3.7569623454229397, 3.5294102472473643, 3.2211980493004617, 2.933554896826644, 2.4713226534714807, 2.029100592639774, 1.5627641875304212, 0.9178201226925287, 1.2148603163635603, 0.30199330319616674, 0.16414463131223078, -1.3004899107404255, -0.1868603058951921, 0.8842039082679833, 1.0406171806477515, -1.104318214075696, -1.9147596530057902, -2.5754450478042257, -0.390973370227934, 0.7900677755577382, 1.4478824741969392, -1.473027861308906, -0.11241060958405773, -1.1991065471153304, 5.9578650613642266e-2, -1.085996455920208, 0.9135838512473924, 0.9832894016956245, -1.0478349461370886, -1.549427576660406, -0.8302637024702987, -0.8932263107455544, -1.554020345866055, -0.29022600578210644, 0.33050358986567635, -0.5519474880837406, 0.10132493144989925, 1.1254595503355063, -2.1700115478446054, 1.6346767060459353, 0.7447835348221858, 1.123236360311257, -2.4360814058799147, -0.1391666550035251, -0.15790318703981437, 1.2094724391317813, 0.5790597976822773, 0.8102832395484121, -1.8777581187841639, -0.5423458983530411, -0.6264249945363932, -0.14245929511784014, 0.552552838618821, -0.5508094814792978, -0.8956454559753873, -0.7200548798104698, -2.7216753754230822, -4.824440687795362e-3, 0.5046404435587817, 0.9513092577162174, 0.5758315055979847, -1.0119393982965792, -1.5568354937945434, -1.1534933574238133, -8.384742572364244e-2, 0.7179899283984933, 1.1918812686485702, 0.15094995994115484, 0.167176133296151, -1.7397042745247098, -1.2027186498683515, 0.4285577112323802, 1.130555803817187, 0.5620343381562066, 0.8094784117074089, -2.3733049238611352, 0.5661054897719032, 0.7919259467047465, 0.7862971060647738, 0.36503057789057425, -8.887699097558133e-2, 1.3332942171780255, 0.17177035938072302, 0.4547464800449048, -0.15310887572706686, -0.1869490198676405, 0.3542120185718048, 0.12453191232279237, 0.6787812333795308, -7.240943796646769e-2, 0.8249469438430342, 0.8748129709065128, 1.3250647787444478, -0.2324563371347661, -0.5667605026487614, -0.6791066180452746, 0.3340268897008031, 0.626088910896757, 1.5509096054172564, -0.5225968457093203, -0.24817022382776316, -1.0870047594670447, 0.8069608268117008, -0.356874894245141, 0.6580060109677195, 0.41513584459726566, -0.6255865334524474, -0.38444026641091394, -1.0700744206549617, -0.5727391984681047, 0.36265531251048616, 0.7402058461218609, -7.606675322808321e-4, 1.0560525523250301, -0.6545562178443651, -0.4640267530378878, 0.5346577850536313, 0.7737889489885665, 0.867030907294797, 0.26093877269699317, 0.15029938849236962, 1.0519320133957066, -0.3238902066681527, 0.965649996961814, 0.7632146626328374, 0.9487093113155687, 0.7313970278660323, -0.5690540950989152, -0.8691576645568785, 0.5151563530584502, 0.3293169603346404, 0.3555193876375041, -0.19044510374654455, -0.4377472957392155, -1.869399901110558, 1.2214724206721732, 9.00214396291474e-2, 1.1887987844952217, -0.3216551083131733, 4.372218095283694e-2, 4.3986065238962625e-2, -0.8086021867120236, -0.43899039387551536, 0.8537359815192691, 1.1266296551359882, -0.41200145440732855, 1.515105763852017, -0.3736536476324985, -0.10008628262791248, 8.383419827134484e-3, 1.1876920874768881)
