seed <- 924
log.wt <- 0.0
penalty <- 2.8115950178536287e-8
intervals.send <- c()
intervals.recv <- c(56, 112, 225, 450, 900, 1800, 3600, 7200, 14400, 28800, 57600, 115200, 230400, 460800, 921600, 1843200, 3686400, 7372800, 14745600, 29491200, 58982400)
dev.null <- 358759.0022669336
df.null <- 35567
dev.resid <- 225630.84087658627
df.resid <- 35402
df <- 165
coefs <- c(6.504440233216872, 5.979280224987526, 5.857389339388361, 5.294899748104516, 4.99509057015, 4.887164375867232, 4.8548582847207165, 4.6736544184368025, 4.392971521222499, 4.307160873468095, 4.3219929834362025, 4.172239075316716, 4.02880491412071, 3.99111364095116, 3.783470535293636, 3.5530714873712594, 3.2797708055668027, 2.953163916505277, 2.558150365270266, 2.1310900593004702, 1.6799266307634695, 0.8994123842407146, 0.9297313005357085, 0.2749783404873936, 0.2823919136696772, -1.0282565596258697, -0.14386934605608323, 0.901518000693679, 1.0516171422839857, -2.0244405878563647, -2.368110334257145, -2.527275217181585, -0.3894914298973378, 0.7806581564137982, 1.2105482407065897, -1.103694185008514, -0.3146736654802764, -1.1838570731150826, -9.497332033515107e-2, -0.24115424231597493, 0.9169831637438138, 0.8171259208588406, -0.8718884820306466, -1.7233624136670285, -0.9918682851288608, -0.8911701085773486, -0.5765337494967294, 0.36471779998916537, -0.10041064265439628, -0.8323639923080093, -0.19255187459779102, 0.9890271242363629, -2.479120262527345, 1.6204130272831696, 0.7416233249815383, 1.0947569350935724, -2.0960863536398997, -0.17463743208625565, -0.3419715501402861, 1.1149624206185982, 0.8626716865285223, 0.7804173854550487, -1.7886196289919756, -1.3232215864886094, -0.9374103615814988, 0.16763938357254682, 0.697436689453054, -0.5540091919116011, -1.0033310149473502, -0.46913984538240144, -1.3261291812874973, -0.5056505843235146, 0.691184896218048, 1.0787606765393623, 0.7047523208339482, -0.6677092317884535, -1.035994323171949, -1.600933717366849, 5.225215008357486e-2, 0.6657451468024832, 1.1662343284442094, -7.591781605074852e-4, 6.415319364090956e-2, -1.9966765673543636, -0.25669116366274175, 0.5797018539643797, 1.1881312606053074, 0.17520738402179556, 0.9191274759265573, -1.3433533032894451, 0.47675186322114865, 0.7678920619599768, 0.7778435651437129, 0.4385979929294574, 3.195145816910965e-2, 1.2807212183503016, -0.6065737223584898, 0.6845456241124895, 5.9858261649406455e-2, -0.23173757627513328, 0.4439362203401004, -0.28222600478895177, 0.8512723711550085, -0.18926593964094704, 0.7703856776478271, 0.8204898032848603, 1.0768526424853406, -0.6104262334651188, -5.6028584520540436e-2, -1.6595744809507398, 0.3924771921841039, 0.5713815941585575, 1.5650627437017053, -0.3856177469880528, -0.10884717792489115, -0.7241887113999199, 0.7048752305470668, -0.23802754557866246, 0.38243294672585343, 0.6781767427795291, -0.5067270794730939, -0.5123066643927137, -1.022838195628307, -0.404152381080632, 0.42412543605431513, 0.9416258182610856, -8.538296397481604e-2, 0.9688135431417813, -0.6986351254937591, -0.38927335145156067, 0.21666372943360593, 0.9385183207964739, 0.801538319976856, 0.6059781629348485, -7.625351435114069e-3, 1.026697563731493, -0.3169550832823232, 1.053360195711055, 0.7413131150761798, 1.0029104285450217, 0.7611613420803116, -0.6639754526900341, -1.4093614087829385, 0.7504982481234941, 0.32966468691998074, 0.6090131894625713, -0.24072186675927917, -0.42351473347933366, -2.082185975627921, 1.2706804015932416, 0.15694469195146996, 1.208509983848645, -0.16106592857031343, -0.11217542294217203, -0.2583376219896294, -1.1861255209934645, -1.126346645163544, 0.8779418779237168, 1.1459805485308643, -0.3723419154137388, 1.5308138241404614, -0.23427338699017833, -0.28336524773447785, 9.473374409504813e-3, 1.1599779938143304)
