seed <- 193
log.wt <- 0.0
penalty <- 2.8115950178536287e-8
intervals.send <- c()
intervals.recv <- c(56, 112, 225, 450, 900, 1800, 3600, 7200, 14400, 28800, 57600, 115200, 230400, 460800, 921600, 1843200, 3686400, 7372800, 14745600, 29491200, 58982400)
dev.null <- 358759.0022669336
df.null <- 35567
dev.resid <- 225813.71841158337
df.resid <- 35402
df <- 165
coefs <- c(6.55919585559477, 5.823533803963254, 5.7650173769982365, 5.275566528506938, 5.1110121312873185, 4.941081702967263, 4.748902648682024, 4.674466278408975, 4.414270966587874, 4.283548251694224, 4.286347209241288, 4.1471791314874, 3.9986404506824833, 3.947006592483216, 3.712274818674083, 3.5641553670162764, 3.2973657365173237, 2.95710450759137, 2.486496301112403, 2.000318177025253, 1.550374867135092, 0.892599425355276, 1.0077280458638802, 0.24877062828934904, 0.5372028376853409, -0.7592002805473406, 8.70068695283207e-2, 0.8093682754425707, 1.0771324886448854, -0.5783801583531705, -2.136144415322467, -2.5454017661872297, -0.39517053667808394, 0.7917503671607155, 1.2990764905776429, -1.1376389502292459, 4.4293775463494e-2, -0.6892733023956596, -5.551919986501354e-2, -0.2756136871279028, 0.9219655750275845, 0.9890011292940878, -0.6912373646480052, -1.915604222779025, -0.7896618255340013, -0.866737193239912, -0.6817098819639538, 0.5134395074488026, 5.602975745777176e-2, -0.9575733472115064, -0.3851921342118939, 1.0619909534836915, -2.3027877146769424, 1.7742869108618395, 0.7966212745141196, 1.0547267492131447, -2.316046318454599, -0.14594749880399324, -0.41101568348064516, 1.4256644704510244, 1.3508081259135636, 0.8946059466141142, -1.7492204829240814, -0.4241691815538676, -0.28704067933475935, -0.1431671037662494, 0.728362858874981, -0.45038134729876994, -1.5814125899867069, -0.7658716601298656, -1.7455619117604992, -0.5812367222631685, 0.6146515032704117, 0.9207807080138397, 0.8594861814967116, -0.9241900053306079, -1.4566780790524392, -1.5946154123052332, -3.1870962833608206e-2, 0.6712766001337107, 1.2207114801823096, 0.12951065827502964, 6.84548295740196e-2, -1.4161954900206597, -0.9471223423907578, 0.3601336398562471, 1.1810851926006067, 0.4518708141182567, 0.7803408448716448, -1.868626168636677, 0.3765756529512141, 0.7897816047481464, 0.8735986015958318, 0.33526902652378754, 5.121084277182978e-2, 1.3056876071381711, -0.11703981162617458, 0.1842404472974607, -0.4156248390757317, -0.8693698289533399, 0.35706868157703986, -0.4701040007973829, 0.8992569598552057, 0.3346977027563119, 0.7542816768669373, 0.864678316976798, 1.1353426989383673, -0.35184886066458465, -0.27044350389605903, -0.9332137065552174, 0.4591726042468139, 0.5268391048490587, 1.5575192537616, -0.910073742642839, -0.5316954147330403, -1.1207923864936093, 0.8560388718499049, -0.19358026135867326, 0.42550535636863956, 0.4138278616621423, -0.3533793120862949, -0.7307119970736269, -1.040389034102715, -0.519352662902595, 0.25853749215446686, 0.8061848089401293, -1.8205111388561936e-2, 0.9444413767264415, -0.44102726144099436, -0.4048701433808476, 0.14003468425613008, 0.848727033655007, 0.7925971796218042, 0.3650284444624833, -3.4950922067068846e-2, 0.9387100078095919, -0.31047113538265236, 1.0969521363665142, 0.7090556811219663, 1.008435624021153, 0.8104892097240604, -0.5893531258770702, -1.3025184805441128, 0.6571572007551393, 0.17144070760229685, 0.5388188423284417, -0.10685083385269283, -0.46180053984938085, -2.087597952546701, 1.2799213309904145, 7.007280831922169e-2, 1.183923132200872, -0.1905763835557084, -4.744791150128242e-2, 1.3453009398770302e-2, -1.9263542862219907, -1.8790389170154136, 0.8063646052106715, 1.2009965982266442, -0.314283249985476, 1.492011224956148, -0.3813797299514819, -0.17079196671106708, 4.4896932958739824e-2, 1.1987750754310658)
