seed <- 900
log.wt <- -12.341481001060734
penalty <- 2.8115950178536287e-8
intervals.send <- c()
intervals.recv <- c(56, 112, 225, 450, 900, 1800, 3600, 7200, 14400, 28800, 57600, 115200, 230400, 460800, 921600, 1843200, 3686400, 7372800, 14745600, 29491200, 58982400)
dev.null <- 358759.0022669336
df.null <- 35567
dev.resid <- 226658.3636270865
df.resid <- 35402
df <- 165
coefs <- c(6.671151353861441, 5.800833018021333, 5.715865801277553, 5.299081465466981, 5.145322439720575, 4.816231252215322, 4.687806337334108, 4.654551411347874, 4.3039300230711826, 4.251347710790513, 4.311661710637613, 4.1194291373307905, 4.030058669867392, 3.9483065914393696, 3.7415670405081314, 3.487713536732324, 3.2385536820733756, 2.9535857927904114, 2.4746411096425964, 1.9900599573692501, 1.5481716713436453, 0.8734085608064435, 0.9890266083300159, 0.1599958115275216, 0.4775016992270881, -1.330073705021907, -0.4294576374984211, 0.7484581858172988, 1.128464530495875, -0.9306163970486167, -2.629978073121167, -1.631337045580334, -0.31586183931262535, 0.7991860885986914, 1.2760749344581395, -0.9212096026200728, -1.0407298196725279, -0.5433317203907224, -0.20532980487954533, -0.4582275066534379, 0.9926690628845185, 0.9292667913824562, -0.7498860993020519, -2.2272975917517304, -1.4203805784091135, -0.6283925130405231, -0.319758816393494, 1.9810204260981592e-2, 0.5935583623426985, -0.3049913851194021, 0.3199918819787848, 0.7844710939394504, -2.7674790647818766, 1.8422659025309924, 0.8400900450708371, 0.9041049210181595, -1.895768251380814, -0.12299973695291692, -0.4440422346646861, 1.356343940420482, 0.8996625720618316, 0.733369824040026, -2.3377241108001496, -0.9677086239633237, -0.6166208446413508, -0.27913740794669817, 0.4775959745430285, -0.38427380892747626, -0.9515020370549888, -0.6746270563865078, -1.7845629470626403, -0.3615784310291566, 0.49410900202260527, 0.81349033296322, 0.689788440841942, -0.874959487303289, -1.282478162180681, -1.180255587130958, 5.804512602028748e-2, 0.6696342097172795, 1.2456118210209774, 0.12823648336932691, 0.11877242240535314, -1.9270714235531923, -0.46360978994957525, 0.24761364546743694, 1.2008351577418832, 0.38170571047963975, 0.8599992876925444, -2.177975123407894, 0.5615799462669357, 0.7335864724103204, 0.8010777808351295, 0.34598443826733755, -0.20077273621411248, 1.4263214404405138, -0.33014081209835633, 0.3582363258585357, 0.1948118647996154, -0.44210846721587893, 0.2908503545442944, -0.665837151854209, 0.8707395984337685, -8.27519584715739e-2, 0.7572815217293779, 0.8297937601786797, 1.1131797128071192, -0.20527526957796277, -0.38328066039593567, -0.9450160411946833, 0.37968596874441607, 0.5216552906192027, 1.595590121050463, -0.8437292263637475, -0.10137478995817875, -0.8684513239524514, 0.8362381686444286, -0.2316162044377859, 0.3318574049327772, 0.5884452126243229, -0.6724691613284897, -0.6236024883475191, -0.7432266327131318, -0.2782799276449837, 0.3782979252162466, 0.8135661494665234, 1.4267174331648294e-2, 0.8956680098324844, -0.7958751382721869, -0.49803015650218474, 9.433229600210093e-2, 0.8348274897603019, 0.9017066768315308, 0.45411477633226893, -9.707925234679522e-3, 1.0719490799355482, -0.41381198538118086, 1.175671344514984, 0.7421875675133811, 0.8175847296080297, 0.8253295505239495, -0.6646248389529219, -1.099373620148486, 0.5643819334885427, 0.4956472076633719, 0.4019286639965862, -0.16479588735740425, -0.39389771686177655, -1.758090193599598, 1.3441265552019637, 6.897781576851555e-2, 1.1333959160145595, -0.3333449734000132, -0.15631882494761418, -7.473302445203492e-2, -1.5349913057422961, -0.9719552767042615, 0.7382617714162067, 1.105128684376636, -9.305763114848319e-2, 1.5926089687005964, -2.73458493449157e-2, -0.15224428556703137, 4.013747008276956e-2, 1.2471939750758596)
