seed <- 499
log.wt <- -15.511835307450076
penalty <- 2.8115950178536287e-8
intervals.send <- c()
intervals.recv <- c(56, 112, 225, 450, 900, 1800, 3600, 7200, 14400, 28800, 57600, 115200, 230400, 460800, 921600, 1843200, 3686400, 7372800, 14745600, 29491200, 58982400)
dev.null <- 358759.0022669336
df.null <- 35567
dev.resid <- 225458.21234036874
df.resid <- 35402
df <- 165
coefs <- c(6.75428432636489, 5.875914676494794, 5.733167146253981, 5.379057081622394, 5.069900575787455, 4.895267625989522, 4.840193254591488, 4.629386889584449, 4.379283436585252, 4.235394133291734, 4.293711444869008, 4.198214888423628, 4.0391233669451, 4.000889855246727, 3.769517806139211, 3.5481239862462135, 3.2566268000632657, 2.9770169779725544, 2.5531577900334588, 2.061116258244273, 1.6367917955624331, 0.8875730517036174, 0.9773362701091193, 0.38250041285578845, 0.1643334229243524, -1.1488760407233027, 4.458385760070424e-2, 0.9546153520093956, 0.9908249321163086, -1.7160170203098062, -2.359927302923499, -2.2827665179127314, -0.374074884379392, 0.7447660915665189, 1.2591233180559946, -1.1634922693675331, -0.7791233664230639, -0.9717234901906765, 0.2612150632724054, -1.0028910503529724, 0.907361095115349, 1.04784336519522, -0.9954076288544284, -1.6571340458886905, -0.8498268483877734, -0.7912148629168849, -0.5652245913000978, 0.42037718557194786, 0.46813064794184683, -0.866400609404792, -0.8183835004772875, 1.008530753643605, -2.3311958910663186, 1.7285460821304217, 0.7185591001606279, 1.0664553500289622, -2.044014119350729, 2.0696926433898897e-2, -0.7866428117517724, 1.3856869620333547, 0.853054737519807, 0.8318828141647833, -1.5513988924974451, -0.4968533746193427, -0.5537614509011296, 0.3800057183584609, 0.7099810729112015, -0.5816749708950648, -1.3808065890743602, -0.7136278133276271, -1.6426132059285428, -0.18051990296919596, 0.5223905054787136, 0.8942575778100904, 0.7144823822991319, -0.8528100909154765, -1.3058303610000046, -1.3960310572773793, -8.941382456983764e-2, 0.7344083388740932, 1.0993486952904172, -1.1354899277230468e-3, 6.145819085917143e-2, -1.4232787740529216, 0.24388526204841326, 0.4653825740709247, 1.2507124103115694, 0.34678347723817815, 0.7692235968295381, -2.2300581597267963, 0.5507627674080727, 0.7655693032940284, 0.7302430459805724, 0.3226902528236549, 0.1729542757177549, 1.2318369839411407, -0.6103738635432947, 0.8959061831942609, 4.5137124635131226e-2, -0.38351300483111905, 0.42363874238155774, -0.48296664659555866, 0.8714890887314451, -4.525098215503487e-2, 0.8166693084898423, 0.8444137357613354, 1.028429876457082, -0.5279290244806403, -0.12604956395173855, -1.2893498634745542, 0.38898579374490305, 0.703663220110951, 1.5086968916988184, -0.33909746003955876, -0.13945199856111407, -1.235212565734171, 0.8448745871655137, -0.2356291062650196, 0.3979671350920269, 0.6604578679743163, -0.6098616714549406, -0.3963904012901827, -1.3772526566619274, -0.3966330493665636, 0.3628902031183713, 0.9279379003307614, 4.459441892867031e-2, 1.0012832602245716, -0.8097845648919122, -0.3708108895000827, 0.2869345911270313, 0.7568359542901529, 0.8765760647873228, 0.32030585977646536, 1.1034029456846757e-2, 1.0821811392876493, -0.4979212336630401, 1.0175709163691862, 0.7085384505778478, 0.9907458111355678, 0.8125452830922364, -0.6281482237869507, -1.2741759432581308, 0.6121071454233734, 0.29134426774414496, 0.4560296993974907, -0.17060989545048819, -0.5897845043785295, -1.7411796115698597, 1.2891288738280215, 0.1207758548187851, 1.2663562366671421, -0.11564593114185638, -7.957367256476479e-2, 8.445289482031908e-2, -2.154582541219799, -1.2943064430715774, 0.8089756966695605, 1.2014942837663247, -0.3732888678257486, 1.4672530869400782, -0.22686251226320606, -0.14049999862787285, -2.277921763872169e-2, 1.2704720172074646)
