seed <- 389
log.wt <- -15.16947273238333
penalty <- 2.8115950178536287e-8
intervals.send <- c()
intervals.recv <- c(56, 112, 225, 450, 900, 1800, 3600, 7200, 14400, 28800, 57600, 115200, 230400, 460800, 921600, 1843200, 3686400, 7372800, 14745600, 29491200, 58982400)
dev.null <- 358759.0022669336
df.null <- 35567
dev.resid <- 225414.30827197203
df.resid <- 35402
df <- 165
coefs <- c(6.670159658536517, 5.760459738009808, 5.675861858963757, 5.345995531283615, 4.940047033072651, 4.954400014772397, 4.715941951060479, 4.5769131150218545, 4.357761381460349, 4.2741287890644895, 4.314040475514899, 4.163566101029764, 4.016229810395568, 3.993170945183248, 3.743142381595039, 3.509919179281349, 3.237447563716176, 2.9435115305684096, 2.461005498548963, 2.0983967951364346, 1.710146393860118, 0.9102308401208384, 1.1085061254264088, 0.6543359519108098, 4.6959363096783564e-2, -1.16207038056743, -3.043420911327554e-2, 1.0427224316708112, 1.0718750332423657, -1.111547660360364, -1.9218419179256845, -1.880338476367023, -0.12129705611075822, 0.8106890388614714, 1.3847643540004142, -1.5277605751876906, -0.5233821210759214, -1.5846583329169286, 5.558170250829008e-3, -0.6317686360713207, 0.9889358921595627, 0.8133931488124576, -0.919130618974603, -2.265069184397243, -1.1676014621020676, -0.4853036575259213, -0.8164115423111332, 0.6576585858721563, 0.6004581552428482, -0.5700733281081516, -0.28339760347540455, 0.8133714421268988, -2.8261363871377885, 1.7291855215876923, 0.774497940006863, 1.0843781776428065, -2.434802297540875, -0.5380556648626407, -0.3445641984062015, 1.3447427177483262, 0.7794772587941626, 0.7403357044661503, -1.758464124610343, -1.1589138143715583, -0.37643829966811165, -0.19468890917597997, 0.7009273126408855, -0.3791870068256479, -1.3860520489928243, -0.5531442122208287, -1.8747307730943765, 3.196159181236885e-2, 0.671940204718337, 0.9275475540700042, 0.8302410219468151, -0.7684827756709013, -1.663614254430793, -0.7617525596686064, -0.12648674496070764, 0.5900639340725292, 1.3279482086385441, 9.582117890750141e-2, 4.131821364397857e-2, -1.7577966233742275, -0.21071684880023472, 0.3764681535889112, 1.3545300188601648, 0.3113830732332044, 0.8610435421686277, -2.812582361407469, 0.4620452315971646, 0.7568309776407148, 0.8641310968680098, 0.42347008860445506, -0.3234597349882162, 1.361613498887314, -0.323233233533783, 0.6947028517530321, -0.20497523984596222, -0.388876942717609, 0.5197299925468278, -0.3216773578354844, 0.8495335129829614, -0.33333234082140245, 0.7333449268858624, 0.8773469631940959, 1.1873779850386375, -0.32003933037319765, 6.787200659955014e-2, -0.8001734552109233, 0.6210813600331845, 0.5434843086254395, 1.6738812375685914, -0.505782328100987, -0.35120873670751523, -0.750670893422746, 0.8717395328121291, -0.4317616822218287, 0.4123436000765651, 0.3625742719930662, -0.747982091603627, -0.30604648624374803, -1.7370151404019742, -0.5114117077266871, 0.3571256779530072, 0.8617243929046515, -0.1175974314159751, 0.9908278575039653, -0.7840345758166561, -0.40539791003591624, 0.2521073568074532, 0.9357807206750234, 0.9411691728458902, 0.44896206097325697, 5.7630088292504246e-2, 1.0443055352985633, -0.29196063533730143, 1.0413910597113756, 0.741692685262105, 0.9773770027759021, 0.8910542648284651, -0.6383590312303808, -0.8871930905798189, 0.5952655975418442, 0.5496115657936602, 0.4246880562087495, -0.17759680626277777, -0.1346192872502784, -1.9368189054293299, 1.2257354484594165, 7.826840110049954e-2, 1.1942215639203773, -0.12059492559331333, -6.553595159100467e-2, -0.14005829561378208, -2.3383364075057997, -1.8521734320776708, 0.8103176019871664, 1.322842464326193, -0.16119362714654997, 1.622377106363892, 3.660160507314307e-2, -0.17069963360601542, 1.4898388277817441e-2, 1.3261643361234603)
