seed <- 633
log.wt <- 0.0
penalty <- 2.8115950178536287e-8
intervals.send <- c()
intervals.recv <- c(56, 112, 225, 450, 900, 1800, 3600, 7200, 14400, 28800, 57600, 115200, 230400, 460800, 921600, 1843200, 3686400, 7372800, 14745600, 29491200, 58982400)
dev.null <- 358759.0022669336
df.null <- 35567
dev.resid <- 226393.8274413435
df.resid <- 35402
df <- 165
coefs <- c(6.638945010022292, 5.893248665847954, 5.576742155431899, 5.424298123442033, 5.097945774998071, 4.92605943736666, 4.719296880204442, 4.632731755771178, 4.2877425668086495, 4.266471479775204, 4.337986749768887, 4.123211382890581, 4.014480761707493, 3.933340963923212, 3.733951356189908, 3.5194269829584175, 3.2042942370702123, 2.9085808962490347, 2.49406983156651, 2.052963528142729, 1.623205830994473, 0.9111030836821176, 1.0455403571043413, 0.2973039931127003, 0.7450782844100392, -1.2077132772485417, -0.21095732185010496, 1.0948624247942256, 1.1077948935999014, -0.6143108548386689, -2.245537765446562, -2.3460917663848995, -0.34977328133605684, 0.7412346761257027, 1.2344863690318582, -1.1659443645408138, 0.23056092269515646, -1.0793070933453663, -0.11508300566923685, -1.1884514474008971, 0.9040267715780608, 0.8438711379208559, -0.7105512764092732, -1.9181325400658005, -1.0026229487599179, -0.6275939681133653, -0.16621953124437963, 4.8304098461012496e-2, 0.2983337054837748, -0.9097705280628404, -0.654237313673358, 1.2146685077139616, -2.505938767658743, 1.8547393446853517, 0.7008434787977003, 1.0339858069336347, -2.3770364023013832, -0.18654925153518745, -0.7195697699879201, 1.3795146746840965, 0.9413288865496472, 0.6804209576160277, -1.3536900674334638, -0.7845881475028034, -0.5518531945757227, 0.12763830809002064, 0.6231024128505366, -0.2577812888671419, -0.6149118006146796, -0.6200826088877822, -1.8713410091337412, -0.40493116246953476, 0.5089697553482453, 1.013968730855988, 0.7266874224633475, -1.542139312908332, -1.2786560278783823, -1.4194259593202032, -4.35998390590533e-3, 0.6998392195607009, 1.1281892918999141, 0.17137091912086339, 0.24485558402891913, -1.450976437955994, -0.2761637897340444, 0.4025614769668126, 1.2919061260608595, 0.507213716314556, 0.8078855682640995, -2.4361957256138482, 0.49278553234001277, 0.7121598203436028, 0.8176670844930705, 0.29499932558515074, -0.36109119032746606, 1.327679487781137, -0.6055033642460856, 0.5981511066353732, -0.2823035040186788, -0.13927307884593945, 0.5322079414409441, -0.9042009376146134, 0.6914709117097259, 0.44179772844284054, 0.7865762242729498, 0.8703349616510715, 1.1499522803043076, -0.22352753224007685, -0.9943276800422958, -0.7583142221894066, 0.5035902403381904, 0.7900705074096852, 1.5806734500723407, -0.42156213342812093, -0.22672977919947393, -1.6299215839503085, 0.7664740510605342, -0.2980894884795517, 0.4809597331725414, 0.6720218151103509, -0.4224225594060842, -0.65054749547623, -1.0349033119016804, -0.492338348715173, 0.397574757864193, 0.9136665257308046, -6.70301496450978e-2, 0.9752495509420606, -0.629579733842383, -0.42920257125046196, 0.1516949752402144, 0.7569720305918372, 0.8564107185644507, 0.48444505024242807, -5.810841587554846e-3, 1.2116982332801078, -0.3711721574774424, 1.0567897121472638, 0.7040238934282499, 0.978646034134692, 0.6602714728927017, -0.6806326818216365, -1.2299015121528751, 0.4957808454178672, 0.36804766369997277, 0.5535194968807851, -9.530906032971868e-2, -0.4560736862720664, -2.153048720070091, 1.2449964054178273, 0.15430241021822147, 1.2247673218912334, -0.3221191291153694, -0.14689239607683854, 4.0633713964149554e-2, -1.7321974479525981, -1.6503125433227857, 0.8725857971250159, 1.2301106376014082, -0.21564936786733663, 1.5305054848409962, -0.2460058231766869, -0.11231968473814904, 8.54816970193253e-2, 1.136865171350594)
