seed <- 1040
log.wt <- -13.123003987364168
penalty <- 2.8115950178536287e-8
intervals.send <- c()
intervals.recv <- c(56, 112, 225, 450, 900, 1800, 3600, 7200, 14400, 28800, 57600, 115200, 230400, 460800, 921600, 1843200, 3686400, 7372800, 14745600, 29491200, 58982400)
dev.null <- 358759.0022669336
df.null <- 35567
dev.resid <- 226285.96728552316
df.resid <- 35402
df <- 165
coefs <- c(6.504752386340151, 5.8150789538108345, 5.7962040630675045, 5.401476360040172, 5.037523419943471, 4.88472795135614, 4.705283215576783, 4.59877677692749, 4.386409806192407, 4.236705758173102, 4.310293276731333, 4.134347950397807, 3.9785304439035585, 3.9455738845705253, 3.7465386920768573, 3.520704392607271, 3.261559721473206, 2.9101554968461505, 2.50337883423125, 2.018599235263951, 1.4723888407033727, 0.9003863834586925, 1.0707934717029135, 0.5182575530969834, 0.45294774771769786, -1.126143490590676, -1.1322712196671497e-3, 0.9105367413597654, 1.1010040657559976, -1.0590738985352326, -2.33176513279444, -2.8678081245507263, -0.47186117523134563, 0.7576400772241311, 1.299574259351151, -0.6723336334746228, 0.36406694835456826, -1.7053049811359053, 7.909968343912198e-2, -0.5905664937107848, 0.9866645182994347, 1.0451743992707925, -0.5791584533792618, -1.2632909821962321, -0.9252567428058818, -0.891264950090255, -1.2124167431047919, 0.22141550427561943, 0.3969959693677698, -0.26067821115053985, -0.5322226862731785, 1.1030518969248158, -2.549037623718824, 1.7491810568104482, 0.7730864689148221, 1.0005188652725943, -2.2388632854669006, -0.2021283360802634, -0.7964706553095066, 1.247808262141638, 1.2414990313366223, 0.8646451581882876, -1.8241828972190373, -1.3454377164741271, -0.6433772566307757, 0.29509869804303773, 0.6700020386527352, -0.4070088272117959, -0.8022274730367286, -0.5822552406089914, -1.7234738797658906, -0.25889014518895886, 0.48730545322764773, 1.0578673891824066, 0.7443312330101393, -0.8084053501337514, -1.5588234183162397, -1.1570267638243874, -2.3455161823905637e-2, 0.648982070729806, 1.1680263962234922, 0.11551235353781125, 0.3461427566557562, -2.2481716627411106, -0.7831793639462571, 0.34955267770818815, 1.2751635069035627, 0.48830940833439457, 0.9091245710306857, -2.707976436617304, 0.41805195866694905, 0.6756878878243946, 0.7711570556280067, 0.32839318983755766, 0.29631431556577353, 1.5788219295994466, -0.6959885526762353, 0.5208116565768305, 0.15259577171949043, -0.33953991836895625, 0.5665987929091097, -0.4632057334316659, 0.9007281956622074, 4.300348449392699e-2, 0.6790660455570328, 0.844813918759977, 1.166436377990094, -2.4081274444268785e-2, -0.9351004222547055, -1.0940424224785308, 0.4662491379899354, 0.765933525204004, 1.6403570171241237, -0.5800233436334545, -0.3300753397613535, -0.7711574224254149, 0.7017125951104876, -0.23165471084198644, 0.5723901192589317, 0.26735244478993353, -0.6566150139260042, -0.4086274610949258, -1.2995918726545759, -0.28765978637513473, 0.3785979858030038, 0.9329612734780864, 7.682309940491219e-3, 0.974258732353143, -0.4839407302758199, -0.4272157099364327, 0.36799197131127026, 0.9027175491963725, 0.7366736664403238, 0.4120084881833641, -7.196859475874133e-2, 1.1621089239752724, -0.287912072921285, 1.0547140258242937, 0.6623841909307557, 0.9479930767392839, 0.6884237803251234, -0.6309041717562422, -1.3884407328993746, 0.505097267007793, 0.33277245383538046, 0.5181710787859999, -0.22525551688989282, -0.6024587043368171, -2.106019468553318, 1.3347503083805439, 9.347208343157692e-2, 1.1856645407838309, -0.2648242779430442, 1.867719649601845e-2, 1.1587392437752623e-3, -2.0379937942588104, -0.9413779174768308, 0.8717401178255073, 1.2369145059527789, -0.45587252639865333, 1.5628228892180194, -0.444573585765266, -0.26095315844055494, -0.16684330181281962, 1.1785878119154702)
