seed <- 952
log.wt <- 0.0
penalty <- 2.8115950178536287e-8
intervals.send <- c()
intervals.recv <- c(56, 112, 225, 450, 900, 1800, 3600, 7200, 14400, 28800, 57600, 115200, 230400, 460800, 921600, 1843200, 3686400, 7372800, 14745600, 29491200, 58982400)
dev.null <- 358759.0022669336
df.null <- 35567
dev.resid <- 225914.88502816032
df.resid <- 35402
df <- 165
coefs <- c(6.441607064293997, 6.127268835903519, 5.914875527490405, 5.117577767475036, 5.052477422276174, 4.8743634905763615, 4.726811136080127, 4.654463641067054, 4.430528383429097, 4.186682188321119, 4.312687051803737, 4.157141464359456, 3.9791474154220787, 3.9723064347775847, 3.753215024970218, 3.501192882100174, 3.2541457363591944, 2.958759235913535, 2.4963993592243354, 2.027638144919077, 1.5933107765246668, 0.9341098334481478, 1.038096061186676, 0.3896128573924455, 0.4305976631789091, -1.1303042101571885, -4.969156112399461e-2, 0.8826254268299631, 1.1196789012324537, -1.5737955804998414, -2.2110614342992227, -1.9174129313584523, -0.33972238301540786, 0.7707277816647438, 1.2518596569814868, -1.3493742318045134, -0.38752793626377685, -1.6668843416666834, 0.15380238018721362, -0.28353703629136534, 0.9351962770022172, 1.020954987321701, -0.894660051811552, -2.1880145057070495, -0.7522137339579084, -0.7607044399595922, -0.8364589942402204, 0.6412967294719967, 0.2883236494720577, -0.28348258694037015, -0.47608057489221783, 0.8246126936173883, -2.4676254933652824, 1.7942048754738071, 0.7503024952296129, 0.9477588895305673, -2.144568996342755, -0.11529709661568473, -0.22420292034485167, 1.3935470388389959, 0.9473120325156108, 0.7304155130117549, -1.2920813838937852, -0.9529634725411952, -0.7012428495023434, -0.19492346627859297, 0.5522506072750218, -0.5814761677763309, -1.4727800379389646, -0.6945307609328302, -1.4848555426390235, -0.724808383884886, 0.5414724716839359, 0.9321832630845373, 0.6024313592839846, -1.009546717947089, -1.6854663611531688, -1.2362886868724965, 0.18829688168692324, 0.6129454513598652, 1.149761338211372, 9.011739233223806e-2, 0.4288122384237915, -1.7540681526322621, 1.720744690074931e-2, 0.4412638670590557, 1.143454326782913, 0.5611232506664554, 0.9220962490622227, -1.8740533875845582, 0.37768864300600974, 0.5964046887317951, 0.8803094010286331, 0.2741517252297346, -0.3582382774357721, 1.34456369576149, 0.10907764480889076, 0.35479934486165843, -0.3524559795373727, 5.106053596016704e-2, 0.3293043959984474, -0.25775492152553825, 0.6767760189236023, 0.3166074117801989, 1.0051971367164654, 0.8991233678272909, 1.122629535237611, -0.6027502740396397, -0.6576586858748341, -0.8170686129767881, 0.45071166949586894, 0.606278245935058, 1.631903301562982, -0.5860768699423359, -0.2533661897668308, -0.7628795684780603, 0.7103812629166296, -0.33109442267989414, 0.37153715745571325, 0.9678804449765978, -0.2769126298948895, -0.495769905456014, -0.9295344933354426, -0.6039645257651108, 0.23903808018075207, 0.8573377640102647, -2.7610775485295464e-2, 0.9647976838924034, -0.6687434847090787, -0.39046054916866885, 0.3370120817679177, 0.9899212995063364, 0.7389610947984253, 0.5228604329778741, -3.3472676182964324e-2, 0.9218724656079698, -0.21465865990843347, 1.0994843193950639, 0.7549601287503803, 0.8491659514878879, 0.7199096250576329, -0.6428812363552244, -1.4647088547300746, 0.7975903812918399, 0.16988158864040767, 0.47208968329313916, -0.3235181244778291, -0.4348032446123981, -1.6603274805368793, 1.258732716618848, 0.2486194829552286, 1.1702613132083535, -0.2524787662452729, -3.326159479030137e-2, -0.18148214166330054, -2.093411404878424, -1.9207343399655015, 0.9398975529090166, 1.106435057693614, -0.5627576214598453, 1.5521036394272167, -0.30782175011638135, -0.16219580646381945, -8.158216671165099e-3, 1.1649486382786178)
