seed <- 746
log.wt <- -15.832398121502674
penalty <- 2.8115950178536287e-8
intervals.send <- c()
intervals.recv <- c(56, 112, 225, 450, 900, 1800, 3600, 7200, 14400, 28800, 57600, 115200, 230400, 460800, 921600, 1843200, 3686400, 7372800, 14745600, 29491200, 58982400)
dev.null <- 358759.0022669336
df.null <- 35567
dev.resid <- 225142.8555195065
df.resid <- 35402
df <- 165
coefs <- c(6.85696503117985, 5.7367488553231265, 5.903783852422882, 5.39907892454845, 5.002419505949045, 4.857582160461024, 4.818309610651143, 4.699767370017732, 4.364564674053549, 4.329731278825583, 4.396121690928392, 4.200597677412108, 4.056492924336758, 3.9764733384247015, 3.7884787811037843, 3.5665276243528243, 3.3132937320757563, 2.982443485810478, 2.513522433547817, 2.1052099783341998, 1.712626266797636, 0.8755854071046831, 0.9360747874022805, 0.43079913995245317, 0.8760014893401445, -1.1190722799746184, -0.17266749280175625, 0.9482245535777357, 1.039169200951678, -1.7470674795116825, -2.6384191889985993, -2.3704948414208773, -0.29869931981089093, 0.7481848532452117, 1.206669677883183, -0.8118187284511186, -0.19249100543831166, -1.1987604449165759, 9.392703131774252e-3, -0.7604206471471405, 0.8590306712219584, 0.8873794913177858, -0.7852296797953457, -1.579172016019793, -0.9061098801853582, -0.7954854210716494, 5.047946385587105e-2, 0.27554536509371663, 0.37789642618343056, -0.6628181259465512, -8.50158105709786e-2, 0.7605781595243417, -2.2199619969784927, 1.7052132710495556, 0.7822462541132665, 1.0667484941292005, -1.6303891671324775, -6.296674354519094e-2, -0.6084602108309117, 1.4592129003642598, 1.3972067536638098, 0.8116199833549186, -1.124021126442569, -0.8474406029500777, -0.8201450366429732, 0.2850126019721606, 0.6405401803032703, -0.6439554776611829, -1.2842380715978055, -0.6523770339572257, -2.0306875754184452, -0.2177222673412791, 0.847099472766097, 1.0367111937964046, 0.5387332720978985, -0.6912365945630188, -1.1237448531210403, -1.3032607909678113, 2.4491772728275612e-2, 0.5773091361873023, 1.0986282510127334, 0.11065614891238357, -6.4686694230386334e-3, -1.7272228491351855, -0.7567601231177902, 0.3114369362140476, 1.0703822469507847, 0.4564805170546904, 0.8068587398601903, -1.7541791453616336, 0.6319334561151196, 0.6527627468347852, 0.749271833495125, 0.3913940759700598, -3.204413670874689e-2, 1.4035298358136894, -0.7623272131836613, 0.4308736279248256, -2.8736789580784496e-2, 4.4725893527372794e-2, 0.26058855609278153, -0.16074377579714294, 0.7926176121160582, 0.2743373688742413, 0.6041750436064088, 0.815813180835223, 1.0734516020756586, -1.0054169091662322, -0.996485643184409, -0.9513365574864615, 0.24500738606359931, 0.8100899584600911, 1.5438926648960645, -0.7110084330793822, -8.88328375409163e-2, -0.7194155645275406, 0.6624956837196841, -0.42008042205357926, 0.26844910001012856, 0.33341380016019306, -1.0329648385663415, -0.48598996583771303, -1.216627645940613, -0.6847980646788026, 0.29140531791236196, 0.806768112998273, -0.19399605325134783, 0.8986010452974281, -0.5692520524500276, -0.2929517005830706, 0.21214752333046874, 0.9152481673838538, 1.0374399609557134, 0.46982640524262037, 5.6796736092256404e-2, 0.994582788011126, -0.31243444996010505, 1.0187562484499768, 0.717493385697698, 0.7960814193240732, 0.6609416692655488, -0.6168790074110939, -0.9565904854309096, 0.7297408672015102, 0.6472409900169367, 0.49787841155775053, -0.36909056147837604, -0.6426195490080236, -1.812577365580419, 1.18282804179075, 0.1259692193145884, 1.1041811142388798, -0.21036726716740128, -0.10089333744561566, -0.11302107674550917, -1.7853093218758656, -1.4418562694356025, 0.8596308160713373, 1.0758470824786823, -0.38816641180828687, 1.4879185513481996, -0.2096981428610345, -8.814120802077592e-3, -5.6983425256456e-2, 1.123543277244492)
