seed <- 553
log.wt <- 0.0
penalty <- 2.8115950178536287e-8
intervals.send <- c()
intervals.recv <- c(56, 112, 225, 450, 900, 1800, 3600, 7200, 14400, 28800, 57600, 115200, 230400, 460800, 921600, 1843200, 3686400, 7372800, 14745600, 29491200, 58982400)
dev.null <- 358759.0022669336
df.null <- 35567
dev.resid <- 225863.50501712618
df.resid <- 35402
df <- 165
coefs <- c(6.913636679961668, 5.578491294247733, 5.650777403633971, 5.208319110768801, 5.0077144948198455, 4.867666984114791, 4.765012326352753, 4.68070939520622, 4.324960979948396, 4.313790435216342, 4.351980522902846, 4.1753603419021, 3.971811489919464, 3.949648481854345, 3.748910226203712, 3.5484926624166584, 3.2819682532758296, 2.9483492140030876, 2.502727324798181, 2.0371870268917225, 1.545012413770513, 0.9403606270520675, 1.0301282623043373, 0.5378361029446347, 0.763643608744482, -0.6481065080935816, -0.15532429822040886, 1.0894845659630246, 1.0720267910077947, -1.6892645296208282, -2.3194444869174915, -2.6401719478185024, -0.4364224993031856, 0.7614524833300167, 1.181209638509916, -1.5025649689706029, 0.10930769961735132, -1.7640249986766252, 0.29698573821579294, -1.1017641528773061, 0.9416643516615648, 0.9080273633093489, -0.5444026027524078, -2.2456015690542688, -0.9157148369156816, -0.833400765193645, -1.0360386481013664, 0.4642534476710861, 0.22741529552223524, -0.919864592276176, -0.8158894238024915, 1.0588020075407911, -2.9270863691579647, 1.678691849834323, 0.7644300110448651, 1.2011513084469694, -2.52913235912386, 3.157281589531922e-2, -0.2658934445388891, 1.241058160440533, 1.0762389832177774, 0.7902607468112566, -2.580649561526644, -0.5046455016345527, -0.602450222935614, 0.32232841724480754, 0.5879573858699099, -0.19912571171610277, -0.8586659408079739, -0.773028989932697, -2.2490580390531902, -2.2231606048077873e-2, 0.3548648902154919, 1.0129926212855982, 0.7823583113341218, -0.5756537228686338, -1.148579316209224, -1.0871874330807911, -3.802669998445045e-2, 0.729111074987893, 1.0385602254385509, 6.864198230920507e-3, 0.4183628949687163, -1.938582100464085, -1.3911271806358259, 0.3854174103094989, 1.2880950605589727, 0.2617417588192493, 0.8916332660081506, -1.423816985339306, 0.5078360778425478, 0.8258114082309019, 0.8841125439083812, 0.4529800371074761, -0.3182436997036158, 1.3161083827924651, -0.1806240075509284, 0.5938183644273515, -0.21003440843573623, -0.35532313650177827, 0.32383003699901397, -0.4470329622954831, 0.7818042439516646, 0.2132484041582202, 0.7852184678770294, 0.8648366151348403, 1.1809622188134998, -0.87344366855162, -0.7371175521027504, -0.9431154654513907, 0.5896704396672293, 0.6852493821402436, 1.5802211337354464, -0.7333492283799953, -0.3227672458780463, -0.9738781837403268, 0.8193792467474011, -0.2742740141510704, 0.5364430936797536, 0.7563410964657309, -0.18725985830905564, -0.35254188502337375, -0.6008984534111993, -0.49873573438695545, 0.39465570978732345, 0.7636892855906517, -7.778191576047153e-2, 1.064031666635011, -0.716142752064245, -0.5075725023448011, 0.4277428348481627, 0.9302581155045163, 0.6246860446962524, 0.5217013924003046, 0.10046426838147966, 1.087414639063921, -0.37762605003095895, 0.9734518715362256, 0.6994107246351349, 1.0312927332173487, 0.74124033069238, -0.5662669365422642, -0.9506499347533285, 0.8448161082168006, 0.13339785379511623, 0.5234415329019498, -4.4167460169802386e-2, -0.6776191809160708, -1.6524129499475575, 1.1962965219836217, 0.1310715847941851, 1.2531884218680909, -3.6748728356980245e-2, -0.1035235685862096, 4.5034823026031755e-2, -1.7538490700014076, -0.7934257772101591, 0.8000213813851943, 1.3493897874086063, -0.4689509243419509, 1.504123619082359, -0.4618341707825902, -0.17008707684534058, -0.25905760521534393, 1.2243163019082417)
