seed <- 251
log.wt <- 0.0
penalty <- 2.8115950178536287e-8
intervals.send <- c()
intervals.recv <- c(56, 112, 225, 450, 900, 1800, 3600, 7200, 14400, 28800, 57600, 115200, 230400, 460800, 921600, 1843200, 3686400, 7372800, 14745600, 29491200, 58982400)
dev.null <- 358759.0022669336
df.null <- 35567
dev.resid <- 225547.56143501762
df.resid <- 35402
df <- 165
coefs <- c(6.724277553561549, 5.623743884993634, 5.823292273211204, 5.464069241797918, 5.169701808666061, 4.918770472084366, 4.818982557888792, 4.648911688521763, 4.365257994597568, 4.304941976733103, 4.306593276626383, 4.181154943662695, 4.07036979070676, 3.9658666333543446, 3.785827777133565, 3.573384571506288, 3.2418010551027865, 2.931885805584961, 2.5204581060341007, 2.1133920358970064, 1.6281286982398393, 0.9416489463628392, 0.9373325488855744, 0.6550216051163039, 0.5348683810688063, -0.7569350467498421, -0.27996918438348056, 0.9659573648518074, 0.8897564999825962, -1.1329291700677182, -2.0895700222097267, -2.2535935737146584, -0.490827483583641, 0.8182329059423307, 1.1327454909293448, -1.3563934864995277, -0.40957263365788016, -1.4132997791429864, 0.21126641442525906, -0.7437242542181935, 0.7935098745533222, 0.8214769039267584, -0.728913406638244, -2.2491868700668376, -0.6274343611183533, -0.9655158693678527, -0.43190987055102975, 0.277699959883045, 0.6315806644000684, -0.8197498428369936, 0.21938496281481093, 0.9249631663576171, -2.002699390001835, 1.6502307624149928, 0.7298004877999987, 1.1527364965956903, -1.8756807502565658, -0.26311731974360064, -0.5170749907853752, 1.3964002592575708, 1.2239349888966993, 0.8305568863870778, -1.8624388695320757, -0.8223867821760025, -0.5391959836701843, -0.10955357666579613, 0.5025994710749442, -0.24118399694912682, -1.6116015000242494, -0.5555144072681413, -1.6341857121049372, 2.805726814132483e-2, 0.2600753768744367, 1.0016294822326766, 0.5540680474669255, -1.318003910523609, -1.2038240627245174, -0.970035497455665, -7.974411903075926e-2, 0.8100542536589279, 1.2346533706555005, 0.3317789348756467, 3.016254906716405e-2, -1.591059500590447, -0.49987689824693315, 0.47072869275297313, 1.0629917882897952, 0.5769849458536438, 0.8063336929175714, -2.26369629596182, 0.38047328601624403, 0.6990807181964885, 0.7757805588589495, 0.20487571996256485, 5.580895844303344e-2, 1.1167164480800362, -0.6215161965817226, -1.644086168625266e-2, 0.14345618196276141, -0.719749200912174, 0.32581260631657044, -0.1542046298946131, 0.8790683167534232, -8.341142588772053e-3, 0.7961537835528854, 0.8751172775595492, 1.1057334103381202, -0.8367773638025294, -0.2433206679349433, -0.7003666374651176, 0.32679888521771727, 0.6761383665137727, 1.4469549159923636, -0.7760182131884533, -0.16016613868926996, -1.5373548339078695, 0.7191417125237027, -0.24806732371600848, 0.37746603824994973, 0.6611815814741157, -0.35646579151593233, -0.43858136370757483, -1.0271298163216447, -0.253189248278393, 0.10496629673035902, 0.941901464050955, -8.676142334190202e-2, 1.0808697051224387, -0.5335355418644195, -0.49811166244294286, 0.2458819210080124, 0.9235764968658334, 0.8438196715089331, 0.4546454371160688, -0.14001658592710642, 1.1647896895832177, -0.41051324385629695, 0.9734689333127872, 0.720637829347124, 1.0813221709660958, 0.7415853262421078, -0.6323130578825432, -1.2058731511773328, 0.5929790347285675, 0.3139862724460623, 0.498124841506872, -0.25021146386719867, -0.2994745364878967, -1.6712579692019076, 1.2209463691637457, 9.06084147977471e-2, 1.2816504820687635, -0.27667458414137647, -9.014144281961857e-3, -9.60871923025045e-2, -1.8674023026543143, -1.6775131672575856, 0.8896881915931035, 1.0417996398541929, -0.15230560056378004, 1.4601567629618661, -0.20158704963512292, -0.15803269587957253, 0.18394659061884294, 1.1484394691554591)
