seed <- 1077
log.wt <- 0.0
penalty <- 2.8115950178536287e-8
intervals.send <- c()
intervals.recv <- c(56, 112, 225, 450, 900, 1800, 3600, 7200, 14400, 28800, 57600, 115200, 230400, 460800, 921600, 1843200, 3686400, 7372800, 14745600, 29491200, 58982400)
dev.null <- 358759.0022669336
df.null <- 35567
dev.resid <- 226371.15841350277
df.resid <- 35402
df <- 165
coefs <- c(6.302892825699157, 5.858129828093499, 5.725680927381497, 5.2552274082249095, 4.96014930966476, 4.947097841525479, 4.776437830030249, 4.6354203941877286, 4.359178437086551, 4.2329468825183945, 4.302743438843866, 4.12680414065627, 4.012169067102365, 3.950810629194598, 3.7664176720454554, 3.5407611891213486, 3.2782296207971657, 2.923461046135028, 2.4805940808031828, 2.136464683951858, 1.718638773217614, 0.9269788748135599, 1.1160462499941748, 0.3230769037029314, 0.11770060114892707, -1.3164951168274355, -0.18738386346364233, 0.9066833357026127, 1.1100072997352854, -1.0618714260742046, -2.2774912583675935, -1.6958764075138852, -0.1725879396379201, 0.7658538796077639, 1.4441436401618928, -1.3229072599226461, -0.2471451656557143, -0.3495375752620455, 0.2459345131772051, -0.930084061888132, 0.9473797298996505, 0.9262085340315673, -0.7311035559498427, -2.3795538331200206, -0.9248239492982518, -0.9561147165007591, -0.5911348104973164, 0.14910428259575864, 7.004692850784536e-2, -0.5188773848653507, 0.29755210392042397, 0.7956959961475073, -2.184543693234876, 1.718869804490928, 0.805369659785968, 1.0480999968706977, -2.6956265078884862, -0.18067939874171945, -0.9629178403316182, 1.2658127212461785, 1.2770614394367885, 0.6492958291600086, -2.81394834948923, -0.5443970763682566, -1.034859356231696, -7.293987007500057e-2, 0.6431451028678339, -0.2709727406019184, -1.2387838528612245, -0.551378903655477, -2.669640259564144, -0.14062944558475088, 0.8017824238194088, 0.9400419516574376, 0.8429559269012817, -1.1581116939042861, -1.1244308734190571, -1.2478074471266323, -3.7156965335678e-2, 0.7194994556466668, 1.2309089283125259, 0.210184583423821, 0.20728071381925076, -2.0650054518428593, -1.6386361301437202, 0.2886988664504684, 1.3307847580722505, 0.48140762574914897, 0.8994896284530758, -2.5936933588876894, 0.47347193656029707, 0.7170600786436347, 0.8687732373990313, 0.3334464188480063, 0.374017768642525, 1.2648901135419344, -0.33173178180986856, 0.33869341417766824, 0.24153423257821502, -9.488356716694976e-2, 0.237836076471102, -0.2655087329639908, 0.8070216984832055, 0.20011623540596257, 0.6273996036193651, 0.8423065918192525, 1.1870317534791426, -4.282106446420555e-2, -0.39608321770187294, -1.3706207996316537, 0.41701927590684845, 0.4608571335083932, 1.6122395042301065, -0.5761625405345671, -0.15907510179831688, -1.218587770895993, 0.7780758696096418, -0.389471904701403, 0.6666894509058079, 0.6530888918296055, -2.7576442909390736e-2, -0.5432314312989991, -1.55013397595066, -0.3566358597710521, 0.3572377710904097, 0.9420617344813553, -8.558748271307164e-2, 0.9192162913756596, -0.3691114768819341, -0.4142067111456151, 0.36543944495724046, 1.0290357437399826, 1.0320622377423283, 0.5206452088002185, 1.95198398148336e-2, 1.0675571770486998, -0.4057347861483851, 1.1596313057792667, 0.7406466786634684, 0.9132947274600228, 0.8492099915777229, -0.5786894962089018, -1.2062978509646278, 0.7057975315506927, 0.5188175406004987, 0.46809910402946353, -1.5590407555602107e-2, -0.505099991024492, -1.965095970060433, 1.273039352998187, 9.299055840822311e-2, 1.1425327769485183, -0.1765866634779419, -8.229217558420678e-3, 6.934173939780282e-2, -1.8194429663926586, -1.17629843303526, 0.8932879336102756, 1.1717559460879197, -0.12298901803315379, 1.5504746692145883, -0.20182735611932656, -0.2722312706045604, -9.482881021935236e-2, 1.2231527595274387)
