seed <- 330
log.wt <- 0.0
penalty <- 2.8115950178536287e-8
intervals.send <- c()
intervals.recv <- c(56, 112, 225, 450, 900, 1800, 3600, 7200, 14400, 28800, 57600, 115200, 230400, 460800, 921600, 1843200, 3686400, 7372800, 14745600, 29491200, 58982400)
dev.null <- 358759.0022669336
df.null <- 35567
dev.resid <- 225573.26441726417
df.resid <- 35402
df <- 165
coefs <- c(6.343993463228122, 5.795285096305699, 5.624103150025455, 5.3856941524941195, 5.007515606513887, 4.8645934837797675, 4.710546881531549, 4.610282411593324, 4.411322875870094, 4.28586637937476, 4.351175437696419, 4.196047762497908, 4.011674592370303, 3.931248389503936, 3.7956804548796383, 3.521653631103954, 3.2570980477128315, 2.947891018434833, 2.5000468155916997, 2.026310998857354, 1.6070844710079446, 0.9118619559300348, 1.1274436200626103, 0.359756143918024, 0.1058779176018441, -1.5521569223655811, -0.1769177023068878, 0.8404865815593394, 1.042849543603459, -0.6224215558866019, -2.486291659688029, -3.0178088566925227, -0.35416125177935837, 0.7861855399816364, 1.3766759876757482, -1.1534352063028004, -0.4900299256371342, -0.6658890852505391, -9.086268666857406e-2, 0.17816400183674666, 0.9100235166018652, 0.8923289484068325, -0.9975723611898615, -1.961971506291799, -1.2726927449024417, -0.8675190075450047, -0.9401091935626307, 3.2771366810628526e-2, -6.548596762553027e-2, -0.6783673910263187, -4.070910918255279e-2, 0.7293148547069767, -2.7418351977500537, 1.6808332364441294, 0.7294835114065058, 1.0151735124764802, -1.8171186537520223, -0.36370495560822313, -0.8772529437989516, 1.4533418164153573, 1.2183983124831175, 0.7401692138656711, -1.4487742024962946, -0.15329108972970903, -0.34994377882793753, 7.787441989360208e-2, 0.6516849082662934, -0.17243995665807538, -1.5214625017827048, -0.5259590533734578, -1.8083613544736081, -0.1707399475990897, 0.7723714947555816, 0.8965413900542439, 0.7323556582519436, -0.6926954028169087, -1.2210425557186713, -1.3269572950033741, 0.13934405130878724, 0.6614810705875528, 1.2808401378458238, 0.15850469910565207, 3.499590568635973e-2, -1.4503293219969504, -0.23828237215043555, 0.46513832384717047, 1.17353655854761, 9.678523357548732e-2, 0.8292775407526182, -2.0641379739110324, 0.4154480665558577, 0.7043648583880974, 0.9104944011350726, 0.3926983622340237, 7.541903302820563e-2, 1.3904794169820838, -6.64249043172605e-2, 0.3865880074172043, -0.10892916829318887, -0.5810738538567167, 0.32975790802490584, -0.893156927520421, 0.9375367881483618, 0.5862853553921092, 0.4207347285703906, 0.875182315505334, 1.1833653260209442, -0.19141930926181125, -0.18811661579217903, -0.945301751915489, 0.3832506944154, 0.45829832077973665, 1.5860521029036252, -0.7213250588100257, -0.29887452847373974, -0.9090313748223818, 0.8502461378223541, -0.25116571914738367, 0.5922248797192915, 0.5118885618919982, -0.8944704974626883, -0.5144176644162204, -1.1735668096877545, -0.6686401202606801, 0.2678846870785798, 0.9836752035938832, 1.0387352579382812e-3, 0.9996106870527178, -0.47981809125095415, -0.3884800026762566, 0.3736730581216941, 0.8163761844354824, 0.8070743934696427, 0.4764154034643135, -7.808605259660664e-2, 1.0406188921187667, -0.4653003952470166, 1.0607724201489275, 0.7861277200013537, 0.992928096685082, 0.8418773404092252, -0.6072704595756576, -1.1211752132669883, 0.592742435598528, 0.4566530498269172, 0.5115131186438889, -0.290643414662913, -0.7163814605919464, -1.7200761975281937, 1.2405099057526994, 0.19773112261520562, 1.1868119362075704, -0.13447454181160928, -0.12033367483074918, -1.6899105212569234e-2, -2.1914321408914734, -1.417564885151889, 0.8797673576816857, 1.119346234679758, -0.5315859573211362, 1.5323528261068455, -0.30799532310856653, -7.565635420864361e-2, -8.54038223247532e-2, 1.2755350394961071)
