seed <- 671
log.wt <- 0.0
penalty <- 2.8115950178536287e-8
intervals.send <- c()
intervals.recv <- c(56, 112, 225, 450, 900, 1800, 3600, 7200, 14400, 28800, 57600, 115200, 230400, 460800, 921600, 1843200, 3686400, 7372800, 14745600, 29491200, 58982400)
dev.null <- 358759.0022669336
df.null <- 35567
dev.resid <- 226707.63567422572
df.resid <- 35402
df <- 165
coefs <- c(6.648666328613556, 5.628075526231991, 5.659081299868422, 5.355372578614675, 5.178604181414068, 4.8907214123747185, 4.678799664115206, 4.649363755200454, 4.352811483636008, 4.255327130965108, 4.287068924902704, 4.119344332808823, 3.9831451692471735, 3.957847312772659, 3.733748992297148, 3.5276580404993747, 3.226812251622328, 2.951670915494858, 2.4710600427637086, 2.0221524311802663, 1.5026708484302598, 0.8922736431837258, 1.0345561582174518, 0.47071491170460183, -7.868824738191331e-2, -1.2259632343317681, -0.1321115415856898, 0.8678110658283577, 1.037693551768173, -1.1421389207134756, -2.7091731691413705, -1.6312766717873173, -0.17110959352055644, 0.7150289960340882, 1.271004074795547, -1.4126164210004089, 0.25942067985524003, -0.9580871878996216, 7.736013680013616e-2, -6.1387031049548985e-2, 0.9786264591637966, 0.9098048283823216, -0.7388239293413278, -2.2381060740578653, -1.352225429579929, -0.7297143616400098, -0.6102586310513292, 0.10665115214274326, 0.5728751690105895, -0.7587956439360919, 0.1796426900618786, 1.084338301291899, -2.8082975264051897, 1.7111327613104534, 0.8220873243960172, 0.9843376819881837, -2.1159916663724574, -0.15401955736358747, -7.810901767193774e-2, 1.7305194579364596, 0.642374220130056, 0.5331942974129925, -2.08518311935338, -1.1419288924695845, -0.4433484534123809, -3.2160723927842014e-2, 0.7595707849446792, -0.34977254553229736, -2.177033179702266, -0.48992747744563464, -1.8239117827536453, 0.18429979147140196, 0.5888202284817312, 0.9355453937604764, 0.6831942471205843, -0.6755831040172219, -1.4889770606418729, -1.0449346464944842, -2.6476768639221035e-2, 0.6690391214850206, 1.278366833628322, 0.17756534412628694, 0.13006179108512006, -1.635165375084901, -0.7321203867157943, 0.5660254006292963, 1.1994335504527147, -2.9926956006920743e-2, 0.8704314781548368, -1.8866795609807778, 0.4582868407076469, 0.5944764541299572, 0.9274023064780734, 0.2789655668575512, 7.092437325087032e-2, 1.244580862931591, 0.1535554209190213, 0.23236939669633136, -0.11957353298653861, 6.095894332665376e-2, 0.48987747731317, -0.8705822532055529, 0.809413643390462, 0.20392810962329896, 1.2385609817250725, 0.838519787006284, 1.0152900120228232, -1.0898939142695447, -0.5778653218545218, -0.7215496605658849, 0.36274035521077624, 0.5822434380000329, 1.5765272656412552, -0.6430127052642309, -0.277344131592187, -1.1056837512736977, 0.9099857429602741, -0.35492709713860343, 0.35216376212215006, 0.5571518385057973, -0.7513158378517202, -0.3088974493063523, -1.0535814139588027, -0.8768951032587317, 0.3798231807178191, 0.9481719062652534, 5.749495622893296e-2, 0.9470945571997551, -0.578917059936237, -0.35221518736409385, 0.22367321549580726, 1.0371929785914749, 0.8201648185374055, 0.29524375107049017, -1.4475641385000555e-3, 1.1140433380868673, -0.30217112239077404, 1.0972453163313893, 0.8325704946537088, 0.8571257079498932, 0.9095354104261377, -0.7339183899601356, -1.4653415882593048, 0.7553104646993917, 0.27275303332542494, 0.5857247260433464, -0.27082865365439013, -0.4874907103223993, -1.8185079203216468, 1.2813393548207719, 0.13949607479815124, 1.1131624442793606, -0.19164719388225224, -8.763126629611537e-2, -0.12005236725363987, -1.9487457476286478, -1.1699737764555138, 0.8251902104267435, 1.1603548460311965, -0.4361832894093994, 1.5283226704127244, -0.3281853565238814, -0.12710212040545737, -4.432503400439237e-2, 1.3230728477756954)
