seed <- 826
log.wt <- 0.0
penalty <- 2.8115950178536287e-8
intervals.send <- c()
intervals.recv <- c(56, 112, 225, 450, 900, 1800, 3600, 7200, 14400, 28800, 57600, 115200, 230400, 460800, 921600, 1843200, 3686400, 7372800, 14745600, 29491200, 58982400)
dev.null <- 358759.0022669336
df.null <- 35567
dev.resid <- 225529.88544637343
df.resid <- 35402
df <- 165
coefs <- c(6.607024804239699, 5.968812615679755, 5.812711638285171, 5.29694122564461, 5.177137944169504, 4.841994087203343, 4.75839704909776, 4.612991371593399, 4.359981081512579, 4.264640146990645, 4.335603758158423, 4.175945462448474, 4.040819990875372, 3.9533295341334664, 3.7587917411038982, 3.5612239630693403, 3.2839442706200797, 2.9410170319155684, 2.509054441933275, 2.07423728997713, 1.67110294770746, 0.8928742084318514, 0.8705715580930531, 0.6006771974953182, 0.41045293590443693, -0.9689599390065049, -0.18647224383096145, 0.907099150778723, 1.1070520685916156, -1.6872775102003776, -2.2905537452871965, -2.9109804271453235, -0.3805748070479917, 0.8023013024393165, 1.3370626628392526, -1.1293467355960707, -0.533650169121826, -1.3255955904342724, -4.719753561085122e-2, -0.4177942316054268, 0.9922572099513653, 0.9043885523370035, -0.7209166380736505, -1.4908066749094764, -0.766375603181642, -0.6760650962813588, -0.2123976339484736, 0.4175706221346821, -0.17868984419681844, -0.6976181620884524, 0.24938590417745768, 1.067386189325167, -2.7626378149043123, 1.7109082563191302, 0.7255398400295404, 0.9921677547119412, -1.9648062443506653, -9.178914208118845e-2, -0.3788905019687199, 1.5030844154160825, 0.6344693824129418, 0.489661268974316, -1.871499035272945, -1.138291960351233, -0.4063615336909859, 0.350828298837142, 0.6713082111916387, -0.2545316259819607, -1.1770224939591363, -0.6237196285429408, -2.115143292751445, -0.9352493073338121, 0.6166500136718746, 0.9514475127328605, 0.6218280954267565, -1.0931526373276352, -1.3916881778279733, -1.034862179052635, -2.606598459879329e-2, 0.5867969632860889, 1.088395990917498, 9.303669296270413e-2, 0.34478325793050807, -2.1226567905328926, -4.1123632845117004e-2, 0.40063503438659326, 1.18808745647118, 0.5659655263700238, 0.9283477488952573, -2.6499251027464177, 0.4051251397846243, 0.7291229064324963, 0.7896795232900504, 0.30781837246504756, -0.4424102271875815, 1.4702967405715657, -5.929663300362683e-2, 0.660173649106341, -0.16452218917693578, -0.21083748686136858, 0.4251969762300139, -0.11693038801389698, 0.6901689099888729, 0.3560299424393581, 0.7756272556255425, 0.8455316093100275, 1.0624318172154599, -6.640400226954549e-2, 7.551207162328327e-2, -1.0177386715091967, 0.38166987010693415, 0.6965290071095055, 1.6208824791234866, -0.5802101425375185, -0.262607320676038, -0.8125863527158105, 0.7054529142850545, -0.20625367823369675, 0.27673679121076283, 0.738444459520292, -0.22932360408426317, -0.2855038828443203, -1.0533891608670476, -0.6784800267715908, 0.25767157571451504, 0.9878746094478894, 0.10865219766740954, 0.8152880244243923, -0.7212460645305312, -0.6622214000981402, 0.37761207369781835, 1.0330722080401988, 0.9590203579300144, 0.4578683355352747, -8.447195133779198e-2, 0.9774831920766756, -0.33659395390339236, 1.1415877122149134, 0.7530036543435632, 0.7478315910890874, 0.7400831770302351, -0.588157028389316, -0.993003045666103, 0.6672812790725715, 0.19956917304001456, 0.4266182990027991, -0.17634319304451607, -0.42780665192921435, -1.991854113754505, 1.3801958467115207, 0.15022135047747645, 1.165398385820092, -0.24549736029941602, -9.335621198228601e-2, -0.12735345946454282, -2.1767700865183914, -1.8535900513309207, 0.9090121461446155, 1.1429239829587214, -0.24810007081360494, 1.5577275355750635, -0.40657795331690855, -0.20387561484740344, 7.626951254893581e-2, 1.1562837122210803)
