seed <- 954
log.wt <- 0.0
penalty <- 2.8115950178536287e-8
intervals.send <- c()
intervals.recv <- c(56, 112, 225, 450, 900, 1800, 3600, 7200, 14400, 28800, 57600, 115200, 230400, 460800, 921600, 1843200, 3686400, 7372800, 14745600, 29491200, 58982400)
dev.null <- 358759.0022669336
df.null <- 35567
dev.resid <- 226819.99952631662
df.resid <- 35402
df <- 165
coefs <- c(6.4915647771742, 5.673372505123923, 5.702353007069726, 5.221477811586789, 5.134835275539859, 4.954134429191695, 4.787114558025248, 4.618794642905096, 4.36521508487144, 4.259844123599425, 4.301557840678249, 4.140003139923676, 4.000767376975753, 3.978881488882187, 3.7502764210754274, 3.5338917847330964, 3.223943220885537, 2.9555406021185955, 2.5213037804644105, 2.1171642817317533, 1.547536328446111, 0.884688888759915, 0.9547982826184135, 0.4212100722877025, 0.23785213841585018, -0.8176001558089288, -0.11249479503278025, 1.0545298020337226, 1.0604812086170035, -0.7929051453305842, -2.198942655045926, -1.8735861658499804, -0.32472298921663467, 0.7550760207395778, 1.0843344036787093, -1.1237458343893199, -0.8212923343805952, -1.8216488832980626, -0.14065449587844764, -0.2888980589907396, 0.9127963619577234, 0.9662773129324045, -0.7366332111404725, -1.4153481327639206, -0.858409151403988, -0.6815701428396839, -0.5999030770130458, 0.22210369407998332, 0.4699268756104629, -0.45054814549392236, -0.32991072288848833, 1.1563524769679352, -2.2740912972396656, 1.6487750377471235, 0.6674150429076702, 0.8592973562352253, -1.6946475273620638, -6.205927559687343e-2, -0.14073315066050154, 1.6097045165566077, 1.274447115620736, 0.8712276916334777, -1.6044837566739005, -1.200593218321785, -0.9892465524036415, 0.3183959084190094, 0.6419170459946698, -0.9802509160160526, -2.0009258384007107, -0.7902428765299823, -1.9368330677980947, -0.28417778029026725, 0.6658086949149888, 1.041663358461281, 0.6107451323946591, -1.4150710837336615, -1.248872843668852, -1.1720459705842796, 1.0722743930108098e-2, 0.579470405678931, 1.2461856142324124, 7.341076220654423e-2, 0.20234888931387965, -1.8238702981085844, -0.5073230920658145, 0.32945765207513683, 1.1600740873594655, 0.5633626732091579, 0.955568263200906, -2.422756013962154, 0.3738802322054135, 0.7831309385001536, 0.7982320870067418, 0.25565458391666057, 0.20763282443931247, 1.443165469042554, 0.12709122076725768, 0.4361641616286834, -2.3367363980449016e-2, 2.653499275759701e-2, 0.3325860496935025, -1.0345870975044467, 0.8171096280869274, 8.07555666383837e-2, 1.009383494997431, 0.7785832846706756, 1.087423019134705, -0.648838369730406, -1.043069124291584, -1.0148173529316102, 0.3889219258333111, 0.7733100610432677, 1.571507746065924, -0.549012797033086, -0.12486926306154218, -0.9247998719542037, 0.7031637997759241, -0.3019584946051352, 0.36731257432412684, 0.7468599208772274, 6.291218433463457e-2, -0.496224924569258, -0.9557828631559254, -0.6248208733792285, 0.19068932268293667, 1.006436770801411, 1.1727470008491614e-2, 0.8889035670437777, -0.48660811589562075, -0.3305042393016171, 0.21384841124378487, 0.9101173871357267, 0.7159939061113436, 0.5285088766977695, 8.885603821321024e-2, 1.2142893803693287, -0.453922920739154, 1.1022021093259557, 0.7044600669162642, 0.878107263119958, 0.7179903064397394, -0.5594604282592586, -1.2269557979956578, 0.6550715076956283, 0.3139217907606663, 0.5618142968588571, -0.22229643538402344, -0.8477003866653797, -1.6299038909519357, 1.2710531138356593, 7.646465957097821e-2, 1.1444225549426763, -0.27235819434099556, -2.161808316069606e-2, -0.21327331128567567, -2.127600285156838, -1.4962693757979504, 0.8320034247465593, 1.140393249193355, -0.41129576529022016, 1.5724085527854266, -0.34183322864717935, -0.24325176037257026, -2.010256557497046e-2, 1.1627165141678029)
