seed <- 851
log.wt <- 0.0
penalty <- 2.8115950178536287e-8
intervals.send <- c()
intervals.recv <- c(56, 112, 225, 450, 900, 1800, 3600, 7200, 14400, 28800, 57600, 115200, 230400, 460800, 921600, 1843200, 3686400, 7372800, 14745600, 29491200, 58982400)
dev.null <- 358759.0022669336
df.null <- 35567
dev.resid <- 226395.7193311979
df.resid <- 35402
df <- 165
coefs <- c(6.679019745945352, 5.850847119682785, 5.826009333269137, 5.29578196042885, 5.03989740669862, 4.861176220179748, 4.667774074081243, 4.650102892773844, 4.418034780673248, 4.286986504398285, 4.267673788031733, 4.1903322042210025, 3.9621312230207013, 3.946589408819296, 3.7354043586777905, 3.490385641047638, 3.2533246936232763, 2.9372885649823632, 2.5235194279729667, 2.0619072437730313, 1.67347422828992, 0.9095381834775357, 1.0143106547562835, 0.26379228657905957, -0.6162328923439085, -0.9327617444330093, -0.2488663243705249, 0.976266867272526, 1.0429446726489873, -1.2607479487799358, -2.873963594871981, -2.2182566803820674, -0.5133909182271669, 0.76223035969575, 1.1275133441923089, -1.380373888270432, 8.405373724453388e-2, -1.0604763710429252, 0.12336978153072094, -0.8169963103243839, 0.8776367191824884, 0.9600448548730699, -0.7160701179983393, -1.9846334877144696, -0.9907068670519192, -0.6393399397009474, -0.7092626706488201, 0.6255775732840188, 0.307734467262286, -0.6257904604686553, -0.19734693106331755, 0.9061753139806845, -2.3423704508725174, 1.7481566740648722, 0.9184146116518763, 1.0352817615508267, -2.3683798757259513, -0.31285910700650554, -0.18403395722468624, 1.2756369192799664, 1.2428116767040882, 0.6961103683410225, -1.4314817517041463, -1.1077598614452833, -0.4667475674651257, 0.36784448802347325, 0.719892018118287, -0.36069308923959087, -0.8326383602108681, -0.46372440999479875, -1.9165163125408482, -0.5650955594693499, 0.19077467725224045, 1.0578773683159441, 0.6300478562096443, -0.606000047102892, -1.5936222738279997, -1.517412561229614, 3.6994052653997286e-2, 0.7339269066128398, 1.151041653779028, 0.1505612165185989, 0.1676642402066418, -2.014966072039888, 0.10686719476854338, 0.4187428082211596, 1.242245785720907, 0.531925683469647, 0.8470566457123162, -1.9268983458728097, 0.476816853477826, 0.47450958547241506, 0.8660989451558708, 0.2844843551131208, -5.212359132150277e-2, 1.2401334048958677, -0.18891359143673203, -0.1743249645980493, -0.30521652942515676, 1.5565755085997442e-2, 0.32820200957031603, -0.5093296362939063, 0.8789913716563149, 0.5315129092939793, 0.6232159080499116, 0.8519637957669539, 1.1051403353673934, -0.386414725569406, -0.4818596869672483, -0.7015741063860468, 0.39565378458290607, 0.514027962821438, 1.572005338631082, -0.7301743073798705, -0.15359382608085018, -1.4201663194872365, 0.8057189870741418, -0.29667158761764156, 0.5482927451992086, 0.8849580495772316, -0.26491874257998094, -0.6076284518635897, -1.0889665302468072, -0.608967364225816, 0.38031437316405825, 0.8821958667121731, -2.2929034602838565e-2, 0.9796664308705869, -0.7053672714174822, -0.405665180269182, 0.3728253815362793, 1.099604431375705, 0.5672957835192365, 0.4814924000846689, 9.363537796082012e-2, 1.1562172881349986, -0.4057141890047789, 1.0362682461312573, 0.7081915338884857, 0.9468723672168966, 0.8333845029460152, -0.7070557749846361, -1.1249722534167608, 0.8246543599916495, 0.3603351645050046, 0.620361462127894, -0.3822857114539656, -0.4796516189352023, -1.8131643760884977, 1.2026953870415944, 0.14261297983004853, 1.1806218298546136, -0.11953176248763925, -0.1334619109984098, -0.3488379161054168, -1.8675067796344516, -1.307947787928073, 0.8279716917015949, 1.1692111922589374, -0.48080366873169644, 1.5734590983494186, -0.2526427172904063, -0.11535684772282721, 0.10135778595126309, 1.250555058115971)
