seed <- 416
log.wt <- -14.72229515456253
penalty <- 2.8115950178536287e-8
intervals.send <- c()
intervals.recv <- c(56, 112, 225, 450, 900, 1800, 3600, 7200, 14400, 28800, 57600, 115200, 230400, 460800, 921600, 1843200, 3686400, 7372800, 14745600, 29491200, 58982400)
dev.null <- 358759.0022669336
df.null <- 35567
dev.resid <- 226055.2582883118
df.resid <- 35402
df <- 165
coefs <- c(6.7140796929285385, 6.02840906352687, 5.606084423485168, 5.3466378795684975, 4.954473729691939, 4.804471409805832, 4.756705040699158, 4.682033194683441, 4.3365701366058085, 4.232555868933674, 4.354709286586588, 4.167541285376532, 4.03148996616658, 3.9383678430251083, 3.7410639699238053, 3.5173596837966343, 3.242370219604545, 2.9726299304045374, 2.5060193714204484, 2.0417595092029526, 1.5662638727037512, 0.8861033441658837, 1.0428574179049679, 0.5121800785813824, -0.18785612614201694, -1.1622611638899425, -0.24768120595295667, 0.9776920759329393, 1.1011340267257177, -0.7297042021569509, -2.7291117231234163, -1.8070818008793943, -0.6772477871744419, 0.7019363145515626, 1.3332643581616146, -0.8668025582740618, -3.265702913224401e-2, -1.2216242193357343, 0.11636130358506942, -0.7193624481829644, 0.9240347795544231, 0.7403406129464231, -0.6356651293820693, -1.472660029777688, -0.9780856235405647, -0.6349513159718713, -0.5232539575854714, -7.86255304420981e-3, 0.3739374797463099, -0.7729982584074148, 0.2333668497070072, 0.9870470014040027, -2.347902736114503, 1.5962872907238999, 0.8357736171093381, 0.9097883180516386, -1.5811183022556339, -1.6131693419581476e-2, -0.4149787964537857, 1.4312373928280968, 0.9722632384409007, 0.5611118934652941, -1.7507405883356002, -0.46865533987136265, -0.6047292384267773, 0.13406957248395274, 0.6383490858552591, -0.3780746937412095, -1.3893900446759795, -0.5788126522170423, -1.5806613914591323, -0.4446133391040471, 0.5082818677827693, 0.9825450181742709, 0.5970296754271042, -1.1410801801950103, -1.54145132504653, -1.521608426552791, -8.584328410874362e-2, 0.641819352111506, 1.1303574148948803, 0.19585783323577274, 0.3223189378157559, -1.382854469536293, -0.5375309514698143, 0.10414392842759303, 1.1352846081122907, 0.4124239009314844, 0.8598167611386545, -2.072110288687885, 0.5045794970672504, 0.6335286211986617, 0.8282331735398861, 0.3386201309443203, -0.8276138072919795, 1.178196158886069, 6.108447991977904e-2, 0.6628896969955856, -6.694978811833074e-2, -0.36537861804338084, 0.5202002420686347, 0.19819019747702274, 0.969340802136531, -0.23470014347179455, 0.9451656353691333, 0.8205696011992221, 1.0965312546046198, -0.5634880292953963, -0.4504044568685901, -0.5576653634341869, 0.25272968449718636, 0.6090847381056441, 1.5692745729957154, -0.96636604203721, -0.25252835499150494, -1.3117983109452112, 0.7857307882388599, -0.3610246816042025, 0.3758239364633254, 0.4336255784840711, -0.41141840115445544, -0.3763230379887683, -0.8844637564256811, -0.705170288859375, 0.3063237519925464, 0.6828632008243884, 1.4780763669847468e-2, 0.9293688983129763, -0.53398332505294, -0.413645596011292, 0.2903143918427811, 0.5303357121401667, 0.6037973179671113, 0.5164203904382773, -9.337917043942075e-2, 1.0728816772742955, -0.3989392690874138, 0.93431604140713, 0.7532905519530754, 0.8932812891763214, 0.7007209755482815, -0.6989187154008346, -1.0562395394586213, 0.6311202992046091, 0.1881767959934919, 0.5043101967811644, -0.41214690855387476, -0.7001489625964218, -1.939056981835769, 1.2166245477012034, 0.1237732412310583, 1.2109377607249525, -0.39783252030079963, -0.23960256947211747, -5.836280454404153e-2, -1.451074270870396, -1.08767421508325, 0.7594509187738602, 1.1205892964971598, 4.066644410013153e-2, 1.5512954160352201, -0.21290250412919967, -0.13673906741671332, -1.4409260760728584e-2, 1.167449615409353)
