seed <- 734
log.wt <- 0.0
penalty <- 2.8115950178536287e-8
intervals.send <- c()
intervals.recv <- c(56, 112, 225, 450, 900, 1800, 3600, 7200, 14400, 28800, 57600, 115200, 230400, 460800, 921600, 1843200, 3686400, 7372800, 14745600, 29491200, 58982400)
dev.null <- 358759.0022669336
df.null <- 35567
dev.resid <- 226675.33376480217
df.resid <- 35402
df <- 165
coefs <- c(6.681389982291173, 5.764712359977358, 5.8057162103002, 5.402338952333514, 5.1410440282223036, 4.869490156791119, 4.812516475132946, 4.619538892906208, 4.388143245503159, 4.262639732566568, 4.314834406075506, 4.143061930063978, 4.016560544187049, 3.92100831996456, 3.7329953167986587, 3.503015292230414, 3.242372672024951, 2.919775625749249, 2.453513333904385, 2.0333559126011163, 1.5242582902256976, 0.8856483323908556, 0.9800114093575698, 0.42249445012326803, 0.4554909119358938, -1.0035545446468939, -0.10095796225016927, 0.9767906451864745, 1.1099175063895794, -1.058896491463788, -2.5538408743119763, -2.501849136577345, -0.2881540313324233, 0.7249348524390453, 1.3125428401038959, -1.4507535465936992, -0.8408121502417946, -1.1683246815201926, -0.10913490365403154, -1.0979807766402963, 0.9988531723771011, 0.6217264057852737, -0.6127662744883251, -1.874396350429551, -0.9052817163303123, -0.8015538168991563, -0.12380320044960066, -7.613764940130237e-2, 1.09917014132382, -0.7087556124325755, 0.27863911788177675, 0.9353423286450299, -2.815616960493953, 1.7441490539120508, 0.8830671617073884, 1.0936882889903792, -1.991553934527822, 0.12005175167794069, -0.39153852894190466, 1.5189972537744174, 0.6795711878018086, 0.6866232552238363, -1.8380294026259048, -0.5542060766301707, -0.7009012794914657, 1.9589674718153635e-2, 0.6432856025136104, -0.6967120292041983, -1.3259926334545773, -0.6365456605928438, -2.3117080377578714, 6.598247796936059e-2, 0.49527723878523455, 0.9095366682184421, 0.6147218746637826, -0.5528060327399101, -1.1052294216353005, -1.3852642888039641, 2.7397898804742285e-3, 0.7254997003716385, 1.2333738931387268, 3.578910550292955e-2, 1.5873427730462672e-2, -1.6531961771208095, -0.5117498012302617, 0.5101308635899072, 1.2300104516978996, 0.3726521239573468, 0.8613586405781216, -1.309877698116437, 0.34973902938946105, 0.9495879364813979, 0.718537185655091, 0.3283739670464403, -0.12474821885375, 0.828838938449727, -0.3677449270211186, 0.23597385843620466, -0.44263901899646535, -0.16977418247895765, 0.49569707312512057, -0.5760642851868432, 0.827325007629866, -0.18533384666575098, 0.6297036243703339, 0.8394763850226495, 1.0599442608104028, 0.16138520049480845, -0.5277044037387731, -0.7670238593320764, 0.5379967832525325, 0.5031711995668219, 1.593878348972925, -0.9818765835751074, -0.2093347287432395, -1.1657208739737424, 0.684927909882366, -0.17311896572323415, 0.3537999278766868, 0.7192960406875788, -0.41562897338760735, -0.31531081614782336, -1.1952090094161112, -0.45336573846935957, 0.23485731049716638, 0.9251202492973223, -8.365160886658256e-2, 1.1050601631038008, -0.5430000423779235, -0.4587886702314142, 0.22103683201111377, 1.0694649483622325, 0.7906426777236217, 0.41543834426916876, 2.7306275260769404e-2, 1.1010368187564654, -0.30247636457526594, 1.0864326399689659, 0.6984622493460767, 1.1015912598791364, 0.785553937090103, -0.7545378458104972, -0.8914751951795604, 0.628825742143369, 0.47431063767090337, 0.4978279184932572, -0.18875852793169612, -0.522634370298338, -1.9546331209520984, 1.289421495678469, 0.20405435849336687, 1.3080594637681042, -0.18113901565497453, -0.10972943482262165, -9.993551670751802e-2, -2.235197678888957, -1.3308225396217457, 0.7074386058486708, 1.1860543221176405, -0.5382259388551056, 1.5842950952081596, -0.3744601722140392, -0.14907971255004573, 0.14052542425598485, 1.183024823541371)
