seed <- 716
log.wt <- 0.0
penalty <- 2.8115950178536287e-8
intervals.send <- c()
intervals.recv <- c(56, 112, 225, 450, 900, 1800, 3600, 7200, 14400, 28800, 57600, 115200, 230400, 460800, 921600, 1843200, 3686400, 7372800, 14745600, 29491200, 58982400)
dev.null <- 358759.0022669336
df.null <- 35567
dev.resid <- 225975.3008888838
df.resid <- 35402
df <- 165
coefs <- c(6.678585698236276, 5.591043367045579, 5.756709223338214, 5.409532864017591, 4.980033962368308, 4.894158513225052, 4.802900925246507, 4.6109913275980245, 4.391013620470091, 4.2538532943945695, 4.320325479068341, 4.15440762093008, 4.02487114836694, 3.9594423898047455, 3.7618018866761567, 3.5261396491562707, 3.278924433728304, 2.9752392745666434, 2.5391632823993637, 2.1017610331665226, 1.5129831227167805, 0.8692982963748253, 0.9045899757495262, 0.4318297928740278, 0.11923327960390971, -1.0656562945457528, -0.19847693974228556, 0.8720182218425482, 1.0944670106227534, -1.473115832908654, -2.392304018053364, -1.6482106730474824, -0.2753732564284927, 0.7718171684107974, 1.1915583668452705, -1.3379816941921787, -0.3451612216364993, -1.0622136154706778, 0.19358849431092703, -0.3791496229162945, 0.8738360629056363, 0.881998632714341, -0.877580625386204, -2.629411333982188, -1.3819038563687893, -0.9119939158361698, -0.7372446163188932, 0.5727735897007522, 0.5465763530460029, -1.0621288141255512, 0.3611330211732128, 0.5516226886079609, -2.7230424693128765, 1.7483617970234893, 0.7431492154248638, 1.043587299704196, -1.6885977813681927, -0.17391908161348496, -0.6049390405522858, 1.3208693085701435, 1.0844772988592652, 0.8425923303368753, -2.728716068317311, -0.948440809950761, -0.42174943274803395, 0.3221952448857835, 0.812344242698393, -0.4527715842676605, -2.5885041421144908, -0.4947499618852965, -1.5088188839346726, -0.44940903995389475, 0.517105607818069, 1.0092396419697367, 0.8890087039046418, -1.3092425895854454, -1.3976603822804807, -1.402626395708357, 4.7822867164160975e-2, 0.6922973020181573, 1.2920540146705977, 8.39775815384656e-2, 9.891156257590052e-2, -1.513246583189546, -0.7437817303823203, 0.47541071528440243, 1.3608705335926528, 0.5515913096256925, 0.8530511244044702, -2.0231612833165906, 0.5800886853201324, 0.6296435618061403, 0.9998614763583998, 0.45936048972578025, 8.486349702307097e-2, 1.3995702963786274, -0.3919572888528121, 0.5293097761230968, -0.32080748397468606, 1.301382532218116e-3, 0.4883947738644441, -0.6251065862101669, 0.6474573173353237, 0.18238816531305604, 1.11145673431311, 0.8370493771883987, 1.0504741561406419, -6.110598370041425e-2, -0.7892746476690956, -0.9216911795857409, 0.5758991150769023, 0.7190080778421711, 1.5849369681525631, -0.7293993427684928, -0.1339590314026521, -1.107429701955649, 0.9285862821206854, -0.33268918780393736, 0.4939247877488279, 0.5231871967423404, -0.4254575285472442, -0.6888515535341162, -1.465730638359817, -0.8321687211317533, 0.32548429800967854, 0.99271006009942, -8.628993799981531e-2, 1.000056955796806, -0.5621491240972593, -0.3780457938076497, 0.2247474470980682, 0.9560197220330295, 0.9001500814451291, 0.4272299090600941, 6.159166559303607e-2, 1.1404733364893296, -0.3192355075348101, 1.1426424622279754, 0.7518029167869127, 0.9789202060068323, 0.8855284046479969, -0.5845847895349966, -1.1105417723119098, 0.6388204014112379, 0.45599189153516756, 0.6531589382305083, -3.271881992464639e-2, -0.1990538362031471, -1.879577327244486, 1.4023164837923912, 0.1300827333292343, 1.2243002239829976, -5.5250019419291946e-2, -0.1455201827568776, -8.752548006345763e-2, -2.481327006674185, -0.9279020952195819, 0.8636001462570656, 1.3043584166672388, -0.16795943715251233, 1.5210948811612506, -0.23681523983119235, -0.22261436521705447, 8.662957862476708e-2, 1.3342912676857024)
