seed <- 1032
log.wt <- 0.0
penalty <- 2.8115950178536287e-8
intervals.send <- c()
intervals.recv <- c(56, 112, 225, 450, 900, 1800, 3600, 7200, 14400, 28800, 57600, 115200, 230400, 460800, 921600, 1843200, 3686400, 7372800, 14745600, 29491200, 58982400)
dev.null <- 358759.0022669336
df.null <- 35567
dev.resid <- 224936.86404473113
df.resid <- 35402
df <- 165
coefs <- c(6.541575473374392, 5.931902104238524, 5.678447104255085, 5.393788933254584, 5.1842109606617255, 5.000880393845688, 4.839259513314454, 4.700945904624858, 4.382794729923718, 4.261850300209476, 4.356355077788841, 4.218224464277146, 4.112307485356929, 4.0058109208645, 3.8026640942093883, 3.5501870723507976, 3.265414017038319, 2.975354979363933, 2.50804637940168, 2.1053293094640835, 1.5950825673417728, 0.8598717292109004, 0.911710939881895, 0.6631848394286107, -6.320431823344289e-2, -1.0663420160566424, -0.2969220421996178, 0.8816094364712503, 1.0086255375067588, -1.8553263159947864, -2.2743605692411353, -2.6098965055604464, -1.3606013148898706e-2, 0.7004028126429126, 1.2679452001510247, -1.3496328154830175, 0.2874638090002628, -0.9610254252563678, 0.11472928444035074, -1.0466969689649823, 0.9363202995950017, 0.9337393408376352, -1.1482937648737532, -1.5942859093496446, -0.9669147561010423, -0.6943138022587985, -1.050488203466694, 0.19699200166340408, 0.2593813998776272, -0.7730136489722572, -0.9497450516607041, 0.8277321779197796, -2.34119881852196, 1.7094677261139721, 0.8193117232785401, 1.03958659250228, -2.3118260391133534, 1.9265568121247016e-2, -0.43795983998472665, 1.124842490659627, 0.9705073722321305, 0.6436172881290251, -1.7148084700521888, -1.1128060255798884, -0.5385602964333537, 0.25238008385883987, 0.677182187781701, -0.2541595045838308, -1.7495150556608925, -0.7300287605434838, -2.083270348890453, -5.4077056689019284e-2, 0.3464012915710425, 0.9680107738507978, 0.8205786229577564, -0.7772178449535824, -1.141150869003398, -1.1299126438545875, -5.3541017726595086e-2, 0.6060518720449709, 1.2940571168861588, 0.10787259590213427, 0.2313848114374239, -1.5748914231357223, -0.7706158483060535, 0.3976642337194134, 1.318346353419093, 0.5248334319173963, 0.7648050990971703, -2.628593182927315, 0.616424465272058, 0.6197483543390329, 0.8227483910993979, 0.39251333344718153, 0.42009764896623647, 1.4100939866041826, 9.411838060553274e-2, 0.4871263633212838, -8.210298951117914e-2, 0.2009828227657132, 0.28047177058871087, 1.9827594609045655e-2, 0.7779743827315354, 0.16207838272387068, 0.8173859747365106, 0.7804129174053726, 1.0702669397522244, -0.5990438306416445, -0.34615297109531457, -1.0342750299369246, 0.5179253311548211, 0.6020642779274813, 1.5115232015622242, -0.4612300753808564, -0.17885526826977322, -0.8336373114368869, 0.7941552283882818, -0.32476469309206146, 0.46822936436034407, 0.6244562907769173, -0.2504075416823386, -0.31752395334172306, -0.914035579398121, -0.6041384893723187, 0.2233166049474191, 0.916458853860086, 8.16909933353647e-3, 0.9073716082284471, -0.7226072632224128, -0.40674385261436663, 0.28321225750351287, 0.8997297702451068, 0.7070931954437016, 0.38238565006636116, 8.62945484927329e-2, 1.0923666094498838, -0.37850400926122224, 1.1178344196335286, 0.6925712303019499, 0.866307867881754, 0.8561678389138141, -0.6215327803433733, -1.1224971240557169, 0.760799843482148, 0.18041734376257995, 0.4569537223872568, -0.1592034402686228, -0.30097342439416885, -1.801781105428999, 1.3408586311597994, 0.1751977649287463, 1.1688154035787792, -6.725636510364542e-2, -8.295506787777039e-2, 4.136835434495478e-2, -2.1024540969106016, -1.4150021131757429, 0.8164220420898387, 1.258943432625625, -0.287756003186548, 1.4761325853516896, -0.2155044319154048, -0.1117802335169445, -7.798085036841633e-2, 1.247210942326064)
