seed <- 288
log.wt <- 0.0
penalty <- 2.8115950178536287e-8
intervals.send <- c()
intervals.recv <- c(56, 112, 225, 450, 900, 1800, 3600, 7200, 14400, 28800, 57600, 115200, 230400, 460800, 921600, 1843200, 3686400, 7372800, 14745600, 29491200, 58982400)
dev.null <- 358759.0022669336
df.null <- 35567
dev.resid <- 226329.10638475916
df.resid <- 35402
df <- 165
coefs <- c(6.72769834460201, 5.7704940326481635, 5.607884456634169, 5.309080218714489, 5.129379423684484, 4.8444696945562455, 4.750482062653166, 4.674857072086699, 4.387462617123335, 4.298131330975264, 4.269707470290733, 4.1548733134418825, 4.029619987129222, 3.9649157778063504, 3.7292757221206014, 3.5478475549759385, 3.2375018815702905, 2.9565513737682765, 2.5394156219661475, 1.999147006519756, 1.6165561400552289, 0.862402942924185, 1.1087771170138954, 0.424421932129763, 0.9258461723207183, -1.6879979956632356, -0.34682363867137794, 0.9237509806454492, 1.0275427666345853, -1.039853022790622, -2.152027875513796, -2.765752482010583, -0.32067995262575977, 0.7443554575061242, 1.302820401338437, -1.1628934302072917, -0.2732957314657418, -0.9352718630027941, -6.512789909398742e-2, -0.365064513116592, 0.8386992130792066, 0.6316929524237224, -0.6721237686446674, -1.9363266376739834, -1.4273426919641299, -0.5866330789363737, -0.48133828076431556, 0.519613373003796, 0.4557921032223124, -0.5197978948951923, 5.745284499496124e-2, 0.9373046974203316, -2.586195038583752, 1.7225162066409416, 0.6858354161504624, 1.191874818310268, -2.3675199805284053, 7.012941309837425e-2, -0.5910962019483696, 1.471513080967304, 1.1755347055078866, 0.8551274150017495, -1.6337423740638248, -0.8745261561284561, -0.6065381791795975, -7.740967196272865e-2, 0.5895052162395986, -0.30271770054934577, -1.2438624325492134, -0.748418716968027, -2.0058516184857704, 0.13070991357207926, 0.1958542974509664, 1.0049758438600969, 0.5624968788818699, -1.0676086648774064, -1.0553133735903257, -1.5415476821100424, 1.2938628911809582e-2, 0.7152020710838167, 1.1907100948422724, 0.1104712199522475, 0.3186224987879651, -1.880130497620983, -0.5876354220161115, 0.39328636366145603, 1.2346951527207848, 0.4472081973896357, 0.8413086097027209, -2.2957660988252613, 0.4608958142584675, 0.8792534359669035, 0.8326873598159007, 0.3795860488909357, -0.3066202556735064, 1.2547088299906117, -0.16575121590252195, 0.47870022042493876, -7.39717776320899e-2, -0.13991665868208433, 0.5622723401488916, 0.2801113824169048, 0.6957160406292631, -0.16502095645158474, 0.8599378183317876, 0.7953193239859706, 1.1546173134786923, -0.8885005395665456, -0.8257657396234741, -1.0125852036546492, 0.36812236250106334, 0.5605753631913573, 1.5285842376189407, -0.33880750587493447, -0.1152461661588048, -0.8600955705088338, 0.8172436822065434, -0.27468052666668014, 0.44882434375768576, 0.7284522205716443, -0.9366873610931066, -0.3952956221157638, -1.0453378098010493, -0.7026015814581665, 0.31229179743195534, 0.8578330650163609, -5.3286317333182114e-2, 1.078689553693458, -0.38708617383471966, -0.4131205308391653, 0.3714960206912457, 0.9437467951287505, 0.7250515917877497, 0.47467030257896153, -2.823619784827824e-2, 1.1809155124869686, -0.3640888134455751, 1.0227008121527759, 0.677393502067578, 1.035589401477249, 0.7974001843674808, -0.7920607168376818, -1.1572354633774098, 0.6581041439994594, -1.4657618677936699e-2, 0.48846146807583246, -0.20737618113451975, -0.481358755788503, -2.0053896868289645, 1.2548601326511395, 6.935080932222398e-2, 1.1911737289955675, 1.0216255235677176e-2, -0.14735083611001742, -0.16301587481850754, -2.19974582196862, -0.6742857815107516, 0.8557269657285623, 1.1778486391463427, -0.41867842108254355, 1.5068261270116268, -0.47633056973848675, -0.1989512999289316, -6.186966233288432e-2, 1.238295836702501)
