seed <- 975
log.wt <- 0.0
penalty <- 2.8115950178536287e-8
intervals.send <- c()
intervals.recv <- c(56, 112, 225, 450, 900, 1800, 3600, 7200, 14400, 28800, 57600, 115200, 230400, 460800, 921600, 1843200, 3686400, 7372800, 14745600, 29491200, 58982400)
dev.null <- 358759.0022669336
df.null <- 35567
dev.resid <- 225530.88883213673
df.resid <- 35402
df <- 165
coefs <- c(6.60590478205163, 5.840327825777561, 5.659657315297123, 5.346479346413616, 5.195788873185407, 4.956406022570302, 4.778613896366876, 4.682221242959387, 4.374969722690088, 4.297079297632482, 4.2735031050984, 4.187319461693242, 3.987886273143537, 4.014380764063514, 3.77349347982784, 3.5316613183694425, 3.26606599008005, 2.96520000341824, 2.5235735661360486, 2.0452511175315826, 1.6653649668225874, 0.8606886771688963, 1.0728572627001256, -6.590388765117526e-2, 0.6094075884811557, -0.9314731346535479, -0.10438528508804158, 0.9680877073816786, 1.0808229923611112, -1.023080363158755, -2.7393447442191405, -2.3081700009013204, -0.5326632923421777, 0.7001859677038591, 1.156936776773622, -1.184245718612537, -0.47790794628125033, -1.0358568678897213, 0.15371436681612094, -0.18231970434110942, 0.9467971674546585, 0.8852219417576414, -0.5730281709020346, -1.8770450998501698, -1.152318145308116, -0.5288989861439574, -1.0103055303775867, 7.822001032531267e-2, 0.11253461698583464, -0.6981132981847707, -0.42001719106734253, 0.9401287337641255, -2.9623438226289656, 1.5691893740453886, 0.8628666452636196, 1.0692093919913859, -1.85225351067122, -0.3252778570228944, -0.6537969309871687, 1.0915664933767926, 1.3062800388242217, 0.6473004361921612, -1.8792800334845168, -1.284847645748227, -0.16120011387013103, 2.8787867459380563e-2, 0.7011426377138911, -0.5880619344061427, -1.0929498027558482, -0.6616993280017843, -1.488375981712911, 0.2061265543389646, 0.6994625094815429, 1.0649938691049299, 0.8019418960908017, -1.6289385965406542, -1.383312560986116, -2.057095758855141, -9.98005305221769e-2, 0.7437061677345868, 1.1243199814957914, 9.53369142188226e-2, 0.18025188827489003, -1.652183074904486, -0.6140139553386931, 0.36722514388972094, 1.357570198794123, 0.452263951449815, 0.8727670444947538, -1.6753791220361764, 0.5489228157900868, 0.6690363604814554, 0.7565359153910568, 0.345610378419969, 0.265711092831861, 1.0861894216653167, -0.29893363895684805, 8.612206764536261e-2, -0.3153409911770398, 3.183985919939485e-2, 0.5234993996503451, -0.20285895614044386, 0.8068369781436936, -0.2760361875768144, 0.627808783566743, 0.7993184515763225, 1.0893318223301545, 0.2531153072742916, -0.34136712240670813, -0.7945832520430135, 0.6734040801845402, 0.5400978638055817, 1.5662467830679574, -0.45320859561578625, -0.3250939582957878, -0.8024913337784207, 0.8280292522827389, -0.20497338308121205, 0.289697549519112, 0.527168436817956, -1.4507310105019453, -0.7102056226331837, -1.482087964483246, -0.4409610073171641, 0.28051464195787124, 0.7854796371323718, -4.935571818126728e-2, 1.0771861270193062, -0.5169590181863866, -0.3766419451147543, 0.3444477312358242, 0.8424057873239111, 1.0527358237103634, 0.5399494009852086, 1.498672591011031e-2, 1.1385774492347598, -0.45597015243172895, 0.9711845565128049, 0.7394738833394222, 0.9854265514018398, 0.8376185281939261, -0.6668082418946604, -1.1999885178742336, 0.5479199651353197, 0.29998617126367294, 0.5892434557046691, -7.607786624146881e-2, -0.31600587839084215, -1.8088350634767056, 1.1466091518942148, 0.25921458748262904, 1.2329648402154747, -0.233077884047227, -3.68406478286575e-2, -4.676716271370078e-2, -1.7303792950896846, -0.8974530752613524, 0.875397801882131, 1.275572063745965, -0.21792273249736355, 1.501013684407242, 2.5150267004361147e-2, -0.1318344256128357, 7.427511766870616e-2, 1.2059091923807486)
