seed <- 1082
log.wt <- 0.0
penalty <- 2.8115950178536287e-8
intervals.send <- c()
intervals.recv <- c(56, 112, 225, 450, 900, 1800, 3600, 7200, 14400, 28800, 57600, 115200, 230400, 460800, 921600, 1843200, 3686400, 7372800, 14745600, 29491200, 58982400)
dev.null <- 358759.0022669336
df.null <- 35567
dev.resid <- 225844.04345983418
df.resid <- 35402
df <- 165
coefs <- c(6.679946397356319, 5.854876844165521, 5.656343236118329, 5.465800951263447, 5.095415883062133, 4.822894727938345, 4.852099403883347, 4.649487457552648, 4.3519983656801315, 4.244382226709786, 4.325898219000527, 4.155180180798775, 4.02281165352589, 3.9695352026868456, 3.745779857887493, 3.5282920285236243, 3.2250224412462196, 2.969696336061148, 2.497814334325541, 2.06492408547627, 1.6128015632589745, 0.9046824929598464, 1.1046797008988467, 0.5233845939110302, -0.11335445875882394, -1.0081739492376138, 3.5917396666602264e-2, 0.9593713935271982, 1.1017818125254013, -1.3411167414640817, -2.1343774598955267, -2.027930298774556, -0.24403904461968925, 0.7743173037925104, 1.3487330095889736, -0.9024060110863351, -0.7606144942819287, -1.2583003191985231, 0.22369706199990716, -0.7965882191676641, 0.9810203364551113, 0.8914786626940574, -0.9946480449450419, -2.2033468190107723, -0.7339427268664677, -0.8039968412703772, -0.5237332696536103, 0.2332971877871484, 0.7716999624910343, -0.9878771132312638, 0.42637389193881886, 0.9809400605445865, -2.758864444554132, 1.522654631223621, 0.9235608019851316, 1.0402727896788073, -2.435630798721664, -3.773142855128561e-2, -0.10902445908060363, 1.535591668156791, 0.7557395580950542, 0.8555151623609881, -1.6562652815318977, -0.87772956800334, -0.55625694674137, 0.3075489027350008, 0.6517498667435843, -0.6478480414313034, -1.6393732709488216, -0.6394124489214842, -2.8389912826973527, -0.5128295058981579, 0.7125606154679782, 1.0521764087402015, 0.6590778372270192, -0.9898211551177093, -1.2526016361789885, -1.088222485339383, 1.8069360298587384e-2, 0.7094738292473748, 1.1834728846370355, 5.268184988238276e-3, 0.30458590501681987, -2.1513033339313554, -0.44143745517446514, 0.4083585747178587, 1.2307854332036923, 0.2799257782017166, 0.9193006713025287, -2.003106899471832, 0.4204452376178634, 0.8302872250499161, 0.7986103240437605, 0.34821945925123254, 8.362655099320998e-2, 1.258167791226793, -0.9139043604814288, 0.3739764552973981, -0.2165403790453617, -1.545378611083014e-2, 0.5162480729064357, -0.27173560814191594, 0.7782384913605598, 7.852258375267025e-2, 0.93044897431012, 0.8320133755108966, 1.0982561953335765, -0.6537276081867825, -0.22986271120607785, -0.851586258990619, 0.4020676536524485, 0.6542547998054808, 1.6549290033711777, -0.8028259876501114, -0.20766009102419714, -0.851501473974777, 0.8759433639576644, -0.3148727337586351, 0.41851827523791346, 0.818784997807515, -0.5424964076405441, -0.527233892476663, -1.8848809704289302, -0.32826047114768747, 0.36513908227186326, 0.7847840076427064, -7.498733051543784e-2, 0.9822002438263896, -0.5844532640011135, -0.38661792027734004, 0.47557293652381305, 0.9997047423786454, 0.914008916874439, 0.5425496156111143, 1.380124702423987e-3, 1.210390433944939, -0.41745643445233616, 0.9975339354504569, 0.6636988072238265, 1.002879699387591, 0.7943441054475485, -0.6450464709880988, -1.4413217378564882, 0.5624827902029986, 0.5048875882690573, 0.5320794605505408, -0.3805736747168926, -0.4718328581020235, -2.1607203876397523, 1.1986798783762984, 0.14252264296798156, 1.1698062199503476, -0.15258457602984138, -3.6822972735509135e-2, 7.90981756947898e-2, -1.711147312368289, -0.657226753654322, 0.8685158558566582, 1.158960906332191, -0.6051964083746504, 1.6074808707338148, -0.19567229605486522, -0.18661228181729694, -8.281595770167288e-2, 1.2072040287913999)
