seed <- 944
log.wt <- 0.0
penalty <- 2.8115950178536287e-8
intervals.send <- c()
intervals.recv <- c(56, 112, 225, 450, 900, 1800, 3600, 7200, 14400, 28800, 57600, 115200, 230400, 460800, 921600, 1843200, 3686400, 7372800, 14745600, 29491200, 58982400)
dev.null <- 358759.0022669336
df.null <- 35567
dev.resid <- 225569.01639153666
df.resid <- 35402
df <- 165
coefs <- c(6.393053248089087, 5.741931552912061, 5.614270970165045, 5.286408181436525, 5.0547383041937515, 4.843076383212372, 4.7925748216355775, 4.619883327121126, 4.400711045704018, 4.297560872474758, 4.260782353903036, 4.1308681924555515, 4.033631632105141, 3.9628317037266036, 3.7650219157544242, 3.5390031208576507, 3.2530957078203, 2.9741469847351887, 2.508051132800537, 2.018656979542168, 1.6533230799605605, 0.9253167889851279, 1.0333061274649655, 0.47831845507842463, 0.22537398853694215, -1.2619906864549069, -2.2831863669458487e-3, 1.0208194220372728, 1.1512225962164686, -0.9120663741478218, -2.295277143108325, -1.8797105472835278, -0.40066918656183165, 0.815950642184108, 1.2021016169477514, -1.7378455765576837, 0.3455011389823868, -1.095020735133876, 0.2886538782448021, -1.5043586075780944, 1.0265447206324905, 0.9957310519309541, -0.7135252967341463, -2.481242252047263, -0.35706254118274006, -0.8782826782581111, -0.5495610171081496, 0.36017892814986957, 0.32459597819582325, -0.655115048475986, -0.5608940674018107, 1.1357426884435013, -3.0656206703123456, 1.7653634807604566, 0.7756006131510784, 1.1619925587084874, -2.797760838507795, -0.2904062724812462, -0.5251131887083448, 1.3581021807347595, 1.2744209720751378, 0.7019178893611489, -2.854082488238583, -8.402285979766463e-2, -0.6964648248693015, -9.917122569878016e-2, 0.5873105959777606, -0.39377234128402006, -1.3929391789945667, -0.5958477093438874, -2.0996155322454855, -3.940966107505827e-2, 0.6707430984022198, 1.0194378279598895, 0.7980563926308382, -0.7201644360278555, -0.8135572716118662, -1.2231408882764594, -0.15614881218812945, 0.6202537421623499, 1.1943029798865363, 9.222419691663986e-2, 0.13699278546700552, -2.5057364288613, -0.5003397123955868, 0.45152432679378607, 1.4085450168911335, 0.26994346232922317, 0.956864788155786, -2.6563873303786973, 0.5737287902008641, 0.5547339743998964, 0.8330897023652436, 0.35377826092516673, 0.1506878268852683, 1.536635073040278, -0.8034996245769898, 0.4849200767115818, 9.132929404561457e-2, -0.6719556517877875, 8.465524207815688e-2, -0.3747274807920745, 0.7817035580283179, 0.31902919810466784, 0.7212193855487028, 0.9071658381799896, 1.0386488367624918, -0.5769244338473966, -1.2173759514019273, -0.7775973801640687, 0.5479948407408233, 0.6470116436882397, 1.6626998931360213, -0.41349032005748054, -0.17451717049821924, -0.899103104616498, 0.9036142871049938, -0.2810203293674702, 0.529283647976857, 0.9320641895708716, -8.200169538079673e-2, -0.7223427808659718, -1.1262294896706297, -0.391992621170479, 0.3389868181256968, 0.8614794294769836, -7.742303136703728e-2, 0.9889022371733255, -0.7974150605648536, -0.39526789607129775, 0.22428879903666177, 1.0214770048627055, 0.789762928834754, 0.4027988004555044, 0.10623559537708344, 1.2233414520131498, -0.37792889246869055, 1.0295284421190194, 0.7052169505429775, 0.8110960454628934, 0.8236355838470073, -0.6204287084407409, -0.9081949348832916, 0.6971026457949389, 0.47171321611741474, 0.5454590019590434, -8.13781392188444e-3, -0.5838116136984585, -1.8826377651756752, 1.2830756924263593, 0.12711023860239098, 1.1050518150692066, -2.619191481629476e-3, -3.318213322819312e-2, -0.23282496759578494, -1.523962376890432, -1.4988943373894, 0.9060087078538328, 1.3108120276695137, -0.3405528784509901, 1.6152353660930527, -0.25619447736236256, -0.13377929260753327, 9.27686741503905e-2, 1.27260405854094)
