seed <- 320
log.wt <- -12.568479222455528
penalty <- 2.8115950178536287e-8
intervals.send <- c()
intervals.recv <- c(56, 112, 225, 450, 900, 1800, 3600, 7200, 14400, 28800, 57600, 115200, 230400, 460800, 921600, 1843200, 3686400, 7372800, 14745600, 29491200, 58982400)
dev.null <- 358759.0022669336
df.null <- 35567
dev.resid <- 226063.4881517111
df.resid <- 35402
df <- 165
coefs <- c(6.648849657125084, 5.974232176312802, 5.703726449955838, 5.337254394084913, 4.930116903824843, 4.870485924788148, 4.802331226067421, 4.615599003542078, 4.35460707571137, 4.264708025042171, 4.277950575032892, 4.191768502142288, 4.080804596100657, 3.9572373550813262, 3.7610376044223552, 3.5573079319311884, 3.2978847941234837, 2.971478517814548, 2.531552644688838, 2.126525247078026, 1.611264111108853, 0.8901218836855255, 0.8105088007704367, 0.2488281818258806, 0.23539894830434166, -1.4659523941917036, -0.23943959648799998, 0.8851015491031685, 1.0753958295376578, -0.8564866180784299, -1.9395992052292987, -2.214677955629831, -0.35246410422774566, 0.7862657590687849, 1.2071217982008986, -1.436648935061396, -0.16651235462632386, -0.8364908692508732, -0.14758946077394325, -0.42156413610279425, 0.9692683297564813, 0.9391675767639053, -0.8607896702760969, -1.9802540624449538, -0.9732227225644268, -0.6944613022793011, -0.11622974370315156, 0.45914047358430626, 0.3649522878697939, -0.8678567201301005, -0.11074946280256671, 0.9652202513955447, -2.497008571644039, 1.6148827336605263, 0.8196675923375489, 0.9315395663808449, -2.0717268734961167, -0.2392417179934095, -0.48624688405840166, 1.4261442852596873, 0.9296449191076823, 0.8115341268168553, -1.831560519339975, -0.9237208992860111, -0.7874572377489601, 0.3247963593561025, 0.5526268141528148, -0.5208060921677752, -1.5594729182111338, -0.5530745444083006, -1.626441404838272, -0.348177323971696, 0.45113546855927816, 0.8823239181468876, 0.6020153113208703, -0.8308990765722981, -1.2396677645828549, -1.4613021273104019, -9.229573983556196e-3, 0.588694767449669, 1.2450404544635933, 8.794507705562832e-2, 0.2124573222227359, -1.8824631931382678, -0.29324148343392953, 0.3517271595812922, 1.1426084473671627, 0.42443626168385185, 0.9392070705145671, -1.9582430565443611, 0.5114599044713148, 0.7378280951936851, 0.8270231405755427, 0.3165195510894952, 7.217050037852236e-2, 1.364464611379035, -0.6350002637938468, 0.3969780148619751, 0.24640571011640242, 9.094571281391112e-2, 0.41570508796497174, -0.15329674227877121, 0.8052509851591002, 0.3046679812469618, 0.6544903464581698, 0.8915244145657687, 0.9781130525024371, -3.015711159606927e-2, -0.5935971183203779, -0.704326868736844, 0.43828475619446083, 0.5006773188519855, 1.5614515506186588, -0.8977678553227225, -0.279702432225428, -1.0019343421912752, 0.8590726911690959, -0.2138630772668187, 0.3551450917625262, 0.6689464712944211, -0.4522741305523386, -0.30330910695845054, -1.0927684203519892, -0.7090507297300491, 0.3048689569766092, 0.6763688028146803, -0.1385662026215486, 0.891409854680574, -0.42637972611741165, -0.46877396870769944, 0.16356990297678103, 0.8562495845279675, 0.87295335689999, 0.45566798597343994, -5.6345427807453344e-2, 1.0677445311211824, -0.2277391850227541, 1.0632051966549056, 0.6542601006140301, 0.8990289002415105, 0.848538793492962, -0.7381950616129919, -1.2129807847137237, 0.6133839744810387, 0.1893837616910911, 0.47733729372947986, -7.776183399338696e-2, -0.634572912834645, -2.0804065877764066, 1.24919674646902, 7.213968819672914e-2, 1.189309864204464, -0.30528291016304476, -6.476701319686112e-2, -0.3571876515007678, -1.939711018584939, -0.9028433917053746, 0.8023674601580337, 1.126900496558429, -0.41431787044382445, 1.5663825214058629, -0.5405210161845682, -0.1875180005957, 0.17519342303609572, 1.2543838286205056)
