seed <- 520
log.wt <- -12.945649094831758
penalty <- 2.8115950178536287e-8
intervals.send <- c()
intervals.recv <- c(56, 112, 225, 450, 900, 1800, 3600, 7200, 14400, 28800, 57600, 115200, 230400, 460800, 921600, 1843200, 3686400, 7372800, 14745600, 29491200, 58982400)
dev.null <- 358759.0022669336
df.null <- 35567
dev.resid <- 225426.4507693416
df.resid <- 35402
df <- 165
coefs <- c(6.546222251275994, 5.874854733305232, 5.760736692833, 5.339141340753229, 5.1625500394193455, 4.892593026706526, 4.834257368131624, 4.667235776936091, 4.403477625725868, 4.261587374014227, 4.31938843961599, 4.203078895553726, 4.041303951337126, 3.988202195871932, 3.7951505960528, 3.577648457214433, 3.2456821252795995, 2.9460977427317725, 2.5415011510730734, 2.0579781383751143, 1.6832036798028718, 0.8785158067544308, 1.1416018400567305, 0.5749632888831601, 0.5823308821185859, -1.0826346544907675, -0.25376040207642714, 1.1936615682862732, 1.1341210923088259, -1.6110228511969398, -2.4556653016009684, -2.5986711768048, -0.31210934363739484, 0.7419031975563807, 1.4047573607070767, -1.16411037572608, -7.237723741073968e-4, -1.0882958368504172, 0.1652247413136384, -0.3222601229158607, 0.9999299164020103, 0.7759155858142586, -0.7931486788829075, -1.394861913423633, -0.7558981330361039, -0.7485685255991105, -0.577580496325456, 0.1291172854289196, 0.5499010464543266, -0.5425432066979573, -0.4006322303099652, 0.7835911463464692, -2.954708010451931, 1.6822792345132735, 0.8015049375449631, 1.1840408266106393, -2.1918576672594012, -0.11513694262820584, -0.7523695506240304, 1.1450231831431454, 0.4366816879530127, 0.7872453975213952, -1.6106072500079136, -1.0409854353137034, -0.49831529465286317, 0.27877667009463913, 0.6282948896348933, -0.432434506593333, -1.3235223148907516, -0.6631662470232327, -2.1403339452283023, 0.1617945424552588, 0.8616014797890367, 0.8057617839789866, 0.684962934274737, -0.9519405724383829, -1.51255678596192, -1.3224613156441891, 2.7530273558810676e-2, 0.6345415531201303, 1.0841322145650867, 0.1127792773992563, -1.1424590283396398e-2, -1.240287544817088, -1.1197233969255995, 0.30035154790631835, 1.2224270325451032, 0.614175337662921, 0.9378509117822722, -2.291394406605318, 0.48253611576413696, 0.5935514118945647, 0.7784291376431433, 0.1866982561914044, 0.32292625929413843, 1.3934542454586711, -0.8813900548131346, 0.510065032124278, -7.775928673046113e-2, -0.5648470515193185, 0.47725218525479, -2.4867473289567028e-2, 0.7452570295643698, 0.14030295621049033, 0.5545587693889777, 0.7907852823788963, 1.1920662173731054, -0.8749765055544121, -7.865603314025156e-2, -0.6588115636432367, 0.25199665812407085, 0.6311949203683366, 1.655948016240579, -0.4589349692955276, -0.1803580577043425, -1.1179265428416918, 0.7393818338235822, -0.22870098198020758, 0.5599370870325997, 0.6278718208710763, -0.21292971194943944, -0.4605478726618676, -1.108817899642069, -0.4025340006480969, 0.3534641206993789, 0.9066276970701889, 1.1110078470352176e-2, 0.9864203329123059, -0.3430452227811711, -0.36578770311192516, 0.46524057957764453, 0.8509876899291781, 1.0312447026936356, 0.36464395587336595, 7.97682392288355e-2, 1.113742169482184, -0.19711253409526827, 1.0909615710489977, 0.6910205910682572, 0.8744046112422819, 0.7613084446413919, -0.569208826462273, -1.5924998907501973, 0.6030579814890032, 0.39540758785634533, 0.34531966665541247, -0.1554076695908977, -0.4906681427164287, -1.9845083375426158, 1.2514744127344057, 0.15759088868796578, 1.2186265074313665, -0.1261509216484029, -2.0112593475582793e-2, -1.2320870829895279e-2, -2.206895611560835, -1.563744417662431, 0.7194457502844749, 1.2026051328713723, -0.5631298165944041, 1.5886347200168462, -0.2773541552442519, -0.11567276610553484, -8.79940597583154e-2, 1.1347732031909736)
