seed <- 872
log.wt <- -15.685107095681795
penalty <- 2.8115950178536287e-8
intervals.send <- c()
intervals.recv <- c(56, 112, 225, 450, 900, 1800, 3600, 7200, 14400, 28800, 57600, 115200, 230400, 460800, 921600, 1843200, 3686400, 7372800, 14745600, 29491200, 58982400)
dev.null <- 358759.0022669336
df.null <- 35567
dev.resid <- 224925.3241978635
df.resid <- 35402
df <- 165
coefs <- c(6.818558327930972, 5.940569800155662, 5.8043455596965785, 5.30866459067464, 5.082320436000684, 4.876801244345902, 4.82796315554322, 4.615141332016849, 4.368407646846935, 4.285812320765476, 4.282337051361312, 4.180625473691777, 4.029160817388865, 3.989030970322204, 3.7771949310734714, 3.569396472850511, 3.2691988762479944, 2.9586924752175565, 2.470136649577402, 2.036775369001411, 1.5877250989649172, 0.9375311722593197, 0.9074813032839061, 0.2542179275803677, -0.4636453365899793, -1.3236311587357437, -0.4522058831295111, 0.978051625799477, 1.0804814685375044, -1.510412185053236, -2.7235816714306993, -1.8603505800952398, -0.4289713650500988, 0.7726617316898888, 1.165161814914575, -0.8755531980186663, -0.6784007098945398, -1.4538442708099586, 5.991948950016868e-2, -0.5478109315466567, 0.9075434734243053, 1.010546299392777, -0.6751213295236511, -2.1691892473504906, -0.6596741048549206, -0.8009801439296672, -5.571419477008565e-2, 0.49294660939112617, 0.2592388715991081, -0.6359072691239851, 6.044973893413854e-2, 0.8210949883158606, -2.9952560083231297, 1.6335160625575593, 0.7853601774149649, 0.8919774978600578, -2.121431433691389, -0.13222018530479734, -0.30347267848874443, 1.3765049836384085, 1.1263872921031544, 0.8020982715011779, -1.9953919258086388, -0.8513678693936407, -0.685271613567901, 0.21163774243011377, 0.6291921803087303, -0.4082028372837645, -1.7793461726100714, -0.866840961164858, -2.3086018163343462, -0.37618307783619975, 0.22273283683324097, 1.0239687153123023, 0.8943341387908971, -1.0279190858305562, -1.0128503752314297, -1.2629217958441885, 3.31275882921374e-2, 0.7056371975863672, 1.1810844963965343, 3.6113006882345394e-2, 3.526338102866531e-2, -2.0903034754165835, -0.20505151956363316, 0.25199107726105874, 1.299584111614361, 0.4963665241224884, 0.8858284730689676, -1.7744060372073651, 0.5080416981193374, 0.8177660908697701, 0.850502732496887, 0.40804286092437314, 0.33247179493250945, 1.2749957025104928, 0.3127286256352679, 0.39979176539681266, -0.11612389461108467, -0.19897654542042853, 0.341293264032896, -0.9316478368121901, 0.9797146581345036, 0.2848456272837432, 0.5683518960731208, 0.8872834597403154, 1.0593182882227568, -0.852501312492322, -0.36164472520746604, -0.4642203191276862, 0.3924115300608274, 0.6583811654124666, 1.6020612633401676, -0.3111652496643831, -0.3230490538585203, -1.4008470374135547, 0.9008319536264213, -0.1741716063317973, 0.39256728994741097, 0.8218280998033575, -0.38967575671457577, -0.5188764218872561, -1.2912074559813973, -0.8479635713653584, 0.4343143677775999, 0.6726889770340215, -7.593709415692615e-2, 0.9743718159640801, -0.41276547216066384, -0.43458963892620167, 0.3177155616713438, 0.9935072577183774, 0.7073974583652645, 0.4796686794663679, 3.478476050942939e-2, 1.192564518902373, -0.36014091545295307, 0.994356875464461, 0.8235101445758655, 0.9032802086232631, 0.7941456031292632, -0.6141069793501905, -1.2903981861120568, 0.6570500011515904, 0.14325642989155482, 0.6005710540556258, -8.54215050364238e-2, -0.33046754715439386, -1.7745987540467592, 1.3310741486482436, 0.18216985007531858, 1.1863400086565719, -0.14245225587666127, -1.872271648885314e-2, -0.2517925582958549, -1.676509518029939, -0.6733234664574007, 0.8383898766912746, 1.1988668951571775, -0.3419532718416262, 1.5765953564408068, -6.326700094597586e-2, -0.143427147951011, 7.437125529917583e-2, 1.2497241225215165)
