seed <- 287
log.wt <- 0.0
penalty <- 2.8115950178536287e-8
intervals.send <- c()
intervals.recv <- c(56, 112, 225, 450, 900, 1800, 3600, 7200, 14400, 28800, 57600, 115200, 230400, 460800, 921600, 1843200, 3686400, 7372800, 14745600, 29491200, 58982400)
dev.null <- 358759.0022669336
df.null <- 35567
dev.resid <- 226105.9073514842
df.resid <- 35402
df <- 165
coefs <- c(6.653925406729725, 6.152204291605585, 5.5809657922205, 5.360588919200443, 5.07430117059588, 4.902526348435754, 4.760865335835665, 4.631948272861031, 4.3064969612632185, 4.246449034424893, 4.307761238388934, 4.139612705515288, 3.9975026185988383, 3.9355713940400725, 3.745511487394998, 3.5019776767545947, 3.244994658801582, 2.932544453075686, 2.4890840558410607, 2.0592499379915954, 1.6116783525233989, 0.9296863914872848, 1.1175352403215486, 0.17372026426042622, 0.1682794795648488, -1.2581597434900726, -0.2387775375572325, 0.9552941170422216, 1.0749777085334555, -0.911306460289657, -2.708968818481809, -2.009621348120412, -0.5464702086056697, 0.7969728627107009, 1.329216578995686, -1.1103274827842198, -0.13285616446341925, -0.817397860450372, -2.2035249587790437e-3, -0.7339519637495068, 1.0003774496847573, 1.1621884483331553, -0.9097147335615294, -1.707029407821875, -1.198226197143084, -0.5686632945535354, -0.7935218903791431, 0.22999565887910997, 0.12005501754002135, -0.7249851888636961, 0.3202086787918344, 1.2148474322722282, -2.135477952384047, 1.6766790721538103, 0.7708489465333891, 0.9546692773336168, -1.7644893430696806, -0.3058843094771077, -0.2167409542733605, 1.2073885206473574, 1.1323755627104848, 0.5021913891170002, -1.6771213174805866, -1.186867818632653, -0.7993217188938395, 0.14857187697191088, 0.6132818692782225, -0.32287856150347627, -1.1047660765219784, -0.5363624787834785, -2.112459338502128, -8.769277646485127e-2, 0.2666436045952116, 0.9126195638906353, 0.6888758773824456, -0.9664798933990199, -1.619178783302719, -1.6619102392701894, 6.824678442937328e-2, 0.5775008874860722, 1.2740588284024637, 0.13220232927856213, 0.19108930060705712, -1.401378139473916, -0.2557292578125404, 0.36029030984633215, 1.253195277727971, 0.5966431590246726, 0.9009556680756161, -1.9838808516948951, 0.5257094994686938, 0.6901502429134004, 0.8137386383798645, 0.3564095912786974, -0.1526857568801923, 1.1281559541226036, -6.677159791932262e-2, 0.4334791579322535, -0.249683500539355, -0.4761004714944843, 0.21710466508349469, -0.1267826889910693, 0.8392228750180483, -0.2909189832594936, 0.6801609863701907, 0.8701705048323167, 1.110750479901026, -0.44314646390695345, -0.7973883150739777, -0.7091250972560367, 0.5169574137675026, 0.632030787085862, 1.6392317589330072, -0.6217504277545884, -0.10449257768463831, -0.7723434430273145, 0.7718217554786699, -0.37661111164358013, 0.4666537162510372, 0.4780521148821203, -0.27179823814594006, -0.4466520612147244, -1.4387155539542533, -0.26625920143702875, 0.3942912843406389, 0.696241967765226, 1.7016528270973493e-2, 0.9458249323362643, -0.7018486530046003, -0.4734613531803703, 0.42460987258661315, 0.6653321452323193, 0.8086531337960758, 0.4072832107213552, -6.560774898218935e-2, 1.0856142139496652, -0.34470859706815976, 0.8628348490379213, 0.7632362072851837, 0.8690069984339621, 0.7650270145621796, -0.7670452162085367, -1.20492619890745, 0.4674968494357223, 0.5855166697682066, 0.47632150288256664, -0.2719164427939913, -0.6438270343663014, -1.9268209192480126, 1.0960415840931987, 0.21842458315990654, 1.123665477966179, -0.15575412731001698, -5.741391574111372e-2, -0.15952104972068729, -1.3075966448297252, -1.5569798945596591, 0.864134816884716, 1.1647883785965456, -0.21094332629562967, 1.5985694362457936, -0.336927130354914, -9.281116371580637e-2, -5.802607273696995e-2, 1.1667473824616628)
