seed <- 497
log.wt <- 0.0
penalty <- 2.8115950178536287e-8
intervals.send <- c()
intervals.recv <- c(56, 112, 225, 450, 900, 1800, 3600, 7200, 14400, 28800, 57600, 115200, 230400, 460800, 921600, 1843200, 3686400, 7372800, 14745600, 29491200, 58982400)
dev.null <- 358759.0022669336
df.null <- 35567
dev.resid <- 225547.82080138172
df.resid <- 35402
df <- 165
coefs <- c(6.3292678354103495, 5.836633633807936, 5.760399504473148, 5.324588974282922, 5.025899780728377, 4.908813305131465, 4.8280740328724105, 4.685006478522432, 4.37670837070017, 4.267336809858721, 4.253422127050112, 4.161913306276004, 3.9900768246010156, 3.976429542783965, 3.7346549416421047, 3.548457949087283, 3.223259622606941, 2.939637794867618, 2.4778680579294408, 2.015612207474566, 1.6765682840368514, 0.9352733957768504, 1.0210930973866992, 0.6883810604780906, 0.6722605559476447, -1.9390110254354465, -0.3318664214906829, 1.0396469444132599, 1.111044443909788, -1.2013949232373178, -2.627132754611896, -1.7968270069616405, -0.4092946015666922, 0.7809483483981141, 1.3552560706374068, -1.351829387335844, -5.3234429357239e-2, -0.8612095350497764, -0.15161496307947925, -1.030247031694625, 0.9408182837223701, 0.9283759682931573, -0.8890512103779252, -1.8971399161428595, -0.7616094486674712, -0.7170363873919899, -9.149602246755035e-3, 5.2291407650401724e-2, 0.31647852330371723, -0.9266011545362686, -0.3256011271981211, 0.9946355013893582, -2.537339215124388, 1.7241264877865434, 0.7577900986075765, 1.066138564212303, -2.1888058030364745, -0.2595068375511206, -0.31800622371819115, 1.4670632485987627, 1.195364420051041, 0.8632819113355839, -1.5235665008610313, -1.5433967936360427, -0.6767039595884351, -8.10010027490748e-3, 0.605291266397051, -0.43354776482415525, -1.0391202772143457, -0.8135442732425151, -2.2596173299638127, -0.28915084327238627, 0.6179981522846895, 1.0588883910152724, 0.7272706441695945, -0.7205368223031048, -1.2212523461982037, -1.3606350557010876, 0.16838857496592458, 0.6834382169403247, 1.083890373182215, 0.14095417226087878, 1.5306056105142922e-2, -2.034358814439859, -0.64688872424348, 0.4109503966298684, 1.3093706946704242, 0.4068737832539585, 0.8652132801786597, -2.108620450207301, 0.5849074182487353, 0.7510158780299845, 0.7426717121619254, 0.48476949520049284, -0.12854981243314412, 1.421612561996641, -0.5920229633037895, 0.12843992837778317, 0.13368904346233532, -0.32281708247588115, 0.5890443922378342, -0.22570547376668032, 0.8149123105763482, 0.12581312964011457, 0.7714007147566915, 0.8672527887086376, 1.087420803871729, -0.7749672135545277, -0.7746629578782327, -0.5541852580510113, 0.6097394228021438, 0.8491939676141605, 1.5876531630044608, -0.7024938183405922, -0.2090635286470441, -1.7304271108815987, 0.6887101719219365, -0.2691018112031409, 0.3252629192844419, 0.8120859951820925, -0.40805014275088625, -0.1808779024486509, -1.6398542264021139, -0.2563993868927609, 0.3680286866690385, 0.9005429000400099, 6.8901949998715975e-3, 1.0255372396422275, -0.7557520244116268, -0.3915619173460364, 0.2343698840105761, 1.011550036586685, 0.9836553764463265, 0.4441072587686729, 5.1120561787080916e-2, 1.0891638150350809, -0.4732453208464019, 0.9632809591517749, 0.6877935353836538, 1.0536115214141974, 0.7694305634141606, -0.7065544030960001, -1.1968453105699863, 0.8571281231269906, 0.49169289456741494, 0.6596146901199417, -0.1468927223100213, -0.1672903953720862, -2.0999226325295606, 1.2262536738982324, 0.2048034636664382, 1.2494076092146613, -5.1458996813795586e-2, -5.1892570514209466e-2, -0.12654055236403122, -1.8598061750170463, -1.8025907050672239, 0.896602299274037, 1.2882055944497475, -0.33882649933134584, 1.5466612245649127, -0.13563016764191138, -0.10552936920876066, -9.702036028357322e-2, 1.1499376162734094)
