seed <- 887
log.wt <- 0.0
penalty <- 2.8115950178536287e-8
intervals.send <- c()
intervals.recv <- c(56, 112, 225, 450, 900, 1800, 3600, 7200, 14400, 28800, 57600, 115200, 230400, 460800, 921600, 1843200, 3686400, 7372800, 14745600, 29491200, 58982400)
dev.null <- 358759.0022669336
df.null <- 35567
dev.resid <- 226001.60429802767
df.resid <- 35402
df <- 165
coefs <- c(6.7204557171967325, 5.846135772366352, 5.664614749040222, 5.285013063826344, 5.0408659310870245, 4.945328747396946, 4.775744200566875, 4.579559476193338, 4.408192704216063, 4.263589421410582, 4.244531545305747, 4.213827325171744, 4.037062748703986, 3.9647585553254086, 3.734574746865213, 3.525260614784737, 3.2302360610471936, 2.9555919295408843, 2.452640614122988, 2.042506564263194, 1.6249051771323224, 0.9270118915497262, 0.9969324296082422, 0.7482303692212944, 9.089100167005013e-2, -1.3949984089508616, -0.1446006524557617, 1.0596287573472258, 1.0299574527259192, -0.8915518079426665, -2.3432081705791177, -2.8324438890766617, -0.3025585600232978, 0.8265471283779788, 1.2356677450006834, -1.4410248998553923, -0.10021777258466273, -1.4536209893780452, -0.15721600706096953, -1.3414040337603024, 0.9454574663397662, 1.0107516703008348, -0.9826559290970416, -1.747654388208982, -1.584320132799347, -0.8024190680324358, 9.676276352119294e-2, 0.5500492042401821, 0.6544004797976273, -0.40019818549193675, 0.558595823810339, 0.8113601217182779, -2.6379667682548904, 1.739682665813926, 0.9040378565966406, 1.0620336229261929, -2.220922695934258, -0.33308255236737244, -0.5623319574404376, 1.3437689532537027, 0.9159065100217499, 1.0115198181195768, -2.104925458665249, -0.17056620843430947, -0.5400439724508702, 0.22810536231080508, 0.5825400614289856, -0.7360963872560136, -0.5281277479930309, -0.6770682318095012, -2.926853131131764, -0.18413242520601192, 0.545418102003925, 1.0169972257792386, 0.6740079097672336, -1.0692724550793151, -1.2277564918776849, -0.8466930389657831, -6.81954320638126e-2, 0.769532005272268, 1.142266691464116, 6.361033945848647e-2, 0.17758470727789397, -2.1582113936982745, -0.9721922605349986, 0.4270184156273711, 1.2401509157021422, 0.32375849303044135, 0.8956267191057967, -1.715329811170175, 0.5757781926043983, 0.9468155947481492, 0.8805965618100241, 0.44342693336865285, 4.027780301152128e-2, 1.249492930646074, -0.6564548301347991, 9.962783431102147e-2, -0.5576271552020238, 5.170715207364994e-2, 0.3771370690103267, -1.569229641961768, 0.7343752567462287, 0.19831478884359927, 0.4255868729156883, 0.8538483624728768, 1.1265667336534053, -0.8211569540051721, -0.39909848274779725, -0.7743129824564349, 0.4329071633569337, 0.5831514212993498, 1.5654683290443032, -0.5890999188162727, -0.20491436838665134, -0.919387814122123, 0.7499193498196839, -0.18743897893203784, 0.47925343434637396, 0.8798738582414672, -0.30618268157403267, -0.5852060690464765, -1.012734681867776, -0.8087223545681796, 0.35301963070322007, 0.7373784646933124, 8.404481602928744e-2, 1.0109691389786895, -0.3969425137739096, -0.3831205156443107, 0.3368824538828405, 1.085398245241629, 0.8750041872434885, 0.5116057796340344, 1.901312523772211e-2, 1.1111094106807717, -0.3545488737279688, 1.0374369073178795, 0.7645331108813251, 0.9837316647233209, 0.8353108745179016, -0.708566681639294, -0.9688385157202974, 0.7089426655954577, 0.49310048438229737, 0.6491102644574462, -0.15355309002599246, -0.3396495812866005, -1.9697742468517814, 1.1406141943033186, 0.13279174658473128, 1.2499041246954625, -0.2119399507363777, -2.274862680278143e-2, -3.1904466009733345e-2, -1.9612305536749473, -1.1405747375428446, 0.8924572973951058, 1.2059821074033423, -0.21110072302099786, 1.5634236862338042, -0.2820650458835852, -0.1791271407449367, 1.428153847598853e-2, 1.2111312507327676)
