seed <- 1093
log.wt <- 0.0
penalty <- 2.8115950178536287e-8
intervals.send <- c()
intervals.recv <- c(56, 112, 225, 450, 900, 1800, 3600, 7200, 14400, 28800, 57600, 115200, 230400, 460800, 921600, 1843200, 3686400, 7372800, 14745600, 29491200, 58982400)
dev.null <- 358759.0022669336
df.null <- 35567
dev.resid <- 224278.45593141578
df.resid <- 35402
df <- 165
coefs <- c(6.412608727140627, 5.872097223446626, 5.510639870350198, 5.475523825025378, 5.167622926134188, 4.893746433465618, 4.804508973393142, 4.667755042830381, 4.352495731390981, 4.345269119667015, 4.340681814200916, 4.192556012623096, 4.083107108871294, 3.9827634684410946, 3.7980814108136483, 3.579408540028998, 3.2611518177062444, 2.9863441889470472, 2.5123217794245223, 2.0725880159039596, 1.5434612915736883, 0.9263921319821733, 0.9789036575089876, 0.31544942378497726, 0.5088650501685897, -1.2694977398541878, -0.4909263452234274, 0.9013971398032048, 0.9594127241228301, -1.3778298038433985, -2.186980636247185, -2.859846707141822, -0.35880970028494746, 0.8365215743247869, 1.2098082823090774, -1.0455716227177185, -0.5645381128308026, -1.013534834452969, -0.3403547985944694, -1.0002710203870322, 0.891239316313519, 0.879876641076594, -0.559595689886473, -1.641565241973017, -0.6984791921768082, -0.8195538543217058, -0.7188919513546307, -0.378199147097524, 0.30349870125824124, -0.7747881583568833, 0.10851550887079096, 1.1402488041184626, -1.7916863276859303, 1.634525321435836, 0.7175924277281565, 1.1785413506561844, -1.4498254631013314, -0.1288508804424744, -0.11801497693448172, 1.2174993570871118, 0.8435824501565492, 0.8818591426180884, -1.0350430700734194, -1.057262901812856, -0.7924537325034888, 0.1409891950516329, 0.5796728466460376, -0.28775226727595055, -1.757868202088453, -0.7111954658732527, -1.5349655312312513, -0.1466175079463969, 0.504808777068874, 0.9872895781615267, 0.6949279534523796, -1.0987567321682379, -1.024253576930335, -1.2724296777499042, -2.6441071238171424e-2, 0.721022286554607, 1.0693482366786333, 5.796082517887844e-3, 0.16524295077005358, -1.7822411795667432, -0.13000643881792134, 0.5027762976645551, 1.2489129323269161, 0.446797884540601, 0.7707388446234336, -1.7326656445509905, 0.35396972265623833, 0.8427457839059546, 0.7382896150687365, 0.372077488326218, -0.14259574194542624, 1.4662726336605616, -0.3489512216891211, 0.4429670927957933, -0.1659507360787014, 0.21340317950667448, 0.20361334980676274, 0.14321994315353356, 0.7742727682377496, -5.240887154972587e-2, 0.6847198359655162, 0.8806251509576429, 1.0026092193452016, 0.13119495307777507, -0.6156038742060231, -1.2100253847311688, 0.4487797634394231, 0.5324258597261898, 1.4776240147191602, -1.1246546367275534, -0.3057232833017124, -1.0568567166808798, 0.7677861039053642, -0.27842528669551736, 0.4601058376957052, 0.29449321960205904, -0.491785823867605, -0.46012553404977075, -1.39817278223265, -0.3436057776781125, 0.19323030057681834, 0.973978477506744, -1.0922328963329635e-2, 0.9719034432797873, -0.5843484476389452, -0.47311424288922244, 0.22824607665356506, 0.9540699128861274, 0.6817418999100562, 0.363812776081809, 7.21398166121159e-2, 1.0997807521716236, -0.4231002407253494, 1.0045771585407859, 0.7088693588102052, 0.9814135417316482, 0.7475973406499542, -0.6071381630503295, -1.1331624133039733, 0.5796284043614468, 0.3474959971713822, 0.6342719145450153, -0.3158596906563898, -0.3459812861687225, -1.8785991511826072, 1.227423250060271, 0.1381390306925918, 1.262343093119177, -0.3210362036896189, -3.134534836240209e-3, -0.3972854095128598, -1.6059784471316918, -1.0391074043222401, 0.9149948495781289, 1.1730314481574224, -0.48817590165177605, 1.4142344788654662, -0.4970102239535147, -0.18285314513403428, -5.953969462596395e-2, 1.1626260767118608)
