seed <- 413
log.wt <- 0.0
penalty <- 2.8115950178536287e-8
intervals.send <- c()
intervals.recv <- c(56, 112, 225, 450, 900, 1800, 3600, 7200, 14400, 28800, 57600, 115200, 230400, 460800, 921600, 1843200, 3686400, 7372800, 14745600, 29491200, 58982400)
dev.null <- 358759.0022669336
df.null <- 35567
dev.resid <- 226073.0859734203
df.resid <- 35402
df <- 165
coefs <- c(6.596818305520416, 6.032549930405685, 5.810901767483066, 5.214379418920493, 5.1170931197205585, 4.870669311596824, 4.780801232390227, 4.636155684118143, 4.377227109624996, 4.3018631570801595, 4.290469711508654, 4.134169794403788, 3.999202731308254, 3.9135811838551895, 3.7500165107786096, 3.5370139837062764, 3.239913543329285, 2.965822541565351, 2.4770963005504663, 2.0289097858280476, 1.5923552991020116, 0.8830710290696, 0.8982149441773986, 0.5379527711269866, 0.4168019398393598, -0.6052383061264339, -0.1749781419912023, 1.072701933842697, 1.0872749266011734, -1.3069671723998857, -2.2406881719138956, -2.6054265525193006, -0.6631724967529674, 0.7370034587326011, 1.2857813727339507, -1.3816723297488613, -0.1215559401120016, -1.6475639791146572, 1.025907704812468e-2, -0.569438686972619, 0.9611076082319087, 0.7613440668832843, -0.622755061750102, -1.5735198522846197, -0.754273901169976, -0.6570863713572238, -0.6309650902223819, 0.43497016566219393, -4.90490535278115e-2, -0.4728832503852565, -0.6716544125673474, 0.8863198395333463, -3.0241681550252935, 1.8091895642389135, 0.6767934201431186, 1.0760800393737349, -2.4054102250415115, -7.744595888619177e-2, -0.20293463139648377, 1.4628627830863594, 1.4281212088655788, 0.8212209100750867, -1.4028978248622457, -0.8709996697214899, -0.7687714911476147, 0.24867839049957674, 0.5047913254182325, -0.42358991597968665, -1.1284647765262203, -0.5806298369051895, -1.9916770230112524, -0.75048416092982, 0.8041155092341634, 0.9788652450708102, 0.680996111157822, -0.7899649200531007, -1.12988593413885, -1.553701688257369, -2.3656763444088468e-2, 0.6771770511276456, 1.1404396051720507, 0.10275488670048823, 9.835757278107159e-2, -1.8564142986833079, -0.5257944585281981, 0.4335381734011346, 1.286223048711727, 0.49071751903381616, 0.9000938294815396, -2.2318582392170323, 0.42575211742885405, 0.6004181672669594, 0.862924866671289, 0.3236360051724182, 3.3331800193718814e-2, 1.6113415232999053, -0.6679110695943475, 0.239409352298488, 9.842198152326008e-2, -0.7589886893989294, 0.62946334009064, -0.21872942864643447, 0.8261603342824466, -0.21016522661250892, 0.7074649928313427, 0.8393582517876675, 1.0312309547062937, -0.41304518138228974, -0.5005755091316945, -1.448559656464321, 0.4703058305864008, 0.6675374952877506, 1.6406580510782474, -0.7878919688306679, -0.16843799300888165, -0.788625961488493, 0.7754245169325277, -0.37741080141757294, 0.5029549444695588, 0.42574617616506416, -0.7216537035935437, -0.3757695890451336, -1.2944176896620987, -0.7251289601745622, 0.3283190554248123, 1.0165473238295892, 1.0881896106474243e-2, 0.9979729478453536, -0.539217721385924, -0.3279106307104135, 0.21156545616440406, 1.0638090610570674, 0.682302770115672, 0.5202323600827065, 3.8004549786773765e-3, 1.0909221065705543, -0.3469540959706064, 1.0625646729150935, 0.7259027921210499, 0.9415402471729241, 0.7676394681182127, -0.7229307580846364, -1.0745331660894761, 0.781369757279658, 0.29467143697515424, 0.6125987412430421, -0.25450090148568355, -0.3390575792310999, -1.793291484056449, 1.3120874911507905, 4.661468952404686e-3, 1.2033204308781764, -1.8911278505691093e-3, -0.1424092741016166, -0.16132713450681646, -1.9164362669329706, -1.0394731305423315, 0.9441499989645501, 1.2484424665625384, -0.1546203887163574, 1.516154349430558, -0.11126301216580974, -0.11940536433558713, 0.10481862521984289, 1.2385367990017697)
