seed <- 957
log.wt <- 0.0
penalty <- 2.8115950178536287e-8
intervals.send <- c()
intervals.recv <- c(56, 112, 225, 450, 900, 1800, 3600, 7200, 14400, 28800, 57600, 115200, 230400, 460800, 921600, 1843200, 3686400, 7372800, 14745600, 29491200, 58982400)
dev.null <- 358759.0022669336
df.null <- 35567
dev.resid <- 226686.21024607733
df.resid <- 35402
df <- 165
coefs <- c(6.737887029030503, 5.6659359781312615, 5.787968528713764, 5.247139459518674, 5.05656935876747, 4.781625188326187, 4.780368572681927, 4.601246649612825, 4.339886347903438, 4.221790335886371, 4.290988383309613, 4.153125662941322, 3.985827671023565, 3.9447344824010795, 3.724622675725224, 3.5377944607335015, 3.245398298316454, 2.9251839198486427, 2.4874146422080297, 2.0294827454569195, 1.6211039737393078, 0.8797651648802638, 1.027942663001615, 0.232824296049983, 0.8786604524370462, -1.295698213056989, -0.10434336803907189, 1.1042036878102521, 1.1760254550111573, -1.0310234178054811, -2.4595021075475536, -2.504315502379604, -0.32502836461315704, 0.7760946975610685, 1.361245664676984, -1.4186132607945283, -0.22317246061930265, -1.404656155686233, -2.201958139459849e-2, -0.7282194676072962, 1.0210137961750487, 0.7873126470852395, -0.7383561395607632, -1.6910070681437974, -1.1694807721274667, -0.7076902207651985, -1.2012118155259217, 0.2347266050877866, 0.20663619217852847, -0.43542186596188964, 2.0121626454061504e-2, 1.0045799426125486, -2.6295946116790314, 1.725828759299122, 0.8055505308357922, 1.181571378460099, -2.032477010346835, -0.12367743907023565, 1.795405789615956e-2, 1.0109158008621943, 0.9183847020863682, 0.8050472769855888, -1.2749675907167684, -1.0013718684046362, -1.0663233991335617, 0.13364789278807082, 0.6021280379260109, -0.8044540203162464, -1.8985925447931606, -0.5722940848352571, -2.19581229425626, -0.46688213403192996, 0.24467369254854718, 0.9083532697957799, 0.6455905635075757, -0.9526067754294187, -1.281859373137824, -1.2125927322485637, 4.049506744718955e-2, 0.6937710665385272, 1.248641217661272, 1.2044718920502545e-2, 0.31935707867232804, -1.2962120971692985, -0.9666465446819115, 0.32266476620278733, 1.199086041557813, 0.2425154215025476, 0.9210785120110907, -2.2368640030111004, 0.37879040402257436, 0.8913958198865322, 0.8688173745703179, 0.2903415864878291, -9.344940528213799e-2, 1.3856964851510256, -0.1249872714972119, 0.35765117480563713, -3.8030337223994445e-2, -0.2746117991330094, 0.46091940268796544, -0.2995004933341691, 0.9061801033945832, 0.34131177044812994, 0.841553400960003, 0.8797764332738126, 1.1321214891472229, 0.1087675922965096, -0.9240853310164889, -0.9331624008644223, 0.33805103290019123, 0.7469166878220957, 1.6394201908872081, -0.7464314848919933, -0.17028053038402793, -1.1852602734384265, 0.9051580765272604, -0.3709022706159231, 0.36155750236484796, 0.4660238080304161, -0.3496508221593669, -0.39238653641374577, -1.571752325446633, -0.4074276938251295, 0.335164400551461, 0.9109323090277291, -0.1308474344090797, 0.9823051307483375, -0.4050077914622851, -0.32955825381068266, 0.39028361299342135, 0.7404111942843801, 0.7252618933122905, 0.5665883893705838, -1.3965284019568919e-2, 1.1933960629154134, -0.332464654759602, 1.0453024328085172, 0.7206081782648904, 0.9834163324653633, 0.8675595795219715, -0.5508636854144736, -1.1008825858397369, 0.3532393810175538, 0.2460843308966617, 0.6486099243038084, -0.27526119754303713, -0.4446489946457319, -1.8787343338316633, 1.2286004936142554, 0.16194377668646462, 1.2124143799397762, -0.19529572411518195, -0.18303664661167837, -1.9105967848498693e-2, -1.3508976707840896, -0.6311588334851562, 0.85241037051916, 1.0974904199640019, -0.4827252036176035, 1.6353546152176914, -0.3052124033316467, -0.11670988667610893, -0.10114901420882765, 1.2941525582172335)
