seed <- 753
log.wt <- -16.0924784019589
penalty <- 2.8115950178536287e-8
intervals.send <- c()
intervals.recv <- c(56, 112, 225, 450, 900, 1800, 3600, 7200, 14400, 28800, 57600, 115200, 230400, 460800, 921600, 1843200, 3686400, 7372800, 14745600, 29491200, 58982400)
dev.null <- 358759.0022669336
df.null <- 35567
dev.resid <- 225728.09383322397
df.resid <- 35402
df <- 165
coefs <- c(6.387356337931657, 5.81333912625025, 5.74927944414957, 5.382649434516479, 5.13994855810361, 4.8126641815044895, 4.786879633378455, 4.650415020317777, 4.4626042311009675, 4.285984711108305, 4.286268407835349, 4.187966768587129, 4.011943363587186, 3.969516581323084, 3.7945782013662592, 3.5436960306092287, 3.2711847127634046, 2.953495161790345, 2.5368984201403872, 2.0499557753020117, 1.6187475101854933, 0.8799527539794842, 0.957145903786362, 0.22820459946178082, 3.280582159772868e-2, -1.140272002894209, -0.1573425635831836, 0.8218652496204807, 1.0097185969400662, -0.9320214451692125, -1.9329170290019448, -1.6597317671349703, -0.34395807934973205, 0.7328962680409763, 1.2223669928639842, -0.9116632512677513, -0.4318612194611766, -1.2653567518033566, 0.11706887093594033, -0.3154031560307731, 0.8789809501882782, 0.878652597243025, -1.1261215947322396, -1.7852698477843396, -0.6734419598132005, -0.6817365892257123, -3.046598476471762e-2, 0.4607471714450619, 0.3774374838417868, -0.45594978380410994, -7.264553348752345e-2, 0.8396108922275314, -2.2690632688390395, 1.6084998382096407, 0.8867632003073411, 0.9211600602553985, -2.0662074155057093, -6.0793443312668394e-2, -0.40218018574990905, 1.4591682998250528, 1.284407952006256, 0.6333501262218831, -1.719728992282913, -0.6128353909767281, -0.6992664904691708, 6.865656796847204e-2, 0.6740978773751044, -0.5932622195570191, -1.440612148968005, -0.7214950959629871, -1.906489848892993, -0.7544836874761135, 0.34946394742869696, 0.8675382080630443, 0.5834533752478916, -0.8182803603490634, -1.207422795790829, -1.0145328688353978, -9.560562451257991e-2, 0.6017832101282666, 1.124972324250693, 5.087874375254349e-2, -0.12824441650673027, -1.6141352160730127, -0.19477825603572965, 0.5668074121527372, 1.2131373681324351, 0.12782005543405886, 0.7907414406779051, -2.435343314578028, 0.5059183212139946, 0.6399164324143407, 0.7912607764668074, 0.37837686276306215, 0.10932354862408407, 1.135428489838352, 0.2827196527127795, 0.42500741043257323, 4.914073245369258e-2, 0.41634062825219126, 0.21018142137783283, -0.551251787680719, 0.7885374390592241, 0.20552474193805503, 0.6289056167903729, 0.824627345319999, 1.0944906916600945, 4.168682503649464e-2, -0.45785277431596405, -1.0215853681686757, 0.515635283542148, 0.34842098485556305, 1.5513029462061378, -0.5262184769448401, -0.2996051868063815, -0.8205301092617736, 0.6746464514280486, -0.25182828440847715, 0.35284682556125513, 0.5016290008743157, -0.5311897832361986, -0.35627222889558846, -1.406793643671009, -0.599319004442615, 0.2543449622113898, 0.8048119424315826, -5.582962746539735e-2, 0.8073859492305535, -0.5619611184507849, -0.397135178618347, 0.18471267890407816, 0.7841139627619127, 0.6101802546340854, 0.3638043032494593, -8.423448735898025e-2, 0.9512838256329817, -0.3827885671897256, 1.0015463624477292, 0.6942076869543006, 0.8887460012760771, 0.7326321694410303, -0.7101062244393861, -1.337445605352246, 0.5653603395389216, 0.2348778901031763, 0.5088924692269532, -0.24514963789140112, -0.7306232608068691, -1.6110419758067311, 1.243991080465595, 0.18061680277877334, 1.05606161449047, -1.7965257656208582e-2, -4.3637157888671105e-2, -0.11606060013323984, -1.8960565339650353, -1.5562109692754453, 0.8740362062192742, 1.2074592279629155, -0.42888046341677444, 1.474312780493863, -0.14679049555786705, -0.2200622651702008, -0.2617840659950555, 1.1517286413667285)
