seed <- 737
log.wt <- 0.0
penalty <- 2.8115950178536287e-8
intervals.send <- c()
intervals.recv <- c(56, 112, 225, 450, 900, 1800, 3600, 7200, 14400, 28800, 57600, 115200, 230400, 460800, 921600, 1843200, 3686400, 7372800, 14745600, 29491200, 58982400)
dev.null <- 358759.0022669336
df.null <- 35567
dev.resid <- 225393.3634328529
df.resid <- 35402
df <- 165
coefs <- c(6.482802864821047, 5.737654000311322, 5.730589734641341, 5.272942373217403, 4.9580414067392065, 4.92013855493328, 4.775704805278091, 4.663248239491667, 4.352206287309946, 4.267802745524877, 4.305921924290137, 4.211239040335833, 4.043849352688384, 3.9906691637254283, 3.751186760738671, 3.54141394047617, 3.2841718447858, 2.9520114152356403, 2.5357370974460154, 2.085529895898422, 1.545828482644224, 0.900202153732833, 1.007421209874143, 0.49463472767520517, -0.30431117743830377, -1.3922270619426855, -0.2526931156936205, 1.0223495083534686, 1.0674428434915528, -1.5856743048899906, -2.5146885651594406, -2.1891045572102383, -0.2249174221375151, 0.8024656569613943, 1.2234155852994428, -0.7440557133093251, 8.089883642256503e-2, -1.4926371422598808, 0.23890139674493024, -1.3450950776199064, 0.9576706847230668, 0.910089957318686, -0.8531476147797137, -1.7717036073209202, -0.48766967901489106, -0.83485003735718, -0.4021199294979311, 0.18847573443244078, 0.6043285207731313, -0.7766037501366835, -0.3674557771745664, 0.9194827568363254, -2.907846923001399, 1.7820178334457186, 0.8518519408644305, 1.1198042116342024, -2.554523951657985, 2.1556660031509755e-2, -0.1712410530090405, 1.4250209436963295, 1.4952300253783224, 0.710557368274726, -1.8497779941530248, -1.9080331763217908, -0.28562128782969926, 0.17084942331295236, 0.6480577606146396, -0.5840479809837479, -1.3410779524533594, -0.6883511710776803, -2.2889532224466307, 1.3025136404217856e-3, 0.4400933368133008, 1.026449266059498, 0.7047797659768916, -0.5310530374440356, -1.0116361393426803, -1.4756888311885619, 1.5385320632050682e-2, 0.6047366438094461, 1.239939217611813, 5.730035094317614e-2, 0.23994855801769055, -2.061669959550832, -0.727677988057719, 0.5192356823602524, 1.2779625399059436, 0.6468434264979966, 0.8896799434376707, -2.118176664857637, 0.5305916780331219, 0.8483330204815486, 0.8287642678733533, 0.4189558002212155, -0.2635436167137709, 1.3095953247245773, -0.6793402404852951, 0.677406392527411, -0.33512567930875303, 9.758678791885399e-2, 0.40388660714069247, -6.537086424612869e-2, 0.8004581840520122, -0.14621844721253294, 0.5222636983698167, 0.8135535734446077, 1.105630889570262, -0.18826065067209158, -0.8405541121604977, -0.6594185851433, 0.38723351063253625, 0.7848909781827086, 1.5834375421504716, -0.6904212335470822, -0.25315207784098254, -1.0598984910332552, 0.7880890826501711, -0.2702636069317142, 0.5501412995994218, 0.5856745416417704, -0.3323452509087274, -0.6342942835468418, -0.9616148182309003, -0.49494153148466435, 0.3015203765504329, 0.8865529938758497, 2.4655753521414096e-3, 0.9857975862536137, -0.4920284466524219, -0.4558877151259954, 0.27756823812505316, 0.820405096463597, 0.8938106252658373, 0.5171458430643011, 0.1326222974142092, 1.2256684023930302, -0.3636460444797415, 1.0622500186022803, 0.745904357207264, 0.9952095429323958, 0.7457074164574167, -0.730421887465472, -1.1739523277244899, 0.5408219292884809, 0.5139077214571584, 0.630831634936172, -0.20304989251118954, -0.3874359423602733, -2.12892642805808, 1.2739455302299092, 0.19437010230682394, 1.2601939672267026, -0.16676861731217088, -3.4259777376973714e-2, -0.10431563109415543, -2.3719444880305898, -1.1440402970597896, 0.8735546358069946, 1.2282177663974276, -3.026309495168928e-2, 1.494038825217261, -0.1503738580560151, -0.16809666128232723, -6.310188857728005e-2, 1.142222386265719)
