seed <- 213
log.wt <- 0.0
penalty <- 2.8115950178536287e-8
intervals.send <- c()
intervals.recv <- c(56, 112, 225, 450, 900, 1800, 3600, 7200, 14400, 28800, 57600, 115200, 230400, 460800, 921600, 1843200, 3686400, 7372800, 14745600, 29491200, 58982400)
dev.null <- 358759.0022669336
df.null <- 35567
dev.resid <- 226275.0765367895
df.resid <- 35402
df <- 165
coefs <- c(6.320495693369256, 5.932367034338344, 5.565910592795391, 5.311814668924259, 5.080315264015483, 4.89924080283665, 4.695912467116418, 4.652964361744224, 4.344740978029954, 4.281931712455433, 4.336771789629707, 4.173174408371718, 4.015664633276054, 3.9578059966188883, 3.74644404923485, 3.5218992539959677, 3.2573357570580903, 2.955648467106683, 2.5217730688928532, 2.093927785362685, 1.5248410434570565, 0.8980510746363872, 0.9666016416162648, 0.28557395494860116, 0.7180457974234822, -1.2109299489810628, -0.15047011946259012, 0.8665731329826459, 1.0692844187282684, -0.6463377968307289, -2.457446433776119, -2.9318238878830893, -0.24064849218672957, 0.7548432131510088, 1.3503212122437735, -0.8527969685576704, -0.13090280506323018, -1.2480640425699006, 0.20823994180114777, -1.0462337430173059, 0.9084457141213576, 0.8017725222683226, -0.8396898381440943, -1.5330658911561774, -0.694687105323991, -0.6752338346843713, -0.11703602583012448, 0.23343644388583482, 0.5573479500704435, -0.7465143502289302, -0.8054866584167913, 0.9251057754241871, -2.6777341709125206, 1.637843346431168, 0.8481594724389284, 1.0949964806655956, -1.6953716696361931, -0.19936491182435176, -0.6108340219203706, 1.0034933064922826, 1.1024328678762405, 0.940627829699691, -2.1281367336089456, -0.2537196359325116, -0.7530365022890905, 0.1739036306060248, 0.6990182134454086, -0.40645040010694256, -1.6367515346401251, -0.8448748030643253, -2.066076093160954, -0.5702274833269446, 0.4706193110191586, 0.9770511427313289, 0.7954621264605015, -0.8439507625642942, -1.2587616539620816, -1.4440885714179654, 9.278012781044714e-2, 0.7336772421231804, 1.1572404559200233, 0.19982036964038932, 6.325961760110013e-2, -1.8051411686138914, -6.468617619101956e-2, 0.3741544538037166, 1.3777096925280912, 0.4916525136658641, 0.8662495905109663, -2.068497052188421, 0.38098931007217807, 0.8055119089120437, 0.7063728664066106, 0.44725559608917687, -0.12928277662483234, 1.3721493515285414, -0.32434062359776783, 0.29891207443178236, 0.12777507203525593, -7.098346346192802e-2, 0.6484334543403226, -0.4086423044571602, 0.8853953560253366, 7.713376321620798e-2, 0.3561142404173467, 0.8186979678504241, 1.0237805207689161, -0.16222948597772394, -0.9572234441580657, -0.7166421381607202, 0.5420081419680954, 0.5753569291459397, 1.591428820727173, -0.7523653264930797, -0.31119777156237594, -0.9603943046392762, 0.7128641010042315, -0.23868410605475923, 0.5189290305011206, 0.5018989502476, -1.1878880154649394, -0.5524689665826166, -0.8958875103938221, -0.6707311910334091, 0.31762970698072546, 0.8639798164137853, 2.796764293453765e-2, 0.9410299207961265, -0.38452142896723385, -0.4903776243280873, 0.2892402171622609, 0.9094816998978891, 0.9453469127765933, 0.5411913283821127, -2.8456292087005484e-2, 1.0068123973820349, -0.41103264300304587, 1.0107591741916082, 0.6861057488263734, 0.9658795855191308, 0.6544472179450538, -0.6202330007959388, -1.156083640549384, 0.5259361626421909, 0.3078897522004421, 0.4448261770868998, -0.2630691765017134, -0.4752573359501603, -1.8134929578791945, 1.2803761927459547, 0.15126166137445718, 1.1976001084002796, -7.555065855807003e-2, -4.9899940615449875e-2, -0.13281968180776396, -1.441574763166706, -1.4366415268913482, 0.89785644038771, 1.2203115156777666, -0.5046246166410463, 1.5125862226372409, -0.4487036312695204, -0.16334348944507382, 1.5905474152791754e-2, 1.1404920076190606)
