seed <- 719
log.wt <- -15.077387236249196
penalty <- 2.8115950178536287e-8
intervals.send <- c()
intervals.recv <- c(56, 112, 225, 450, 900, 1800, 3600, 7200, 14400, 28800, 57600, 115200, 230400, 460800, 921600, 1843200, 3686400, 7372800, 14745600, 29491200, 58982400)
dev.null <- 358759.0022669336
df.null <- 35567
dev.resid <- 225208.31922369092
df.resid <- 35402
df <- 165
coefs <- c(6.680353219943942, 5.777497499988633, 5.674890597408772, 5.308022038104867, 5.232336099584324, 4.948846594453597, 4.804347252962747, 4.630624390361804, 4.344447170839761, 4.2955426206097265, 4.289919259501862, 4.170869632230302, 3.995875016942741, 3.976740787969073, 3.7864993157106164, 3.5301400666512683, 3.2829506563880315, 2.9559771023614054, 2.545212295380409, 2.0415705026840913, 1.6523028218751379, 0.9225089830133523, 1.1057004454102872, 0.3061574238074978, 0.258379808133375, -1.2549935871863336, -0.29511258904513704, 0.868396521644024, 1.0965204927247931, -1.3296145714192538, -2.2313251572742967, -1.9201924581713155, -0.42486501242292646, 0.7537856109188249, 1.182615210218416, -1.0412696124519414, -4.246860419292712e-2, -1.2511889460060537, -0.1731912186092185, -0.4030585278786876, 0.9371172336500367, 0.5442290379778955, -0.915559717879223, -2.004194963630148, -1.1530827346521193, -0.7444888512432454, -0.372605227592801, -0.5605233273254112, 0.31014045179173677, -0.15421161096562544, 0.21684762146205702, 0.7955520217386048, -2.190491940431345, 1.7983491476123659, 0.8384587146875977, 1.0547713167063022, -1.276346646102158, -0.27924460455823635, -0.4039197426455552, 1.1283336742071508, 0.933638515842986, 0.7075701196468812, -1.571983744453813, -0.8699978074737337, -0.6380079140295555, -0.1355512483567629, 0.6381479556334827, -0.48421946445343067, -1.4287618774689268, -0.5773514738630611, -2.120744065987484, -0.44916542038028145, 0.5321004870070732, 0.9029478604456198, 0.6572054380115798, -1.098952686995619, -1.1811295633693197, -1.0411188996674101, 7.416064419329377e-2, 0.7287467963388542, 1.118879585954348, 0.11917596469007151, 5.838893195085984e-2, -1.512872861013833, -0.790249504104425, 0.3694227411125853, 1.1517171716325614, 0.7105435424228774, 0.8975209279743355, -1.8039337975290044, 0.41479855817957084, 0.7481788328842471, 0.7625717339159545, 0.4282015814240635, -8.198317492640793e-2, 1.2830558968036085, -0.5189678966466306, 0.6328940726656972, 0.1383923751255414, -5.7839853557980464e-2, 0.3106754137229366, -0.15860252508836842, 0.7264611526481696, -0.28619921403564685, 0.5962035630489595, 0.8815640220769017, 1.1117247140021946, 0.4192327706643084, -0.8629851497535455, -1.2117583982933007, 0.37300764526775687, 0.381921174319931, 1.5813969043900387, -0.8236407507589033, -0.3122833588175511, -1.1704706277751178, 0.7355674613877676, -0.3144468627325119, 0.40000652369413225, 0.47618532291393345, -0.3276413886811959, -0.4702246185713927, -1.255217258889337, -0.6110781517918473, 0.28766383995013967, 0.8360224057776154, 4.89448420476747e-2, 1.041680258231591, -0.5947429645572483, -0.3723622887551286, 0.4047700471244105, 0.8766751913259184, 0.9951497483582656, 0.37079113968053246, -3.422171200832265e-2, 1.0707564256121591, -0.37572596078337106, 1.0581522211674539, 0.7278900335078469, 0.9377875393082117, 0.7148332954015141, -0.7082948774124459, -1.119941630285728, 0.6545997860507242, 0.5259776790928837, 0.5280732279343634, -0.3080387850323583, -0.5383248185970144, -2.2467174975874253, 1.3539596585074514, 0.15992656319169177, 1.2190077950612435, -0.12530631271130763, -0.10904720355849792, -0.16401203096235184, -1.5804088446016802, -1.0130741468476072, 0.8306779995369925, 1.1005950565386422, -0.2479178394426877, 1.5211780637886279, -0.2982506782229988, -0.16962023011822788, 0.135104189535194, 1.0750499082061038)
