seed <- 295
log.wt <- -16.364740141979155
penalty <- 2.8115950178536287e-8
intervals.send <- c()
intervals.recv <- c(56, 112, 225, 450, 900, 1800, 3600, 7200, 14400, 28800, 57600, 115200, 230400, 460800, 921600, 1843200, 3686400, 7372800, 14745600, 29491200, 58982400)
dev.null <- 358759.0022669336
df.null <- 35567
dev.resid <- 225909.62222555367
df.resid <- 35402
df <- 165
coefs <- c(6.642684264290038, 5.525835737355216, 5.76494313752903, 5.467218316212664, 5.1246889454244045, 4.842375522365966, 4.774932648730487, 4.6391848934479, 4.369100985186054, 4.320380475178758, 4.308022642609948, 4.209150649750301, 4.025698325850611, 3.9624001522917283, 3.7256046018848887, 3.5183207507321153, 3.2388241971766827, 2.9804481653258876, 2.4588371957449704, 2.073550835482504, 1.5266639901072934, 0.8900667273411844, 0.998673284399751, 0.3742128018182624, 0.47548165250078056, -2.1192471518010882, -0.4935717163997163, 1.009167687588431, 0.9735145760762205, -0.7379434197896998, -2.2973080021836614, -2.7649428500104403, -0.4455569645724867, 0.7421618768665996, 1.2655179208845857, -1.4788620195653552, -5.279184206746292e-2, -1.8629603670774777, 0.22141177209257015, -0.8841868245447313, 0.9580846949947723, 1.2073036624181837, -0.8510295403866113, -1.889936973049744, -0.4390571430209068, -0.6197912530022608, -0.5740442042866757, 0.5379788425495142, 0.24156693329695572, -0.327177116202272, -8.553998163934969e-2, 0.9115345613682266, -2.423529238876681, 1.6889702697436433, 0.7242943810061919, 1.1513185815311713, -2.299610703577538, -0.12273779091650464, 1.4147721368078115e-2, 1.27387475198655, 1.4392881408480187, 0.9311012187135994, -1.6664767748756109, -0.9643242310602949, -0.5588011893956945, 0.1741034186281968, 0.648447974054806, -5.8455833062655865e-2, -0.9603503959282825, -0.6409832031457462, -2.2966003038905423, -0.2821878193621098, 0.7044172649284681, 1.1258716730819434, 0.7218569534309547, -0.7498450958953156, -1.143532904715828, -1.7136524730226839, 5.7231723133725924e-2, 0.8311220879015981, 1.122889955624201, 0.14139436117492798, -4.502602558287353e-2, -2.217613420708315, -0.9262432884313225, 0.6204817989255527, 1.242666307134798, 0.4469294300060173, 0.7476147060004477, -2.9805579570953946, 0.4664756506644506, 0.9759588501348404, 0.716469367227762, 0.28187593492548957, -3.533762274839589e-2, 1.6510731046567444, -0.6213567285530391, 0.5176257361049136, -0.3385166289148636, -3.066733546619666e-2, 0.37708210382919777, 3.8115543892430085e-3, 0.7783252866909436, -0.7996134702135366, 0.7281450907275994, 0.8243429819524566, 1.0676735833026758, 2.615600497375563e-2, -2.189805985188688e-2, -0.892971375545969, 0.39034326638710914, 0.4400017715892234, 1.5558222292518273, -0.701041091111717, -0.18166778279285126, -1.0315719330650208, 0.7281569687007384, -0.26188774692530176, 0.5009137969325579, 0.5246789020507727, -0.7203231215550213, -0.1943306208637635, -0.9274373903915778, -0.5893415995600487, 0.3417190749310306, 0.9440079023282657, -0.10437737933407122, 1.0990156344130417, -0.7244673034791144, -0.39171545555964504, 0.31886845901687794, 0.9128114039028379, 0.8781906795467258, 0.6889265793166778, -0.1023667456912225, 1.0011615524238444, -0.33768942954584924, 1.1258427108142082, 0.7227771983953857, 1.0845086351563347, 0.6552313646987281, -0.7235120873230272, -1.3903372555772906, 0.69780761025585, 0.6913990595063365, 0.6246401662642992, -0.1567390898308828, -0.3200717602444025, -2.0203863289934882, 1.300339661064543, 0.12446050830742456, 1.3685033671481914, -0.18757589911352013, -0.11921434538833985, 0.1755506461812773, -2.0199301625585115, -2.0877306901685504, 0.888039459083546, 1.194370028697752, -0.27035815620478254, 1.530101706443965, -0.31118423836686054, -8.763001755576734e-2, 3.409390311609681e-2, 1.1057256627126981)
