seed <- 100
log.wt <- 0.0
penalty <- 2.8115950178536287e-8
intervals.send <- c()
intervals.recv <- c(56, 112, 225, 450, 900, 1800, 3600, 7200, 14400, 28800, 57600, 115200, 230400, 460800, 921600, 1843200, 3686400, 7372800, 14745600, 29491200, 58982400)
dev.null <- 358759.0022669336
df.null <- 35567
dev.resid <- 225991.60432800476
df.resid <- 35402
df <- 165
coefs <- c(6.809038676199723, 5.6448570914538285, 5.839687335661572, 5.343272197926091, 5.023867735170333, 4.873175890302682, 4.737419302479362, 4.591043429893772, 4.3381677429943535, 4.245443465371018, 4.3239886024539445, 4.174813501107213, 4.019113111327233, 3.9459878505107753, 3.754834535932459, 3.518644184647859, 3.24160711212068, 2.942898049028593, 2.501080292936126, 2.0448857991811358, 1.4489171808824293, 0.894918923391062, 1.065175114737852, 0.3882966786907147, 0.33001646676430196, -0.8157343551515508, -0.19548738372081598, 1.0290240910574673, 1.1083885520372725, -1.1404131553325485, -2.158775255484995, -2.248410349838401, -0.3671682090561228, 0.8334457958793827, 1.1557751237987526, -1.0877473891721303, -9.812021038237903e-2, -1.2674068171275, 0.2653193444204792, -1.0205442228920978, 0.9616555290444697, 0.723935910442237, -0.906155609337642, -1.830589795566968, -0.8531561558423111, -0.6580185931432091, -0.4068783006351948, 0.21621697881352245, -0.27573946314981546, -0.2723328296435193, -0.14239252626801166, 0.9396725568865276, -2.69503511110309, 1.5675943074041514, 0.9202803195182252, 1.1760024555869346, -1.711466303756611, -0.1835654880953652, -0.6434660741870462, 1.515504413896948, 1.131785517121128, 0.8498372713644466, -2.170324900198429, -0.865581864280586, -0.6443217400559295, 6.815535697741341e-2, 0.6202648701821064, -0.46061954040323955, -1.4671814848847635, -0.5445219742015367, -2.79216071507297, -0.2304200030978188, 0.7961619305839704, 1.0042009527443023, 0.6627654050742688, -0.8780690390203693, -1.5639506793467413, -0.9716846605024576, -0.10851209736019084, 0.8101908090608348, 1.0768771623994726, 1.5331360298238656e-2, 0.27112240339202864, -1.786410794723888, -0.48855429033252645, 0.46386736319319405, 1.2994900683725743, 0.6349840035611307, 0.8693220422496367, -1.7120938999251154, 0.5288178097909603, 1.058694670651627, 0.7793163944557666, 0.3990790543458397, 0.5238984140625451, 1.3168326252339266, 0.1516261026124565, 0.4018039956208792, -3.8229524563765015e-2, -0.6146483596952593, 0.5870201025610197, -0.22386523349298484, 0.7103222077055832, -0.451284898788921, 0.8057565930056814, 0.8140016160322797, 1.1066897030602318, -1.2638518953421085, -0.7381911719387378, -2.0308369240637894, 0.5344557555202563, 0.6847290189588398, 1.6295849272114653, -0.8555434854848116, -0.3469746204657164, -1.6494966675862175, 0.7621580572843308, -0.35797151601266636, 0.6463861508923557, 0.8231847200095794, -0.7253492128481159, -0.12069689269656991, -1.373980216836829, -0.3578955927162101, 0.32865480884397485, 0.7882005570410544, 2.638739685155075e-3, 1.145467948946024, -0.629256192018033, -0.4308453808556121, 0.45217103457677166, 1.0309918131494977, 0.6811339223584231, 0.38064016865341516, 0.17104464656485316, 1.0758192237849353, -0.31067733182298796, 0.9192630132567644, 0.7681568374385407, 1.0799737081626197, 0.6942727222325711, -0.6645186840119616, -1.15406992087594, 0.7099690142982014, 0.384441263680576, 0.4945115223566198, -0.23094638474814666, -0.28112958302495844, -1.8408939644455111, 1.1449330467997647, 0.16381481170317805, 1.273746916697255, -0.24899125847061454, -0.11733511362653587, -0.22464293374941546, -1.6325661617564518, -1.149210854469283, 0.9121465447500879, 1.2182857163835494, -0.34636023261940896, 1.5702528648265943, -0.3084817571835904, -0.19387801337521565, 9.632474307853996e-2, 1.1588386746504962)
