seed <- 129
log.wt <- -10.377732127622906
penalty <- 2.8115950178536287e-8
intervals.send <- c()
intervals.recv <- c(56, 112, 225, 450, 900, 1800, 3600, 7200, 14400, 28800, 57600, 115200, 230400, 460800, 921600, 1843200, 3686400, 7372800, 14745600, 29491200, 58982400)
dev.null <- 358759.0022669336
df.null <- 35567
dev.resid <- 226682.8681745727
df.resid <- 35402
df <- 165
coefs <- c(6.610553645771949, 5.652084149044893, 5.6626202976540885, 5.391173662285911, 4.965650475054017, 4.858204750228068, 4.691185961400659, 4.646002895878553, 4.302473022570002, 4.200669634329636, 4.303444244356618, 4.174447007914416, 3.9887317544741534, 3.949722803914276, 3.776520065811709, 3.493640046205283, 3.2379045741602077, 2.9124253269087843, 2.542780894701256, 2.0856901052981325, 1.4873078244435476, 0.88851279253501, 1.0535735846463525, 0.3736285462916239, 0.24235106018417632, -1.4258030596726403, 3.1033972003997233e-2, 1.019492387848385, 0.9819087366771582, -1.2043876685061135, -2.526797981635324, -2.126159065125584, -0.34361891367062786, 0.7823417192109231, 1.3079919136036453, -0.8675164808446146, 0.26006957544758186, -0.7846092709871506, -0.17190774737070916, -1.019637213938234, 0.8404463746887941, 0.8833418547556244, -0.8631825413955271, -2.0758134530762526, -1.0270059483531846, -0.8878499900999589, -0.25169682804792753, -7.5552138999904e-2, 0.7130542023828548, -0.6798525661107891, -0.30629911033415397, 0.9192124505459004, -2.1321106453983294, 1.71822676926992, 0.8680087217390604, 0.9804534744232782, -2.290204350489147, -7.111073970535126e-2, -0.5178685478863986, 1.4138667062966928, 1.1040721764616723, 0.7268212315705588, -1.5639391752268685, -1.0739113238237947, -0.3480513753523332, 0.16319163974973583, 0.4956530942200242, -0.12314309409143293, -0.996732870240038, -0.663879347877001, -2.495795085200675, -0.9785087688112392, 0.34531409718823297, 0.9784433336071942, 0.6852814562535274, -0.6751174023112232, -1.3221474942168459, -1.1374640114976338, 0.11683719934559392, 0.7552927930065779, 1.1660271583075128, 0.2874803446085633, -9.568336886840556e-3, -0.8156029763925146, -0.7507214724926743, 0.5730639010893398, 1.2439715292674616, 0.6519676940988836, 0.8305833825348439, -1.9771783017885238, 0.4448392139278827, 0.6767296790277048, 0.8159003660929302, 0.36839143116232725, 2.9062894751420123e-2, 1.2010787781541543, -0.6531186836607957, 0.6120663762076642, -0.10195233251328531, -2.7163652399846448e-2, 0.186874860529698, -0.6719834891467772, 0.9517508544868172, 8.674708351488317e-2, 0.5470517995816332, 0.8102614310459263, 1.1900303220067172, -0.6689358750012816, -0.5110043030023828, -0.9544352846078045, 0.3600951517303556, 0.6337111442305532, 1.5132568965325226, -0.9605198541302866, -0.2010540128992898, -1.370916630197677, 0.7885959945046739, -0.24536384241211068, 0.3465706028941035, 0.633723286516577, -0.2834526064409706, -0.8221113562042808, -1.0873384851045602, -0.5755883456229133, 0.26941205650013234, 0.8518986258976636, -6.470476651354236e-2, 1.0334475100280651, -0.4434206944075209, -0.47538129238548826, 0.4047055995558655, 0.8394118039452306, 0.7578406005305557, 0.4179029453698559, -6.683641164619535e-2, 1.0086919407795616, -0.4070324757288666, 1.125016921488996, 0.7229250142478411, 0.9557812360820442, 0.6681182724492283, -0.6429464217547233, -1.0761456122271662, 0.5926852754968488, 0.15423133990219476, 0.5798631643931602, -0.18535917069339633, -0.42447721246064996, -1.900200068696695, 1.3439467124935727, 0.1533651102695462, 1.2230370945918023, -7.024862269029249e-2, -0.15045608432814928, 1.9139492790956468e-2, -1.6482781566516078, -1.3786359865004747, 0.7786505853448774, 1.1632503236337624, -0.43718046694662394, 1.4870597519295319, -0.13408919858637697, -9.763990579313227e-2, -1.5456628183521616e-2, 1.1855378089148552)
