seed <- 819
log.wt <- -14.374656465209023
penalty <- 2.8115950178536287e-8
intervals.send <- c()
intervals.recv <- c(56, 112, 225, 450, 900, 1800, 3600, 7200, 14400, 28800, 57600, 115200, 230400, 460800, 921600, 1843200, 3686400, 7372800, 14745600, 29491200, 58982400)
dev.null <- 358759.0022669336
df.null <- 35567
dev.resid <- 225530.4577664672
df.resid <- 35402
df <- 165
coefs <- c(6.516589531071819, 5.987912807114391, 5.534578729746146, 5.439380494638179, 5.0678479863830574, 4.921729032701965, 4.820585466723968, 4.649589995287176, 4.45330969107191, 4.318100152673542, 4.362516847295362, 4.17876795918068, 4.016058179401064, 3.9443461237563207, 3.7727482875731675, 3.5423977032805674, 3.28346829008685, 2.966264036298532, 2.564446705878373, 2.0734795056650754, 1.5785450907903464, 0.8653217714813058, 1.097799628450671, 0.30540807168283435, -0.18697964734553185, -1.8114819477071424, -0.260324982809107, 0.9070039851715311, 1.0734276627904582, -0.9121267553287111, -2.0863626258786816, -2.34533125723026, -0.1518808826573929, 0.7700465944772547, 1.2767794017885064, -1.1415590742041044, 4.853534438437332e-2, -1.2684956264811622, 0.2270758177862193, -0.5920256997002803, 0.9552291515752825, 0.867503742890619, -0.7333333424422782, -1.535682214296301, -1.1183421720781175, -0.8157813594738541, -1.4105065304262143, 0.6576221760896759, 1.5157036441753056e-2, -0.39635395892477127, -0.29161439462698435, 0.9323183884084357, -1.9104472993874158, 1.7369209907458913, 0.7411058483062039, 1.0403060670278355, -2.1592466255942524, -0.15594992055740203, -0.10392682647433404, 1.5492155359829656, 1.3572470963346288, 0.7442252366742342, -1.8210859262303996, -0.7032609082578333, -0.6235869195325842, 6.3463269702639e-2, 0.6270126350417345, -0.4442846175213257, -0.883008619467816, -0.687567832454342, -1.8803208470124342, 0.19645472469973002, 0.3433087285695744, 0.9328932583622498, 0.7156009001187632, -0.9377929301442907, -1.3612624321328766, -1.0374324707475135, 6.527131707603744e-2, 0.6957987119573299, 1.0543314385506997, 0.147536314523891, 0.39889885508959855, -2.0844850392383383, 9.580137231075257e-2, 0.5322997507553711, 1.2819624621895571, 0.3199043900390282, 0.9596210394526954, -2.457323092361452, 0.2701356082402423, 0.6549462153936843, 0.7338643469531969, 0.3986039454943689, -0.23322222260629025, 1.29493678906267, -0.9342709615634666, 0.2838708454753079, 1.77672720509726e-2, 0.3133242125859978, 0.2094057948073928, -0.7415577693243929, 0.7498738033829986, 0.37873030581836364, 0.6311568024698273, 0.796764671932468, 1.0686875219796634, -1.0603804731256323, -0.3292930315923028, -0.8297479359761201, 0.30435748156888415, 0.6888625111751434, 1.5900246972858896, -0.6377315958579386, -0.2169362130687464, -1.7504805603578588, 0.7742257174491235, -0.33391838521541406, 0.5818960810534464, 0.5685842118018175, -0.8089830627256721, -0.12798282887436915, -1.0620125458186471, -0.992987824533407, 0.18060227318100827, 0.8752595393146563, 9.653896641785108e-3, 0.9796265621376506, -0.5852659883117861, -0.24511550755066797, 0.4392850797188656, 1.1074296397349441, 0.8716340416065116, 0.4429810327292283, 2.1219690647437284e-2, 1.1104597653173205, -0.445351949507665, 1.0615677424349863, 0.7010650548850956, 1.0239669078583777, 0.7187954963140808, -0.6725198914761239, -1.1388291939888695, 0.7618031113212698, 0.4038604349887243, 0.5363736448234976, -0.2910998572376755, -0.5378268643773653, -2.1867770309669257, 1.3308587163303063, 7.52346495454916e-2, 1.2451014902841915, -0.19438127902896413, -6.742040118166924e-2, -9.654094757266457e-2, -2.155029673807863, -0.8760173514093513, 0.9614185291437003, 1.1581540823609018, -0.5079790256842739, 1.5591150124348234, -0.1494023177993158, -0.20272063172983068, 5.7302388928257196e-2, 1.1797517654013456)
