seed <- 761
log.wt <- -14.328981222340197
penalty <- 2.8115950178536287e-8
intervals.send <- c()
intervals.recv <- c(56, 112, 225, 450, 900, 1800, 3600, 7200, 14400, 28800, 57600, 115200, 230400, 460800, 921600, 1843200, 3686400, 7372800, 14745600, 29491200, 58982400)
dev.null <- 358759.0022669336
df.null <- 35567
dev.resid <- 225365.48237543058
df.resid <- 35402
df <- 165
coefs <- c(6.748448532024714, 5.9431506433241905, 5.6831939858542455, 5.2997855318820655, 5.121143042287738, 4.901341000947244, 4.868687660239511, 4.627496251467328, 4.398692133939154, 4.269710934843819, 4.275507068067576, 4.1712446015199305, 4.047362144162406, 3.9777199279405613, 3.7808979678245267, 3.548179804158872, 3.271365336254209, 2.9472430447954308, 2.5280280748634048, 2.0579555073379074, 1.5367716016725703, 0.8909449733693737, 1.0070966857837163, 0.18251026877448723, 0.18672261276658794, -1.0701363305608225, -0.2822995240655575, 1.0521747063307834, 1.1460202972633788, -0.9078765004770906, -2.7511247196287583, -2.355905555484148, -0.4810729171725445, 0.7677089755320832, 1.3028084060344236, -0.9351348499459309, -0.3696113181124246, -0.5732014070626916, -8.72140656720043e-2, -0.5660024554499559, 0.977059456711556, 1.1107568926204334, -0.5848001708379963, -1.561414720466506, -0.8720395168634478, -0.6066674347877358, -0.15080091081322908, 0.28294984440466736, 0.22473149437971085, -1.2854195159574653, -9.126906803060245e-2, 0.6842130804996949, -2.81472262724021, 1.5106205208446444, 0.8520149974022826, 0.9336404413519986, -1.804261769798704, -0.27737132747610466, -0.3320583035510178, 1.3983790607875424, 0.8497343152096699, 0.8274442211865247, -1.7474817748378617, -0.8536977943498787, -0.48400074594098075, 0.22782260515004643, 0.5781454227920962, -0.1769838649279158, -1.3776653195669493, -0.5450584067125943, -2.162318006223664, -0.6448473050572612, 0.42808195234099783, 0.8351215962273396, 0.7148141079151021, -0.7861991175748086, -1.280250792127246, -1.7537002436077271, 6.516140422947103e-2, 0.5604200619037355, 1.273531032312134, 0.11193795242856212, 0.11315541808542978, -1.6361374242494593, 2.5587525921484933e-2, 0.4001321730300402, 1.182749946644196, 0.5921990919800716, 0.9109978789663452, -2.2441067926298066, 0.45498515834765224, 0.7564840276042754, 0.7745919117845926, 0.30492809271555305, -0.5711239249004458, 1.051719171409235, -0.3647308747558306, 0.396837478580131, 4.066882301112959e-2, -0.2683928744699173, 0.5550948859024502, -0.14080672845543993, 0.8720852503889867, -0.3585783230175809, 0.7437028626220824, 0.8574167166462167, 1.1153739067537738, -0.11112959235845464, -0.5057978174174356, -0.9073460309160919, 0.2849158172174572, 0.5301614307766431, 1.6373450275952044, -0.6519227650239081, -0.19753873480511713, -0.7800199096664662, 0.797457454343987, -0.29705804469999, 0.5108046777711226, 0.6995109264783058, -0.676336045795476, -0.3919571218535092, -1.0209967815698788, -0.5559894904057523, 0.4740892050558583, 0.903909273919121, 1.8327786602765118e-2, 1.0135631335752036, -0.9486972868182566, -0.46264517268755934, 0.3716816038186273, 0.7132132202902459, 0.7525116295058993, 0.4355158662116349, 3.0936475019801127e-2, 1.0711182180779601, -0.3476395217041579, 1.0638855681629842, 0.738416621151271, 0.8768944883155759, 0.8479623564904579, -0.5903892019309365, -1.2468547050711194, 0.497038179975253, 0.2575296644566994, 0.4808928115222038, -0.23642538069510075, -0.475186467569873, -2.3723840984228977, 1.2250223774681526, 0.11519359134796156, 1.1503774996795857, -0.16921452342679516, -0.15374712239711996, 4.2235152312389335e-2, -1.4980715005086467, -0.8084231384998772, 0.8521162595926869, 1.211601425063211, -0.4243983278449376, 1.598391033940877, -0.34360420797142993, -0.16086660699068836, -5.847727886788044e-2, 1.2157057160934543)
