seed <- 438
log.wt <- 0.0
penalty <- 2.8115950178536287e-8
intervals.send <- c()
intervals.recv <- c(56, 112, 225, 450, 900, 1800, 3600, 7200, 14400, 28800, 57600, 115200, 230400, 460800, 921600, 1843200, 3686400, 7372800, 14745600, 29491200, 58982400)
dev.null <- 358759.0022669336
df.null <- 35567
dev.resid <- 226015.2937815063
df.resid <- 35402
df <- 165
coefs <- c(6.591560677795263, 6.069629229773168, 5.839645086588146, 5.298346251629091, 5.040446313109376, 4.949210455889144, 4.7769324654838385, 4.596088347729845, 4.356310259037858, 4.263831466469831, 4.332451832119516, 4.169951023646424, 4.052141559414441, 3.961276542787589, 3.7305331221927363, 3.5289790607933433, 3.223623060283034, 2.9335335980231663, 2.5058963367379636, 2.0992801111375665, 1.5872598106462477, 0.8881391516309025, 1.0147192060556336, 0.5214295748910391, 0.3734300877440745, -0.9806519240785349, -0.4043846011502929, 0.8307137781647067, 1.1518426703332632, -1.9331965732474308, -2.44781403550732, -2.0493623085340693, -0.5011845696787152, 0.7044752551949042, 1.2712006546217987, -0.9324828515409292, -0.8215651473646668, -1.1155103836002056, -0.19054547050051976, -0.30773445549241973, 0.9395531005460482, 1.0659267307390428, -0.7861144529327948, -2.181652901497986, -1.0813879805051791, -0.6964210409896282, -0.4097333301046554, -4.61376536092526e-2, 0.47054891326033343, -0.6823036605783933, 1.7862112809444865e-2, 1.00304167608481, -2.4683513472878316, 1.7483622546569213, 0.6378360949520482, 1.011491437809272, -2.299247101542568, -8.32444195397276e-2, -0.12531926686905467, 1.321260499286778, 1.0145585803888797, 0.6261204527996179, -1.1455437803404622, -0.61396768021056, -0.7664391736453989, 0.2344804915741717, 0.7223893277141848, -0.35584023401806003, -0.955645233603103, -0.6426602595569917, -2.047536604094754, -0.2440278995822693, 0.7486179794838651, 0.9181036321374716, 0.5578217858913649, -0.8552560412325221, -1.559419956776626, -1.6139707970215265, -9.956782961174745e-2, 0.7133836890638137, 1.3581619799332683, 0.18368858098164248, 7.587025442663028e-2, -1.922219660234884, 2.551217595205251e-2, 0.3486809205139761, 1.1969461272678281, 0.20648190013960016, 0.9831217621027927, -2.153200509460322, 0.5211717147704225, 0.6107668381292478, 0.826089836354381, 0.36694729968141276, -0.18477924988143504, 1.1627960069595724, -0.6540659864809096, 0.2678783568985532, -4.786530987145133e-2, 0.19338366141187222, 0.37240333496115935, -0.3878382077818946, 0.8051634568588404, 0.2305267086807973, 0.5319344090918113, 0.8629922942449091, 1.147746734796036, 0.27082176996441043, -2.6051164395953504e-2, -0.847568398814891, 0.34075343626771437, 0.5146686368877037, 1.5903797623984923, -0.4942262463074209, -0.17805277593305213, -1.0856513853887797, 0.751380500163587, -0.3320245758582462, 0.26219712588567023, 0.36239781353018613, -0.6680168011164405, -0.37471494794999616, -1.199591257170105, -0.7882542754737417, 0.319293596372269, 0.9757981070638732, -4.417091124326036e-2, 1.0131102681932544, -0.5980256029537112, -0.5375250747409513, 0.23356160602438977, 0.8232120103432615, 0.7018416872569226, 0.5307515121634673, -8.469395311731232e-2, 0.9074394430106634, -0.37881964032165427, 1.1718770992238028, 0.7101957651739959, 0.9060577797086518, 0.7149640215383531, -0.6630680135268403, -1.2940944794033475, 0.43276597398708044, 0.19443369380313957, 0.5234661830415803, -0.13497758756388895, -0.6922002591141118, -1.7285040400091298, 1.3903884103144646, 0.23336319094655328, 1.093081491562894, -2.0168911038134646e-2, -5.1299197521537235e-2, 5.616734854326997e-2, -1.7498155839949827, -1.3592440185313088, 0.7857482574673679, 1.0942184974775981, -0.39831638417598847, 1.5449399313265724, -4.400759753775697e-3, -7.439954518778104e-2, 9.40886162909182e-2, 1.2731286522400187)
