seed <- 147
log.wt <- 0.0
penalty <- 2.8115950178536287e-8
intervals.send <- c()
intervals.recv <- c(56, 112, 225, 450, 900, 1800, 3600, 7200, 14400, 28800, 57600, 115200, 230400, 460800, 921600, 1843200, 3686400, 7372800, 14745600, 29491200, 58982400)
dev.null <- 358759.0022669336
df.null <- 35567
dev.resid <- 226980.59820287983
df.resid <- 35402
df <- 165
coefs <- c(6.535224987690097, 6.028865592560405, 5.569130688124104, 5.35472512935208, 5.065516700928202, 4.951375092546659, 4.811616445782187, 4.6731417315064885, 4.331399640056198, 4.226806445114271, 4.265286168800536, 4.12707525608829, 3.9753305613792844, 3.934532828901257, 3.758025106219512, 3.492209211757252, 3.2087723507851287, 2.924498133346299, 2.509876942416703, 2.0342880906733014, 1.7680110054339586, 0.9232400090058159, 0.9288316320136225, 0.5586558871470517, -0.7666179059477481, -0.8093338537974936, -0.26733288588111426, 0.8933030884412537, 1.0065171440893739, -0.7424490747288961, -2.1501986602231287, -2.369412299054988, -0.3451335058716978, 0.7646626296125723, 1.1451440425509474, -1.415864069684351, 0.1821084970650588, -0.4691521316309401, -9.96236419913665e-2, -1.0498424205808097, 0.8972443083175591, 0.5814720929446469, -0.8691740271571367, -1.7420165807461359, -0.8665639549668265, -0.563137342520081, -7.484557245835488e-2, 0.11957184309169233, 7.708075432376316e-2, -0.5105178930074417, -0.8100342143687155, 0.8052857216279447, -1.9789474140756624, 1.6954129658690194, 0.7468173667632072, 1.0100212249808953, -1.9261630434668677, -0.13847872195289998, -0.6472143395963802, 1.4372930176153444, 0.6213015255367629, 0.7220269544101665, -1.0248138065040395, -0.5450759238514467, -0.5536516354785868, 4.6361523168497606e-2, 0.5548614120631713, -0.4526837857044875, -1.4722226075507496, -0.5156386251657853, -1.828809012048558, 6.779862278826336e-2, 0.9980104013934266, 0.9167161198368673, 0.7273933689629003, -0.82127748076764, -1.438212946750646, -1.6531381511770178, 6.041030745632931e-2, 0.7834692131313967, 1.104596753169935, 1.0303129105985912e-2, -0.2404676138099592, -2.108347661751818, -0.6532203672409419, 0.3931808138325829, 1.2598365643746954, 0.43572830354737857, 0.8027253974418199, -2.1054894645685365, 0.5659732032502197, 0.7397721394680755, 0.7465612642817383, 0.34930266771815766, 0.2832657302972697, 1.2851822155577628, -0.32777016099846057, 0.391092749313825, -0.3331161973426231, 0.3607376945987323, 0.43740960714412364, -0.34335470739680923, 0.8043506577975561, 0.2032652257934537, 0.8315893716003767, 0.8659528452077206, 1.0385528915026156, -0.17620358652977192, -7.875169515476611e-2, -1.7798206302106623, 0.5166635542309731, 0.7238753390365815, 1.5457917806645165, -0.31557992704014143, -0.5637004282912583, -1.2146861787651053, 0.7179947007184418, -0.47951876639967717, 0.49165906753650396, 0.7892376914323103, -0.5672830981477023, -0.620885451121283, -1.2170676607029394, -0.7530634382175091, 0.36782668081297926, 0.8680668788477266, 8.665283595728038e-2, 0.9003899540821763, -0.5577207504808424, -0.378288858470006, 0.357334781315051, 0.8613446035906831, 0.876187573811539, 0.4039723685658588, 0.1811082154457187, 1.0702965436996783, -0.34515657202051864, 1.019772633836534, 0.7350890103429539, 0.9478970104845703, 0.7339364332823194, -0.7240215811568698, -1.25111518262812, 0.5228716603428724, 0.19539248231522763, 0.5203002972209955, -0.14977650844387116, -0.42532572615020664, -2.2238940535619114, 1.2427413335238933, 0.1262321876112973, 1.17619989700564, -0.15375818287899964, -0.11437738498493678, -0.20233642467463217, -1.9415402236000483, -0.5564380069561793, 0.8424206565874719, 1.2167632122203693, -0.6946417013839563, 1.4823477034169752, -0.2938161032789651, -9.731386557036302e-2, 1.7784179324469004e-2, 1.1868835221631155)
