seed <- 832
log.wt <- 0.0
penalty <- 2.8115950178536287e-8
intervals.send <- c()
intervals.recv <- c(56, 112, 225, 450, 900, 1800, 3600, 7200, 14400, 28800, 57600, 115200, 230400, 460800, 921600, 1843200, 3686400, 7372800, 14745600, 29491200, 58982400)
dev.null <- 358759.0022669336
df.null <- 35567
dev.resid <- 225610.07235766746
df.resid <- 35402
df <- 165
coefs <- c(6.574081160937813, 5.822003442137833, 5.721645131608696, 5.3116448330884545, 4.949752683250655, 4.912038796441951, 4.752556923859486, 4.627041993756693, 4.387928017561328, 4.327307922116451, 4.254962623839591, 4.217072385855037, 4.035086041499222, 3.9674642150221495, 3.782056912648913, 3.5285080543616036, 3.2680558441795573, 2.957987909654583, 2.4986276990487672, 2.0528411838531997, 1.4366681028003174, 0.8548965679343661, 0.9403957377830867, 0.8590335735861914, 0.5925138514418962, -0.6954076613949721, -0.1825771281034202, 1.0135929944024038, 1.1035355803399924, -1.5748907983381841, -2.239014141722174, -1.5666409306409452, -0.1512636244272117, 0.7109642964836961, 1.2256128655719998, -1.2394690330486016, -0.888524208101226, -1.3100779791582002, 0.14240993236721688, -0.8803798385511391, 0.9017959474257816, 0.7606599464980682, -0.9632220923221569, -1.8572413609821807, -0.345040828676369, -0.8021952805969088, -0.541316988488332, 0.7247714214387794, 0.149401711582922, -0.6673825313032085, -3.378374942079718e-2, 0.9414804336233411, -2.7284177153155325, 1.7176818408604508, 0.8798218368154928, 0.9996349635327487, -2.700550122907966, -6.084452522366033e-2, -1.0661245643697204, 1.1729153660034357, 0.641470207756199, 0.7753846539661172, -2.5069881508671954, -1.4798576684936076, -0.48944098318091256, 0.1357426610739871, 0.6720383459295957, -0.6907530559775099, -1.8042885683749201, -0.6755117899651306, -1.732434686353821, -0.25154207571515635, 0.729066372937503, 1.0470310030605097, 0.7443134451985639, -0.9232527715603838, -1.1525508639535815, -1.3502384632235411, -5.895764789679232e-2, 0.6511326653607398, 1.382336468245889, 0.10418506483158058, 0.3508567209077116, -2.3801189610405955, -2.5074565964718576e-2, 0.3513366530534341, 1.2994991441126105, 0.4195723177536552, 0.9132759558816137, -2.1247887789732864, 0.4324707637384432, 0.7350585176973834, 0.9007788486144046, 0.44716286195130345, 0.13145703700991987, 1.5803144164826306, -0.391010110149878, 0.36141581741055423, 0.12290489249474888, 0.19999661953857642, 0.5676734584893701, -4.9775802765009085e-2, 0.7728089093432104, 9.991072563062518e-2, 0.43443612980056245, 0.8420735045380313, 1.025850245116889, -0.7388758048197164, -0.37161673394377714, -1.3349115016670234, 0.47167296804643966, 0.7461012123524421, 1.5938639046790084, -0.5653902295332921, -0.29057985262417346, -1.1811696107835172, 0.9026836176104456, -0.27208161197528036, 0.5475585453475865, 0.7014666603498745, -0.7461780828160898, -0.3145289417514295, -1.081744927221478, -0.5096037297125694, 0.3257374347303865, 0.9188765760989576, 0.10246117682012522, 0.8512609379903963, -0.6359451170804297, -0.46305726479232096, 0.36381561738489054, 1.1120103983171705, 0.8524462493762957, 0.4706967187729446, 2.660243151907008e-2, 1.1099776076589594, -0.2763000598413491, 1.020735881384398, 0.6804931503654498, 0.8814694360011573, 0.8534669272752077, -0.716793628727301, -1.1572412662834777, 0.896246212588088, 0.3821000938130457, 0.4608968461288374, -0.2678229822572153, -0.470456080745449, -2.294030147019587, 1.2529189183842275, 0.1782174373549869, 1.1290822609520423, -0.1583878321848513, 3.1201805541457257e-2, -8.84292636267526e-2, -2.4367521741421445, -0.9245947859321519, 0.8555469228824683, 1.2655141241312944, -0.16717109626625323, 1.5348574877643604, -0.1415317514667816, -0.16653788580200016, -5.174454878094943e-2, 1.3217741021051321)
