seed <- 152
log.wt <- -12.509279891699684
penalty <- 2.8115950178536287e-8
intervals.send <- c()
intervals.recv <- c(56, 112, 225, 450, 900, 1800, 3600, 7200, 14400, 28800, 57600, 115200, 230400, 460800, 921600, 1843200, 3686400, 7372800, 14745600, 29491200, 58982400)
dev.null <- 358759.0022669336
df.null <- 35567
dev.resid <- 225378.8192051674
df.resid <- 35402
df <- 165
coefs <- c(6.595674427611517, 5.6561861776539475, 5.701877617279317, 5.1207114897958625, 5.082629138092798, 4.895495603645154, 4.736874658662856, 4.62515202625223, 4.397525382752375, 4.282035856432437, 4.2941220938452505, 4.124616982637184, 4.032878761031216, 3.9756254910626305, 3.7580961856963135, 3.5136539636307216, 3.2353716249368025, 2.980846199727254, 2.5251630266503478, 2.080469593136322, 1.4852312719859202, 0.9430381330489691, 1.0851241310811002, 0.47688666792158474, 0.31270393803600804, -0.8293755115410861, -2.84575108938284e-2, 1.1051600302864721, 1.0963949946749136, -1.5736258983724836, -2.4651560523399074, -1.7142039952012613, -0.4772709197283865, 0.7838615420020907, 1.278370100961725, -1.1806150182406365, -0.5295080409135436, -0.9492898600792563, -0.14439435884156535, -0.5105959624274963, 1.0482353144999292, 0.9079939612247687, -0.6481686982027243, -2.17093142352132, -0.6679952699261726, -0.85368356833788, -1.4194737572211755, 0.6239777707272115, 0.3437858421898325, -1.146616910003059, -0.14620335684935923, 0.9070120145760706, -2.7092385932878034, 1.8540023317604353, 0.7303087356635658, 1.0315996777665204, -2.147539034232674, -0.2684776082498427, -0.3494793250761906, 1.4832198768452076, 0.9075453168813677, 0.8778892268003956, -2.1373411391756556, -1.0162603190743924, -0.6981084397870883, 0.20954695785501842, 0.5603251634060564, -0.4624521264087581, -1.4475658587245066, -0.5220295774461368, -1.3782042329709594, -0.44602308048049744, 0.6552212929763955, 0.9869799380185315, 0.8854469795165391, -1.096410679979498, -1.02885740071236, -0.9745113271343059, -6.347398307721294e-2, 0.659661193016351, 1.1757412336898407, 0.2038545732708402, 2.2437896866142016e-3, -1.6829680984331497, -0.24424636667320776, 0.4839319869221934, 1.395754388807674, 0.33979836178895495, 0.8726759605400661, -2.655145821587692, 0.6149187444873112, 0.4287889151295311, 0.7180454295810662, 0.32399741761264, 0.25066641081430857, 1.217233294625328, -0.6114808490053916, 0.6475790578503914, 5.8755102924111374e-2, -0.40403989154252123, 0.14860105130038764, -0.2346463795119248, 0.9037883809532573, 4.673013773659204e-2, 0.9029257969732922, 0.9340575002303344, 1.1118036607710515, -0.7066812476660344, -0.5301404278414946, -1.1043016410351216, 0.49414077524186956, 0.6580264793850751, 1.6438622877240705, -0.3830723203917613, -0.18290703250852727, -0.9893087306144558, 0.7943672796665692, -0.33759772801642307, 0.3680593551642697, 0.5140701517659605, -0.3022103013812917, -0.7013733045747591, -1.8495395240984611, -0.46717820610138966, 0.4677881103295925, 0.8848168233270945, -2.961081592020626e-2, 0.9719252796768449, -0.73517018600112, -0.4097645792006571, 0.33639879250665566, 0.9179083191869182, 0.8832132359048844, 0.4323594762104586, 0.20327193803630753, 1.232226815478552, -0.32067946908544115, 1.1033852078404773, 0.6911703413970407, 0.9147635615699257, 0.8038993289946696, -0.6400288184595776, -1.1312282969949436, 0.5209141898921429, 0.38774333369813, 0.5203277819150524, -4.498077324543402e-2, -0.5146540771858173, -2.1158196507156912, 1.3058750528223841, 0.17818651139782946, 1.2106150788788372, -0.1277353519329678, -0.15722728645473255, -0.15428062872245923, -1.7379228261440423, -1.272626973871683, 0.781889759516225, 1.313547478577702, -0.23308456520401913, 1.5951458345192935, -0.4446185878320854, -0.2893812952565311, 7.281243197111935e-2, 1.2082975516404086)
