seed <- 918
log.wt <- -13.78832225494807
penalty <- 2.8115950178536287e-8
intervals.send <- c()
intervals.recv <- c(56, 112, 225, 450, 900, 1800, 3600, 7200, 14400, 28800, 57600, 115200, 230400, 460800, 921600, 1843200, 3686400, 7372800, 14745600, 29491200, 58982400)
dev.null <- 358759.0022669336
df.null <- 35567
dev.resid <- 225651.34621960038
df.resid <- 35402
df <- 165
coefs <- c(6.721319991363695, 5.81733215478029, 5.67456955941543, 5.31823601334516, 5.157314546517159, 4.782547710152607, 4.796878718231858, 4.6841103528362575, 4.378925364006344, 4.264938625041161, 4.320839746300583, 4.154020434801811, 4.03047591275148, 3.942431903916695, 3.7232090122824406, 3.52494748436026, 3.2442815148962842, 2.9501170298994466, 2.4935279080371893, 1.9946611264437402, 1.540286862466557, 0.8631969244711891, 1.1836703273367264, 0.35074074287838103, -0.3764471691340479, -0.7249022234261127, -0.21787541806292682, 1.0146269299476167, 1.1029294644965166, -1.4139577289021776, -2.4524539616136236, -2.5497688650740225, -0.3259722440983569, 0.7895304329411645, 1.4929768009053992, -1.1190885852552928, -1.7041595171227206e-2, -1.0853063707864614, -3.0349507077863498e-2, -0.8122411417801868, 0.9746391051918271, 0.8061537008915051, -0.8697447315547963, -2.1264298591426067, -1.018568028534261, -0.7329888127853373, -1.5662539600509031, 0.3674176450510996, 0.548015459420489, -1.0199805819490515, 2.101594086231914e-2, 0.9130653012479116, -2.6770645566855866, 1.7514933886383426, 0.692479020957293, 1.1490289076965883, -2.127318423188793, -4.5375888733688814e-2, 9.001701910973477e-2, 1.5813938234949636, 1.518035459771112, 0.7169721132315954, -1.1364212375967573, -0.5263725301076578, -0.4825047656531751, 0.3597108396636308, 0.6323124025944301, -0.31298423676375137, -1.1436933006085257, -0.6363739010919547, -2.3385257053923776, -0.7917873213907609, 0.7207754078296561, 1.0434252839936762, 0.6188359351554029, -1.012025870278203, -1.2957062042012537, -1.2278942615503121, 0.15069709648414423, 0.7201783713370465, 1.0835676814519022, 0.1487444748673298, 0.22166139589613465, -1.6008924748897622, -0.8559393848170875, 0.33105710999298343, 1.1953830107034782, 0.6066645809352328, 0.9194410408610146, -2.1061003670346397, 0.42453693393596315, 0.8023814208009893, 0.7698984544456184, 0.38796988131304555, 1.5787537772942922e-2, 1.4336481531928809, -0.8551957004732612, 0.22021072725073945, -0.3457972334951384, -0.2855365608324449, 0.13284692630021383, -0.42536419978940315, 0.8714616919172771, 0.4139613560262541, 0.6672514752599226, 0.8243164991881023, 1.2081973953112255, -0.6639167317581856, -8.258976213300762e-2, -0.6954180211734121, 0.2065405516051071, 0.4516520732113914, 1.6435532836900666, -0.4302642818749763, -0.1232274303243392, -1.3788908592339604, 0.8042348335962054, -0.41374238412274356, 0.37477621408073725, 0.7483263237851485, -0.684719724372297, -0.5827164894552761, -1.0822424624353713, -0.5336637920434889, 0.3759023030790915, 0.8063374167345944, -1.011754042299997e-2, 0.9878307711161196, -0.4688600437765572, -0.44844556015873166, 0.326939932609594, 0.8963904968253971, 0.9355557920509795, 0.46783512944779304, -1.3919806778438907e-2, 1.0385017299755406, -0.2744823794459819, 0.9623596044312118, 0.6939465743962661, 0.9368332278826914, 0.6943478579948973, -0.6604111321543191, -1.0451927922326476, 0.701851486411438, 0.6973730768067865, 0.5508904500017161, -0.367560246915588, -0.5398601262444723, -2.017749493845426, 1.2345967117860595, 0.17207644327905944, 1.2378383091455942, -0.12570985061490178, -7.642053373424813e-2, 3.594583465346246e-2, -1.904083558345317, -1.5478218597781257, 0.7779328728717998, 1.152390474035751, -0.3148105940312635, 1.59819527621259, -0.3170708229938706, -0.1819664996487275, 0.12002145620908311, 1.1908215880726818)
