seed <- 955
log.wt <- 0.0
penalty <- 2.8115950178536287e-8
intervals.send <- c()
intervals.recv <- c(56, 112, 225, 450, 900, 1800, 3600, 7200, 14400, 28800, 57600, 115200, 230400, 460800, 921600, 1843200, 3686400, 7372800, 14745600, 29491200, 58982400)
dev.null <- 358759.0022669336
df.null <- 35567
dev.resid <- 225272.34726403665
df.resid <- 35402
df <- 165
coefs <- c(6.7115237031602994, 5.632906558271124, 5.880825595785689, 5.281346059841604, 5.129889495155051, 4.872269049306024, 4.7919750782016965, 4.621773571739329, 4.388613653449115, 4.254177736061507, 4.309535753069428, 4.19160242861023, 4.015352665106138, 3.981024498467446, 3.745718892510506, 3.552186964908347, 3.2593550834458123, 2.9404998846733212, 2.4989937672229976, 2.075851997688818, 1.6814316116516208, 0.8966020388577155, 1.0230199222490075, 0.5420825122511043, 0.40671676276010443, -1.2497918729074338, 2.948969636591069e-4, 0.9760865022257624, 1.0733747572473964, -1.3278825958790985, -2.3049948020873336, -1.611775895587982, -0.3150232902202972, 0.8193884866383038, 1.2234540894547508, -1.3280320015365819, -1.0098007544780094, -1.221657139381976, -0.22223904639972974, -0.825849286348266, 0.9221116764495809, 1.008481267975185, -0.8961672632612511, -1.782354115173453, -0.9317818693808619, -0.8928511238634781, -0.5520283848636642, -0.13499776159972515, 0.4563122870817574, -1.3349408781643073, 0.11734453790418439, 1.0595046752668054, -2.301155082397818, 1.6850037318879758, 0.7789186857115885, 0.9744222957788463, -2.3484521182888276, -6.1271368299758364e-2, -0.5074597822937672, 1.3545849805495311, 1.0586857876962987, 0.834996444022978, -1.5541014973080376, -0.9002504419136386, -0.4745770386369873, 8.18042627691921e-2, 0.620420716113462, -0.5834059479552207, -1.1076337069853506, -0.6165299975244917, -1.9054160271535676, -0.4277430083266995, 0.591547162252653, 1.0122206400150107, 0.6416567883961914, -0.7075986254729204, -1.3465038933641247, -1.5752140957506149, 0.11197252866743708, 0.6764906722837282, 1.0314545775949784, 0.18212724845601777, 0.11004097131693026, -1.5137141707042252, -0.6522103887455386, 0.58178503047613, 1.2770491909723107, 0.4042767481338992, 0.8977917101860834, -1.7042286497227934, 0.48581162907463543, 0.7442364892229002, 0.819269073518748, 0.40020309901468765, 1.4241524644629976e-2, 1.34470332546931, 0.19931061751494278, 0.30142313130813025, 3.249895359925102e-2, 5.654711442077642e-2, 0.23941345583069631, -0.46033260498003353, 0.8556779793820228, -0.17199417112000934, 0.7684749110634171, 0.8287523768021976, 1.0737649340487205, -0.5537213035659411, -0.378603828806792, -0.654979281610518, 0.46401900905145554, 0.40597375573841893, 1.5727570166023765, -0.767421189478009, -0.30121230597772436, -1.1129524463157807, 0.7771413720853015, -0.377122569886113, 0.5867724289018341, 0.682031750568714, -0.6429811174415465, -0.23623593199472195, -1.6898053071574866, -0.6928794576989782, 0.3035362184178289, 0.8640227520233935, -7.96659263354623e-2, 0.927409206193011, -0.4974903732328027, -0.37216005493972465, 0.10200617388875383, 1.0465876354429646, 0.9350392534226806, 0.5133103879481259, 3.0877417028827e-2, 1.0754199588008408, -0.36970809453502534, 1.098631513968811, 0.7118922929485136, 0.8464329474202724, 0.7585007636258393, -0.698526409133449, -1.0499822229786948, 0.8106459500523691, 0.4495127177652075, 0.5218710256741061, -0.31162435760132823, -0.3554043019226899, -2.0331870510208407, 1.2944284792469407, 0.10603886536340182, 1.069967575261677, -0.19217573113528677, -0.10861172612221101, -0.11841362721501052, -1.82242790860088, -1.4135284990217862, 0.9319984446144339, 1.2140294145505748, -0.4958266412300041, 1.5161463252208904, -0.19729287206103482, -8.869239959929312e-2, 2.352338999189754e-2, 1.2377163913550795)
