seed <- 579
log.wt <- 0.0
penalty <- 2.8115950178536287e-8
intervals.send <- c()
intervals.recv <- c(56, 112, 225, 450, 900, 1800, 3600, 7200, 14400, 28800, 57600, 115200, 230400, 460800, 921600, 1843200, 3686400, 7372800, 14745600, 29491200, 58982400)
dev.null <- 358759.0022669336
df.null <- 35567
dev.resid <- 226221.4970426522
df.resid <- 35402
df <- 165
coefs <- c(6.688714457679813, 5.811463811798606, 5.681163712213066, 5.346312620348099, 5.045968804664241, 4.871251852811924, 4.825471457981159, 4.608143873034347, 4.424414277994358, 4.310690232043166, 4.366622534999515, 4.1889627239795795, 3.9977189753619853, 3.9853356518748826, 3.7704221616282103, 3.5317582887174477, 3.3129041851172443, 2.9769184361528738, 2.538101193886421, 2.093627889406519, 1.6185486142962082, 0.9112517292434672, 0.9516282448439711, 0.20431889353702115, 0.6791560229098378, -1.1225814651432335, -9.875105832958457e-2, 0.9393533185211437, 0.9838707025610218, -1.182330545352761, -2.181767956777174, -2.563015821785121, -0.4792899295761722, 0.7625275877491479, 1.2076579481238199, -0.8618827199800694, 0.13585915974085455, -1.123474240563784, -0.1240608253839268, -0.35738963952374636, 0.8827029502678161, 0.6863663316970873, -0.8418556793594486, -1.7675475373512726, -0.9293824869461967, -0.8119248324618649, -0.6438639562714377, 6.127374025638519e-2, 0.25242583770550586, -0.5682855080399348, -0.15011714266479254, 0.8862509424993632, -2.1957043479091305, 1.653771922898161, 0.8745585950028382, 1.1190650781180365, -1.448354930175235, -5.579910563216151e-2, -0.6243398522671412, 1.2809882532624626, 0.38921557247175315, 0.6615602224654763, -1.4668155540958532, -0.6390113962197228, -0.9267267895601522, 0.15774397271194343, 0.5363179086686375, -0.3166931572839032, -1.0494956925156966, -0.48420142846815684, -1.5671584277150261, -1.9622616994182333e-2, 0.5074719376034629, 0.8610806463786133, 0.7757675853889173, -1.192471191142284, -1.1736857593577459, -1.1997898813307364, -0.1287779269268473, 0.7712144767324682, 1.0496674525530891, 9.942177859513196e-2, 0.1993970655522322, -1.167544126954171, -0.6958247342927041, 0.39725898034242824, 1.2041477863951529, 0.25987477439963863, 0.8373258306622322, -1.838314492798681, 0.4743287953235884, 0.7403885009912179, 0.7552737126386867, 0.1792827466794132, -0.2769465204008186, 1.0043858560746004, -0.12829251064720545, 0.2970629430540155, -4.433974450549151e-2, -0.17729654640236026, 0.4844741196840296, -0.28905418133721344, 0.6972418869452054, -0.5204197883320439, 0.6592160531959909, 0.7860304872731051, 1.1307375234522197, -0.8765048032892664, -0.16558647478888003, -0.35816512930022515, 0.48196420249947447, 0.5618462438021964, 1.5216501094033925, -0.6770257179183897, -0.20992163922760637, -0.7875418762389416, 0.734906205203496, -0.28375046743562554, 0.4919329376526773, 0.7742880496360015, -0.7213197716461773, -0.5674276880015661, -1.7887727825333752, -0.5257581415441301, 0.3328639284734936, 0.8309168397190565, 1.4521482945266881e-2, 1.1323221982963079, -0.7270028247811151, -0.37503858262781214, 0.39150957063469044, 0.7531063633530586, 0.636469441676921, 0.35329067178268686, 0.156042161344288, 1.1160300523396358, -0.36575907702875116, 1.065572234499647, 0.6973242553846816, 1.0271768080893235, 0.6664859434477038, -0.6926693652300631, -1.1601498714074658, 0.44794803737880134, 0.1800379288287408, 0.4865720132708014, -8.534684167543038e-2, -0.46240452691491973, -1.897667017296497, 1.2804017586974141, 0.1290076692750568, 1.245140526894628, -0.26228291878193516, -3.5130547684842806e-2, -0.10040466219769137, -1.6007549262806542, -1.0696124095621242, 0.6831085537546682, 1.140282213560606, -0.40902388981481885, 1.5166553501002724, -0.48825824148562635, -6.09773912542496e-2, -8.008940813070285e-2, 1.0302594157373175)
