seed <- 432
log.wt <- 0.0
penalty <- 2.8115950178536287e-8
intervals.send <- c()
intervals.recv <- c(56, 112, 225, 450, 900, 1800, 3600, 7200, 14400, 28800, 57600, 115200, 230400, 460800, 921600, 1843200, 3686400, 7372800, 14745600, 29491200, 58982400)
dev.null <- 358759.0022669336
df.null <- 35567
dev.resid <- 225713.89926723376
df.resid <- 35402
df <- 165
coefs <- c(6.605068214840923, 5.7320559674429115, 5.757562805281835, 5.311362635173774, 5.05737887450214, 5.014249400347242, 4.82434507271109, 4.625347756463164, 4.412967297958936, 4.28278363404518, 4.283241793613107, 4.1609047882090415, 3.968593530645728, 3.998621445431352, 3.778441637764671, 3.575206603670315, 3.298651786180898, 2.9711612555175027, 2.508048508147664, 2.052094594723135, 1.56655854202943, 0.9002143637617772, 1.0241354926372535, 0.26525541068265207, 0.4428073400649438, -0.8516125372580019, 5.938802737832296e-2, 1.021300725043369, 1.066221760509591, -1.0989466711001996, -2.2198642722825084, -2.964962833309618, -0.36163955294950917, 0.7895081627290019, 1.2544079935106387, -1.1531156015760051, 0.2476685806348833, -0.7530298412675673, -0.22463098417544847, -1.241052173963337, 0.9840740443220493, 0.9195973397674226, -1.0544756907149897, -1.8780237389620682, -0.9157671014754467, -0.9059128158468187, -0.4110098466777113, 0.13964744610126945, 0.6511474027885402, -1.1200330232822029, -0.21708764976520908, 1.084538906299585, -3.012095010945319, 1.5725343052967866, 0.67097446943801, 1.190153645007975, -1.9152285339557196, -0.1955292721421282, -0.5875576231158196, 1.0275072477071183, 1.210526013302739, 0.6386746332545409, -1.9778700609008575, -1.2699022280969412, -0.7030352174601264, 0.3208778822733641, 0.6681951709182299, -0.34875057020621797, -2.009700651301388, -0.5049270042729184, -2.078878430648457, -6.881805271403023e-2, 0.517790555652672, 0.848836655006873, 0.6533178879585857, -0.6639760010715118, -1.2033081191285426, -1.52352558704653, -1.6153830944976275e-2, 0.8174967883504716, 1.14478152500698, -1.4562450759227361e-2, 0.1604244315659446, -1.2423869421928377, -0.9579098126570413, 0.26147281451533366, 1.3010412141406063, 0.6852926228454654, 0.8120503113201273, -2.5027792426063358, 0.45452955571954917, 0.6869479801420453, 0.8376207745433129, 0.28188173963691204, 0.10680111433881737, 1.487658657068291, -9.12189743489334e-2, 0.6775143283118666, 0.22806716981991107, -0.41626357099050904, 0.5814823610183705, -0.1979314833719208, 0.9513374746942691, 0.325295583524931, 0.9301973746872192, 0.8340038502897694, 1.0558928417108482, -0.4922311450246623, -0.7158795741666076, -0.7568632535975869, 0.40440646961656246, 0.7254376100734098, 1.5867594318010267, -0.44845586251397956, -0.25631272365586333, -1.4223239623131625, 0.8004515479065039, -0.18533725372580487, 0.49664333640656944, 0.5672860424111293, -1.5923646158943252, -0.47371733732581567, -1.3452617186729672, -0.4073221134867162, 0.33731243722091303, 0.8982431302311188, 7.799334456572113e-2, 1.1302357650430648, -0.4383858173929807, -0.42789746642414817, 0.3001322236281675, 0.8773846654744778, 0.7427487448984568, 0.28269425263584197, 5.3385898427521096e-2, 1.2531860967185138, -0.34726404763176905, 1.0890335049715496, 0.6981589018339711, 1.0393325593198566, 0.8838128647125304, -0.5718835522957384, -1.2196431497619327, 0.5456729308271036, 0.5511450018922855, 0.5086064549959349, -0.19707070052524234, -0.5096008316173061, -1.643819157007119, 1.2379340111116062, 0.1596007377508394, 1.3120270182974838, -0.12696950811676827, 4.4169904925212624e-4, -0.10134838359430687, -1.9538606587645597, -1.0064606621676289, 0.7374568540107824, 1.2623144466981386, -0.26163904175403246, 1.5416212059806815, -0.2665813270131206, -0.1339831373222658, 0.11257176510512307, 1.1708270783352768)
