seed <- 358
log.wt <- 0.0
penalty <- 2.8115950178536287e-8
intervals.send <- c()
intervals.recv <- c(56, 112, 225, 450, 900, 1800, 3600, 7200, 14400, 28800, 57600, 115200, 230400, 460800, 921600, 1843200, 3686400, 7372800, 14745600, 29491200, 58982400)
dev.null <- 358759.0022669336
df.null <- 35567
dev.resid <- 226394.52018648633
df.resid <- 35402
df <- 165
coefs <- c(6.499799899249955, 5.686783739624244, 5.5700083640898175, 5.393001368602694, 5.02314439192708, 4.9109393536904, 4.751159533017788, 4.616848727658412, 4.328041273322267, 4.304797848259893, 4.243723718713053, 4.1402788794962415, 4.036986565266942, 3.9358529811076197, 3.715206748766079, 3.497800823311125, 3.219403324741026, 2.9371387205521864, 2.4981339694088054, 2.0768294432885073, 1.4760901226041172, 0.9065218135087124, 0.9484402051329984, 0.11125430937386595, 0.25732029785640836, -0.6263560536549909, -0.7290749045861742, 1.0305434806331897, 1.014674880455419, -1.35371766608571, -3.1962017649440035, -1.726384026148379, -0.5963792649759135, 0.7716260947830205, 1.3742071056629164, -1.3935601080731312, -0.7916320230663911, -1.052193494815739, 0.3115972059374539, -0.34030254473014543, 0.9875424381809934, 1.0051451058905143, -1.106523089445431, -2.3872443483216017, -1.0688925454850033, -0.8028533729392462, -0.8353226937895419, 0.35583928384792574, 0.3950945098665767, -1.2024023463138647, 0.23943451953358338, 0.8842585141994237, -2.2797839265146407, 1.6965656110631973, 0.8957085873489643, 1.0711828933814476, -1.8731723333759414, 0.10515023663589639, -0.9139244301199336, 1.0023100804482594, 1.2045402839349968, 0.9341118424881748, -2.2245021104897056, -1.0377331842774746, -0.4554956260967594, 0.1575412406090304, 0.7290691150924214, -0.2445230915839946, -1.255324993347987, -0.7267716511826607, -2.016743622770571, -0.833312034037552, 0.6807896679084768, 0.9089061719931836, 0.7102609200211174, -1.1251920906558706, -1.3848932743476667, -1.0149752385769093, 0.21944851415030558, 0.6934269268921596, 0.9949258856062709, 0.1465569866817152, 0.1883433803328916, -1.388361595832862, -0.6980422469736697, 0.4259819012667134, 1.2595090017372372, 0.3750981558974673, 0.8810264375317053, -2.226741257226258, 0.5560964147721875, 0.6228787063927607, 0.8098459181522548, 0.3885421251732185, 0.19801347845213257, 1.4685180519209007, -0.6262474693708782, 0.32289931896031915, -6.410628354511794e-2, -0.43731320691981457, 0.22590635498297082, -0.4764470759874977, 0.9398271084591467, 0.162584307240954, 0.9497852352003483, 0.8485196733280865, 1.1369266130587916, -0.18119188199928368, -2.8707769061640093e-2, -1.3273354611748411, 0.3605746633663882, 0.6724313099198331, 1.6255798746033794, -0.6119853055250633, -0.18110723221699512, -1.2435914249438627, 0.8042898807730547, -0.37667367195768503, 0.5357709311301837, 0.7426661085609153, -0.32452440656877035, -0.4185693182264301, -0.9533231915950956, -0.3906516597950067, 0.2290481641682099, 0.8399096467940971, 0.13522942067326682, 0.9588953792426245, -0.6401606684676663, -0.4431124362485467, 0.5010628097401396, 0.7890289365915167, 0.8889131881378476, 0.4993834283386376, 0.11197096403515215, 1.162960055423223, -0.3684036734579801, 1.0938316428643629, 0.8747589506273389, 0.8943719250531781, 0.8262857792384447, -0.7682791656392868, -1.1899688209172732, 0.5948364301756341, 0.18348686305942796, 0.6416814728018582, -0.16119524548258995, -0.5621497192377055, -2.0271566958506586, 1.2946011771220012, 0.2049043793789696, 1.1250182584744708, -0.1635459628267775, -4.922663214313171e-2, 7.319504408731987e-2, -1.2680275809762114, -1.1409908957223924, 0.8938925383369395, 1.138854461067759, -0.2319491104571109, 1.5519550463449987, -0.4037278809418985, -7.121040389613796e-2, 7.338449432019735e-2, 1.212343069508963)
