seed <- 201
log.wt <- 0.0
penalty <- 2.8115950178536287e-8
intervals.send <- c()
intervals.recv <- c(56, 112, 225, 450, 900, 1800, 3600, 7200, 14400, 28800, 57600, 115200, 230400, 460800, 921600, 1843200, 3686400, 7372800, 14745600, 29491200, 58982400)
dev.null <- 358759.0022669336
df.null <- 35567
dev.resid <- 224878.7616457589
df.resid <- 35402
df <- 165
coefs <- c(6.405024073268425, 5.85017725635639, 5.683799806729517, 5.594787296019624, 5.068219444423517, 5.051675716888636, 4.730821383821879, 4.6515265066970155, 4.3868855418181685, 4.310115580307971, 4.272367294628853, 4.166683261217347, 4.016950492251675, 3.990223792974742, 3.7847162607354403, 3.567110991131269, 3.2812927020698264, 2.960326240020699, 2.514739437846027, 2.030804005071569, 1.6724199446141086, 0.8960997649203519, 0.9763644707334175, 3.88307467477503e-2, 0.4581494023939687, -1.1220848395651775, 1.608994452493843e-2, 0.8189770558974078, 1.0283027498732902, -1.4678875695506812, -2.264874524267785, -2.3466681048334985, -0.4278207960379801, 0.7175913729393284, 1.204872965575809, -0.937535188409794, -0.3890231955025328, -0.6579390090149515, 0.21170805725547537, -0.649683121722436, 0.9285525750994158, 0.9897292763339743, -0.9255072713108492, -1.915757501450669, -0.6636455604417351, -0.6933205021824393, -0.30618074004906537, 0.22606275057166225, 0.7557419950171871, -0.6786784645300922, -5.7401168021928656e-2, 0.7673344573739387, -2.7563514019303805, 1.7394087341596463, 0.797297931435807, 1.0904964202355705, -2.114302286812013, -0.3955587740811679, -0.3864232517178531, 1.2657562471163435, 1.2872171920405429, 0.5682672933076585, -1.981779147744069, -0.5868815574903016, -0.4835316325379304, -0.10319070048546947, 0.5854920330624626, -0.4991000565098169, -1.6004764930920155, -0.4818437879343802, -1.7742555500624406, -6.26912526825788e-2, 0.5970973908056658, 1.0108266270832567, 0.6991897778363488, -1.0458901582474807, -1.1905150330002165, -1.1145325924977258, -7.887728656823444e-2, 0.6611807758595308, 1.1594996923742629, 0.15674737213481352, 0.15183699343682214, -1.055907978962209, -0.14277493945478142, 0.45409956504096266, 1.2387737715527094, 0.6240955445929325, 0.8120698810448536, -1.892356977390248, 0.5630927121831906, 0.701981014857891, 0.7910847370713332, 0.43209743602714595, -0.14279479773864862, 1.1961197377222126, -0.6699372748750443, 0.43581762646329997, -0.2786494753145714, -8.196436322129029e-2, 0.47105949422691346, 0.1616978432508515, 0.7414851399766189, 0.16535646267431695, 0.7032787264702001, 0.844795645611335, 1.0729908581487748, -0.38270229786185644, -0.26382346601219964, -1.1696407681220617, 0.38346034731486944, 0.634668158701207, 1.5563273387254721, -1.0985820705014289, -0.18040738881569604, -1.098215458825958, 0.7722478897999999, -0.2526878601527608, 0.4050661633660098, 0.521691720274457, -0.6463887709297635, -0.6633118795882421, -1.1648823324126134, -0.7259528415737161, 0.24496323927750072, 0.9384649663883541, -1.2711618174909508e-2, 1.012156414484789, -0.41472804621858217, -0.41086966322146995, 0.22525806751128002, 0.7933977489900309, 0.7411069522249623, 0.4378763597815013, 1.4484862745385685e-2, 0.949167222255461, -0.33969386977897104, 1.0092217097579785, 0.7769460091892706, 0.9476415189641051, 0.7299489394902122, -0.7818148346311032, -1.2653558218891416, 0.5999752996693161, 0.1878938683386668, 0.4774487060329112, -0.2799179606962598, -0.306400815888477, -1.7866722705106817, 1.274406507214693, 0.15420081507975406, 1.2085393257260606, -0.17404763290832517, -3.123616942963633e-2, -0.16137935731502104, -2.202997533175357, -1.9152591540466741, 0.9073187831108876, 1.198923322959557, -0.39746958067723187, 1.5154889295105538, -0.43637912668005036, -0.1561365517896235, 7.238918881758725e-2, 1.2389608303047026)
