seed <- 758
log.wt <- 0.0
penalty <- 2.8115950178536287e-8
intervals.send <- c()
intervals.recv <- c(56, 112, 225, 450, 900, 1800, 3600, 7200, 14400, 28800, 57600, 115200, 230400, 460800, 921600, 1843200, 3686400, 7372800, 14745600, 29491200, 58982400)
dev.null <- 358759.0022669336
df.null <- 35567
dev.resid <- 225608.06017313796
df.resid <- 35402
df <- 165
coefs <- c(6.809978221274715, 5.979726908651049, 5.631488552317438, 5.305654876083185, 5.005581682997715, 4.809624839973082, 4.671999244986675, 4.671699342535785, 4.396455243630858, 4.206573959100604, 4.334242874058493, 4.183287742758124, 4.049241611514251, 3.974090260168813, 3.7880579717100407, 3.537595159907952, 3.263088357860106, 2.958186202579474, 2.5732945717959854, 2.1108369051207565, 1.6093320943552456, 0.9053859293856298, 1.1063796072256946, 0.26002909200438823, 0.31868231228982086, -1.0646630278281342, -0.28723653966757445, 0.823741884136477, 1.1551314115115132, -0.8978290926260638, -3.100669494617042, -1.991172891509541, -0.24913701242977523, 0.7015297607684102, 1.395175105557553, -1.6279489818761768, -0.5513241543656303, -1.2608367018826305, -0.286732103626732, -0.46755572873977413, 0.9605808510206557, 0.9967801707959145, -0.5147144338183431, -1.8079799872328997, -0.8089090290951391, -0.9574988483573309, -0.4647909614773638, 0.3011652782882466, 0.4787473717001445, -0.7897544686929934, 0.32776078899344485, 0.5695106583215268, -2.937272962039272, 1.7326386291237141, 0.8393094928153708, 1.0840374846263245, -2.6817244060495296, 9.404258968517781e-2, -0.4389150277550877, 1.1500924903557872, 1.1010101709827853, 0.8701326625615896, -0.7328551581520243, -0.2615443934301984, -0.7989476895687058, 0.19528324575564182, 0.7227749641526019, -0.6858686261267722, -0.7229104658011545, -0.6616187830154989, -2.673375700865506, 0.1339873268432282, 0.9439656850679998, 0.9879174831119379, 0.6948794917696662, -0.9971649169298172, -1.4374440419633103, -1.6247408442754485, -8.330597105764923e-2, 0.6763560981134897, 1.0955776835696789, 0.12313024908809816, 0.2922698784843764, -2.3102411667900657, -0.720543331809348, 0.5476485242550485, 1.1169208937091453, 0.32052683289382167, 0.9256516590226298, -2.5117034511405705, 0.3875740506752429, 0.6740684423368655, 0.8470731273819775, 0.34161053742000674, 8.939013761682452e-2, 1.2773927803867524, -0.3919260829654654, 0.19638358378958667, -0.32207412507820077, -8.345176808344948e-2, 0.5975199110752771, -0.21680255882440544, 0.9928966853466028, -0.11700141519962182, 1.0774343361331746, 0.7933668648048594, 1.1254139350786259, -0.5760279152028862, -1.1655385385941646, -0.9723776588064292, 0.2724270194119941, 0.5149894923159106, 1.6313238043109968, -0.9493366985844293, -0.17236606085078135, -0.8968336797068062, 0.8048734036906446, -0.2491663384770988, 0.29745893273755475, 0.6864649218292779, -0.40301344979291875, -0.4526309748183862, -1.556866615820244, -0.40763818801948415, 0.4789951954597643, 0.9124884214726158, -2.1660290700198583e-3, 0.9591419883775245, -0.958812287571974, -0.35135502894152765, 0.43216397995605127, 1.0033522190031505, 0.8899296163176488, 0.4259489298067008, -0.12883733116634924, 1.0495540727294046, -0.4234295195542515, 1.1080649186441287, 0.7616395892473949, 0.9495922081546676, 0.711373493777398, -0.6327122549218653, -1.046026318990932, 0.9012752456825731, 0.2457091403898636, 0.5640467269274558, -0.22190836218843482, -0.528117153532867, -1.728043161790684, 1.3845880951531027, 0.20161271120859178, 1.1778088906879447, -0.31555927435711834, -0.10671467743864763, -0.11514356756776764, -1.1995412905243268, -0.7456987392207565, 0.9481849215763455, 1.1245220418152038, -0.5328507916615178, 1.575934542515371, -0.12943083549430842, -3.258550403198251e-2, -2.2148512521236677e-2, 1.2007204307517976)
