seed <- 414
log.wt <- 0.0
penalty <- 2.8115950178536287e-8
intervals.send <- c()
intervals.recv <- c(56, 112, 225, 450, 900, 1800, 3600, 7200, 14400, 28800, 57600, 115200, 230400, 460800, 921600, 1843200, 3686400, 7372800, 14745600, 29491200, 58982400)
dev.null <- 358759.0022669336
df.null <- 35567
dev.resid <- 225623.39576104245
df.resid <- 35402
df <- 165
coefs <- c(6.421247829264525, 5.815843446476465, 5.716109557883855, 5.251772233478864, 5.04350113023463, 4.910906193604368, 4.742465026079898, 4.678236409501363, 4.4138230291110885, 4.28393340599124, 4.306724982345482, 4.146972981210481, 3.9770895685761465, 4.001408483174243, 3.7528249128994444, 3.5624165714041878, 3.2703545050814258, 2.9823585756896143, 2.526390097278234, 2.072207637999678, 1.551616013149893, 0.9308259690583861, 1.0609179149102403, 0.5751805707823022, 0.36909347561235095, -1.1589996018177622, -0.20221844009078443, 0.9690057587559233, 1.0248543735494546, -1.1844198816224507, -2.5508705716151, -1.8720706150366748, -0.348482066406062, 0.8270866468603251, 1.4355484263691463, -1.1494064659132146, -9.29017665427181e-2, -1.3081821735365495, 3.4655028822244714e-2, -0.34937506397385837, 0.9232536229773168, 0.8038582454600388, -0.5430892571043595, -1.7528764729893025, -1.0528746226314842, -0.7453421067324713, -0.6608860127551216, 0.3903616877943495, 0.20047138233449002, -0.2647823552702216, -0.1475401588121115, 0.881969197242237, -2.5622009919056503, 1.6894301705950632, 0.808113686111682, 1.0239555704992513, -2.1023395073748308, -0.2162126852163486, -0.2137363506137794, 1.4207427606868601, 1.2274255174577642, 0.7150458520755191, -1.9807311310875286, -1.0602927683456371, -0.7473111112130517, 0.13246855686194134, 0.6127127185657301, -0.42266734454098753, -1.4111099043836013, -0.7479905476425509, -2.0304571788443204, -0.22775333006228857, 0.7905723977353745, 0.8881699676604594, 0.7744376256176245, -0.7303442774148958, -0.9896762790999369, -1.2231074291739035, -3.820858413800948e-2, 0.6499589843419489, 1.128837096665622, 6.299013421903751e-3, 5.684578381363895e-2, -1.8805232234863727, -1.1752016015246887, 0.2921630928329109, 1.2419508277752314, 0.5539472806412022, 0.7377233135066092, -1.5676209653663766, 0.5202062399120294, 0.4476142389738754, 0.857965477230155, 0.41144761814816994, -0.3334211220274712, 1.1395099625544456, -8.840429669551873e-2, 0.4818467473277919, -2.719506320965401e-2, -0.7566302565011492, 0.41386526885240416, -0.4791659730857724, 0.668467842658614, -5.314654456757421e-2, 0.7234177194447897, 0.9042587869674997, 1.0964860325750032, -0.31384280322731284, -0.5798997944487287, -0.9793959124429199, 0.5725750370222507, 0.73348709476107, 1.5327462877835936, -0.5302342259024139, -0.12316258846603331, -0.8825711124043655, 0.8625697426995138, -0.47111489351625846, 0.3992309171525725, 0.43583989794636596, -0.8114528120535327, -0.4688729957610908, -1.2214073708602746, -0.39615118296699503, 0.2984262366343211, 0.8079259858923002, -1.4862112576863326e-2, 0.9645145456816269, -0.6257563621484625, -0.3795083687469, 0.28632689670060835, 0.9150022060537676, 0.73357587419834, 0.3904632880277723, -4.178850859359358e-3, 1.1375066583946947, -0.34218171338820985, 0.9059276438311599, 0.7109817088998686, 0.8694947637106838, 0.7984095866979125, -0.5198971837565497, -1.0053188463554048, 0.6296591789505435, 0.40935853201514866, 0.5571034408019447, -0.22964252566735874, -0.709112675296296, -1.7563102435931275, 1.15172944882851, 0.15255615370386127, 1.197809221977714, -8.18516144756792e-3, 1.47751154970238e-4, -9.153646092512334e-2, -1.9347704420794642, -0.9826369080882893, 0.8554406501020745, 1.1892950213496896, -0.2740097652962674, 1.4668112358962297, -0.5067915763181905, -0.20284523595143916, -0.17001523564618587, 1.1775480016540862)
