seed <- 630
log.wt <- -12.365912029665616
penalty <- 2.8115950178536287e-8
intervals.send <- c()
intervals.recv <- c(56, 112, 225, 450, 900, 1800, 3600, 7200, 14400, 28800, 57600, 115200, 230400, 460800, 921600, 1843200, 3686400, 7372800, 14745600, 29491200, 58982400)
dev.null <- 358759.0022669336
df.null <- 35567
dev.resid <- 226132.9701097395
df.resid <- 35402
df <- 165
coefs <- c(6.774886559619787, 5.544909412648019, 5.739475684034061, 5.29200250823087, 5.033525235867707, 4.758811801957607, 4.860121266207852, 4.619692391785214, 4.415152968948942, 4.246855202280397, 4.328132459239322, 4.176752514737237, 4.043464806120155, 3.9555454570188764, 3.7539575010437387, 3.5352567794959913, 3.249328758258099, 2.9334014283159484, 2.528751141029592, 2.0890757443090755, 1.5058893997578278, 0.8729483782934625, 1.067409980777013, 0.41797801605524953, 0.1506804219216224, -1.125273671891154, -0.14847100374227268, 0.8700644551644094, 1.0115716025132195, -1.467780570324304, -2.182643347489704, -1.934307701152766, -0.3106266507273507, 0.8021049231875418, 1.363363730466468, -1.3275777826353083, -0.1582023629155379, -0.6708995082257605, -9.605526900632713e-2, -0.6221991951785788, 0.8716048568876944, 0.8294532552198278, -0.9792359668506667, -1.8756983808477912, -0.7312514366961248, -0.5254951396160115, -0.9441867274032826, 4.1010737728967565e-2, 0.5275510057554222, -0.7761815084323351, -0.6307081409304324, 1.056989522238012, -2.1295160093564727, 1.5971927834333253, 0.716095851227589, 0.9742987451567102, -1.9090570200776205, -0.20046293829195666, -0.3116291891743286, 1.3889530870559015, 1.2827002443663913, 0.571611620470019, -1.7145128209564653, -1.3369135414048907, -0.7997768664762662, 0.5739511718320922, 0.6220631420721557, -0.3002910037218022, -0.9072895423267046, -0.7176208039309404, -1.9597735789154793, 0.2348357552584317, 0.4737225144277808, 0.951866930292606, 0.7198510557415914, -0.42591127449089794, -1.425529824696069, -1.5974424533449774, 3.2364811382822765e-3, 0.6733795078302565, 1.0509245343480864, -7.3166552925247865e-3, 0.38398834930388165, -1.7194782511888274, -0.28609609078346704, 0.4571328862564011, 1.27013474076309, 0.5674070963688359, 0.8650024447044313, -1.8837491466143146, 0.5847852375568595, 0.8567648482679692, 0.7261098911464998, 0.40049466786182014, -0.7859115184939833, 1.1985669332724442, -0.6302910863802699, 0.29376535291596867, -0.3236029210762876, -5.23945704826865e-2, 0.4864216504581071, -0.1703790818187282, 0.8609062274555647, -0.14718658826386521, 0.27594473487161697, 0.8436127684162735, 1.2154390941197433, -1.2113491542077073, -0.4417599591857606, -0.9318478536455732, 0.4908436662822665, 0.6546179792248231, 1.5150435561592828, -0.784294708178223, -0.23185098713032462, -1.4517989847014097, 0.7242767944295401, -0.2928097007502347, 0.5793221781026833, 0.7976147429819295, -0.49833903533219914, -0.6827894787949127, -0.8607279166393786, -0.8139916014206168, 0.26475593851847207, 0.8885076439227875, -0.10964634598230315, 1.1413489816085467, -0.6290754164694095, -0.4771687004569673, 0.35390908237902863, 1.0881505290361124, 0.8209910544735337, 0.4485529425350669, 0.1288293937025001, 1.0238233838873452, -0.28624216197446656, 0.9977335583298474, 0.6961851723491159, 0.9583942106297022, 0.674455176653644, -0.5761514759716633, -0.9728596620139682, 0.9000555254080085, 0.4175988322956966, 0.43112005634151485, -9.260989797582438e-2, -0.6217036861712147, -1.8778987431158412, 1.306335032520913, 9.595174655407518e-2, 1.25335012559546, -0.12884503450233423, -0.1221353234488056, 1.0928260852260271e-2, -1.8087601387652135, -1.6585555386431963, 1.032942232178169, 1.257029113837398, -0.2997885677345224, 1.5045635563778346, -0.28952748497835823, -7.584721090063576e-2, -0.14825376040093013, 1.1644339693502028)
