seed <- 226
log.wt <- -13.795875034568269
penalty <- 2.8115950178536287e-8
intervals.send <- c()
intervals.recv <- c(56, 112, 225, 450, 900, 1800, 3600, 7200, 14400, 28800, 57600, 115200, 230400, 460800, 921600, 1843200, 3686400, 7372800, 14745600, 29491200, 58982400)
dev.null <- 358759.0022669336
df.null <- 35567
dev.resid <- 225845.3799190247
df.resid <- 35402
df <- 165
coefs <- c(6.476265136478056, 5.914804060401175, 5.86414848588406, 5.430282637254708, 5.011609151262642, 4.783368169426707, 4.807910687553536, 4.6813018439426335, 4.40615851243315, 4.300254485186897, 4.3048431473685405, 4.168903044917885, 3.9907635896083997, 3.985899580262549, 3.7589298791190098, 3.5378832200718207, 3.2720656959456513, 2.976957802421392, 2.5303016051363594, 2.081227543568504, 1.7130185328776568, 0.9061345940059282, 0.936969837957021, 0.33419482885126073, -7.254734712640476e-2, -1.204277854011585, -0.13700715527233823, 0.830821137270788, 1.0621464704591643, -1.596916125868805, -2.014360105330962, -2.541540665922579, -0.7174728967765153, 0.701308420590922, 1.2419526786327162, -1.1918521510672142, -1.2891943534837116, -0.6520564021917162, 0.1990714751033415, -0.8699462032620916, 0.9280538504127636, 0.6843007571400317, -0.7238895420353219, -2.3712170778896655, -0.8036729531443311, -0.996513523450305, -0.475514875497706, 0.10443372870839043, 0.13112536405742525, -0.5925842775313531, -0.6920836996999473, 0.9590200192674643, -2.7495260261940797, 1.6934143060762965, 0.8015771697515465, 1.1745752142985433, -1.92607398327342, -5.5016543237316404e-2, -1.0431183020261698, 1.413271729320445, 1.3303105602597165, 0.813938477307629, -1.2501126594271805, -1.1644407000408659, -0.591671999673655, 5.2246385826400975e-2, 0.6648412608825955, -0.5632467490045989, -1.0041252252720265, -0.6192168780458591, -1.45446398287743, -0.3427803982617507, 0.5218376085012404, 0.9074409714603775, 0.574290994408553, -1.1772617620119157, -1.337195655772335, -0.8990551239648514, -6.504860422898112e-2, 0.7200964739444735, 1.1491038975573096, 0.10498432422170545, 3.549387101851082e-2, -1.6819044405722923, 0.19151123508006487, 0.5319088531318839, 1.2130616834310943, 0.7595482895819672, 0.8551947351785071, -2.083960873036865, 0.28929224664105496, 0.8000259766040687, 0.7516019514631911, 0.4611626880319552, 0.4679741629284723, 1.4117782736896758, -0.30481811255109614, 0.13773663882770276, -5.328539225148157e-2, -0.14771031544372143, 0.41550937438219526, -0.27594711512678594, 0.7894485685968521, 0.14591461431892175, 0.6106941898924009, 0.8506648238589278, 1.0121077218165044, -0.16143120931434754, -0.9371575769680517, -1.2538797324144104, 0.37597049513018455, 0.6404330080824382, 1.6324822488246, -0.5964093661414729, -0.2644200261260862, -0.7236437144602714, 0.7376083384036701, -0.2507126296417185, 0.34596537942353206, 0.6347377375648631, -0.3891042604125898, -0.5615833035801717, -1.4069704455763337, -0.3898875526031809, 0.36807843581176536, 0.9092486365674277, -5.375254773720886e-2, 1.0919693881837338, -0.7494980888438535, -0.29709389915422363, 0.2624772167601032, 0.8361270658408908, 0.9642583202264037, 0.45596992507516937, 3.0082227726649764e-2, 0.9735660781434895, -0.39528985360291047, 1.0708782502027767, 0.6777893024652625, 1.0467436568298427, 0.7889922767957592, -0.7365678595935948, -1.0117430637088556, 0.6128125207686835, 0.620261003049179, 0.5398569032020976, -2.0890440779571372e-2, -0.3131567519926881, -1.7939070994455273, 1.3039094858705522, 2.575145981298944e-2, 1.2881957981976422, -5.95024317047744e-3, -6.913351758653923e-2, -0.3181006444266463, -1.9693876855286176, -0.7664824406321732, 0.8775298007243669, 1.1678729172070208, -0.10098524699164438, 1.606125519619576, -0.2617092175447647, -0.1272291826917832, -6.787291510003474e-2, 1.168792736368305)
