seed <- 186
log.wt <- -15.699639471106197
penalty <- 2.8115950178536287e-8
intervals.send <- c()
intervals.recv <- c(56, 112, 225, 450, 900, 1800, 3600, 7200, 14400, 28800, 57600, 115200, 230400, 460800, 921600, 1843200, 3686400, 7372800, 14745600, 29491200, 58982400)
dev.null <- 358759.0022669336
df.null <- 35567
dev.resid <- 225230.33192759557
df.resid <- 35402
df <- 165
coefs <- c(6.576460937592678, 5.899993007210917, 5.811687428517227, 5.3583960226515455, 5.05600032089835, 4.882297815524329, 4.77479738721542, 4.670040679643235, 4.3674632327793965, 4.275152638647514, 4.302626410657204, 4.198936171507094, 4.000472156835506, 3.993027395987866, 3.779597823898165, 3.54327091580101, 3.2694960194338023, 2.9854491734335427, 2.499351149659894, 2.09425591790375, 1.6494637476157206, 0.9085597861099456, 0.9971870919554833, 0.710990174387465, 0.7849218228362752, -1.5008384554899667, -0.28144777374700314, 0.89814648059375, 1.0567719901504427, -1.1990761623246162, -2.2972825795840666, -2.7580861074865886, -0.7142347246127654, 0.7488456110215029, 1.3671831193177495, -1.3494973190045751, -0.48900520386814594, -1.0256280943135034, 0.28772395351023305, -0.8520143874679184, 0.9525480667262336, 0.87079934535176, -0.7279103988954579, -1.529431758821948, -0.8049889564182482, -0.9015720599775243, -0.3588085716102217, -8.699920042522312e-2, 0.1350605157294204, -0.38200215917365493, -0.36464835933686696, 0.9686618854340111, -2.5432377603869427, 1.6993060551207768, 0.7636574879270455, 1.1046621880234155, -1.709328626267632, -0.1473416350040732, -0.5295292752808354, 1.0746465119418296, 1.175725693620269, 0.7923007469502636, -2.2065827564881824, -0.3919749696207636, -0.6748062997388027, 0.27476936738271796, 0.5673578325371457, -0.5394143698118793, -1.4679141190831178, -0.6916615187180977, -1.8577357390179527, 5.6937742948554845e-2, 0.7445804999836606, 1.0600262273557859, 0.781804561687261, -0.7473207223254631, -1.2171296944735812, -1.147159327850737, -9.070380341315111e-2, 0.6459764686827194, 1.213615639472829, 0.1545774022541945, 0.15465891339071425, -1.8146607430921255, -1.1138429746933218, 0.2896410851196433, 1.2515608860326404, 7.455328134591147e-2, 0.8598531573804221, -1.9433527342821604, 0.5377387167227268, 0.7571389223403184, 0.8476697421028903, 0.38700778003629016, -0.34904742140060874, 1.5768477819095341, -0.870799453935295, 0.41662884825795027, -0.11356031099106793, -4.836872287625389e-2, 0.45596610941041366, -0.13308702519702403, 0.7123035696277308, -6.169490336364302e-2, 0.8527095787415986, 0.8588024331555179, 1.1112065100112278, -0.5774624566087274, -0.3305316963368319, -1.319987414694798, 0.4562183924629642, 0.5976572621054754, 1.5769724725273182, -0.9583396759052356, -0.2092995416400068, -0.9286058092417133, 0.7583605931524499, -0.32043249030313203, 0.5221472379555657, 0.5410723171363007, -0.11971107398804935, -0.47422961894343363, -1.0651302082850882, -0.5300568689453025, 0.2559447282253883, 0.8451498569752048, -2.4319189271213796e-2, 1.0822253484947066, -0.5436934169594015, -0.30045885232063724, 0.36922321996839375, 0.9301337324286558, 1.0435206893059394, 0.6096850721398792, 0.19886290058768036, 1.0363142200585287, -0.4364803312297347, 1.0083031620595961, 0.7374615066926532, 0.9802272615553242, 0.7025134478228187, -0.5970156009919392, -1.5247225325726914, 0.803940190237136, 0.42840070301056865, 0.6259888277694542, -0.1664790914379107, -0.5162831596322951, -1.8059019326116694, 1.2502184270318133, 0.1304809378776654, 1.238852662327709, -0.2630980064936181, -9.931085526247681e-2, 9.823744728318923e-2, -1.8659487318588246, -1.3883195216645012, 0.9084149350223772, 1.2216778060053084, -0.4893142986696712, 1.5194994940203783, -0.5675312883623234, -9.948453858100072e-2, 8.150097301529683e-3, 1.1283888485420492)
