seed <- 638
log.wt <- -15.62700807798862
penalty <- 2.8115950178536287e-8
intervals.send <- c()
intervals.recv <- c(56, 112, 225, 450, 900, 1800, 3600, 7200, 14400, 28800, 57600, 115200, 230400, 460800, 921600, 1843200, 3686400, 7372800, 14745600, 29491200, 58982400)
dev.null <- 358759.0022669336
df.null <- 35567
dev.resid <- 225333.19257740478
df.resid <- 35402
df <- 165
coefs <- c(6.4332220350398055, 5.9024700601576, 5.7023236207802475, 5.405463922358752, 5.162410220541968, 4.859258638945936, 4.776245481001477, 4.673628844603688, 4.425794603849087, 4.303504149601226, 4.338628675891856, 4.209371476482973, 4.038470278933004, 3.9654758596536452, 3.786161042972145, 3.5584774028051784, 3.254884794947182, 2.9833070591059854, 2.4882537801501803, 2.0447859234934445, 1.6213676995771662, 0.8631683857974318, 0.9898346255689124, 0.3800542504735209, 9.444809111651395e-2, -1.5317368647224838, -0.26659885986214654, 1.0939353753389016, 1.0214313843107306, -0.8566371795934804, -2.361089826936827, -2.039709838680797, -0.39692016253938917, 0.6991617773480098, 1.303402331286264, -1.056992239529982, -7.329876728880137e-2, -0.7405436538528006, -0.15017748761373562, -0.9522062503260945, 0.8368430331998228, 0.731792945438482, -0.7829769221659398, -2.1592096896148734, -0.9603211813971799, -0.9699250689144069, -1.3807742085438657, -1.0300743616253445e-2, 0.5113425566102026, -0.5559365539677156, -0.15148178208741572, 1.183053204394186, -2.272332021474729, 1.5927805197179108, 0.8260800444447839, 0.9702733596813156, -1.6608398654699157, -4.522395002073593e-2, -0.39423999962855094, 1.7682186652757657, 0.8702661755759169, 0.8013798408587797, -1.5603787222148444, -1.694460594831652, -0.6655716983928328, 0.1648318576328539, 0.608375246361535, -1.2672714574658989e-2, -1.4283594109859667, -0.6960636619160201, -1.5873769192943052, -0.723028915970107, 0.5435580228138963, 1.0353389627685816, 0.787229065320627, -0.6074134996755212, -1.523243701662908, -0.9474807052857972, 6.930371733417987e-2, 0.5915855908483311, 1.1482238556132696, 0.1471312413925394, 0.3649008337799271, -1.548054257042995, -0.8851139451268012, 0.40556576909330955, 1.2841517096594846, 0.45198535677965407, 0.854091830182353, -1.9208472127942493, 0.44475793533076075, 0.8241309416764014, 0.7949375241425731, 0.44734065803378364, -0.2563405465277932, 1.4536402598835418, -0.3154582946696977, 0.2641785170959268, 9.646157379040296e-2, -0.27740914757913016, 0.3156506710895358, -0.4233366049416427, 0.6983182483294257, 0.11006266660834044, 0.7680008212815863, 0.8047282753160233, 1.0877312925227702, -1.0052078103174351, -0.5215239467726777, -1.0749977298196296, 0.4132454840025682, 0.731565140283559, 1.5887720036493265, -0.9711542980173675, -0.21767990760654793, -1.1509087467718269, 0.7431699241247093, -0.1441440362905145, 0.6174171546638418, 0.8848292122571279, -0.7958554830479809, -0.4061203613554608, -1.3095712153603192, -0.6559983283139692, 0.3346460662501728, 0.8361893807453528, 2.8510658819797606e-2, 0.8304795634939405, -0.623791202997066, -0.36133953518587186, 0.38844083066533347, 1.0711640420738076, 0.8019833233763286, 0.39687853059254713, -0.12084268396591094, 1.2050272347378668, -0.31445171128228805, 1.0352260010036973, 0.7381521653967679, 0.9247012496864032, 0.6880187971279282, -0.62414185115911, -1.0911395704883642, 0.608490258457283, 0.5840169716366108, 0.592223713348061, -0.20783910851316714, -0.3655741522402126, -1.686361610560705, 1.254066391501464, 0.15141555562143352, 1.1195928491451372, -0.2685155494215222, -0.1206922344012381, -4.185582400411495e-2, -1.8228127219442494, -0.8143647042235111, 0.8137698299608913, 1.1858020268444873, -0.11250433856756088, 1.5105257546913062, -0.4954310954072762, -0.20316691492931757, -8.32523149775777e-3, 1.1963964505209363)
