seed <- 679
log.wt <- 0.0
penalty <- 2.8115950178536287e-8
intervals.send <- c()
intervals.recv <- c(56, 112, 225, 450, 900, 1800, 3600, 7200, 14400, 28800, 57600, 115200, 230400, 460800, 921600, 1843200, 3686400, 7372800, 14745600, 29491200, 58982400)
dev.null <- 358759.0022669336
df.null <- 35567
dev.resid <- 225229.32611695613
df.resid <- 35402
df <- 165
coefs <- c(6.591241341850523, 5.817285236779666, 5.542142586584075, 5.368484154855746, 5.132966087209191, 4.8657825055990935, 4.788604097606793, 4.628954085420179, 4.4064938347734195, 4.207936448826779, 4.3410706503027905, 4.199351507048558, 4.022413330712983, 4.0014102363171675, 3.7459558413410288, 3.562027300023811, 3.2587858934211607, 2.9502347123991726, 2.4998157261629537, 2.1471025431999244, 1.5692092560316624, 0.8993861133473688, 1.1297109488153276, 0.35017037870952195, 0.945750852989911, -0.7873563243012048, -0.23462492948076388, 0.8741415249006932, 1.1031419766791786, -0.6481930595224608, -2.3111740859583394, -1.960061624758067, -0.31311687799160853, 0.7517050220124295, 1.3931616946445575, -1.3136559518200925, -1.1019401789732461, -0.8200767495842627, 2.9611101248135128e-2, -0.2572184234758333, 0.9321280151715415, 1.2126435795040613, -0.6055168709796227, -2.4064247536379253, -0.729817404473553, -1.0057863602132728, -8.04252509049433e-2, 0.2836927619148422, 0.3683611264817578, -0.8500149908227576, -0.3095695637713276, 0.9643778063864618, -2.8340900806282705, 1.7222852112791058, 0.8399460493618052, 1.05429240009144, -2.445562519138571, 0.1266419192012758, -1.334184110867074, 1.6012310912674526, 1.4766325027649143, 0.6568876583890065, -2.2452434814700077, -1.1907311875814235, -0.4191073087906209, 0.1317912402802809, 0.6625918240273593, -0.3412977169409236, -1.274614881626706, -0.7183079110730846, -2.217823175701227, -0.136862375000794, 0.7579522150227931, 1.004271873964088, 0.836033843433201, -1.0476116649973795, -1.1582809389573174, -1.1693738933184914, -0.14747857618521912, 0.8027429932554999, 1.2448015192386908, 0.17875389179563078, 0.18054764638210136, -2.053387997413185, -0.9505417178014839, 0.41911707374162605, 1.394946148616719, 0.5419595907756919, 0.8955910646748, -2.555518021819088, 0.3802548568478651, 0.8242810978946248, 0.822995867664399, 0.2740405326063037, -8.580571059103217e-2, 1.0596349184474838, -6.438378509228551e-2, 0.16463061656672134, 0.22099366557987069, -6.0030123557195544e-2, 0.45601765744299033, -1.1038788951046956, 0.7518192350504248, -0.22430076005965513, 0.6681302252016365, 0.8349505556127564, 1.1458809672646608, 0.46734227858454963, -0.848558095024237, -0.9569507995740367, 0.4981463143284536, 0.5213507624674978, 1.6065255257154445, -0.3843828265958205, -0.19342908495509156, -1.191542933327287, 0.8085321813659325, -0.27026580426474317, 0.4490064413118182, 0.556551479607668, -0.7555602942256665, -0.5285449231865469, -1.4055094454870065, -0.4828695970912155, 0.30052127492750713, 0.9536254854009107, -5.904343298814872e-2, 1.0254572665915784, -0.6087856162734898, -0.3890326536377184, 0.31731664578912766, 0.7441381080967506, 0.8601749075206973, 0.3487983320291752, 0.10845202662990482, 1.0101458177865177, -0.3199436398529366, 1.0412848447968344, 0.6888625652169486, 0.9886388020903747, 0.8587941857364436, -0.682959492015519, -1.0413132500816735, 0.5469066290266358, 0.4415091184727539, 0.5264561322409869, -0.15735251409556233, -0.42829135350436653, -2.104693652673383, 1.30502503141669, 0.15521325533557773, 1.30365346264219, -0.2666502420771827, 8.741866284434353e-4, 0.1439271539382599, -2.1057613214208506, -1.1293966521359184, 0.822782100537219, 1.2641168344682714, -0.4452231521094249, 1.542190106290977, -0.5053086963174162, -0.16204573477353107, 0.1245617661580584, 1.2352935623738852)
