seed <- 611
log.wt <- -14.107112847290217
penalty <- 2.8115950178536287e-8
intervals.send <- c()
intervals.recv <- c(56, 112, 225, 450, 900, 1800, 3600, 7200, 14400, 28800, 57600, 115200, 230400, 460800, 921600, 1843200, 3686400, 7372800, 14745600, 29491200, 58982400)
dev.null <- 358759.0022669336
df.null <- 35567
dev.resid <- 226369.63466223385
df.resid <- 35402
df <- 165
coefs <- c(6.734244395407865, 5.885422044251468, 5.634728078076705, 5.328300485143069, 5.112870080109118, 4.8158787381747015, 4.716740089192636, 4.684121487788817, 4.369700727579842, 4.264127901468257, 4.2258555042520785, 4.121783386261361, 4.01771733835363, 3.968294518858026, 3.779623195315323, 3.547477709025925, 3.22944424558887, 2.9562773801463815, 2.5158974986900087, 2.1152208476817536, 1.5349702675345755, 0.8913154283825537, 1.0033748674483216, 0.3189315590335533, 0.1490376256096484, -1.0415038567364225, -0.435926561137073, 0.991624879644439, 1.064478959758905, -1.4764290452317301, -2.0239239944277885, -1.795152631763912, -0.44902521123209876, 0.7646006278968314, 1.2300610797648248, -1.134795064753851, -0.7263669306260809, -0.4260222117433651, 0.15691770816006018, -0.37382777133776546, 0.8393062048876161, 0.9534997687539337, -0.9793201864673149, -1.8781130893413802, -0.7143088419413332, -0.5707511821269243, 2.2045430798293134e-2, 0.10909488806359097, -0.2841716691554552, -1.3766752026520617, -0.49557527589836625, 1.1012343715215727, -2.4960810546560275, 1.6737602290653073, 0.7786319887919397, 1.2401631643710973, -1.8641391390394635, -0.3713520512503612, -0.6396232258231838, 1.266567853247511, 1.1556813746845922, 0.7905314480884938, -1.710923316436926, -4.2818941964993584e-2, -0.283738252790101, 0.35990520118820607, 0.6926193459514992, -0.5562940155723477, -2.161808827050445, -0.618755161568881, -2.3618818065650133, -0.1206695286289963, 0.4939542379770297, 0.9211320583728662, 0.8014788449845454, -1.39653932543361, -1.45167146449, -1.1899898494838828, -1.7633931737313282e-3, 0.730573125903599, 1.1581747426181235, 0.18960392888609412, 0.15183913307865, -1.438258958420841, 0.15510610028513755, 0.2739453102904318, 1.2954820363622328, 0.3860194917849948, 0.8674405045754712, -2.2338248244580186, 0.37988398673278956, 0.6453492166311658, 0.7616112839084231, 0.3505636587634592, -0.26193226196487956, 1.303774130806528, 0.20961455146346997, 0.2876748482511581, -0.10248205267848842, -0.9283532538492095, 0.43710066756406424, -0.18992321552463634, 0.8271741559075934, -0.4139063901003355, 0.8850069952411159, 0.7937019348043695, 1.1390163510382816, -5.7941481545619046e-2, -0.7670357160862008, -0.9548052745098042, 0.5045239281341375, 0.6262451190534789, 1.5503013976439726, -0.7267019441280942, -0.29176210356038434, -1.1728151994731457, 0.7648309497091806, -0.2303440878268349, 0.5070871176309966, 0.5308359054299698, -0.6238705355414615, -0.40858660782092876, -1.074580870589731, -0.47894210731784004, 0.29665150646875854, 0.8731486307657017, -0.1319625225302022, 1.0118964397158228, -0.35185393519833824, -0.3842330657903933, 0.2585948339002901, 0.8755072124865859, 0.9648257771990293, 0.5588453869797273, 3.054460229373864e-2, 1.0580552465957431, -0.4377615024981433, 1.05307293287722, 0.7463465314878934, 0.9745597059177725, 0.8398956959901117, -0.7303606954885696, -1.108782565899006, 0.49457203270283734, 0.48516327088981753, 0.5001615011035883, -0.21606494666017723, -0.6047582277869831, -1.9232054880860623, 1.275820339105242, 0.10927453911104991, 1.1946297844376825, -9.425177091610618e-2, -8.398933468120505e-2, 6.020104659242987e-2, -2.1476185484212786, -1.2119380866995342, 0.8753026003763592, 1.2466059034661017, -0.33793948090983245, 1.5371785216217142, -0.37233822292939045, -0.10519834782334352, 1.9109889274083497e-2, 1.225868057910788)
