seed <- 666
log.wt <- -9.480734469905332
penalty <- 2.8115950178536287e-8
intervals.send <- c()
intervals.recv <- c(56, 112, 225, 450, 900, 1800, 3600, 7200, 14400, 28800, 57600, 115200, 230400, 460800, 921600, 1843200, 3686400, 7372800, 14745600, 29491200, 58982400)
dev.null <- 358759.0022669336
df.null <- 35567
dev.resid <- 225377.2534907985
df.resid <- 35402
df <- 165
coefs <- c(6.543469506014457, 6.15396704268021, 5.6893326183616395, 5.33151215451421, 5.122788445754523, 4.814967972752701, 4.7169323210534, 4.668865884049028, 4.343750597323566, 4.270127415915218, 4.313681495515857, 4.180129400644217, 4.0086084914024385, 3.947166862304753, 3.7308152235108634, 3.5044683085040687, 3.2681720481491268, 2.9669393357816007, 2.511426993769484, 2.061820967239616, 1.6006928497146182, 0.9273169420600053, 1.1306024732502522, 0.40578966302175096, 0.8011360665555293, -1.0889232239809, -0.3557703982082118, 0.7834894923700182, 1.0869988618946382, -1.2483716357083974, -2.8652596073917556, -2.031423874342816, -0.3318758256369472, 0.7490488562302059, 1.1990332307228855, -0.6610696778481189, -0.7954734492870371, -1.3947687012817636, 0.3310774203304328, -1.0416432829630982, 1.0101247225563366, 0.6729191217477004, -0.6346333337210784, -1.9505031483351667, -1.2242596206437915, -0.8442355263846563, -0.8277232546822714, 0.16931858250705611, 0.9501356503688949, -0.6192004296158186, -0.36184971558369877, 1.0283125595564409, -2.67129645894958, 1.5645400732425438, 0.8733094495652398, 1.0628301237027877, -2.2920348994876667, -0.1646970323185127, -0.34218430528916544, 0.9895342875650147, 1.2767625372398392, 0.7683425102292087, -1.9246802523216577, -0.5384439214465441, -0.796096023425391, 8.515376514299072e-2, 0.5736574757363302, -0.5068739384301504, -1.077964408643948, -0.7050091885772066, -1.8779698817047048, -0.18621728561103562, 0.6261472791916727, 1.0326806922648395, 0.6435232553543997, -0.9113382810063156, -1.1386348973770224, -0.8323858347559496, -3.96546705925301e-2, 0.648098145662312, 1.197870610920114, 0.23025144106257428, 8.470323357891577e-2, -1.4060995180491316, -0.9227586223277212, 0.39624837024003273, 1.284560400093077, 0.6213854416561366, 0.8843679732015063, -2.1331418115581275, 0.527418838133505, 0.6256769061811271, 0.8618879078693544, 0.44839818193179837, 6.829681816758652e-2, 1.1711971597694886, -0.34349966058501685, 8.387603346444006e-2, -0.10014083126977703, -0.539242062867916, 0.378060079177382, -0.37637789245736875, 0.9274427304505387, 2.38774745121484e-2, 0.7693776318576057, 0.8467673892880585, 1.1136022347710628, -0.5141339267258774, -0.6699365635246993, -0.7427334291936424, 0.48462977862451206, 0.4451819936691364, 1.6304192408146236, -0.5935620297906353, -0.14375389565591118, -0.7873080023154724, 0.876794297713667, -0.19879950605779634, 0.6206641158231256, 0.5643203019731805, -0.5709658281071486, -0.38923929005762026, -1.2030621546789722, -0.4489344470995961, 0.15418585319239514, 0.8587190481555456, 1.9105962369228353e-2, 0.9502866287218475, -0.5657172000210658, -0.4985129014198927, 0.12764781820988627, 0.7863618870523253, 0.7709936706897038, 0.5240363674107476, 0.16459993578381704, 1.1317014457620678, -0.42872080989544986, 0.9980825020344732, 0.7335389906077998, 0.9431388369554227, 0.7468343277829324, -0.6106435290652457, -1.126357092065394, 0.599575704512717, 0.5265159971738962, 0.5993335239262833, -0.23668643981613544, -0.2566153224476602, -1.7386624890970295, 1.1830769352867798, 0.1805765840539059, 1.1559606430141829, -0.23346059760075155, -0.17988512674922216, -0.17031539078212743, -1.9185771781673742, -1.6490570773879172, 0.8303475765942415, 1.2737990016921843, -0.27385361518265894, 1.6292539479073849, -0.17865224133968757, -0.15174852355522367, -0.1337597953261224, 1.272547775890391)
