seed <- 427
log.wt <- 0.0
penalty <- 2.8115950178536287e-8
intervals.send <- c()
intervals.recv <- c(56, 112, 225, 450, 900, 1800, 3600, 7200, 14400, 28800, 57600, 115200, 230400, 460800, 921600, 1843200, 3686400, 7372800, 14745600, 29491200, 58982400)
dev.null <- 358759.0022669336
df.null <- 35567
dev.resid <- 225940.93362693614
df.resid <- 35402
df <- 165
coefs <- c(6.669372821105779, 5.718204499900573, 5.59092030193238, 5.296331619891592, 5.043734987886187, 4.885831220375913, 4.6740938619927705, 4.643195174276097, 4.335787654464432, 4.2588565553220885, 4.276324509258984, 4.165612881813553, 4.013374227704941, 3.933381339212808, 3.776799912188624, 3.5562058336849645, 3.2503198416371415, 2.9091060529691357, 2.4714613396603586, 2.0736689573720546, 1.675215855456943, 0.8912204916552162, 1.113372216046148, 0.38164713660223143, 0.4071814508246006, -0.8051736964211511, -0.35792968129212555, 0.8725113777177143, 1.122391912564778, -1.1761939338967409, -2.998694604396508, -1.7611246390518898, -0.37534572542012395, 0.7698642211628571, 1.3913020847269089, -1.5860649446248982, -0.11511161057653316, -1.5405548165597678, -6.997353080954412e-2, -0.4368802561561395, 1.067725757293491, 0.715125703951753, -0.5086472082430932, -2.0988509659539973, -1.012417669908389, -0.7310749634609071, 7.658531541820776e-2, 0.4579671755535302, 6.904663190761313e-2, -0.9188410173309588, 0.525514531878767, 1.019076806616636, -3.1245345301950955, 1.767484367568121, 0.8804048612897946, 0.9823613512878391, -2.564706446297245, -0.23976713214206652, -0.24422339491695577, 1.4099372954370553, 1.102022179401628, 0.7904582735684025, -2.362736602320431, -0.9689740724356022, -0.641910810253104, 0.10732266772291722, 0.46104143478840537, -0.7075284446486261, -1.1617804510650582, -0.4820849508483277, -3.1648622677828606, 0.3209847926219093, 0.5324435575710847, 0.9288558011138845, 0.6721321187909918, -0.7495356647765767, -1.0749174055218467, -0.842478411968872, -6.381163717900593e-2, 0.5330940760540908, 1.240216621453643, 0.1200247911239953, 0.13804897981519193, -2.0453041158261267, -0.7321989531795613, 0.3345658225751975, 1.2720120376040736, 0.4988657526336171, 0.9607842642563204, -2.168338873222742, 0.4957354527254625, 0.792499929425593, 0.8324562496390671, 0.44905823321377347, -5.379258951537726e-2, 1.2421275075309428, -0.6703806936706094, 0.45694310268517946, 2.7928462551256705e-3, -9.844859535523573e-2, 0.3023245555889991, -0.6442652533070229, 0.9353896306928378, 0.3785814927461861, 1.1299099151337932, 0.8476084333018353, 1.1681818882507575, -0.5475557223668472, -8.418616632857669e-2, -0.7858299949192685, 0.485844581911386, 0.6988489930889078, 1.6858655633980832, -0.7857256229215056, -0.2080965770644631, -1.2445466432209682, 0.7070294178158546, -0.3232754723821367, 0.6308721651397005, 0.7141012877897756, -0.2889692460916164, -0.45962693910731, -1.3875801120744256, -0.6933204475187442, 0.3055554473373045, 0.930695575206689, -1.9944754509123737e-3, 0.9703875268053256, -0.5911766903930586, -0.49992773532712304, 0.28635184478039566, 0.8459731800991239, 0.9352133852005656, 0.41612201411712196, 7.91983752009893e-2, 1.0633147588231027, -0.29208608934509817, 1.0159052311048258, 0.8153860959742016, 0.9417679441598337, 0.8013143545705698, -0.759412427014888, -1.3831906552597577, 0.6626230220573692, 0.3711300909757552, 0.5799499845299138, -0.13225510964756373, -0.710782956937012, -1.921353811124803, 1.2583184329997164, 0.32259609754243584, 1.1244844541686514, -0.2048900949781588, -4.223348928234512e-2, 4.135441329775603e-2, -1.8564366148740872, -1.526190626034353, 1.0031314657486845, 1.2729805445026012, -0.49467569570067477, 1.6101551460009904, -0.17784988323716627, -0.12930907067915173, 8.887391822795888e-2, 1.1993905194491399)
