seed <- 755
log.wt <- -14.440614466899596
penalty <- 2.8115950178536287e-8
intervals.send <- c()
intervals.recv <- c(56, 112, 225, 450, 900, 1800, 3600, 7200, 14400, 28800, 57600, 115200, 230400, 460800, 921600, 1843200, 3686400, 7372800, 14745600, 29491200, 58982400)
dev.null <- 358759.0022669336
df.null <- 35567
dev.resid <- 225935.07590706588
df.resid <- 35402
df <- 165
coefs <- c(6.701925511400141, 5.93937159238573, 5.771869959071853, 5.301886324630918, 5.105661716435659, 4.881948439844562, 4.732285540547114, 4.594438319679452, 4.375579486204933, 4.312122178321436, 4.349152480171936, 4.170599076361273, 4.001534037081486, 3.957910207891253, 3.741552814816445, 3.551108079987495, 3.251476410082389, 2.9177138646088183, 2.475721729896419, 2.0448389073053153, 1.5634653223727721, 0.86306097111437, 0.968607002512426, 0.3468036532530106, 0.11703130265650757, -1.3098141338059566, -0.4031867924797356, 0.9297396254474878, 1.0538532648655292, -1.7369694102052808, -2.842941227974253, -1.7585233738250827, -0.39992314378661936, 0.697629046131348, 1.276867903475919, -0.5821984156269772, -0.7208753469459822, -0.9268115514545773, -4.5053255109181185e-2, -0.37970238144394775, 0.8946144585179, 0.9048035485299282, -0.7495296625991135, -2.0134618441114265, -0.9398453594729866, -0.5547959757767758, -0.5225029616615179, 0.37309421744211874, 0.29915575603222677, -0.6656951135570741, 0.23148463649884396, 1.0151275595120945, -2.456471645703775, 1.8082936856585858, 0.8281880681236687, 1.1175554662609122, -1.6394747837977712, -0.29098179254012013, -0.5422106155457918, 0.9865977312112935, 1.1798734668185529, 0.599061843975109, -1.7841489988142176, -1.4851427334917506, -0.6791137063104974, 0.3897044504171952, 0.6961556222232538, -0.7074999760393589, -1.5734885011059991, -0.5746783421402208, -1.7198517572888328, -0.9310770354368737, 0.6225445264339295, 0.9931274167833088, 0.7332506358963226, -0.7837523347358663, -1.3397858358095178, -1.2683613266773328, 0.2201409421071, 0.7184922673606086, 1.1053255904262538, 0.1544103823836099, 0.3640211516807107, -1.5403601639493705, -1.333501286906431, 0.4777462755291034, 1.1319470725678453, 0.1706189437360479, 0.8463470113565473, -2.059081327421681, 0.5143583086340957, 0.7284774058491232, 0.8660782010519051, 0.4146816338535706, -0.2539170947386289, 1.3680668634156208, 0.18762984090909918, -0.30375770003653385, -0.16423214889992901, -0.13879358067467676, 0.45571584041118324, -0.2868713827937382, 0.7650398362232492, -0.3796245906587539, 0.6575619305925352, 0.8107375060095648, 1.1370418687803818, -0.6171008111046214, -0.3627446119735647, -0.4421103693502755, 0.37531961921755647, 0.6424412220750914, 1.5811949282724422, -0.5645205358871543, -0.2729307838567874, -0.9726511746201366, 0.8046388173588698, -0.3205025382662292, 0.5856783060613763, 0.6836688779858614, -5.565958239350771e-2, -0.17571345202647815, -0.9646569750611943, -0.3812234153471504, 0.29038659688688634, 0.8695779017988271, -1.2414035714604936e-2, 0.9884941761364499, -0.6053083633940397, -0.5005468420711779, 0.2552492899504624, 0.9875305104327715, 1.0301198506636402, 0.4585444018259187, -6.314173065043917e-2, 1.1455507665195748, -0.35408593590054604, 1.0474763150597126, 0.7688717809530639, 1.0055388473245594, 0.8195070207996563, -0.6947996602625571, -1.4711362424678578, 0.5381530349596186, 0.25712608181125324, 0.48529322913728357, -0.23405490098096146, -0.4521421131945329, -1.872018894462078, 1.2032004167571222, 0.17251906747317614, 1.3010040301726369, -0.2676396207303814, -4.214388435574864e-3, -7.78468507585366e-2, -1.6131784625824779, -1.2206999971057402, 0.8101291529801528, 1.186472837815028, -0.28272155840237573, 1.5793639178757708, -0.3072523352362566, -8.745791559297425e-2, -2.7801233849498078e-2, 1.1725682120585832)
