seed <- 282
log.wt <- -13.1695856569584
penalty <- 2.8115950178536287e-8
intervals.send <- c()
intervals.recv <- c(56, 112, 225, 450, 900, 1800, 3600, 7200, 14400, 28800, 57600, 115200, 230400, 460800, 921600, 1843200, 3686400, 7372800, 14745600, 29491200, 58982400)
dev.null <- 358759.0022669336
df.null <- 35567
dev.resid <- 226476.15684161463
df.resid <- 35402
df <- 165
coefs <- c(6.639944758229507, 5.718897221142503, 5.740809056290248, 5.339479047226963, 5.023663230792049, 4.965287832339272, 4.76003844903555, 4.608604885057671, 4.370068782780907, 4.293225674861597, 4.276349983275799, 4.163741579133444, 4.025747174704681, 3.9519922689377354, 3.7272788847293494, 3.536695459250429, 3.234343155665026, 2.954589301898935, 2.5044236277070846, 2.0305914988692932, 1.5846239054415188, 0.8821370953303503, 1.0125202218857452, 0.3363881827291793, 0.47092100617627203, -1.336885855741698, -0.12181128443651888, 0.9058116452960927, 1.0267096798297297, -0.9740480101056892, -2.3147498174498717, -1.6742129790217966, -0.29982550555756493, 0.7028104368445626, 1.1831250926576844, -0.8973699496080516, 0.46102439012677104, -1.0985816792205647, 3.844880462725292e-3, -1.0109947474687864, 0.915542375182734, 0.7223395577843762, -0.6489380736828259, -2.318443470903338, -0.732795676474764, -0.5774798522807715, -0.1333849888911658, 0.10279151729080216, 0.2783910858958362, -0.5408794729231394, -7.564918478990057e-3, 0.8849383538842228, -2.7478788995289216, 1.7619786422540313, 0.6658429853792571, 1.1272497397234325, -1.8885310296691904, -0.263336298291747, -0.7062237695810729, 1.0339849507419887, 0.9421527839328557, 0.9175620570694882, -1.9774566564221876, -0.34957468808654746, -0.37535507108255695, -4.026994339531591e-2, 0.6710789888595607, -0.4991243443457653, -1.608445333349568, -0.5146812354607414, -1.6646387113863013, -0.7357397906589634, 0.4626836018489207, 0.9533112333335596, 0.6457818086072123, -0.9376025786884595, -0.9853884164673438, -1.2949582938227349, -9.641057919443376e-2, 0.6778980473936536, 1.1509416127929664, 2.9296147329379483e-3, -4.348936392730039e-2, -1.4053562769483503, -0.551245449241755, 0.3543529271948588, 1.222405662116013, 0.47107284611794054, 0.8336231649836822, -2.447901360665521, 0.46721444017518127, 0.6841213025259071, 0.7624788809222984, 0.27826277232401303, 0.1131164893033519, 0.9823320422505324, -0.13968243394233001, 0.4033140214129517, -2.668793561806912e-2, 7.350749946701714e-3, 0.3543979012422212, 4.405193612413168e-3, 0.8541686533128124, 7.577146201742903e-2, 0.8613246069023986, 0.8140189730739694, 1.046484663680315, 0.18082224418796636, -0.14701513721390183, -1.0415033202070034, 0.5729362413225628, 0.7931937720989779, 1.5566080469702117, -0.6986484230585956, -0.1860971759934104, -1.284981886803516, 0.7621247959786674, -0.20931811357811356, 0.1419239684950814, 0.45647741125907526, -1.0430500600045765, -0.3274361436232098, -1.199114728966994, -0.577199716174707, 0.25184303863705504, 0.861512221945449, -7.006391303494709e-2, 0.9939817966460646, -0.781303466186628, -0.46953309597821, 0.3237983684043061, 0.8202391678767121, 0.6510877832697002, 0.38824002955680204, -3.759722414386958e-2, 1.0888494467667156, -0.37523742826007545, 1.0544071985426273, 0.7296696397639867, 0.9358441877543746, 0.7810784114346334, -0.5718819282532696, -1.2010517385549146, 0.6101485284649767, 0.34344127678332453, 0.5305877960141651, -0.2395267960388063, -0.6192331696462157, -1.931023240512847, 1.2051691627738597, 2.0198284666558392e-2, 1.226298528372417, -0.19797067026830686, -7.392836846276436e-2, -7.21802320857552e-2, -1.4847180275858594, -1.7287088476311308, 0.7979184071337686, 1.1647909515968553, -0.6566119140459009, 1.476158849006062, -0.15398594586493078, -9.191343280183599e-2, 5.559761664118231e-2, 1.1909233734750988)
