seed <- 683
log.wt <- 0.0
penalty <- 2.8115950178536287e-8
intervals.send <- c()
intervals.recv <- c(56, 112, 225, 450, 900, 1800, 3600, 7200, 14400, 28800, 57600, 115200, 230400, 460800, 921600, 1843200, 3686400, 7372800, 14745600, 29491200, 58982400)
dev.null <- 358759.0022669336
df.null <- 35567
dev.resid <- 225479.31054543657
df.resid <- 35402
df <- 165
coefs <- c(6.345981969868776, 5.664897172069014, 5.777730450457627, 5.382069374691369, 4.979853753757655, 4.767772566716479, 4.795960724982302, 4.655012345274963, 4.383323286298034, 4.199892007769887, 4.379359596235407, 4.157736650500066, 4.050201895638595, 3.9535629878268974, 3.78171640558975, 3.545747256600032, 3.283210541113464, 2.946499915575136, 2.527388891753051, 2.0606353748308996, 1.6779209664335222, 0.9571157616797296, 1.0952645883878263, 0.5067386353959039, 0.4540939784310015, -1.4439727811256542, -0.33307166976138786, 1.096670141202766, 0.9166652820031177, -1.6741559283090546, -1.9408050059404576, -2.4134537082013203, -0.2622183661661426, 0.8379235479196403, 1.3021043501576557, -1.2303142664809632, -0.1957639363628026, -1.3908720982739027, 0.3154962152788555, -1.0272670228882452, 0.8246806725123594, 0.9820091044218442, -1.073427396339002, -2.004238937689079, -1.300834626194211, -0.8139616966631259, 1.0438098714499378e-2, 0.37076609587385473, 0.22758527191124236, -0.6201024043138442, -0.11013128798626742, 1.0271021426178033, -1.7289161317641888, 1.747958220620117, 0.8012339393057654, 1.1105497285956627, -2.428320752853576, -0.26193771187395376, -0.89741156100374, 1.4759664086835582, 1.1900546944582808, 1.01925454676567, -2.2744341181570005, -1.0723556934300453, -0.7393823859179095, 0.1079731238889373, 0.7051929850857541, -0.3964764035156073, -1.0756295504808118, -0.606304349927043, -2.611152086024223, -0.4321062087317967, 0.48102063669641254, 1.0811414104322647, 0.808416003115964, -0.8688247166098955, -1.2467850252130825, -1.64247631172413, -0.1406147301891139, 0.6428197431707838, 1.2564413576308797, 8.69329223091054e-2, 0.23292447994218593, -1.9660631457827713, 4.18504620727937e-2, 0.4764003197808039, 1.2519895074262246, 0.3826975369453649, 0.821423684268899, -2.046336794677687, 0.44884452312952955, 0.6471773039080536, 0.8901943174202144, 0.3633544791958297, -0.21125973452330463, 1.121548090322554, -0.13130992369060837, 0.11427579015699801, -0.3102646896153679, 0.1858140613374932, 0.34511728538828595, -0.30251799266935325, 0.7573740355035816, 0.3451813475826575, 0.5954204853981191, 0.87350110033066, 1.1759912237143375, 0.27130354191375733, -0.7878319231542223, -1.0411574101766479, 0.4731454173979167, 0.6935576654753943, 1.4676350995413245, -0.2941290208676732, -0.19025929879002798, -1.277551744615131, 0.812726917462577, -0.3982479200754142, 0.42125885581490546, 0.608926675569967, -0.30624663604646046, -0.33552743863194323, -0.9971469961808158, -0.4842822880715017, 0.1896926745807748, 0.9739749073797954, 6.1434665624895265e-3, 0.9589706153929713, -0.40512852384691395, -0.36752708797134626, 0.33704231135887186, 0.9243866345565244, 0.7463195722424869, 0.49432483869494853, -5.6585827153891134e-2, 1.2320176000943865, -0.4784996351080696, 1.0617497587893217, 0.7129254950427801, 0.9827702505085475, 0.7840881792068091, -0.6435464582023392, -0.9089655269857002, 0.6351132181628255, 0.2707417750571618, 0.5881069893168469, -5.4713268937481144e-2, -0.4698900534272416, -1.7850147399737002, 1.3876713482102687, 0.15295507334214958, 1.2016686228739946, -0.12641744649385064, -2.730258672193895e-2, 5.3765000446736745e-2, -2.286265679483444, -1.9905139716153029, 1.0581282373745224, 1.2873007145732718, -0.6952393732462925, 1.4133832196820817, -0.30172041506247804, -0.23956308671347412, 0.20258318198848357, 1.259678008916955)
