seed <- 327
log.wt <- -15.102377514455705
penalty <- 2.8115950178536287e-8
intervals.send <- c()
intervals.recv <- c(56, 112, 225, 450, 900, 1800, 3600, 7200, 14400, 28800, 57600, 115200, 230400, 460800, 921600, 1843200, 3686400, 7372800, 14745600, 29491200, 58982400)
dev.null <- 358759.0022669336
df.null <- 35567
dev.resid <- 226668.66000029384
df.resid <- 35402
df <- 165
coefs <- c(6.602798179897973, 5.598246538975451, 5.801671053920069, 5.240063019506771, 5.107803369049463, 4.82939230617462, 4.791201722332444, 4.634906672222597, 4.3483631396568185, 4.254656207496821, 4.284650900939901, 4.149626470345483, 3.989336450800573, 3.947844186225691, 3.756232472183261, 3.505347807748096, 3.272649841435864, 2.9340411580441756, 2.509682853669592, 2.0604461475514815, 1.6852581664671165, 0.9432315532936509, 0.9334764129050344, 0.14477880405775123, 2.4029179281887508e-2, -0.929339248837402, -0.5967330388456311, 1.2021087333922797, 1.0324175154321877, -0.9181888938051589, -2.6334047406878733, -2.5120246270851, -0.43740616971632185, 0.8180210321664206, 1.2389901563942172, -0.4606480086400197, -0.9389287231734692, -1.0329323512710902, -5.0629272197018314e-2, -0.6859397694279282, 0.9208533632363362, 0.8157051847318454, -0.8603909946368288, -2.0934072959666645, -0.9965977275858733, -0.8191144098854392, -0.3338552490190658, 0.17689681474718938, 0.6252679974565578, -1.209220653942265, -0.3123192930636889, 1.1003117246514966, -2.240321804464441, 1.845114726648923, 0.8497464791920317, 1.1348937768718688, -2.066726859803013, -0.24580912260570925, -0.5269990608589857, 1.270425650223447, 1.0967858980971554, 0.8248489578667965, -1.380582235491483, -1.1557012697417903, -0.6667006733846703, 0.22359882903773576, 0.6017941379081732, -0.38917294896626153, -0.8948707195080239, -0.8036926181316192, -1.7685026164116109, -0.5173879256346777, 0.622546690265542, 1.0523642457023705, 0.60141855356624, -1.2266749063140938, -1.5910863452602864, -0.940272275657603, 5.8264276429205605e-2, 0.6714541613579218, 1.1231066792385733, 0.13906224534212344, 0.17673452771972697, -1.205678300590718, -0.4027319014192328, 0.4549473347604993, 1.2473178242066458, 3.213565356696702e-2, 0.8549721968843651, -2.562607514695244, 0.5899781697244499, 0.7075129141224377, 0.7340595093733187, 0.3893024485574434, -0.2513647398377397, 1.1948494490154677, -0.2929718597451727, 0.32179297080110814, -0.30172318186098607, 6.917535638898994e-2, 0.1850567069092286, -0.8669238771613281, 0.776034853732537, -0.12163495331502837, 0.7722004034194261, 0.8026463532150964, 1.0735178584944607, -0.7094321042741395, -0.8916264743262297, -0.9819496394682256, 0.4018767184294719, 0.7510506477029883, 1.5885004042772062, -0.5840145954594573, -0.11205198256389255, -0.662495520812834, 0.6773506361925439, -0.23095080430703707, 0.32156484622236214, 0.42658690376179076, -0.2511579815864242, -0.3558734102822184, -0.7093859977553701, -0.18866659318638546, 0.31810781838050345, 0.8902349067293474, -2.748586262571734e-2, 1.0460671123818273, -0.6252942724594346, -0.33578639353341316, 0.2084711136389381, 0.8645930358965603, 0.9764500588203178, 0.4516549163118249, 0.12498388064488955, 1.228225252213572, -0.36292143427241563, 1.0560205398575466, 0.6898343902776419, 0.9347662463772448, 0.7647585178832991, -0.6172661538191062, -1.0281115026897654, 0.4881974574894202, 0.4725155068571789, 0.5260615890452212, -0.17455351852493461, -0.5008537272202239, -1.5829884382214336, 1.313903103506427, 0.1979083872220054, 1.1892360995313136, -0.21932160311537913, -3.964413029257257e-2, -4.392174655757171e-2, -1.6731817760520946, -1.0401783905281246, 0.8776452893133925, 1.15032956089178, -0.6251711020258606, 1.544110690483559, -0.2725701337331448, -0.13022711397168318, 9.48050355032066e-2, 1.168741606080772)
