seed <- 316
log.wt <- 0.0
penalty <- 2.8115950178536287e-8
intervals.send <- c()
intervals.recv <- c(56, 112, 225, 450, 900, 1800, 3600, 7200, 14400, 28800, 57600, 115200, 230400, 460800, 921600, 1843200, 3686400, 7372800, 14745600, 29491200, 58982400)
dev.null <- 358759.0022669336
df.null <- 35567
dev.resid <- 225569.75721344975
df.resid <- 35402
df <- 165
coefs <- c(6.798818472786103, 5.790224009615543, 5.688950336832126, 5.4418631144355665, 5.011970385613818, 4.801559180358731, 4.793378824893358, 4.62023232760064, 4.350461969333302, 4.305324311464091, 4.357066999193356, 4.210005443511996, 3.995621235090192, 3.948610873898582, 3.721403364132198, 3.5300244988241536, 3.270341895580122, 2.9356595986815295, 2.4464291998470196, 2.032437989399214, 1.576285319355334, 0.9271252062345251, 1.0277305262383265, 0.377992057832849, 0.41875383027747537, -1.5660245949436529, 8.550977244506444e-3, 1.0169840746145864, 1.0996187493317802, -1.5562623097673245, -2.4482358542601763, -2.6842689002548683, -0.43205439941832835, 0.7438688317740525, 1.3691711714936292, -0.7024075801961478, -0.1474170251538462, -1.1163679698672047, 0.3861196968755493, -0.18137270346349119, 0.9747152897046841, 0.7684440289668794, -0.8320892198949961, -2.273744927636011, -0.6478281183718834, -0.5925968868229611, -0.7925936859169102, 0.3084358068449927, 0.48322179684044375, -0.8314283525324556, 7.534747441810054e-2, 0.9655385251463943, -2.7155317071135747, 1.6574421120397567, 0.8531981609431484, 1.1945406079498893, -2.418990735335273, -0.35144284493029543, -0.14592014042891394, 1.2478708248071275, 1.3025501892510185, 0.7618750225154998, -2.032231913815137, -0.6762403796129546, -0.6997970913382701, 0.22254609254591612, 0.5475959800431173, -0.35006936103948527, -1.0300856593326968, -0.5696684424638551, -2.1631084928631776, -0.9064436114280056, 0.37767713243015066, 0.9843023440344028, 0.6957985502412988, -0.9217758533409517, -1.6013049698388608, -1.1968119054903013, -2.6144661500047225e-2, 0.8318666027584942, 1.1554314664830292, 6.732508249765506e-2, -0.22832271492726183, -1.7090509494295834, -0.4896652034966556, 0.45692199467771233, 1.2407325351722511, 0.30676090674989126, 0.9850184012728967, -1.671516691259593, 0.5389893607933813, 0.8809587872216484, 0.770435299987264, 0.3207657147608827, -2.8617502981725915e-2, 1.2611746455942214, -0.6362085685186507, 0.6217413442761228, -0.3921013556405425, -0.4657840265856259, 0.29159023519976685, 0.1381785147967188, 0.861282726025303, -0.7794382088806939, 0.7918206866370522, 0.8645154326863609, 1.24351428226283, 0.28155423052911915, -0.696567977262043, -0.7653099540914047, 0.3246254188823619, 0.5389254107043673, 1.6369093641914743, -1.0039922707551971, -0.2330220571129917, -0.7324567665671633, 0.7617110135682148, -0.3360635770054856, 0.5474775875814213, 0.5814522740413106, -0.8146537384537186, -0.27461301941723704, -1.2685906879198445, -0.76585798754222, 0.38555491130730035, 0.7837161775862638, -5.5274330336805275e-2, 0.992722120973821, -0.6119234986737124, -0.4077296617265859, 0.4706748133919975, 0.8023046515735963, 0.9249945005850483, 0.39136106078296606, -3.10929545425151e-2, 1.125448760922616, -0.38018867395943645, 0.9917203136216501, 0.7048078663046926, 1.1694875529955255, 0.7309995310949357, -0.6390450172147827, -1.1042418036910695, 0.4651394097585655, 0.2942493005564935, 0.49646702472679594, -0.16178356511266412, -0.6132072972600191, -1.5572243823556384, 1.1813369846095154, 0.22750278224095846, 1.409017062516559, -0.25165530934379376, -2.7053837789711543e-2, -0.1957640401591098, -2.008021759928044, -1.0169342370557153, 0.8410750998384495, 1.1546258241965512, -0.32941943033260696, 1.5806398735978002, -0.3148010468944458, -0.13861075324555372, 0.3413854299622285, 1.1821397227051973)
