seed <- 377
log.wt <- -12.992930301037099
penalty <- 2.8115950178536287e-8
intervals.send <- c()
intervals.recv <- c(56, 112, 225, 450, 900, 1800, 3600, 7200, 14400, 28800, 57600, 115200, 230400, 460800, 921600, 1843200, 3686400, 7372800, 14745600, 29491200, 58982400)
dev.null <- 358759.0022669336
df.null <- 35567
dev.resid <- 226843.0637571254
df.resid <- 35402
df <- 165
coefs <- c(6.416901420577322, 5.6820631795896475, 5.658543490395946, 5.29326293680698, 5.10314074764326, 4.829117970190191, 4.836765360534081, 4.617688928496341, 4.343517834296715, 4.296020796298344, 4.347067088088461, 4.165803814069455, 3.9753565448390686, 3.945381852980782, 3.7567600589100905, 3.4886749342021686, 3.2533115361895883, 2.969245379576125, 2.4682932581819403, 2.078582346319858, 1.5443845877966373, 0.8959836882530715, 0.9252538620194919, 0.17395325856712343, 0.5787423314344137, -1.2006632751472075, -0.23659719419397401, 0.9774439127621726, 1.0718280670507272, -1.293119167506408, -2.1817006415913975, -2.0162258824771646, -0.30330811672296615, 0.7721932460214024, 1.219285026689356, -1.2165332285058474, 1.4576412493012182e-2, -0.7695995179554147, 0.2476282721686358, -1.0102893162059043, 1.0088018848303066, 0.784512156712226, -0.7586395494464068, -1.9384162235707372, -1.0300882906615876, -0.5646204217716624, -5.229361596437703e-2, 0.10433065930976229, 0.16862639641743357, -0.9047858697665978, -0.1797832121462489, 1.0186393768448827, -2.9320563904593557, 1.7951093702112293, 0.7264135936458603, 0.9922269235314748, -1.6273358857016074, -0.1843976265564734, -0.2935976226015358, 1.323965734570672, 1.078819408780191, 0.6182772252093091, -1.9746345125143414, -1.2826360174177716, -0.5466198792891923, 0.14222376701869138, 0.35578683322777765, -0.3517677638382578, -1.7323750753936065, -0.8007250218415817, -2.0882800441075346, -0.2846560767302004, 0.4068731497406927, 1.0034305139816264, 0.6322806892234439, -0.5249787760664779, -1.4099073065367889, -1.3444971564799504, -2.1639034646528187e-2, 0.6427926102599869, 1.1643327727320336, 0.2212734051334584, 6.61434664493935e-2, -1.1310249814801154, 5.021352936039488e-2, 0.4140052138634513, 1.247853304450969, 0.32891318658289376, 0.994333872552162, -2.167290740980698, 0.6089401307818765, 0.8112145834287614, 0.8361776115782514, 0.23695171780610993, -0.15953535989513815, 1.1708404336837326, -0.6297693842739819, 0.19075756147292766, -0.375231124372927, -3.906303312872885e-2, 0.42523242503542347, -0.41099166004057336, 0.8869014857664984, 4.6362908367684856e-2, 0.5305867291477854, 0.8391871262071562, 1.0587001558576528, -0.15614928182248408, -0.7382411778859584, -0.8169508971342178, 0.46536714079932745, 0.6468674942571407, 1.570517746581188, -0.6549251936298301, -0.23907544041522183, -1.1390969560350916, 0.8403543105207866, -0.3457170971939124, 0.5464886039664933, 0.5406950071990922, -1.110130371349639, -0.42209589078025633, -1.0076642956401056, -0.7993856862504284, 0.41827806761423664, 0.9733291724178644, -3.843614207817298e-2, 0.9256827809966426, -0.6934039582725763, -0.41767651450096854, 0.27641701010708536, 0.7400133550776282, 0.8273271564495392, 0.5492758667939758, 0.10803056569856098, 1.1566261858800537, -0.4400541530747714, 1.0945568801658674, 0.6953527854391511, 0.9063805429880486, 0.7727682810789401, -0.6052546852550608, -1.2977871675984727, 0.30763757856147533, 0.26649577682384507, 0.48735116795121736, -8.446007095799031e-2, -0.1377923699558669, -1.757099559807624, 1.342118945681804, 7.447336975845319e-2, 1.1720703473989846, -2.9118644073855768e-2, -4.719781630140334e-2, -0.20079431492242594, -1.5730724584308704, -0.9135332279899748, 0.8509979015111486, 1.157210437484503, -0.33434495730193153, 1.5967452255038697, -0.26102637357031216, -0.1083773904418692, -5.122387105036346e-2, 1.2714102657683695)
