seed <- 329
log.wt <- -12.920709845147718
penalty <- 2.8115950178536287e-8
intervals.send <- c()
intervals.recv <- c(56, 112, 225, 450, 900, 1800, 3600, 7200, 14400, 28800, 57600, 115200, 230400, 460800, 921600, 1843200, 3686400, 7372800, 14745600, 29491200, 58982400)
dev.null <- 358759.0022669336
df.null <- 35567
dev.resid <- 226310.64566701927
df.resid <- 35402
df <- 165
coefs <- c(6.604171981577307, 6.023294135764639, 5.638078547412379, 5.334169905919316, 5.12104318085402, 4.831898162773462, 4.776081821533295, 4.615762275613695, 4.347247546693923, 4.255204383608076, 4.24570097276567, 4.124020868587433, 4.017050691556394, 3.9375854531519088, 3.7378309088295283, 3.531048470869613, 3.253206602041797, 2.972471020142349, 2.4965012431411293, 1.983689355792438, 1.600651816316383, 0.8849773147715305, 1.0325103731959577, 0.41177046245248367, 0.640618870075327, -0.835659226048438, -0.4044936695844469, 1.0087879283735204, 1.087954488370833, -1.6414490492185514, -2.674697991855486, -2.5424226101243317, -0.522517924493798, 0.7242521481316001, 1.2299150225573572, -1.4019819948128642, -1.0219037294216167, -1.4198821774654475, 1.4213530555610945e-2, -0.8128448491929784, 0.9787311400798053, 0.7870483999550208, -0.43921640095945563, -1.9049361006135255, -1.0881032038969463, -0.6187259533749226, -0.8420565353260617, 0.20889635099793308, -0.6496034775368715, -1.0956500595197523, -2.3960874683335916e-2, 1.1167660664039751, -2.7573827257129415, 1.8677595565180376, 0.7802436275167409, 1.095258330237139, -2.371263084684176, -6.70903907530195e-2, -0.32483653595310724, 1.328244598230639, 1.0777731275868636, 0.6710978647439582, -2.055832988918437, -0.8904936698581747, -0.5862286102674852, 0.203934735702317, 0.5363304454779514, -0.3922455844954478, -0.987126785322471, -0.5765001791467796, -1.8859925638285977, -0.1461646266236245, 0.43772345257950895, 1.0092207559308035, 0.6923055700181279, -1.3683316661489784, -1.2904100112544867, -0.643055992433258, 4.5242990883301894e-2, 0.7303518201859893, 1.2267073535232897, 3.0251475561084658e-2, -9.073890691136384e-2, -1.9156055126435925, -0.24222461046284469, 0.448660444940265, 1.2675694489007845, 0.7442937439309836, 0.8733073918098715, -1.9816758507846737, 0.5563013409497858, 0.7419495291831598, 0.8446122365641777, 0.29411319894603494, 6.187551429871657e-2, 1.6246321679950049, 0.20239090972384394, 0.4032996973025768, 0.1433462076791942, -0.16738051204899568, 0.33353723110428113, -0.6562486924939297, 0.8361839162468917, -0.27866535477534626, 0.9159082605573531, 0.8292017678995626, 1.1645391807665124, -0.5057146670310871, -2.7354284959040047e-3, -0.7137348725184394, 0.34798823910653515, 0.4755634645790138, 1.6149424453446464, -0.9975933127065394, -0.27094475491942627, -0.7920824860549576, 0.7858624114563314, -0.39136489930389134, 0.5109209729751482, 0.45431585466418156, -0.3720653074162774, -0.5807739783405268, -0.8538041570791246, -0.6894929919181221, 0.2699449896524795, 1.0478020229756788, -1.976169638834385e-2, 0.9956793189361597, -0.731097351436949, -0.3510467517818306, 0.33269318663450614, 0.8954717749123744, 0.8978160333200906, 0.5702528423566808, -0.15844268936956962, 1.044346757681495, -0.3970560083343399, 1.1782783091499291, 0.6623544796854579, 0.9901280003799651, 0.7713292604889707, -0.6231619775093858, -1.0967343500821836, 0.5514293641607818, 0.49472343997450285, 0.5920326470268749, -0.14139063725896264, -0.23692307388558037, -1.6372614657084448, 1.3532368561483321, 0.17964883093748857, 1.2742401976131137, -4.5921051285904346e-2, -0.13490575344009997, -9.209535832686308e-2, -1.505293772302249, -1.4625132799266278, 0.9511360615914934, 1.1725020206335217, -0.22429119791616514, 1.509921134915705, -0.518036982812591, -0.19168478757496887, 8.274493952794411e-2, 1.2016098785300684)
