seed <- 921
log.wt <- 0.0
penalty <- 2.8115950178536287e-8
intervals.send <- c()
intervals.recv <- c(56, 112, 225, 450, 900, 1800, 3600, 7200, 14400, 28800, 57600, 115200, 230400, 460800, 921600, 1843200, 3686400, 7372800, 14745600, 29491200, 58982400)
dev.null <- 358759.0022669336
df.null <- 35567
dev.resid <- 226111.332259558
df.resid <- 35402
df <- 165
coefs <- c(6.687774363754255, 5.785805219202572, 5.66447060794451, 5.353925796017871, 5.212416404179405, 4.76222972481441, 4.819667832678954, 4.615012588918077, 4.3796603701229495, 4.1970682830742785, 4.345984327009743, 4.177108602880352, 4.048406149674179, 3.9702560475221107, 3.783627062407089, 3.531203957097374, 3.2731367729525793, 2.946226268385836, 2.5088119668848536, 2.101510677164381, 1.593586612136773, 0.8820454944399664, 1.0455696003614428, 0.4002616999493938, 0.15341544099636598, -0.7393359620759004, -0.10072571410488047, 0.9195363096024114, 1.020818140621295, -1.835983648289253, -2.3224201388257195, -2.1033881729653605, -0.2704911740870942, 0.7644840913909988, 1.3027345454322175, -1.4208096660717504, -0.46565341201579535, -0.8732159662160973, 0.11638065269943688, -1.0561771909985957, 0.8651413874122864, 1.0049614055935192, -0.6702626721154276, -1.8810391225566303, -1.4315426348133413, -0.9067847542604057, -0.5058578997056629, 0.1716664414149202, 0.4327088176272818, -0.39213659056350025, -0.8262092415551613, 0.9650944946093019, -2.5610712153741617, 1.8463883520060185, 0.7281523028615389, 1.0251719391925769, -2.136332416996926, -0.2867254196342897, -0.3777880753816986, 1.3916086215431702, 1.077284772783275, 0.8984938335041, -1.788003320295405, -1.340757110440475, -0.49755345057716244, 0.42663874407361013, 0.39579648471869855, -0.5542564083462069, -1.251426810284295, -0.3693618175167185, -2.207212683649469, -0.28528451906379776, 0.2682372838374294, 0.8711383626014626, 0.7363608085677424, -0.7427397646736972, -1.1790781670603807, -1.3301521870953794, -7.289956789532201e-2, 0.733366727820394, 1.3071475781777997, 0.13252618198143742, 0.4001831972511861, -1.6267852999619283, -0.5832664178913198, 0.28922213022307475, 1.322347394605665, 0.6285967574797255, 0.8972756215750978, -2.8871183536497704, 0.5432483541284069, 0.7377483658752436, 0.8807522030021547, 0.35952031704970305, -0.23412190734137686, 1.11943324637359, -0.419918872189469, 0.3527021983357076, 1.2483306908032908e-4, 0.16774040317162675, 0.25650631343195374, -0.30534077036126134, 0.8811868418512587, -0.10185434829875568, 0.7727182231171723, 0.7903570156970434, 1.142295458260389, -0.10455321926116325, -7.124893654464345e-2, -1.5684305257104927, 0.41824426095987816, 0.7714630043139264, 1.5810981402804263, -0.16005257586356775, -6.5880731634393e-2, -1.4157556966156375, 0.8786755021328223, -0.2925531855472614, 0.23927398731118138, 0.603242377140757, -0.5256561925442568, -0.41882286358940757, -1.0087463873358156, -0.370266089497321, 0.3964513155577027, 0.9393157513754389, 3.0432481837745336e-2, 1.0558291041472503, -0.4293466650122877, -0.3165399493654905, 0.44902805055264383, 1.0471642164500388, 0.6212925779894195, 0.37238712344740854, 4.042523556017763e-2, 1.1080758187602182, -0.2711131664182701, 1.136202532932221, 0.6565306943936007, 1.0792627951127083, 0.7205079374438341, -0.7240308941063417, -1.236899885875443, 0.632676934894053, 0.38052145626563244, 0.44350348191281225, -0.12510637175960942, -0.7740589825877416, -2.0577676746060316, 1.3523286579337073, 4.758542289081098e-2, 1.2839083577985366, -0.2392926468937093, -3.29370801284005e-2, -1.7204387215392608e-2, -1.928620833407323, -0.8677165183139212, 0.7644947781308234, 1.2149078495887755, -0.27650764973937547, 1.5492927551569624, -0.18718790865539836, -0.15146947221112592, 0.14100645883592514, 1.1986309042138024)
