seed <- 682
log.wt <- -14.633013549595956
penalty <- 2.8115950178536287e-8
intervals.send <- c()
intervals.recv <- c(56, 112, 225, 450, 900, 1800, 3600, 7200, 14400, 28800, 57600, 115200, 230400, 460800, 921600, 1843200, 3686400, 7372800, 14745600, 29491200, 58982400)
dev.null <- 358759.0022669336
df.null <- 35567
dev.resid <- 225927.73380776824
df.resid <- 35402
df <- 165
coefs <- c(6.3792622901925435, 5.729442732753307, 5.6493052310214065, 5.401163627191416, 5.099176145884798, 4.84682255040652, 4.6900850392838205, 4.622611940314135, 4.336814509602639, 4.274953079996156, 4.309185276771344, 4.13660617007115, 4.015548365300468, 3.998723523758318, 3.765294937129222, 3.519668938447484, 3.2630651403706623, 2.9281331450524894, 2.477856617583202, 2.0791954448614622, 1.597571286378925, 0.8837832755549645, 1.1467969702291014, 0.3859833168364892, -0.19267245769046346, -1.231825397899957, -0.1450973942806976, 0.8760727123690562, 1.1342594647068032, -1.8768821309539456, -1.9235818219671608, -2.5818857774627246, -0.13692555991718686, 0.7494435538554661, 1.4895094652933605, -1.376340421202746, -0.5763397115581911, -1.4877183629791333, -0.15442099525084468, -0.7051616942387389, 1.0400855700109004, 0.7828212648991916, -1.2366081685456831, -1.2211951498375335, -0.6395551317439693, -0.734792607352783, -0.7531406376494538, 0.22545921816979841, 0.22377180477448258, -0.6091483040033592, -1.0008504205677904, 0.8834036567604129, -2.6939423079512865, 1.747233840579674, 0.7326041088431822, 1.0559654684891258, -1.9412714869589855, -0.13346636785016625, -0.5349767654848743, 1.149014000984157, 1.2147432742424589, 0.7691504281127526, -1.0415696460267019, -0.31209612577295437, -0.6970436389835564, 0.16967645812680482, 0.38318371534931334, -0.4688587684746212, -1.8310673317784703, -0.5905693303254899, -2.5137966860290297, -0.1370902838454896, 0.4987936170067559, 0.8975904708590265, 0.7076655351802422, -0.9725852810065276, -1.4693069920243123, -1.166423508288041, 4.439869080630546e-2, 0.6136902082908593, 1.1182151617532654, 9.883164206670257e-2, -4.479189771359004e-2, -2.0427063133013723, -0.2797729494503704, 0.4522530628163955, 1.250051043671633, 0.41362290226961135, 0.9405996524540666, -1.7320959803838776, 0.5167996492505469, 0.6118100558315934, 0.835560254645298, 0.30143390671208514, 0.17187942123188688, 1.3684291048573907, -0.3594591391032986, 0.22964061843464667, -0.456509330894177, 0.19064441020363412, 0.5308578651210705, -0.16634616273872393, 0.8603280793702437, -0.11958879723030018, 0.5800038321790747, 0.8800804734049618, 1.253113668967968, -0.2377666675551909, -0.5674655615747096, -0.4132225214639349, 0.49669723384181874, 0.5030177975606086, 1.646608823139041, -0.6486139239876021, -8.903937020261522e-2, -0.9785167969733286, 0.7510182523819418, -0.34567393434339083, 0.43859170013252446, 0.7958958026344738, -0.3301485893948519, -0.4092972171918884, -0.7634134408350974, -0.6369107770354712, 0.3510774951088554, 0.8416108433820028, -7.03368037575172e-2, 0.878108191970554, -0.5269919680172976, -0.39683498312164667, 0.4102811313970459, 0.9450712019030593, 0.9130380962077126, 0.3843404194456393, 9.20678170956874e-2, 0.8722332061262733, -0.33836034286804073, 1.0301991899339218, 0.7063912802967117, 0.963779599405707, 0.7736792242549291, -0.6937932178069338, -0.998588618364988, 0.8077714303952794, 0.2030815090010449, 0.5833334572993317, -0.20359529858556003, -0.71755477034049, -2.0745737671742033, 1.3319653481398304, 0.15002344281351013, 1.2123668575342068, -0.149498533083391, -1.844241079370531e-2, -6.487775200993694e-2, -1.8837203898758326, -0.7475698924605942, 0.834903346570443, 1.218974896651391, -0.39468603689538795, 1.6297381784605993, -0.3131452387092809, -7.416280225683704e-2, 3.4324908456352575e-2, 1.1668332862847586)
