seed <- 669
log.wt <- 0.0
penalty <- 2.8115950178536287e-8
intervals.send <- c()
intervals.recv <- c(56, 112, 225, 450, 900, 1800, 3600, 7200, 14400, 28800, 57600, 115200, 230400, 460800, 921600, 1843200, 3686400, 7372800, 14745600, 29491200, 58982400)
dev.null <- 358759.0022669336
df.null <- 35567
dev.resid <- 226341.44083067836
df.resid <- 35402
df <- 165
coefs <- c(6.346161166629632, 5.9308006436573235, 5.677259718354623, 5.182876794171938, 4.9867112034616845, 4.824904045179272, 4.8219003248602395, 4.684269466011838, 4.359198986643426, 4.233102541742183, 4.366653019180865, 4.190051016188739, 4.025927847450821, 3.9673163084471312, 3.7830077520632783, 3.5258643803334304, 3.275099800135817, 2.9491652997575866, 2.484553689736918, 2.0793843146943836, 1.651024141215571, 0.8489493171059046, 1.059628303645093, 0.49727686855371034, 0.3946242970230114, -0.8300508786388876, -0.33518463843947016, 0.9800465575478656, 1.0922055188228477, -1.26049458906186, -2.0068288075616083, -2.0323903841347155, -0.5102729039284887, 0.7563021404500172, 1.2806421677206343, -1.1279856904854322, -0.2037879783088497, -0.7217424490327331, 6.405676751334437e-2, -0.4235461564293526, 0.9579602413310833, 0.7796627317144768, -0.9210328342359693, -1.9616378585910605, -0.5595117224407807, -0.7957426426003467, -0.6788293505679337, 0.16813136575150384, 0.18659520715217504, -0.5409521880674691, 4.73460344590432e-2, 1.0087259739663348, -2.7421446422348414, 1.5862812681671339, 0.674918043447545, 1.136642321001409, -2.129724084836125, -0.2691296510484015, -0.40014641736166023, 1.284194794681095, 0.9016609142097748, 0.6122781604551047, -2.468165601015217, -1.3437093238889455, -0.5752112700255183, 0.11290203373138262, 0.740214386509301, -0.32722766484731663, -1.7919183989452894, -0.6052032598392915, -2.4053965976504745, -0.6517625501819709, 0.5945960748230212, 0.9201956040193919, 0.9514522184402666, -1.4320094912308314, -0.9891991009393748, -1.5014002985425474, -0.10066169493244478, 0.6924544516688806, 1.221335140124076, 0.15853771946309175, 0.21868417667728687, -1.3974323504078916, 0.15545630797132814, 0.39506893359108625, 1.2058225790062576, 0.3944838508780294, 0.8936725630848692, -2.17736597332886, 0.3833622374083766, 0.6005327803577961, 0.8432948824925708, 0.16847998200719447, 0.3321413508746222, 1.4370656639549373, -0.6862314432264436, -0.17243744591894503, 0.21721822589801998, 0.2607274569728783, 0.3349566536286677, 6.613894193867115e-2, 0.7055669140691953, 0.2585893494895403, 0.881997017337168, 0.84578175181661, 1.12347258726197, -0.44797723173491594, -0.2473508994391118, -0.9427207560967037, 0.5132893913814223, 0.6181261119277501, 1.6215233855587126, -0.3060734114450109, -0.21127175251263444, -1.3108122551927683, 0.7419126290732697, -0.30409829402162813, 0.42027623774828615, 0.5817687826375864, -0.6147373895676633, -0.2796154441253764, -1.2210511900779624, -0.3622504495739768, 0.294015474903104, 0.7942455709150966, -0.11057737863544025, 0.9724103111545384, -0.620016844604516, -0.314736759629229, 0.31169059270330446, 0.9029994357472629, 0.6842575776008895, 0.3714866113532632, -0.11588009396622193, 1.0060235077003843, -0.3591195233842915, 0.9915787115516808, 0.7392442283607515, 0.8781028916601572, 0.8325920464953884, -0.5323714214155868, -1.3024234125280156, 0.6678727692664328, 9.388865904944162e-2, 0.42888751292707405, -8.091479983204777e-2, -0.42747762248898435, -2.067426530686823, 1.1606190242998093, 0.1444106183517583, 1.1826563664517225, -0.1583430806979116, 4.323111771145904e-2, 4.026036147685742e-2, -1.9141518577823295, -1.258971327287574, 0.7596023395341505, 1.2220111066324097, -0.27914041538113576, 1.538767229941437, -0.24609400993998626, -3.734396026881583e-2, -8.932030901838336e-2, 1.2486553199305903)
