seed <- 204
log.wt <- 0.0
penalty <- 2.8115950178536287e-8
intervals.send <- c()
intervals.recv <- c(56, 112, 225, 450, 900, 1800, 3600, 7200, 14400, 28800, 57600, 115200, 230400, 460800, 921600, 1843200, 3686400, 7372800, 14745600, 29491200, 58982400)
dev.null <- 358759.0022669336
df.null <- 35567
dev.resid <- 225406.6077619332
df.resid <- 35402
df <- 165
coefs <- c(6.76898347194388, 5.866669546127873, 5.668067807723348, 5.485236728549036, 5.162097898407237, 4.9443719038381655, 4.737123219872721, 4.624696289893124, 4.372691271777966, 4.255738877421118, 4.263686856210275, 4.195836114063083, 3.994720038417998, 3.9692242423832456, 3.7538532291880724, 3.5259867262956375, 3.2928161675859373, 2.9450922925734795, 2.4953611861381373, 2.0872152488408924, 1.6039839024062783, 0.9120262262540338, 0.9944556569757953, 0.4217527433355069, 0.43873910579327396, -1.0706894685225303, -0.33971712856085357, 0.7732566234790466, 1.1054611756273416, -0.9604814492510594, -2.340520553225746, -1.8138336942299833, -0.17943257673653845, 0.7719691040353001, 1.2662253806799724, -1.1712276229342375, -0.4209438937261162, -1.1424921079922967, 0.11629724566206734, -0.44243848574421374, 1.0293966044238385, 0.6684766791694382, -0.8912767450988638, -2.3684480154299443, -1.1394596429452355, -0.881627784502572, -0.1659338913860335, 0.1364026299260586, 0.31429324346134996, -0.3412636906233441, 2.7279346487520745e-2, 0.8020707056021907, -2.796088014685295, 1.6429015354240533, 0.8485546170355885, 0.8821722057553498, -1.9044247569907002, -0.21573360026805838, -0.5613863694840002, 1.4402175746265482, 0.9631091681368662, 0.7892376165344818, -1.8160761845666686, -0.9647306913180184, -0.5357742542264994, 0.27403358256531657, 0.556896167927248, -0.5244777522691868, -1.5952007376557111, -0.6592286824961296, -1.9051150421162881, -0.21658795748646498, 0.46166425514424586, 0.8803028062715943, 0.6633082107511141, -0.8090560826637185, -1.21838653195358, -1.2732915970661123, -7.50395546574258e-2, 0.8140303763991201, 1.1689183437348258, 6.371051600461616e-2, 0.261960216626502, -1.9194423058576904, -0.33860852592107477, 0.4299649368746875, 1.2145577426205125, 0.5293536331757743, 0.9302244677141678, -1.7857969313880293, 0.43657463365757626, 0.8524159824962239, 0.8623570684168061, 0.37582679247968365, -0.18356165125219365, 1.387504196556176, -0.13449817315963242, 0.5198346374811732, -4.492988364877888e-2, -0.14493326101955023, 0.5607103709010035, -0.7850881130332915, 0.8477713478106937, 4.07825560829581e-2, 0.8324481264404551, 0.8631603934962504, 1.1050221274084857, 1.1462764745471017e-2, -0.19943503416790653, -1.2080250260228744, 0.39123249988598435, 0.6218187625682072, 1.5793606230344852, -0.687486459575448, -0.26809651099624604, -0.9866174082446377, 0.7658471866656276, -0.16904980833881333, 0.3240969000713698, 0.5943341119582131, -0.20166342691226224, -0.6537225880456672, -1.3228397429588747, -0.6628349674946742, 0.3142318126870021, 0.9123769782535388, -7.667902627366373e-3, 1.0011348860631726, -0.7230831280661824, -0.3800150390329998, 0.3745223992279013, 0.9631131126525052, 0.8100994349164462, 0.39492247465664787, 4.6126527970366135e-2, 1.0564900669892168, -0.45363676909606027, 1.0207234572344976, 0.773760253231974, 0.9279615700688604, 0.7859930631830493, -0.7133808549083321, -1.4843774858429086, 0.577607229650092, 7.73600273504577e-2, 0.6094150429188114, -0.164339452246437, -0.5170354555827124, -2.0284903795666476, 1.2457646748019673, 0.19238299160215308, 1.287761917074971, -0.14145426102505232, 3.23427372768679e-2, -2.590824090868425e-2, -2.225136477172189, -1.7701161809156338, 0.7925153664693544, 1.2291008186039398, -0.2419608479915348, 1.512990895140351, -0.2721323571349232, -7.333874465959928e-2, -0.11288262376694354, 1.2674913149785993)
