seed <- 284
log.wt <- -15.74488875305144
penalty <- 2.8115950178536287e-8
intervals.send <- c()
intervals.recv <- c(56, 112, 225, 450, 900, 1800, 3600, 7200, 14400, 28800, 57600, 115200, 230400, 460800, 921600, 1843200, 3686400, 7372800, 14745600, 29491200, 58982400)
dev.null <- 358759.0022669336
df.null <- 35567
dev.resid <- 226578.99535911466
df.resid <- 35402
df <- 165
coefs <- c(6.375388385983105, 5.772572879801428, 5.683422674389671, 5.224821529853221, 5.007754734339997, 4.837679953500874, 4.637602628134812, 4.699588892725556, 4.360618259393865, 4.212733549475407, 4.300939186826123, 4.160146507577875, 3.975494626915932, 3.9423673363047476, 3.760323445202372, 3.530216995651419, 3.2752651792206757, 2.9412866451486392, 2.5006122245411015, 2.039896562470147, 1.594130853939252, 0.8891669018759703, 1.0684884097499585, 0.43806436183439107, 0.5383537752435006, -0.7645123420794298, -0.18857530501662442, 0.9554552080887176, 1.0522441329298438, -1.1318205693227152, -1.9948012385040128, -1.9861377616864075, -0.2521936912384997, 0.8067872502493374, 1.2532940795648129, -0.9309678143949894, -0.4628443041363087, -1.5833176827495479, -0.5298138123274384, -0.9886187000852787, 0.9330700018211824, 0.7965397013457319, -0.7499377320397733, -1.3620429982051618, -0.731778057091803, -0.6910189520080675, -0.9811880731207621, 0.4614939599942507, 0.8345782032952096, -0.48409065771539417, -0.2826319635620845, 0.8553460330754116, -1.7336541277988855, 1.6600207692591666, 0.6064182707465852, 1.0879850639632016, -2.2564306427538754, -0.16374438164658947, -0.7306435921248998, 1.1415693334266563, 1.361296524080574, 0.6962008822033766, -1.0506217141237502, -1.044401358747575, -0.9284761013598017, -4.594749279079739e-2, 0.6333406396067373, -0.46454735282615933, -1.5806099339291324, -0.7299029286184445, -1.71203734225747, -8.539255455273895e-2, 0.670821068805281, 0.950679247461608, 0.6011665205834918, -1.0109923881015628, -1.4201481808065544, -1.1942638682482194, -0.11915984162633626, 0.613530968320113, 1.1734460832628324, 9.825275887237174e-2, 0.28778393165900623, -1.6610894794729096, -0.38725266896892524, 0.508524089677109, 1.292351859178305, 0.4244623158393887, 0.9047177078387542, -1.5566293485900915, 0.51140825347302, 0.7041732623134823, 0.859013323968925, 0.45920665337677463, -7.973814532960503e-2, 1.1777537788706889, -0.5410656834614672, 0.5236056139399937, -1.1951711120991769e-2, 0.33197519880767645, 0.32789031147306896, -9.08513085956698e-2, 0.6526284986587746, -0.47231334554390386, 0.8402098831447435, 0.8225720449284822, 1.0812406383700732, -0.4520147257874436, -1.2044139390668627, -1.259992311682732, 0.46025736185531124, 0.6545563335656849, 1.5344696064734822, -0.9749846641034448, -0.21147888606659418, -1.076820385343023, 0.7757247705375682, -0.16689078549753172, 0.37675365041718295, 0.416795809096994, -0.8145382638752326, -0.3975442517169709, -1.1289091290439777, -0.427391932699913, 0.3180876825055293, 0.6890791618089472, -6.2168228678843675e-2, 0.9107559089749757, -0.5742499078212592, -0.49729259674778115, 0.3715855616877781, 0.5352457019189579, 1.0308168163844635, 0.32812338160445004, -0.2252503647200377, 1.0996234043387398, -0.4195613627711305, 0.9581397316321693, 0.7048640057389635, 0.9100088682811066, 0.7058607863316695, -0.648941918111876, -0.7761614734584998, 0.49140732693497385, 0.47988891450320276, 0.5836368963877249, -0.11759666344397157, -0.3834720110088842, -2.070083779244825, 1.1289856568123766, 0.11363636708453079, 1.1478825309643497, -0.13442685185806358, -0.17819404667277694, -0.15937764515760483, -1.5328656978688315, -1.5056404428034451, 0.8986871346698432, 1.18157492174168, -0.4665421030723895, 1.501444108939408, -0.2382677692075116, -8.475010839306954e-2, -1.2474759212645365e-2, 1.175434237446864)
