seed <- 589
log.wt <- -15.633895254583466
penalty <- 2.8115950178536287e-8
intervals.send <- c()
intervals.recv <- c(56, 112, 225, 450, 900, 1800, 3600, 7200, 14400, 28800, 57600, 115200, 230400, 460800, 921600, 1843200, 3686400, 7372800, 14745600, 29491200, 58982400)
dev.null <- 358759.0022669336
df.null <- 35567
dev.resid <- 226535.23417300577
df.resid <- 35402
df <- 165
coefs <- c(6.539494344228479, 5.800517224222581, 5.690200149638802, 5.390485326064158, 5.1523936553623475, 4.946974911547974, 4.786229943122382, 4.605507722688908, 4.316737833871772, 4.255636093282378, 4.2939389677798205, 4.123359091525856, 3.968975394064293, 3.9508411695110683, 3.7727046431431046, 3.5291765022853, 3.2203116051551035, 2.923557647763023, 2.4686263031193625, 2.1003735155420156, 1.6340932256225036, 0.9512721896317456, 0.9509861212989679, 0.35941588920369877, 0.33509328370891833, -1.156378901645693, -0.2140490428859316, 0.8828745875570531, 1.068138805411358, -1.0659648206634385, -2.0624489908612613, -2.335151767015272, -0.3470727318924737, 0.8238284983456179, 1.1416744153412353, -0.8648139861671605, -0.21898771390650856, -1.1080028782943867, 0.1332963987550714, -0.29010699223104597, 0.9830619565073687, 0.7984537812062674, -0.4042551188026296, -1.535264490458681, -1.100460119124387, -0.6449612961175023, 1.2718083351118037e-2, -1.5990646762392532e-2, 0.5770434784403575, -0.35789060245272847, 0.19366819653994036, 0.7921899700686335, -2.4355506738830908, 1.6893922472238923, 0.6696883268297122, 1.0626646866240494, -2.3008459819533607, -0.19588612632260505, -1.024821731594729, 1.4210557240264103, 0.9488012414973767, 0.6539506651165219, -2.017836155378436, -1.1334092145734178, -0.659818177844098, 2.1930772763885355e-2, 0.43501626384543274, -0.6920614246735443, -1.2711276928376158, -0.6970831345237267, -1.6749584715315577, -0.3593209645760241, 0.4773076990910865, 0.9505588857691046, 0.687985373712771, -0.7521658161628357, -1.4628465991958195, -1.1799544098694725, -0.10765556129394148, 0.6414970238830258, 1.2422774546498323, 0.1971753347750295, 3.16479786706372e-2, -1.1874042853733708, -0.3559579990258706, 0.4138647870237147, 1.1359498446384837, 0.42338228569220115, 0.8920900998196907, -2.2613583670880786, 0.4328881948725688, 0.700936562033001, 0.8653804690297362, 0.33411512017938844, 8.313378849021044e-2, 1.255411675966153, -0.38667083582723183, 0.26145247140399264, 4.727351546134962e-2, 0.11889831347590346, 0.39513392619932414, -0.16375538308045426, 0.7680519732562849, -0.13203557577889294, 0.9032013605086907, 0.8707544682607629, 1.0331960463442378, -0.6670860951894542, 0.21156518409705077, -0.9023453279722088, 0.31528756273439157, 0.4347892475237451, 1.6028360240129216, -0.6189572118459956, -0.3929113875651106, -0.7753045617186414, 0.7388098622967413, -0.45206344588470593, 0.3638257923184158, 0.43815306953671074, -1.165605031737931, -0.556017858310715, -0.9981817513130223, -0.5268496216647576, 0.4109530447654607, 0.813617266152564, -2.3304369804847864e-2, 0.8984530603220998, -0.4802689197947752, -0.46191452070092365, 0.29951778316965666, 0.9290776340920606, 0.666447813329833, 0.4289475909060847, -7.161790118847357e-2, 0.9750891913054885, -0.415412322306648, 1.0098436323590794, 0.645628546470967, 0.978067994253138, 0.7707560053882961, -0.6884357064837027, -0.9440582980234802, 0.5681233395032753, 0.28152140314334173, 0.47645014921216605, -0.32574188273774984, -0.6425590578155107, -1.981811925267786, 1.2283763731164172, 0.1416391145973103, 1.18550735723284, -0.1857667380964313, -3.680138115954592e-2, -0.2728615078347055, -1.8766213542599313, -1.3705585228104264, 0.8954110192441991, 1.1139658416615417, -0.28213289317548157, 1.6032258417810468, -0.27162388027466244, -0.10233699154446603, 2.6911352969708076e-3, 1.1651170318257937)
