seed <- 867
log.wt <- 0.0
penalty <- 2.8115950178536287e-8
intervals.send <- c()
intervals.recv <- c(56, 112, 225, 450, 900, 1800, 3600, 7200, 14400, 28800, 57600, 115200, 230400, 460800, 921600, 1843200, 3686400, 7372800, 14745600, 29491200, 58982400)
dev.null <- 358759.0022669336
df.null <- 35567
dev.resid <- 225495.17229683528
df.resid <- 35402
df <- 165
coefs <- c(6.460651179972257, 6.004209464105332, 5.694817835128385, 5.291339851050458, 5.136527327174843, 4.947627672455525, 4.824054492366864, 4.622784234613865, 4.372285786398001, 4.2016531181938195, 4.381803788819392, 4.203436979533938, 4.045672051033065, 3.9415888961669503, 3.7512930309677226, 3.5554383097894524, 3.272939383193134, 2.969320487393845, 2.5003945582391216, 2.066677183848401, 1.6292676339911454, 0.8863399340985857, 0.9874793295218821, 0.3109918014225792, -0.2306905289614107, -1.0183005627506145, -0.4052075436908368, 0.729122772824276, 1.1396218363314183, -1.28599778830902, -2.4311431567585715, -1.8882680560103038, -0.2364301022212319, 0.7511653737904614, 1.2287622773601046, -0.8557106279541987, -0.7280728392403355, -1.422088038058989, 0.14388839311736565, -0.6212123078442059, 1.0316511649311133, 0.7965415464796766, -0.7003898481883024, -1.7655612080075143, -0.9486665770182608, -0.8734082037666443, -0.20833223428138606, 0.4055518984244888, -0.1082530667000008, -0.5036113243888086, -0.4574590585761094, 0.7932891472847605, -2.4095657849467664, 1.6344654108428467, 0.7903733946249779, 1.025372902056406, -2.311274792026416, 4.944077604937799e-3, -0.6985496126952941, 1.2673516118785777, 1.0692319644923924, 0.8523895109728638, -1.8967326431209006, -0.7431114794438813, -0.655391193145239, 0.14481063290748358, 0.5071312740690027, -0.4063685895795127, -1.119583564720646, -0.6117902300745591, -1.6520315950097244, -0.4171193510641797, 0.21515036176448848, 0.9885984732004686, 0.8439372603798236, -0.6954726630992232, -1.6543495382905629, -1.1383403535624994, 3.219034027240173e-2, 0.620373457394181, 1.1895739212918968, 0.12528722443052673, -6.943720004095366e-2, -1.5917790461924353, 0.17421772975401228, 0.4406789407638632, 1.3203662601624617, 0.4492053275369254, 0.911389060772135, -2.2525663308949535, 0.5034917143859435, 0.7578528713730753, 0.7789987900757127, 0.28922937591218184, -0.22604545258960276, 1.442841144295236, -0.5514597650296172, 0.359587535723663, -0.14601941982459551, 9.232617034589588e-2, 0.6087897173841834, -5.569575668369645e-2, 0.8053219823680995, -0.16296953475928994, 0.6304675805176969, 0.8061669822887443, 1.0251817291564997, -0.8483232570878786, -0.34212887360687716, -1.360452906721031, 0.3618405737752035, 0.6345841754784692, 1.6357783220289572, -0.6821874301767868, -0.2523109758971492, -0.9606651525053884, 0.7862408147392931, -0.16959674425235557, 0.51628251439622, 0.6436004869986893, -0.32774806764162273, -0.14008807839723508, -1.1672902965862106, -1.0451188890026102, 0.2700477994228982, 0.8046743625973442, -8.503882596913263e-2, 0.8689119065476094, -0.5999134346097469, -0.39086015404239327, 0.2037507228227681, 0.949721538077102, 1.0198772085608059, 0.460084039200015, 0.13479759959580012, 1.0774998134997515, -0.3569224858163749, 1.0623713412955371, 0.787929398259668, 0.8779918283121341, 0.7303316568788728, -0.7372665067946955, -0.9164511822917267, 0.5671087312602775, 0.5911602974917031, 0.5298443965032879, -2.4347213283691417e-2, -0.3250970939212417, -2.1369429245664224, 1.277521823630797, 0.14363519235347091, 1.1165052031899438, -0.11332487008985989, -8.021112919485171e-2, -0.1906092963487595, -1.8742349300582974, -0.7812844208835469, 0.813358013952555, 1.292226088051588, -0.34601497365893236, 1.6158940258945034, -0.3055974581268369, -0.10119048952036987, -8.317562801137438e-2, 1.2135805771827142)
