seed <- 167
log.wt <- 0.0
penalty <- 2.8115950178536287e-8
intervals.send <- c()
intervals.recv <- c(56, 112, 225, 450, 900, 1800, 3600, 7200, 14400, 28800, 57600, 115200, 230400, 460800, 921600, 1843200, 3686400, 7372800, 14745600, 29491200, 58982400)
dev.null <- 358759.0022669336
df.null <- 35567
dev.resid <- 226758.2383694793
df.resid <- 35402
df <- 165
coefs <- c(6.558905097251292, 6.039449284054248, 5.603771776220532, 5.307956509337111, 4.930958995530846, 4.835869842482938, 4.844866054659648, 4.648685175911943, 4.326778908311397, 4.268012429050115, 4.221380387454111, 4.175779555766021, 4.005146287963472, 3.961154345234233, 3.7440392393046698, 3.5208342019638303, 3.215685914130924, 2.9673154271023656, 2.5274480034585474, 2.0382545216073344, 1.572074502494518, 0.8553883378237687, 1.005905869273477, 0.36440774072323795, 0.16094587124412954, -1.3863758271232411, -0.3208851806510476, 0.9680640095251306, 1.0637610059589901, -1.3487821761471368, -2.5565217164028757, -1.474613563177016, -0.3932169976049196, 0.693090260218059, 1.178847538986592, -1.2230067004246445, -0.22461030075647476, -1.6012657296835282, -2.9238727528270978e-2, -0.8729324474187279, 0.9758171554848417, 0.9665071618289007, -0.5790826402400221, -2.509282710489367, -1.1846730620170336, -0.685673550296456, -0.7021709334066838, 0.2683386085380178, 9.12437934819984e-2, -0.5976314679228703, 0.3944269668598574, 0.9961230093623387, -2.460530317508166, 1.6027996171209604, 0.7658994052745575, 1.0335884563999684, -1.7523574848019514, 4.148475302889831e-2, -0.42907541574984837, 1.0723087432941798, 1.3219980618972256, 0.9399664859868936, -1.821202642551303, -0.5846587197807638, -0.9571854582895735, 0.14948658228290412, 0.5073525993144851, -0.25678788940505193, -0.8470156137463414, -0.7229196627679283, -1.6271741554343715, -7.599226219669726e-2, 0.39073483174254964, 1.0147985531212342, 0.5483587777550226, -0.9436954706112235, -1.347612360615476, -0.955561660942911, 0.18140213850171533, 0.7104597369496076, 1.03880267583247, 0.19142487939013503, -9.492372071322966e-2, -1.3319810963923517, -0.998831603473256, 0.4746906737263288, 1.269233370929694, 0.326917314548278, 0.8917277477351871, -2.147013503691759, 0.5141057289589317, 0.6277603917101255, 0.673009136831073, 0.346201848577198, -3.8139581526257196e-2, 1.209428339176141, 0.5319836989621545, 0.2871019142072587, -0.15976674648942799, 5.732450868726707e-2, 0.730443332780812, -0.37517237705059864, 0.9430704308761075, -0.8358856974884283, 0.6749264896800937, 0.8294085130457538, 1.097041587868201, 8.865748572042828e-2, -0.44781552114916917, -0.8421186558818612, 0.43523282809591884, 0.43370604816476327, 1.6358008134819177, -0.5542747312076344, -0.391483543511599, -0.87147508047502, 0.753775614105678, -0.30282826978226796, 0.5503387262944881, 0.30364645846994026, -0.5132429718614252, -0.24435721709228317, -1.1147884296074038, -0.40259135539347146, 0.3819043039753343, 0.7538325561704086, 1.3324107988015505e-3, 1.1021922790862027, -0.46220218510139166, -0.44079106356814735, 0.3526168091467749, 0.6429006380664262, 0.6277855940255473, 0.6256508049731541, 7.366352240937996e-2, 0.9148738988097319, -0.3942093594209481, 0.9883100690496031, 0.7038417888777463, 1.0366810670734017, 0.6885519992300023, -0.7097091390697322, -1.1913328927760174, 0.4804194966738853, 0.31789748278997126, 0.5585331015907706, -0.3803273191614487, -0.5685191605884242, -2.100752080784198, 1.192490197893736, 9.155432612317248e-2, 1.3531671599440276, -0.2407709877911168, -9.50769065991829e-2, -0.10193383196308257, -1.7991274516485833, -1.258088936903259, 0.7710073640981462, 1.105293579939026, -0.32461163530488313, 1.5808352172011289, -0.27262173530656436, -0.18147092857092434, 8.419584987152434e-2, 1.0511704153834496)
