seed <- 139
log.wt <- 0.0
penalty <- 2.8115950178536287e-8
intervals.send <- c()
intervals.recv <- c(56, 112, 225, 450, 900, 1800, 3600, 7200, 14400, 28800, 57600, 115200, 230400, 460800, 921600, 1843200, 3686400, 7372800, 14745600, 29491200, 58982400)
dev.null <- 358759.0022669336
df.null <- 35567
dev.resid <- 225935.7784591287
df.resid <- 35402
df <- 165
coefs <- c(6.639367799975167, 5.69883376749387, 5.778574549628964, 5.36914532677082, 5.092818569217126, 4.827454927135477, 4.7972503042539945, 4.6205003371987035, 4.422468139717391, 4.275608639679088, 4.317441113923533, 4.157028927526323, 4.00089741710703, 3.942339045590948, 3.7392994927438714, 3.5499820349519693, 3.2751242480127476, 2.9717453080903375, 2.5011977549657733, 2.0633804650420973, 1.5823995725036055, 0.8644546856561106, 1.1650082423039219, 0.24252925137613907, 0.9621541523375321, -0.8717023106031444, -0.24329103221166734, 0.8334049784748314, 1.0207066308046147, -1.8347142270142092, -2.5947224799076594, -1.9927282250008338, -0.4794441395035284, 0.7646955954358404, 1.3562226546315177, -1.0742681859500136, -0.3210417444295292, -0.8161698733937804, 0.19953898421553323, -0.6015506612281833, 0.9665987130417347, 0.9073364652784417, -1.006510867652431, -1.9174007918681442, -0.7411517952320905, -0.7346716969416406, -1.3588284806990023, 0.12513048277572794, 0.4282814756019395, -0.5726930330575427, -0.11085756455588265, 1.0069884013781474, -2.274219917870375, 1.6447828132913667, 0.8726119310286401, 0.9149047954230768, -2.038420277360682, -0.10287100140068127, -0.1780424972845309, 1.292432154696928, 0.5757357687004365, 0.6217645713781943, -1.6068186432754525, -0.7163709129665524, -0.4895618940340636, 6.301228896571107e-2, 0.6696495842799862, -0.27513722196356194, -2.1169741000706606, -0.7303514466957278, -2.3485603375186384, -0.26795839144660427, 0.4724672039575216, 0.9464710956476402, 0.6861280315376884, -0.7474693662240808, -1.3753451342079361, -1.1597795237226547, 7.861164144406013e-2, 0.7013212165501547, 1.2550090237086122, 8.654173716594007e-2, 8.268595333191602e-2, -1.5525053667098259, -0.2414710836824939, 0.31080506113782774, 1.2061847386755065, 0.7288771555813108, 0.8655034155858711, -1.4284271842367782, 0.46853696940733114, 0.7468313025398307, 0.9117338440502119, 0.38913065448601636, 0.24193778176081293, 1.3807277015504829, -0.31648965594895495, 0.1291808393627472, -0.1526366324697879, 9.62108265872928e-2, 0.1669045924329086, -0.7102901659049526, 0.940451940043902, -1.022595634905807e-2, 0.6837388027450567, 0.8369645080815517, 1.151498372349722, -0.430947409723368, -0.4011451991780267, -0.9373051312869051, 0.4060925557040965, 0.550726731163006, 1.5960601724364558, -0.6388500281683633, -0.3811038619519988, -1.2975881396752063, 0.8948578817715325, -0.3031158140616004, 0.4826816269855681, 0.6590512426642288, -0.5778743381767631, -0.5594849817695978, -1.285991400917727, -0.9531956952990011, 0.3919011577224046, 0.8928521784573097, 0.12402793323168672, 1.0272653164556145, -0.44015960328861875, -0.2614133445462094, 0.31060401363208356, 1.0398169900173286, 0.9255344198050168, 0.4432382270334098, -8.587437900829009e-2, 1.0806589675104752, -0.4420787845828684, 1.1671192614308163, 0.7733203794069906, 0.9724532058964345, 0.8017904100158314, -0.636078314969429, -0.9590973689782168, 0.6682772364411863, 0.3112532710164494, 0.5288414415966265, -0.1353902687050552, -0.7500672740349814, -1.985286424448247, 1.252788177681244, 0.22176876615912705, 1.141865566732835, -2.847788947991294e-2, -0.17328556221004016, 5.389003948487666e-2, -2.082285705692229, -1.81740427000313, 0.7770540939544643, 1.1229156110109961, -0.5282131509422351, 1.558817473119424, -0.15583005605811048, -0.16664193548956585, -1.1561068741107896e-2, 1.2974978426442667)
