seed <- 1083
log.wt <- 0.0
penalty <- 2.8115950178536287e-8
intervals.send <- c()
intervals.recv <- c(56, 112, 225, 450, 900, 1800, 3600, 7200, 14400, 28800, 57600, 115200, 230400, 460800, 921600, 1843200, 3686400, 7372800, 14745600, 29491200, 58982400)
dev.null <- 358759.0022669336
df.null <- 35567
dev.resid <- 225263.90727857643
df.resid <- 35402
df <- 165
coefs <- c(6.694504254974477, 5.792913422487578, 5.694633299496106, 5.402249852972263, 5.132565146815064, 4.751652177803302, 4.775254181351299, 4.622441268504947, 4.3738538925333295, 4.257225286255723, 4.378846808827093, 4.1997708039066675, 4.023048120201225, 3.955673459752256, 3.7796352959573905, 3.5501302451986634, 3.2693918670969278, 2.964384971699839, 2.509946980885257, 2.062326434680701, 1.578560095459602, 0.8939927409559483, 0.9066170659631491, 0.6264736145433176, 5.6154355178735356e-2, -0.8503257400197584, -0.3398142339314018, 0.9436841537802809, 1.0568923677771949, -1.1047487552642201, -2.0564765244447196, -1.7557370319739105, -0.26419795620129727, 0.6949771610929774, 1.202329642793386, -1.5014299906185877, -0.35612878874372794, -1.1676318058134907, -8.692602648194226e-3, -1.1021873522358898, 0.9763710475992685, 0.7106753474582679, -0.560242370976337, -1.8415822087092406, -1.1101710566363774, -0.6231684499122313, -0.47310057109753695, 0.18590837156812254, 0.12596388168606157, -0.8654269411444259, -0.1556160137870601, 0.9501106487457505, -2.609468076743121, 1.803253953919812, 0.6715839897677094, 1.013363112492643, -2.4883406501095697, -6.0916743134394935e-2, -0.40974130489257626, 1.818506178104154, 0.935348805291704, 0.7085290253647861, -2.3648566003272316, -0.9322912101065771, -0.5394352415745083, 0.3122024234487166, 0.6096803989439815, -0.5177312374081088, -1.629501298241637, -0.6276003772085206, -1.7039029352457855, -0.3389254229516474, 0.4674411065786682, 1.0252719631144085, 0.7709319983668161, -0.5896287488884812, -1.349102391212154, -1.2564260013934485, -4.899327473388816e-2, 0.7131549140519035, 1.3188503614649425, 0.13045828546979812, 0.1676584811840382, -2.2580038941882554, 9.270506832488012e-2, 0.3913229783580942, 1.2433035019444767, 0.2891289240171239, 0.8869852168170851, -2.735533909214502, 0.46436465672277927, 0.7234674097000441, 0.8351326973936962, 0.2661098313320619, 0.10710362230416481, 1.522599456468136, 0.43013070437735373, 0.6361680816884613, 0.17100622720105105, 3.253303004710909e-2, 0.5406996110064635, -0.43292008671836363, 0.6440935302646991, -3.694034236740344e-2, 0.8314854249773246, 0.8485302734032814, 1.0840546644580231, -0.44620376364408554, -0.24491104932485955, -1.1147184079875887, 0.5509782314704328, 0.6373939060890594, 1.6517001833691365, -0.43361138894692985, -0.2791657338788185, -1.146436579252661, 0.8087548726162324, -0.4161028521088728, 0.3919929202795906, 0.7565945333593448, -1.1292704006455807, -0.32032500605997416, -0.8818673029256723, -0.5819609067853757, 0.39996390159863515, 0.853804333162455, -6.46128260379732e-2, 0.8524126764423312, -0.3930549915614016, -0.40911091717222214, 6.981372921845423e-2, 0.9582062463848131, 0.8430657262052088, 0.2763651816011444, -6.673577021102985e-2, 1.1614775752501796, -0.37726534026059416, 1.1578864815798184, 0.6736665850890861, 0.8435480528044196, 0.8622958548032363, -0.6340789991237156, -1.0059300776990912, 0.6971830847679233, 0.3294627678796095, 0.45664389619498574, -0.122448613819254, -0.6485421626718164, -2.1716994023960488, 1.3665274503966214, 0.13099277252672947, 1.13669002666887, -2.416868580838191e-2, -6.308995359431176e-2, -0.33689523726573967, -2.0209084137932183, -1.5499621768080512, 0.8241267747032807, 1.2038111786671342, -0.15971785724135565, 1.5343581240186897, -0.24110984842830296, -0.18489120324315284, 1.57912075511106e-2, 1.2529154273031222)
