seed <- 939
log.wt <- 0.0
penalty <- 2.8115950178536287e-8
intervals.send <- c()
intervals.recv <- c(56, 112, 225, 450, 900, 1800, 3600, 7200, 14400, 28800, 57600, 115200, 230400, 460800, 921600, 1843200, 3686400, 7372800, 14745600, 29491200, 58982400)
dev.null <- 358759.0022669336
df.null <- 35567
dev.resid <- 226180.3197963272
df.resid <- 35402
df <- 165
coefs <- c(6.574404505390045, 5.661011508916692, 5.577731535717944, 5.378041537493308, 5.013780090063339, 4.796511993872856, 4.79426921757577, 4.621732484923702, 4.343958412650004, 4.180335912556869, 4.274179193658663, 4.141003781633534, 4.031421223709136, 3.955345217289029, 3.734192403525641, 3.516484227615316, 3.2638981253019437, 2.956411892039359, 2.503413174071678, 2.0455790913763643, 1.573282241208812, 0.9237127759113613, 0.9728956306170524, 0.5195241639900076, -9.555291571698281e-2, -0.8061490851497187, -3.8975399476085366e-2, 0.877837016427036, 1.0804484664730154, -1.419449026518114, -2.9939568486070436, -1.6185597100286329, -0.5806753723532134, 0.7898666581523748, 1.219450471019895, -1.4779430090273364, -0.2554714792855798, -0.9801193846286596, -4.672514941736048e-2, -0.2181213431893604, 0.9366183640363391, 1.0924909351207883, -0.574239192465209, -2.4578206836605743, -0.8859624580505123, -0.5451030195652394, -8.593965664286018e-2, 0.2972283004430653, -0.29534756044803395, -0.46536042053284443, -0.10032754010955491, 1.0152800127422497, -2.1134441182498556, 1.7027511790104795, 0.8648253864701756, 1.1025185944652343, -2.4174968462962285, -0.23235085580204665, -0.23840272237801613, 1.213853056491185, 1.3820851749957306, 0.7815105416807352, -1.8349314872918685, -1.3582913623467545, -1.0999496494463576, 0.589786113805284, 0.8058761381500782, -0.31217887795679544, -0.9981947191068968, -0.6033545195066455, -1.8518015419252243, -0.6161407262356594, 0.77168079051381, 0.9414447096002811, 0.6464838895075508, -0.9438123660878955, -1.2862568746713487, -1.6688583273680502, -7.728208160219237e-2, 0.7144141246094335, 1.2318810072863462, -1.6146142676068405e-2, -4.079717249874588e-3, -1.7204688358465752, -0.4220109015826379, 0.3877078443031013, 1.2135872664386576, 0.2637080115178445, 0.9234890583402807, -2.2340025855238776, 0.4584047759107464, 0.7351818866146578, 0.7578584139212216, 0.3626013379195202, -0.11351240554133088, 1.3018447514870795, -4.506311113278496e-2, 0.1418309650427708, -0.14188404685779143, 0.13900836254216103, 0.3264055989349983, -0.4362942248757708, 0.8189420606921181, 0.15233382955975955, 0.7898973867057488, 0.8624039783281808, 0.9970663264667751, 0.4866904582036447, -0.4902179735144274, -1.2080743829348344, 0.34481153202134285, 0.6581258136629636, 1.603896844193557, -0.5562617972958696, -9.624734809046362e-2, -1.0222847168951297, 0.7413269807359613, -0.42347077452706755, 0.29623743950573334, 0.35621694068196447, -0.31196302628864186, -0.5412373815014464, -0.9838556235882638, -0.6287104270502903, 0.35257382248422303, 0.8896336148585485, 5.540261068378963e-3, 0.808844013803407, -0.4127807246743717, -0.41395455406971166, 0.1595609996635125, 0.8032438588330406, 0.9327243932941578, 0.40905465736191904, 7.1363372575866e-2, 1.1320248778030935, -0.31741984156063624, 1.1189728007572068, 0.7645459265658286, 0.8163564166500127, 0.6907938453361282, -0.6580039819094777, -0.9402609097993033, 0.6154070619557982, 0.42901350318277265, 0.4690416338327257, -0.32739009810327946, -0.4191852410222228, -1.957011259551664, 1.3179432510613411, 0.13256795196121862, 1.166576600673081, -0.1588453311050813, -4.620090225523066e-2, -0.4112139137364291, -1.7794560209762293, -1.599876894017393, 0.8703503029260204, 1.1978432843007312, -0.5178633549988049, 1.5506495890173506, -0.3967119330322114, -0.10897703005365403, -8.538147783445924e-2, 1.2421978176008517)
