seed <- 467
log.wt <- -13.87757493777574
penalty <- 2.8115950178536287e-8
intervals.send <- c()
intervals.recv <- c(56, 112, 225, 450, 900, 1800, 3600, 7200, 14400, 28800, 57600, 115200, 230400, 460800, 921600, 1843200, 3686400, 7372800, 14745600, 29491200, 58982400)
dev.null <- 358759.0022669336
df.null <- 35567
dev.resid <- 226841.5191584768
df.resid <- 35402
df <- 165
coefs <- c(6.560921670156054, 5.887320888587865, 5.57384914988755, 5.275074142003285, 5.055531184772966, 4.841316591329412, 4.715467438254187, 4.654916811511993, 4.366628951839939, 4.246815998617096, 4.359063466869951, 4.161141056534392, 3.996612978704455, 3.94072125941508, 3.744766566801998, 3.5131567583093997, 3.2661982603854063, 2.9195300638283825, 2.466361485944259, 2.033183571332494, 1.59966906778761, 0.8776793747208886, 1.0579018754633043, 0.7827678289426996, 0.5577305419926131, -0.998119759027556, -0.2970183455014617, 0.9412179762729284, 1.0235564891090423, -1.1126470521846499, -2.8765377273643145, -1.8608248068267605, -0.5144918136795275, 0.74313839547066, 1.2402808264679641, -1.1515216351966342, -0.3129656681012978, -0.6862311406656165, -0.1467187533499712, -0.644447822515334, 0.9358704678355885, 1.0834836969887471, -0.6111984580472787, -2.2229114424328382, -0.7823242900046735, -0.7348614920439874, -0.13028157380942654, -0.27256423450633493, 6.544957039823973e-2, -0.8357016350464566, -0.17359154106993024, 0.8569860780654878, -2.62480309530611, 1.8537475546029207, 0.847486558838018, 1.0566402503754873, -2.198808478690738, -6.705508207538172e-2, -0.43067019779453414, 1.5585848158640603, 1.2600263115239971, 0.7799440444520496, -1.848646724481398, -1.395632164879782, -0.3943824793573407, 0.13169069770010253, 0.7500755518598814, -0.3363673147003526, -1.6360906599701723, -0.7184063211579502, -2.2314278540105983, 4.019762805508178e-2, 0.6790442157778108, 0.9260478202114379, 0.5982655861473434, -0.5984809772096092, -1.2019788811949959, -1.950145538079405, 6.194884361376533e-2, 0.6257716157317522, 1.150144222512357, 7.770860374683128e-2, 8.71743345978912e-3, -2.1697734526238754, -0.9511930917781304, 0.14158404664969376, 1.2912498967537311, 0.350470428142963, 0.8790810426817989, -2.6955298907426646, 0.39479923257574323, 0.8541524047965109, 0.8774598066904281, 0.36094107493787964, -0.876938156353313, 1.2996022991053287, -0.6437865894308257, 0.5321827777001334, 0.22422713108473333, -0.40602746750808666, 0.42328377342663615, 2.8859889724627823e-2, 0.8109090698750001, -9.169235390932554e-2, 0.9023098595630193, 0.8070691961443298, 1.1122493896216952, -0.25168615853558807, 8.103449740847828e-3, -1.2390774708417887, 0.4456417938910285, 0.6632070879599956, 1.5699811696062933, -0.5037669046370478, -0.1615886592233785, -1.190844615350304, 0.8175343664527043, -0.23444525914572076, 0.5851433769459329, 0.7446359827442435, -0.7794030804611859, -0.36354671388768356, -1.0551936843511114, -0.35897887905866543, 0.20662979142580204, 0.8697463025012802, -6.000564928747459e-2, 1.0128981482461314, -0.5119889522006889, -0.43020664703492967, 0.49733454752382145, 0.9475461981462534, 0.9156406543895452, 0.5054634061997427, -0.15383318454478906, 1.0417399485391987, -0.3807523388805596, 1.1244589138606862, 0.7233740958896815, 0.9450229278351263, 0.7842519046298407, -0.6445617201833833, -0.8624716061371582, 0.7041751521947123, 0.339372932936867, 0.5624793329091533, -0.1039166253519336, -0.44411862454779905, -1.9838247972246765, 1.317100270954414, 0.1509405487516996, 1.1584824742330893, -0.12050653219376921, -3.7000123379366895e-2, 3.016193862255285e-2, -2.231964424189957, -1.138019246988488, 0.6749752913468366, 1.219534450773747, -5.935583261295408e-3, 1.5473388578784604, -0.14699794068915498, -3.020340748133392e-2, 4.967271200144911e-2, 1.2325105668911915)
