seed <- 194
log.wt <- -12.462435914845388
penalty <- 2.8115950178536287e-8
intervals.send <- c()
intervals.recv <- c(56, 112, 225, 450, 900, 1800, 3600, 7200, 14400, 28800, 57600, 115200, 230400, 460800, 921600, 1843200, 3686400, 7372800, 14745600, 29491200, 58982400)
dev.null <- 358759.0022669336
df.null <- 35567
dev.resid <- 225566.45023972337
df.resid <- 35402
df <- 165
coefs <- c(6.5099532004922445, 5.8366636763386275, 5.700141666497198, 5.336395714432997, 5.148009638413339, 4.98610459415822, 4.736651157237447, 4.55187865907805, 4.38080058167835, 4.267712370181788, 4.235122163467055, 4.135969607528669, 3.9949030245587367, 3.9346251090272744, 3.7644078277163824, 3.545936913846559, 3.2146415254001393, 2.9535416088224786, 2.5384462761743114, 2.1199015877464054, 1.5993681385354561, 0.9469298749800301, 1.0681329336225225, 0.3298676207571632, -3.980224816262431e-2, -1.786803350409782, -0.500722586936737, 0.9585003988864454, 1.0700277321502665, -0.7561912433784483, -2.634000539024633, -2.188438108554862, -0.6589331401676682, 0.8128706601894664, 1.274258004800537, -1.3944139288312272, -0.14122443810471805, -1.2446171683325729, -0.1326085825141652, -1.0773367252551964, 0.9561010889015213, 0.9661437079130043, -0.7513413213827963, -2.17891303641544, -0.9221817186651868, -0.7779209856947131, -0.9828799883302158, 0.1011150520746256, -8.064634076446356e-3, -1.096602374994225, 0.38154409732349437, 0.9628504407125623, -2.514739915000667, 1.8021883560433294, 0.812463831132175, 1.0961881569683536, -1.9138355496616473, -0.21034356626128276, -0.2970705936066732, 1.3267971803555085, 1.4442887634576662, 0.7730083391114572, -1.3460656283955068, -0.5483746881584571, -0.6167529640565673, -5.366062914874462e-2, 0.7633174279142761, -0.45688752158793833, -0.887329357130479, -0.6060086217500325, -1.8487967767346467, 1.813224466331273e-2, 0.6242080699634087, 1.0101025009771145, 0.6210433864252721, -1.1161091405278716, -1.1288240550124191, -1.6684589002020167, 0.10064031588354375, 0.6575436127787101, 1.11733042389364, -7.311512695140708e-3, -2.8712719349145086e-2, -1.8001964684200307, -0.2807005037375256, 0.6029277251738846, 1.1293666315737685, 0.5574373512583166, 0.9855030430556572, -1.4173838173908646, 0.6208290963035755, 0.7300062880066921, 0.8453959157619926, 0.41937659384600495, 0.15128863418577007, 1.287039098559489, -0.6392504333590048, 0.3570779042784797, -9.536398335361311e-2, -0.1334186735741483, 0.23264655125974437, -1.1773664298428164, 0.7222946244310224, 0.1397635181305831, 0.7945657190159724, 0.8703448531895672, 1.214674211802209, -0.2520700218616576, -0.5801965890071165, -0.27579100036876913, 0.25391331251096005, 0.634611504520642, 1.6102416176182293, -0.7277540165293849, -0.291728410072412, -0.9106472393350189, 0.7461932665045604, -0.19024149652811845, 0.491904359422984, 0.7125696843852448, -0.10084301601045777, -0.30128134926260575, -1.0610535218534145, -0.3637089284708855, 0.20197817589840453, 0.866362550929958, -4.849745100390985e-2, 1.0191894756042619, -0.8572515965105603, -0.4155021106044784, 0.3354129718986417, 0.955219859442118, 0.7560238955677252, 0.46444297874997276, -0.13263049388199913, 0.9611325672564845, -0.37959910228271787, 1.1286170126629054, 0.7442655340969845, 0.9219133309295406, 0.6787226537623889, -0.7239148919158439, -1.1843617199646002, 0.8468318008002791, 0.44565108864121733, 0.590234553560115, -0.23740404522374847, -0.41504935116584507, -1.9784583616560207, 1.3099736997557838, 8.47366267318773e-2, 1.206661352065265, -0.11510207150770106, -0.11827879675555864, -0.19384931774743586, -2.1308921219248314, -1.4800899551721403, 0.9073012415168654, 1.119981414325509, -0.4205347554820702, 1.5618761891244208, -0.2724702908126997, -0.1229797350096878, -3.637982859017773e-2, 1.1724254547046844)
