seed <- 686
log.wt <- -15.974027207085726
penalty <- 2.8115950178536287e-8
intervals.send <- c()
intervals.recv <- c(56, 112, 225, 450, 900, 1800, 3600, 7200, 14400, 28800, 57600, 115200, 230400, 460800, 921600, 1843200, 3686400, 7372800, 14745600, 29491200, 58982400)
dev.null <- 358759.0022669336
df.null <- 35567
dev.resid <- 226485.634319035
df.resid <- 35402
df <- 165
coefs <- c(6.567812267592968, 5.831504860678817, 5.657133544849908, 5.422798809557289, 5.007486298729398, 4.88882073437132, 4.7103107515340445, 4.659769796095826, 4.361662275861811, 4.249820056816959, 4.245814222646465, 4.183519975560712, 3.9608528328848562, 3.9390803305781215, 3.7375051076553834, 3.5509197618928527, 3.250635969495766, 2.9288747654303573, 2.4693986880356715, 1.9990763991056006, 1.6362413189815044, 0.844890059242931, 1.0194352748498885, 0.6490572387587518, 0.7529659057232734, -0.9727315073404622, -8.646215032205785e-2, 0.8292508418366877, 1.1416757544229672, -0.9789891745978003, -2.309370264549773, -2.651258005463345, -0.28426403114075344, 0.6772655767587614, 1.2608556919218301, -1.138459019588491, -0.5756235452561596, -0.63700900477323, 0.3797851750688111, -0.29213315460028333, 1.0511270243054358, 0.832768869983886, -0.6215356427355586, -2.756778059810068, -0.6303775562223973, -0.8896375748029502, -0.590532945949956, 0.19953987122882152, 0.5614233704086028, -0.9216758364179811, 3.633323180075532e-2, 1.0400817892923455, -2.8782624861910673, 1.7084695892651964, 0.8833169543369321, 1.120046602607559, -1.8372508775397307, 9.745547335530674e-2, -0.5206987365833482, 1.1734022503917616, 1.5283955682401336, 0.5633826234604291, -2.6438844522755955, -1.0238397789275595, -0.7949464357572575, 0.31986005914919735, 0.5833040855260386, -0.32810952505090496, -1.3718357611559984, -0.5759880396034914, -1.826396521479481, -0.15654011247621333, 0.6681802071748458, 0.9001771653613605, 0.6622285190614124, -0.8490351969200758, -1.336303658372451, -1.5177951261995002, -5.848526608093695e-2, 0.8128496737881912, 1.2281946495915508, 0.2953785750356446, 0.1473703733308771, -2.184574308689447, -1.2718254017270472, 0.38399195846563855, 1.2597440461773572, 0.3436072968326153, 0.8637026369789087, -1.5929707189372466, 0.4882685366146323, 0.7244541979045841, 0.7194513459271722, 0.4458406331705276, 0.13830040502441873, 1.5736457250831624, -0.36212930072816163, 0.42908375902333307, -0.24719332721392812, -0.2502422170381768, 0.380585595782324, -0.49300072185885263, 0.714676183704868, 0.28747851479155717, 0.4795092285366777, 0.8266843656219979, 1.077315280355328, -0.8047876817119879, -0.5222483773328845, -0.7982893221758849, 0.3507169182264266, 0.507492059020993, 1.636691394027036, -0.6625951738793576, -0.3165704946997472, -0.617728642053509, 0.7393628222639351, -0.37491671446884955, 0.38395555103160384, 0.8123585925796305, -0.309630703344644, -0.4803611440280145, -0.9311519638547483, -0.5532794390604441, 0.36310676228622235, 0.7324236416098515, 2.2164177170700117e-2, 1.091872637485113, -0.7081300296985424, -0.4530564544705555, 0.17876803473047653, 1.0624396602323478, 0.8170683408741967, 0.31251801823345127, 1.1333187790069715e-3, 0.9833486131916264, -0.2956964796591238, 0.90803259709195, 0.7097198505275001, 1.0436758061328355, 0.7018225736957024, -0.7950923399355869, -1.243592826777507, 0.7865355244782706, 0.6607357325852321, 0.4623655188836584, -4.356241498336276e-2, -0.5284863151395477, -1.706389071383777, 1.1643596748349547, 0.1236365701628145, 1.31470338605817, -0.18901766931407343, -9.88235599036825e-2, -2.4779580454158685e-2, -1.9726177402866338, -1.947311796617369, 0.7585477713076624, 1.262313099535953, -0.20676449848816977, 1.5747089635608216, -0.4205635164622514, -0.2191246899774014, -4.120658639025472e-2, 1.1525353050563267)
