seed <- 833
log.wt <- 0.0
penalty <- 2.8115950178536287e-8
intervals.send <- c()
intervals.recv <- c(56, 112, 225, 450, 900, 1800, 3600, 7200, 14400, 28800, 57600, 115200, 230400, 460800, 921600, 1843200, 3686400, 7372800, 14745600, 29491200, 58982400)
dev.null <- 358759.0022669336
df.null <- 35567
dev.resid <- 225321.77137375195
df.resid <- 35402
df <- 165
coefs <- c(6.447980529154669, 5.880270757864444, 5.754786714693785, 5.350935477810938, 5.106559904590451, 4.888585629973766, 4.739538694988242, 4.601546178864891, 4.424518986863926, 4.2228787443184475, 4.393685521916394, 4.17549579925781, 4.005589120382221, 4.014375302381528, 3.7737110224820873, 3.5430783979311222, 3.3127557691851997, 2.9708820824600735, 2.5391330490344766, 2.0280470458679702, 1.6752474215274344, 0.8911623850294415, 1.1321157958771715, 0.5552627085111856, -0.3526895377987404, -1.0445292036258593, -0.19359516503821567, 1.0451408745595714, 1.0119931117934824, -1.4973681306612545, -2.194608163071116, -2.0616011273491686, -0.3391542722764334, 0.7713133365615388, 1.2977956618331152, -1.0843115851865393, 0.5377434455541892, -0.8657651110248219, -0.566479982197073, -1.4825366207825112, 0.8832634060178175, 0.9018757555790667, -0.8606827489610568, -1.7834732236889288, -0.7696899832944262, -0.7525085143932311, -0.6166740116556524, 0.29320392152992414, 0.1611206855573623, -0.6265103950965566, 0.13325079375000926, 1.0224522307813546, -2.499347860824613, 1.5796552965325634, 0.7330188607936193, 0.8956771549250564, -1.6951547930191582, -4.7360957397417094e-2, -0.691907391596362, 1.5383696045250677, 1.0797439220483174, 0.699550962987948, -1.6135769239186593, -0.29541087813750105, -0.4732278123725537, -3.8707705828931877e-2, 0.4892670442789769, -0.5876864753426857, -1.6315641436046497, -0.6723800326816919, -1.9831847864114123, -0.25618464915211153, 0.47673912386150497, 0.9723922271513912, 0.5961828765847438, -1.025821446298145, -1.1814661661409587, -1.3619570152826894, 2.912704275148299e-2, 0.678192904653112, 1.1937945754392587, 0.16382158894281204, 3.571807300700071e-2, -2.0440745810600793, -0.49613526574852823, 0.2961535190839027, 1.224122683619863, 0.47616258064997946, 0.8748561974694277, -1.7623894320221694, 0.5429864475489731, 0.7421217690636649, 0.7232948843920404, 0.3098520098605642, 0.1641143542777221, 1.4657908600411278, -0.10672453671447735, 0.4339621152262457, 0.18032475685097418, -0.4678686774680256, 0.3890132908017376, -0.14118230174794122, 0.766930952258987, 0.2566953770398019, 0.7761512668180486, 0.8502690341707003, 1.1402187709368166, -0.8155565145726783, -0.8876464585800778, -0.9062305899105585, 0.3855213463520441, 0.6775598016944923, 1.5646450431316863, -0.4693945184227811, -0.15255377363013123, -0.9252758288022567, 0.7122918231782909, -0.2651129437779575, 0.4276784012060864, 0.47079281565042924, -0.5471451196723157, -0.4087540994813862, -1.0455233758181515, -0.5497858831019704, 0.2829271073668785, 0.9188406803456882, -5.541467633933068e-3, 0.9293498090719117, -0.5982657111834848, -0.4769998406235603, 0.40498536326309403, 0.98639230704434, 0.7337938894484596, 0.3002847902486232, -2.6203450693917676e-3, 1.1144298805243147, -0.45328812625305587, 1.084240098408182, 0.6400748489271159, 0.857868536040512, 0.7600610908312344, -0.628273421489991, -1.1761728880382225, 0.7491869902590934, 0.4270439155206464, 0.3601230344873414, -0.1878983566120539, -0.3833591482542627, -1.9633247382859642, 1.184519478684863, 6.798536596508253e-2, 1.0852060120211677, -0.25564744824833213, -0.14378264420134532, -0.13468734269937932, -1.8588718775897632, -1.0258440634763415, 0.789322749953682, 1.0902916914958058, -0.13096271416728208, 1.5639565472960977, -0.39813220558466744, -5.600440922800928e-2, -8.707490763214999e-2, 1.1238827109675709)
