seed <- 674
log.wt <- 0.0
penalty <- 2.8115950178536287e-8
intervals.send <- c()
intervals.recv <- c(56, 112, 225, 450, 900, 1800, 3600, 7200, 14400, 28800, 57600, 115200, 230400, 460800, 921600, 1843200, 3686400, 7372800, 14745600, 29491200, 58982400)
dev.null <- 358759.0022669336
df.null <- 35567
dev.resid <- 225987.24550549444
df.resid <- 35402
df <- 165
coefs <- c(6.682938813703742, 5.960927311433075, 5.771245447647422, 5.34413454625707, 5.061090622449235, 4.837949454095311, 4.8287681102395075, 4.650312352165571, 4.357280912942478, 4.270699052685068, 4.364188350968564, 4.119290039433496, 3.9991672825742284, 3.976720885602638, 3.7418258290711743, 3.536968866782599, 3.2399627931091577, 2.933735352733901, 2.493160061003565, 2.024052576479442, 1.5785400575673365, 0.8691437720975739, 1.0330046235179418, 0.5340936739751814, 5.181196110831945e-2, -1.2376983558652987, -8.839138222527597e-2, 1.1318829396753485, 1.0085411787286376, -1.6719693926029542, -2.429380607228423, -2.017091692856793, -0.352129350017852, 0.7432376056650047, 1.2714135722249607, -1.0842085905659964, -0.47569665185741666, -1.1199791702565056, 0.13211928405187734, -0.7337729381652169, 0.8746069659560973, 0.9855806075534911, -0.9293436314019213, -2.1337839643918586, -0.5708022751199786, -0.6395415043239504, -0.5482746384426529, 9.749363091857503e-2, 0.3533050720268737, -0.5617605986453484, -0.370511826210023, 0.9240201611716957, -2.1418196809701886, 1.8173520885786947, 0.8334347670043455, 0.9689724667169818, -2.3168743752815475, -0.15123812328329517, -0.3506899925603312, 1.5536882086539987, 1.5027879562709783, 0.6848815745517608, -1.9319026495540939, -1.0126071531500294, -0.49126114163788726, -4.489408231822899e-2, 0.585752189351492, -0.5362482136962898, -1.9554598853820044, -0.641763143527736, -2.2156236342551883, -0.7553929099866632, 0.5658356612341006, 0.859003634070761, 0.7684751512462865, -0.7691297007801349, -1.4331056821167687, -1.7877706838206773, -1.1426869078088222e-3, 0.6579148161937757, 1.1925742242507364, 0.11925844173328592, 1.1687877537445474e-3, -2.003138403203658, -0.6061540957110831, 0.4397022549921438, 1.2232398798695228, 0.52350461871318, 0.8623512778752096, -1.5352639846479619, 0.5348653893801658, 0.9255055936780008, 0.8261451876363182, 0.41559856921436494, -9.498043824128925e-2, 1.2047412731901412, -2.8337678203386393e-2, 0.32383343968797446, 7.241833491322776e-2, -0.41033885929107444, 0.4907357531139157, -0.4302472315180985, 0.8643430583987843, 0.13191077858770733, 0.770326743667133, 0.849170835911411, 1.0911808414019808, -0.42425313447418783, -1.244253036092677, -0.7292474385943942, 0.48512830565089227, 0.6367292796311158, 1.5248021238299336, -0.3407558869893567, -0.1827568125686863, -0.9251741624400952, 0.8821400706484668, -0.20791469774409224, 0.4915826481448653, 0.7497084185886835, -0.2709229314828155, -0.5481773825126053, -1.3688830576975857, -0.8280738704083908, 0.3847201681407676, 1.0043754083022345, -6.250767373038528e-2, 0.9087368967586273, -0.5796517546838261, -0.44885027550728224, 0.27020049630719845, 0.9388227103521859, 1.1032532562732833, 0.4518095573977658, 6.1092526141296e-2, 1.1716366710102135, -0.4974614254117143, 1.096316497846668, 0.7566195765853715, 0.9368337859219547, 0.8564254069174204, -0.7550695417967738, -0.8761185429352534, 0.8101989373098363, 0.40947344029844696, 0.5313399940747049, -0.26804890245048646, -0.3151261813282395, -2.083844757591687, 1.2725082035140178, 0.17230681663510994, 1.1922955773626098, 1.3788003222534782e-2, -0.15203193843828183, -7.286372291590791e-2, -1.6217538147581128, -1.3611029538646278, 0.9062924910990189, 1.285264336264379, -0.31872496707842923, 1.5017352200839365, -0.36523154389781626, -0.14219038551794455, -0.10987188183468996, 1.2335180041425575)
