seed <- 112
log.wt <- 0.0
penalty <- 2.8115950178536287e-8
intervals.send <- c()
intervals.recv <- c(56, 112, 225, 450, 900, 1800, 3600, 7200, 14400, 28800, 57600, 115200, 230400, 460800, 921600, 1843200, 3686400, 7372800, 14745600, 29491200, 58982400)
dev.null <- 358759.0022669336
df.null <- 35567
dev.resid <- 226524.926022449
df.resid <- 35402
df <- 165
coefs <- c(6.578008516264214, 5.926385738217217, 5.541024691785057, 5.324502457429673, 5.113764978806159, 4.810765680179479, 4.73678965417153, 4.629824998165205, 4.351967722777848, 4.284666129583854, 4.208333137293885, 4.162195618131394, 4.009673906537009, 3.937990237462036, 3.756398553099181, 3.5442798079429423, 3.238727160927716, 2.960969469155215, 2.470358134946356, 2.077769460991725, 1.6434888684425857, 0.8807846834915336, 0.968097927037564, 0.49075043697590626, 0.9603366574831943, -0.8505840484577865, -0.21949915717413454, 1.0271658789771296, 1.1596576054184085, -1.419673416951519, -2.3677652759845444, -2.356024403799807, -0.22179524239028445, 0.7045561247908723, 1.3193957580958728, -1.4593732059686955, -0.5810178445806918, -1.070936357827146, 8.702920141757204e-3, -1.050600674465619, 0.9943213600498602, 1.1351798982823287, -0.8475288323394898, -1.9452759787342269, -0.729850640113892, -0.6886085363674274, -9.422487404687897e-2, -0.4798855072226669, 0.19321318290998166, -0.627154990847727, 2.2442873893546142e-2, 1.0949332577306863, -2.784889377447963, 1.8419572919694276, 0.7699365356230022, 1.1201292352399748, -2.464013740576596, -0.1314099325070006, -0.687150715124602, 1.7711822853408636, 0.852938510135648, 0.5365243667427929, -1.8582158471815087, -0.8792661912639413, -0.7747208374665545, 1.2765198032177605e-2, 0.6134901401006763, -0.41490051919235416, -1.8422750775704484, -0.4714386449493156, -1.8042991654798317, -3.89058374088133e-2, 0.5112439240562161, 0.8562470344096706, 0.7004148018403512, -0.7705761638035971, -1.2738075967368128, -0.9883010176182822, 4.9935069179126886e-2, 0.6951222850941664, 1.334238552446514, -2.3377856532792916e-2, 0.18233111422210854, -1.6815422530783137, -1.4926041518209328, 0.3614273996199026, 1.2288123959697044, 0.6672811010479991, 0.9813704580421772, -2.6935462627168865, 0.40877441540688825, 0.7043020673087855, 0.834201197569995, 0.3219469897629072, -0.21732216139414545, 1.3907561871724332, -0.33858644670374655, 0.14741794835977362, -0.11060738367062305, -0.6021093808931776, 0.4125757669764118, 4.3362621500151785e-2, 0.9230419786945345, -0.37752253917714723, 0.5739123554232565, 0.8339493760680411, 1.0795190783201591, -0.4516424443184743, 2.2839947837201665e-2, -0.5648700256669534, 0.4218475635416018, 0.6563492058237212, 1.671068004467807, -1.1476510396685227, -0.21720436869964474, -1.0257206529108516, 0.7796460369678755, -0.2828000900598811, 0.4092207065305915, 0.7685851272563359, -0.458779081314192, -0.3547004619859261, -1.1158512281179496, -0.4943367519286005, 0.2764461792486497, 0.9515575069696892, 5.661449429954981e-3, 1.1197472861140076, -0.33738427257221315, -0.44502889769305704, 0.3000319959303655, 0.9750173043535034, 0.9300077317334491, 0.4295901338824136, 1.1514071415233184e-2, 1.1685084546717386, -0.27755538468185054, 1.0252165443337473, 0.69480325516086, 0.9940501421092478, 0.8980819240521414, -0.7153666795252333, -1.2710447403263772, 0.6942757793290382, 0.3958774835679164, 0.41710872248507946, -0.32337539421430406, -0.4838329272171871, -1.9701856307709125, 1.3845486912553642, 0.11495665394326539, 1.2751200740741049, -4.639392866985093e-2, 1.679346352114604e-2, -0.1845549237647966, -1.9792178724311322, -0.995469913304061, 0.7199302792858988, 1.2338143835562572, -0.33351580867916225, 1.5857194529007064, -0.14541601538771595, -0.14810102051465396, 0.2109730038739242, 1.2216328354334596)
