seed <- 113
log.wt <- 0.0
penalty <- 2.8115950178536287e-8
intervals.send <- c()
intervals.recv <- c(56, 112, 225, 450, 900, 1800, 3600, 7200, 14400, 28800, 57600, 115200, 230400, 460800, 921600, 1843200, 3686400, 7372800, 14745600, 29491200, 58982400)
dev.null <- 358759.0022669336
df.null <- 35567
dev.resid <- 225807.44219674202
df.resid <- 35402
df <- 165
coefs <- c(6.72504335524769, 5.972323327809402, 5.798059990955131, 5.4006542670609665, 5.014873752346168, 4.8796956103414635, 4.857875550202937, 4.5866613520620625, 4.480522726003682, 4.313444920754997, 4.31255860648719, 4.155650148239735, 4.024813383942073, 3.9938323608067368, 3.799252817826876, 3.5668050385601804, 3.2833549941151556, 2.964103871062951, 2.51684459216941, 2.0965633339102356, 1.5743869270442856, 0.8664328810613909, 0.9459247049625499, 0.3495918612580626, 0.8181171272421475, -0.9143359712374559, -0.191838945810985, 1.0286843932357879, 1.040887885393174, -1.298550290213024, -2.4309610027594752, -2.708636818083576, -0.2109449583142981, 0.7011286909661487, 1.1418205617059043, -0.8521702086743225, 0.3983972917614813, -0.8908875790740274, -0.2293575472282473, -1.2419186919003222, 0.9330815982903343, 0.6520538387973385, -1.0233333458137523, -1.873312292862693, -0.6650496193028619, -0.7492621548931075, -0.3246872016777721, 0.24081176262408602, 0.2751143848847231, -0.8372017231432567, 0.27261270019069533, 0.9787164189918249, -2.7517293646992727, 1.6503012094430893, 0.8703658200126931, 1.0996312805059978, -1.900964916610855, -0.13269911450290278, -0.40018986379366334, 0.8114437688670795, 1.293883107924333, 0.7303273210091494, -2.029222591254704, -1.0527479325928983, -0.5424255002281831, -0.12101756187499402, 0.7548732796866832, -0.5894753505011192, -2.0007447688476367, -0.617364766854595, -1.9476715960644049, -0.19328207223045563, 0.6088707889633402, 0.8013989493966687, 0.6333498240096969, -0.8866185359464335, -1.04679130780917, -0.9544149737435996, -4.50863039029714e-2, 0.7933593513948292, 1.147822716318312, 0.12435686795177689, 0.21756897317258733, -1.6050264251814408, -0.48707501958743266, 0.2267449452845586, 1.2149377077405816, 0.27021906317527217, 0.9235758721271565, -1.2595444608446622, 0.5602127797969465, 0.8332666399629898, 0.7904287686282138, 0.40948925435654665, -0.22870714119576438, 1.4712306112551126, -0.6291995956027657, 0.8051203684053371, -1.6736740673789847e-2, 0.28859966726636394, 0.352449881943075, -0.223386692237716, 0.7785889902222322, -0.1120991474184606, 0.639314324225574, 0.8325883518051505, 1.0345012423013358, -0.4366330461156731, -0.8911109863060115, -0.8589815421357877, 0.28597043946563916, 0.696943424318714, 1.5351255323448936, -0.8383387503755813, -0.199598698863763, -0.9498710528967721, 0.79357636834265, -0.19067435860803614, 0.3372868019600795, 0.5214115618831222, -0.7086240323523213, -0.655323628234353, -1.03228507912681, -0.44460631696793834, 0.3107535604878001, 0.6809101778586135, -3.0578182584209697e-2, 1.0785164663662357, -0.39090746493313155, -0.5081952204516236, 0.3137204602390895, 0.9490600298860878, 0.7638829174228541, 0.36903724146598965, 9.958254266664882e-2, 1.2016683477521448, -0.2567414741167859, 0.9519183009399546, 0.7482848113940734, 1.0240570495092574, 0.758935546467662, -0.6376616005842771, -0.8954057046885078, 0.6257961728240038, 0.4383649585369963, 0.4938816573784826, -0.1430735808663557, -0.4636631321420307, -2.0297146017146774, 1.1420891221719272, 0.1776964131317073, 1.2585486351068393, -0.17135453115879498, -9.813883024628298e-2, -0.194161236921386, -1.8822340163956788, -1.8806209428873555, 0.7302199608847737, 1.136061270887607, -0.37527670519048384, 1.5315279179817125, -0.38201991992145107, -0.16046456032018447, 0.14601523891654267, 1.2098885351850397)
