seed <- 312
log.wt <- 0.0
penalty <- 2.8115950178536287e-8
intervals.send <- c()
intervals.recv <- c(56, 112, 225, 450, 900, 1800, 3600, 7200, 14400, 28800, 57600, 115200, 230400, 460800, 921600, 1843200, 3686400, 7372800, 14745600, 29491200, 58982400)
dev.null <- 358759.0022669336
df.null <- 35567
dev.resid <- 226869.79501264796
df.resid <- 35402
df <- 165
coefs <- c(6.696798392471318, 5.622818426693244, 5.679663775942648, 5.319611962179432, 5.05045822695362, 4.699364248148597, 4.818572806340419, 4.646277987444625, 4.312002156547931, 4.233827252324925, 4.230535726878358, 4.170464494769549, 4.0041319887136, 3.9375552074716826, 3.7579508230937497, 3.5448321806809635, 3.24721068096499, 2.9166994389271017, 2.5063292725092956, 2.0228247782831295, 1.587940810907753, 0.8479620490207094, 1.1308400669571543, 0.3977072608684905, 0.7443381317862594, -1.3095094246100254, -0.15802921100641737, 0.8404429481845502, 1.1045285517923185, -1.1634955210579327, -2.4251220159709757, -2.348663460367919, -0.49535513348345245, 0.7160293058677272, 1.4784195745634416, -1.0906435105617718, -0.39486147829714735, -1.2285886379472977, 0.12608873134558754, -8.742326505150456e-2, 0.8950840468512132, 0.9942898898760743, -0.8886380618323847, -1.7248508083547842, -0.7518081969875463, -0.541120448828444, -1.2899540608556317, 0.20606075315455177, 0.8585836916674767, -0.4248398112110564, -3.9547450453850226e-2, 1.0208326388596987, -2.218226469680345, 1.7030070095711294, 0.7677126031322916, 1.09477764286916, -1.7060876420728555, -3.036825179016588e-2, -0.3870394032881488, 1.4480746535199367, 1.1719196701942638, 0.418599282088226, -1.8555409910129492, -1.079760010255015, -0.9390874430838699, 0.11621259953634767, 0.6799191503317481, -0.33779435195970015, -0.5922789475327366, -0.5789212231950861, -2.0860738127664464, -0.4592911639925305, 0.34410937392773594, 0.9705442225010955, 0.6881273421537354, -1.2222298562251128, -1.4786124553272073, -1.4956569809708997, 7.29834756257169e-2, 0.6317588593560505, 1.05546462789822, 0.11825968646464192, 0.4491304782699026, -1.1618069910210795, -0.9328084893362483, 0.5082354975449148, 1.3319011882199099, 0.293128639710437, 0.8884878940168222, -1.997630598702809, 0.4665925806508346, 0.49359287631657534, 0.6903742104220677, 0.2981594294742312, -0.6223905559763214, 1.2039849001918583, -0.36065536947709415, 0.6362090826612246, -0.2285959730416123, -0.12547465131584537, 0.3343132107899362, -0.4708616025620692, 0.8208248554147478, -6.541160389838993e-4, 0.5105227441342166, 0.8267370245525776, 1.1900994144874524, -0.6713334681507976, -0.5851317993753131, -1.0861273300096934, 0.42866560408100945, 0.47652131875286075, 1.5807120986336503, -0.6131251899051453, -0.39308454120395, -0.9111428877786905, 0.6931070905882893, -0.40229155191810834, 0.6907302365142225, 0.4476909950775981, -0.46114395861968616, -0.3013743620943195, -1.3698104675065426, -0.38291975089583097, 0.3236713402055755, 0.7330700055450106, -4.043585780078129e-2, 0.9778372190349341, -0.8307761409927935, -0.4126632417429981, 0.3906998638228447, 0.8332212666331292, 0.6948967245239255, 0.4295049774940568, 0.19872436049441516, 1.0598556001099337, -0.25544036759257593, 1.0901166304899415, 0.7529279270328492, 0.8432835045862873, 0.5783793629884054, -0.7068958713323065, -0.9046621175643182, 0.7000807208425534, 0.41624259485423626, 0.5491926789984911, -0.37070268173040205, -0.581963933991802, -1.7764282227225894, 1.325609858433312, 0.3218365423285397, 1.142748753743602, -0.23410600863945435, -0.13488690657268748, -3.979968416418588e-2, -1.853745416561954, -1.49548909184841, 0.8381538245843811, 1.2487195484570393, -0.21100967788233987, 1.5409978161170304, -0.22153610025293557, -0.13551665770863486, 0.13910676859352938, 1.0825640336776388)
