seed <- 1071
log.wt <- 0.0
penalty <- 2.8115950178536287e-8
intervals.send <- c()
intervals.recv <- c(56, 112, 225, 450, 900, 1800, 3600, 7200, 14400, 28800, 57600, 115200, 230400, 460800, 921600, 1843200, 3686400, 7372800, 14745600, 29491200, 58982400)
dev.null <- 358759.0022669336
df.null <- 35567
dev.resid <- 225823.49946080803
df.resid <- 35402
df <- 165
coefs <- c(6.4074831126146465, 6.106911533626293, 5.63761928832998, 5.213581965737498, 5.110675315614976, 4.85065184570741, 4.76623415854413, 4.682309178264182, 4.461657767870778, 4.2303412198713435, 4.302167295637384, 4.156137596352918, 4.053569011948238, 3.990424878687841, 3.6944472566981856, 3.532668364751442, 3.2609886087701283, 2.949463419162944, 2.4929528926075277, 2.0462144422199535, 1.653633360242046, 0.9254061590176713, 0.9521736618898874, 0.2999581638142343, 0.25597647999103124, -0.8959164274286174, -0.14149236282984543, 0.9887669333678514, 1.0915345771975509, -1.3373618763112627, -2.170761518697758, -1.946745530162359, -0.2934138973563524, 0.7381272892619093, 1.2879597777537228, -1.2153666757746133, -2.2493876596375605e-2, -1.2853538804045799, 0.13227412194969934, -0.35800257632338794, 0.9778581741222098, 0.9868595945223417, -1.3479207503533535, -2.2766739344021403, -0.925564556645987, -0.909798203466322, -0.7078128461808433, 0.25893858890881666, 0.3095832055857235, -0.7240685925412592, -0.16400613480803442, 0.6864791514749395, -2.7814271020830432, 1.8567103012117152, 0.7675584924283928, 0.8766068537082577, -1.9763027720061628, 3.037797342875063e-2, -1.0906269669875468, 1.2647131733232966, 0.8686573012255699, 0.8615731429866194, -2.514999370392684, -0.8765938426107235, -0.8153830643918094, 0.233291123407123, 0.714189568555748, -0.4142753263325046, -1.1820680752255213, -0.4314617884153382, -1.4013793252863453, -3.012078163759311e-2, 0.4647002693311189, 0.9898985677859405, 0.7650395736193889, -1.047901325058521, -1.0873657365400295, -1.075159700295007, 1.3147371391997498e-2, 0.5811100179225865, 1.100996235312889, 0.1414245383822617, 0.3712947063780073, -1.7302291442141728, -1.0381272150703376, 0.2481098584103792, 1.289046632746422, 0.33094404815459444, 0.8974580482493097, -2.074967465775287, 0.5107415738992171, 0.742065430916787, 0.8237046414551964, 0.3306832807435326, 0.20477879676260902, 1.321766002286382, -0.9980025290236164, 0.28318112317268285, -0.25420932286771736, -0.751988023667642, 0.505041508325437, -0.8963976872432307, 0.9058747984110741, 0.25885247349583046, 0.5858641953767352, 0.8327591624426272, 1.117657238456007, -0.37291074448351114, 8.27243274571288e-2, -0.9626392043610899, 0.469430269253846, 0.625241037666443, 1.5985645217412527, -0.615794908760018, -0.21005300577143604, -0.7715565914549914, 0.7427005658983638, -0.4235280861942561, 0.5818515248877444, 0.7216397723105937, -0.2911372992478432, -0.2740773133906384, -0.6171970846515737, -0.2721855374153163, 0.30844087334676235, 0.8361014942402758, -3.4068882612829636e-2, 0.9131721929589108, -0.4985287362738153, -0.41403962007241507, 0.20846317256152785, 0.8382483252814137, 0.6993109280897295, 0.3984727893679368, -2.6835136734384913e-2, 1.1719465724624747, -0.4296657646041302, 1.0155216002698464, 0.7514639810550091, 0.9052621996608832, 0.6859139218412299, -0.6823973937189345, -1.3363922777568749, 0.4248994387748586, 0.20833051976495376, 0.5938028625194461, -0.13960401343970313, -0.303297534754518, -1.8478851774050695, 1.3547852940810783, 0.12140073263381095, 1.0966185290875445, -0.20174650093097496, -0.1375533114095953, -0.18796746247790005, -1.7815361185897478, -0.5395221115070931, 0.7670170738831645, 1.2025528281545543, -0.1934089032962253, 1.5828291420417508, -0.2835877693477248, -2.1572360939942484e-2, 3.5563684601161626e-2, 1.138444978554377)
