seed <- 275
log.wt <- -10.902051481380957
penalty <- 2.8115950178536287e-8
intervals.send <- c()
intervals.recv <- c(56, 112, 225, 450, 900, 1800, 3600, 7200, 14400, 28800, 57600, 115200, 230400, 460800, 921600, 1843200, 3686400, 7372800, 14745600, 29491200, 58982400)
dev.null <- 358759.0022669336
df.null <- 35567
dev.resid <- 225543.42026248717
df.resid <- 35402
df <- 165
coefs <- c(6.692452008664015, 5.986994054473736, 5.632544305807046, 5.327066256604158, 5.028260923440701, 4.88942413394081, 4.7796317340818595, 4.6022567358733015, 4.361660776267171, 4.231094322276084, 4.397690103769779, 4.1672810535882485, 4.015308452944283, 3.9604006439397104, 3.7649945318617455, 3.5483033973890366, 3.2578957471031784, 2.9403185401853356, 2.501596891189959, 2.0282909125595863, 1.5059433052617783, 0.8865557513533204, 1.095847340036057, 0.2792890995636648, 0.7072204690304816, -1.0426405111708787, -0.16641471106292377, 0.9545731607767056, 1.070674009238041, -0.8781424311310128, -1.9279778787110824, -2.074540769593849, -0.43572410803312805, 0.7480451390419405, 1.3017950265330982, -1.359026337153813, -0.7680939850754622, -1.6532010002303612, -7.787513073029219e-2, -0.7967131560277692, 0.9205912892164743, 1.0228396267204407, -0.766673908285991, -1.7835944950668419, -0.8764997970660852, -0.5736040280418404, -0.7989839090883799, -9.893432654021392e-2, 0.31515217379393745, -0.8558119013059851, -0.5100968864294434, 0.8586927692206677, -2.475825869074389, 1.744923548189848, 0.8139987593933649, 0.8905937456394408, -2.071402317708358, -6.501444844312931e-2, -0.3051458527725194, 1.349130921110368, 0.8549773846178013, 0.8858171391684743, -1.5367895367205457, -0.8724917910357025, -0.47422277020766984, 2.6588338754002287e-2, 0.48902432675592183, -0.4251097060656286, -1.5864162429430653, -0.6894861730024296, -2.157090061665619, -0.5846261659768354, 0.54592587960686, 0.8447855147116813, 0.7186300660145059, -0.9438975495757415, -1.3425099475780722, -1.2507562528912872, 1.5871392912753222e-2, 0.6084858434620875, 1.169781476090543, -2.9341628189249114e-2, -0.203735658724734, -1.61022958035969, -1.1350567655269561, 0.5177231681392579, 1.274228003516717, 0.33067919582947286, 0.7941325979233259, -2.102490042539142, 0.4702206739952871, 0.7399506714730478, 0.9061201282278912, 0.44141838757866403, 4.389107926954999e-2, 1.2494233230342988, 0.1650406824287098, 0.38838164663790087, 8.717289164140622e-2, 1.778443862037137e-2, 0.325672000162992, -0.3327914557634497, 0.8044928070316952, 0.1256023283272533, 0.8914032234172997, 0.8595715851977199, 1.1562781057794727, 0.20666190423107106, -0.11840755136302039, -0.7121177933820406, 0.39494065610392914, 0.549900964263175, 1.5769204948203712, -0.7208316850688334, -0.320909513583982, -0.8314810644506144, 0.7572063797897438, -0.3620313847817194, 0.4308972996915534, 0.5865509287847657, -0.3384059148080423, -0.20204707561377086, -1.2984584031533366, -0.15581248782189053, 0.28115523513606955, 0.8362493676567909, -9.961716682351773e-2, 0.8696946142969862, -0.619691590624778, -0.49058475775290905, 0.4100682387977531, 0.8674479579582565, 0.8239137790849216, 0.4630025808792254, 1.759536959237081e-2, 1.1108964015429463, -0.41319994734078547, 0.993469381068805, 0.7008704103817034, 0.8314022285818307, 0.7978228859525947, -0.6638748227938567, -0.9551003159448023, 0.5778873870712696, 0.4078018326329235, 0.4705761000127563, -0.12825310143000004, -0.6872361263229307, -1.8133311649818953, 1.1940470211949858, 0.1502651526622674, 1.115864688676187, -0.11838356740330419, -6.165362016648775e-2, -1.872129191138322e-2, -1.4635751117231683, -1.4600679844221514, 0.8955321321537443, 1.2253207826575618, -0.36637581946930353, 1.5499440726857105, -0.5331054161911546, -0.32956505572845934, -6.686808527994695e-2, 1.1857835303005682)
