seed <- 222
log.wt <- 0.0
penalty <- 2.8115950178536287e-8
intervals.send <- c()
intervals.recv <- c(56, 112, 225, 450, 900, 1800, 3600, 7200, 14400, 28800, 57600, 115200, 230400, 460800, 921600, 1843200, 3686400, 7372800, 14745600, 29491200, 58982400)
dev.null <- 358759.0022669336
df.null <- 35567
dev.resid <- 225059.75154860297
df.resid <- 35402
df <- 165
coefs <- c(6.641456222627933, 5.792046596401192, 5.793520909593905, 5.409699574081663, 5.007335433063917, 4.939483752901405, 4.755442385577578, 4.682559549193044, 4.419036758687962, 4.234716495887716, 4.291667981547483, 4.1816676650796785, 4.035097550898568, 4.0097360772881805, 3.7824583315934457, 3.5711856367274497, 3.248208469285448, 2.990176606490969, 2.5142543523666725, 2.04963675660714, 1.4932618139008271, 0.9016044542542698, 1.0903766054643746, 0.18338558022064744, 0.5578435679730909, -1.011184295836616, -0.21919894352095265, 0.9871047799095984, 1.0550729100189693, -1.7953289685333378, -2.647182974277736, -2.048085900996888, -0.3571407547377664, 0.7784239028928754, 1.3065772717470616, -0.8926789354666599, -0.6693106412076912, -0.8221887955087226, -0.10582882540990948, -1.021371975819543, 0.9137573423328625, 1.054373624510695, -0.44213411712658834, -1.584410790494294, -0.7130452469842757, -0.9084212748245718, -0.45986436299725647, -1.4535799215958644e-2, 0.22986045541780817, -0.4682829688142812, -1.739958327850448e-2, 0.878896712719815, -2.679877663626906, 1.8092641950150177, 0.6900722632140679, 0.8953394497117686, -2.0702407762349995, 5.710921569767397e-2, -0.7848545605807278, 1.264710657678077, 1.0525011160248643, 0.7090404758376697, -1.2442565965660155, -1.0784081883635885, -0.5932792552397433, 7.904108309993345e-2, 0.48265813643930616, -0.7146644973478079, -1.4095207644792016, -0.7638960134684085, -1.8110083011613596, -0.37335402671040313, 0.9517162780651134, 0.8868590490005922, 0.467259106262327, -0.7369122819898304, -1.4162088183045665, -1.3401036673624995, 0.16068630561105698, 0.5819155439027489, 1.1617690482535319, 0.1690769169400653, 1.185109035952728e-2, -1.6286018549902397, -1.0727156805258307, 0.3029014670923665, 1.2074898449558238, 0.31738490268618447, 0.8874912510308163, -1.815522906721186, 0.44090383466349964, 0.7480548398311467, 0.8444121747045804, 0.37724936007233933, 6.470056648246152e-2, 1.2710920763543108, -0.8395799539474509, 0.13185736294684866, 3.97005266584424e-3, 8.252994132660023e-2, 0.5290374449046615, -0.657435127088756, 0.8000911197801667, 0.44062851352969185, 0.6752529173145295, 0.8185205080867036, 1.1578448135147938, -0.7051127940396702, -0.4527157520094781, -0.930974711508161, 0.3416822439254095, 0.7172758897555984, 1.5772279547166692, -0.24386867925360683, -0.2505275506670396, -1.186836737831863, 0.7821407884769164, -0.39747283892982316, 0.5370850387930943, 0.6561098447216114, -0.29521855633689986, -0.5618248303295595, -1.440338646945832, -0.38163919273924374, 0.2931235381509111, 0.9416635941291744, 0.11692365141336387, 0.8226080150220801, -0.778206470992866, -0.40419036149193927, 0.44623637786461195, 0.7456782355555339, 0.972793675997537, 0.398371240499142, 6.500393668048797e-2, 1.060782608312706, -0.3220373907847874, 1.1767128934164925, 0.732762891488048, 0.8995191591207966, 0.7799766942563011, -0.5556881841488562, -1.2721064638431137, 0.5730262854742266, 0.4228338691676365, 0.521626210015661, -0.1960817762513104, -0.3761964127926396, -1.7922987848973126, 1.3070701684310595, 0.11728078283938886, 1.132380280572909, -0.10788044262538152, -7.231568508036897e-2, -0.2868380756434382, -1.0797192695814886, -0.8580083786186893, 0.8437997966051121, 1.1376991874825768, -0.4494467830056545, 1.547991471698604, -0.5158662096430887, -0.2015343433774715, 1.3552124979668246e-2, 1.1924828330485167)
