seed <- 210
log.wt <- 0.0
penalty <- 2.8115950178536287e-8
intervals.send <- c()
intervals.recv <- c(56, 112, 225, 450, 900, 1800, 3600, 7200, 14400, 28800, 57600, 115200, 230400, 460800, 921600, 1843200, 3686400, 7372800, 14745600, 29491200, 58982400)
dev.null <- 358759.0022669336
df.null <- 35567
dev.resid <- 225184.11359556095
df.resid <- 35402
df <- 165
coefs <- c(6.0909224325925395, 5.61664893755432, 5.855110190794509, 5.427727265738079, 5.144610234577101, 4.80482921746312, 4.770627349718003, 4.682635149038573, 4.433582006291063, 4.278634091107732, 4.285621817110769, 4.181885852876584, 3.968258792605832, 3.9769246717230513, 3.782183049549312, 3.533584858999805, 3.2229023977959574, 2.9364831599145793, 2.5060309930370206, 2.089904642733036, 1.4893041163445793, 0.9382450718820758, 1.0397046826467438, 0.2064336292790308, 0.388490001062071, -0.9350587385929957, -0.218096733053059, 0.9983913681406791, 1.1256390147968875, -1.3062169105377779, -2.5743271778744803, -2.724801412588633, -0.3614187996874549, 0.8046142197745034, 1.3341133652827544, -0.9636147432482709, -9.05300511541722e-2, -1.2505236983504475, -0.11800590619735354, -0.7875003035452982, 0.9878547693783222, 0.7532953650744257, -0.9857709220163525, -1.8918118041281065, -0.5450836663139225, -0.6498993361857761, -0.24615233104457904, 0.47894491889454527, 0.5195012898739754, -0.5615997187686748, 0.1697956478597503, 0.6683003523877629, -2.923624234375699, 1.6731036342578844, 0.7984228827733196, 1.1739054441807346, -2.3476952460456575, -0.16035622647485162, -0.7060172763038034, 1.2816871792574942, 0.8265487880878076, 0.6522623721064057, -1.3982068015517637, -0.6687441360174272, -1.0457677042829412, 0.3666973839232832, 0.7115786277233905, -0.44088560346624045, -1.4070780530297495, -0.8196156154709928, -2.373671501548292, -0.2173768760968994, 0.5801137644369377, 0.91113812084708, 0.6144490992495691, -0.8246139060393802, -1.263075178083333, -1.5519209295941712, -5.739010410558516e-2, 0.7704000445963558, 1.3532196643786014, 6.0883961126183765e-2, -1.6461440483905847e-2, -1.6887828426395537, -0.4400654574970757, 0.35088948353183025, 1.2819383726059166, 0.5072435745467756, 1.0071265438931793, -1.9520455690130387, 0.5068993561188079, 0.9762800320116756, 0.8434125617856584, 0.34662639870140655, -3.698151917406741e-2, 1.2246826645392508, -0.3305411226406541, 0.45403722293608517, -0.22887058683437606, -0.3372853652172728, 0.437362374107252, -0.3160753963472417, 0.9920079050771279, -0.36011988526729244, 0.3344199091995125, 0.9061079274595861, 1.126635369155953, -0.23351281092416631, -0.6451006279161381, -1.1555195244076226, 0.33243336829548287, 0.611194908038984, 1.638224628605769, -0.5645593223579778, -0.33530458252287293, -0.8737256632718339, 0.8146496783527126, -0.34295313514078063, 0.5595435793298069, 0.31150534678251157, -0.7779142336481139, -0.5242644668823536, -1.247296785562301, -0.3631900271014457, 0.3524788891924936, 0.8511508081617644, 6.952592405234448e-2, 1.03858284089685, -0.4075044760128576, -0.283528207960238, 0.3426948248338923, 0.7607015890947237, 0.9798778641831439, 0.6205317374422177, -0.1352680754247735, 1.1510880091813753, -0.21623539956468033, 0.960444870953103, 0.786890449905632, 1.0472344259767954, 0.7851996966308453, -0.6544086546073734, -0.9149040664830922, 0.6056029211999069, 0.24117230708031193, 0.5848986838291637, -0.30643436523055206, -0.39407007924536736, -1.6811331767355864, 1.1677708251082344, 0.22137646368144098, 1.2399395537631168, -0.29753737082522974, -0.14571640310368925, -0.10850368621141947, -1.7662709761385982, -1.2515525218681103, 0.853208526309265, 1.2535627658434212, -0.5608143951293953, 1.5811494730682334, -8.164475962850096e-2, -0.13390882281268676, 4.500202729642547e-2, 1.2354161015674232)
