seed <- 406
log.wt <- -14.442386475101147
penalty <- 2.8115950178536287e-8
intervals.send <- c()
intervals.recv <- c(56, 112, 225, 450, 900, 1800, 3600, 7200, 14400, 28800, 57600, 115200, 230400, 460800, 921600, 1843200, 3686400, 7372800, 14745600, 29491200, 58982400)
dev.null <- 358759.0022669336
df.null <- 35567
dev.resid <- 224994.45539541089
df.resid <- 35402
df <- 165
coefs <- c(6.609302459270814, 5.67141130858763, 5.587302343583783, 5.290060070026597, 5.088371295485483, 4.84595439375031, 4.836630161611653, 4.588924615596444, 4.408840746701391, 4.250439197404031, 4.3284973776377695, 4.187186369578212, 4.017737470230342, 3.9467360175512627, 3.7876634991101494, 3.551308239319068, 3.2752530401631774, 2.965215302120702, 2.499819176522756, 2.051402639627861, 1.5831560928109423, 0.9075975834453762, 1.1416145812856318, 0.5217752758707115, 0.446689415809778, -0.8924724199719916, -0.13216285272204012, 0.9159389226960595, 1.2244028927365709, -0.5955086092402097, -2.877796641697368, -2.0353573360351636, -0.446367159798427, 0.7635476719704845, 1.3356674224511411, -1.2559621841945623, 0.296226467357294, -1.1002321828973525, 9.707370554951698e-2, -1.0916619513025778, 1.0502572499502976, 0.8603548200399027, -0.7169520425567115, -2.2194041324087683, -0.9478728150475947, -1.0742381066764755, -0.6024721750728864, 0.5185861425886211, 9.833023900919146e-3, -0.5182722254890566, -0.3332032505243035, 1.104231704511316, -2.7362467835704574, 1.8842481181258712, 0.7741033254277185, 1.045125208857368, -2.4312984326987745, -7.122922744893832e-2, -0.470475784004121, 1.3212270066261982, 0.9337620933764254, 0.8638061059754973, -1.7864019668304254, -0.3569418491418995, -1.45464524965403, 0.23616790871749685, 0.6349794057109954, -7.557303246109386e-2, -1.6012062892854586, -0.6021033806330937, -2.3758117669831385, -2.413205705059772e-2, 0.6827077783298555, 0.9478412291224844, 0.7701112431879302, -0.9215887856843377, -1.2627529377450557, -1.2558318716448251, 3.9871062838372544e-2, 0.6709112921831919, 1.3194509198679258, 0.1457030499542257, 0.20166156850597877, -2.027582566689626, -7.541238110511299e-2, 0.27945787005032646, 1.3257008798462515, 0.5826585020052827, 0.9148595433938435, -2.4722468360044236, 0.5178927179734724, 0.6035099681528721, 0.8842980781268868, 0.4497070557404577, -0.37932513938422047, 1.3236834876028385, -0.9594865845993815, -0.3040035135808205, -0.21326222465526767, -0.2844226298720803, 0.6455850632850878, -1.207054865100422, 1.0144044624488482, -0.20642950032008378, 1.009364252755396, 0.8607802702359926, 1.186223518728315, -5.689048441877491e-2, -0.44938571198302263, -0.7198537470024187, 0.3909396198715339, 0.5185606537424746, 1.6849400112756694, -0.5834346512532211, -0.1767735343037519, -0.8338882162105062, 0.8093299528213133, -0.1749317431482933, 0.7429081558063982, 0.3865955011106274, -0.6019278105830144, -0.44015396213810387, -1.3382256916103774, -0.5707451389658366, 0.42924115250220707, 1.0000028485767136, 3.9689409703932685e-2, 0.9593998756185527, -0.6174973481868001, -0.5156097175479749, 0.2944194472916545, 0.7951394783182921, 0.7725863172298236, 0.3761859729500821, 0.13598082539742473, 1.0991303681560156, -0.41138959024683464, 1.0805869704169275, 0.6882636010346744, 0.9158032003246703, 0.8079762101690269, -0.5914090749342474, -0.9334125256726741, 0.5712183972072891, 0.44830613852946566, 0.621920750228977, -0.16760539508520372, -0.6024403459624632, -1.728965057452374, 1.3551669864043239, 0.15650553277690243, 1.223906667287453, -4.854733189070444e-2, -9.781438095757602e-2, -0.1409973029520609, -2.0736579969710283, -1.5038987462630313, 0.8857761227523774, 1.251055107574905, -0.3927194501819405, 1.644713705524626, -0.30245081903818116, -9.418729935701035e-2, -4.800399498851411e-2, 1.2623699631670657)
