seed <- 249
log.wt <- -12.911379843696336
penalty <- 2.8115950178536287e-8
intervals.send <- c()
intervals.recv <- c(56, 112, 225, 450, 900, 1800, 3600, 7200, 14400, 28800, 57600, 115200, 230400, 460800, 921600, 1843200, 3686400, 7372800, 14745600, 29491200, 58982400)
dev.null <- 358759.0022669336
df.null <- 35567
dev.resid <- 226097.4782179956
df.resid <- 35402
df <- 165
coefs <- c(6.525901189738862, 5.654586413338004, 5.536337624312434, 5.275584900619643, 5.080546302708625, 4.817652250044171, 4.773587943882449, 4.644713832215265, 4.385447009490786, 4.233492207984859, 4.2967837340365955, 4.156745786960307, 4.048296644624301, 3.967585631250599, 3.753809700597608, 3.5183450855984604, 3.268146000729161, 2.9955551553446136, 2.504969949137821, 2.1130883932827, 1.639988495669122, 0.8650928365023193, 1.0273221978086178, 0.5165732905173078, 0.6075798973994154, -1.8937500351104424, 3.766584544032002e-2, 1.0467659836213532, 1.1333837757531653, -1.372728506411622, -2.5536115192809192, -2.2862573107545177, -0.3938104851065987, 0.7126234797489193, 1.2745878981219496, -1.2827652253803001, -0.8913338968430465, -1.6735531269910557, 0.16936223126418393, -0.8645400444867878, 0.9509409322433746, 0.5337088596509322, -1.3198354185036802, -2.4961680398540853, -0.7075346489096463, -0.7348501622347483, -9.392478805346588e-2, 0.33614222217128126, 0.5102824749930633, -0.2795372628780883, 3.6540935093173814e-3, 1.1298032515285248, -2.9452745548909642, 1.5890729304738604, 0.8840818293230724, 1.076584949396112, -2.3429015478119983, 5.0187887250942524e-2, -0.7264301642023939, 1.1385098045999609, 1.3750056917941473, 0.9441486978150222, -2.1828043625026616, -1.4498650619630027, -0.6156161535378001, 0.14337864216851456, 0.6752341103873382, -0.20933520615723258, -1.8258537647940265, -0.6471239650127939, -1.8699891222591227, -0.1616856897939759, 0.49937448959154007, 1.1140641092237138, 0.7166287795708602, -0.4972957196154742, -1.4358462928436542, -1.3097675316075286, -1.7460710467556324e-2, 0.9183463520114162, 1.2463275191247736, 4.434713700342707e-2, -0.20681469696501803, -2.3414897992872246, -0.692862958032673, 0.2869277734284477, 1.2636725605579098, 0.4884250316144583, 0.8952249445312519, -1.7562563495933436, 0.657754282292682, 0.9129345937300839, 0.8585726294049751, 0.3890060482041869, -0.12443194874232588, 1.3045966358760708, -1.0882326544080159, 0.6450343640040447, -0.332505079854984, -0.4474317069154618, 0.5180515301233312, 2.2742508756985972e-2, 0.879804118586327, 0.12202444604905278, 0.9006160216604543, 0.8364287941722206, 1.086683265479327, -0.1606700345016215, -0.2688675822211319, -1.066290966281221, 0.4159357314697169, 0.45066449637584916, 1.6565783677199033, -0.6910526038354236, -0.16667128409794243, -1.5750098596576363, 0.8436821739322635, -0.367068571305258, 0.4205072850969818, 0.983586795409525, -0.16713962185935002, -0.3118411388570848, -1.077622894691638, -0.5350841449650502, 0.41505081246974, 0.8275284957762029, 5.066610228621336e-2, 0.9716419888566507, -0.5361302749766744, -0.3693972412701945, 0.3454140883769267, 0.980262981215913, 0.9488837872916592, 0.6627292029204254, -2.6777596888291973e-3, 1.0923516846731516, -0.33532244256547333, 1.0776663344960222, 0.816430927162543, 1.0946097897617804, 0.8725547112277814, -0.6550687102663927, -0.8630859204072862, 0.7592636263747943, 0.5884053008334624, 0.6250702531130538, -0.19729057253465757, -0.1856207716885557, -1.8479253119372394, 1.2692104539143803, 0.17661131800929217, 1.3751077781707435, -0.1385589788914956, -0.12417753279266286, -0.26983809425420946, -2.07232460720179, -1.4210949285390786, 0.9469981296131419, 1.1859814274603633, -0.2281729981789507, 1.6107543929342603, -0.3335032337890721, -8.300375569734053e-2, 9.55205184477382e-2, 1.2230366451401102)
