seed <- 212
log.wt <- 0.0
penalty <- 2.8115950178536287e-8
intervals.send <- c()
intervals.recv <- c(56, 112, 225, 450, 900, 1800, 3600, 7200, 14400, 28800, 57600, 115200, 230400, 460800, 921600, 1843200, 3686400, 7372800, 14745600, 29491200, 58982400)
dev.null <- 358759.0022669336
df.null <- 35567
dev.resid <- 226467.84809403078
df.resid <- 35402
df <- 165
coefs <- c(6.537256622086758, 5.798441824983264, 5.555529648625932, 5.428496461848058, 5.034756687361131, 4.767275408559021, 4.704871780179054, 4.560729677292715, 4.337132067189735, 4.291762158018304, 4.269144699104532, 4.184076831876249, 3.9887896381704326, 3.922444865965767, 3.7621648315458174, 3.4955195825285275, 3.2629823313235313, 2.9334536862988023, 2.521369147592609, 2.0755578253105877, 1.438124813500552, 0.922801389190355, 1.0331881901063495, 0.217308651837192, 0.29775919771829373, -1.7556427646668773, -0.2950313501897096, 0.9644186814271304, 1.0131244970912694, -1.185883805989413, -2.6274076506757114, -1.7344345803898387, -0.3437646410338609, 0.7902954651646612, 1.3202245522622398, -1.5006449730599263, -0.28587945374528667, -1.1907055296497258, 0.3288383717359719, -0.6006983324815349, 0.9869377684592923, 0.8998982141893365, -0.7727052924421414, -1.9951600070096296, -1.2242666390648553, -0.794720057396666, -0.685474031378612, 0.43331057646465815, 0.6446403559400881, -0.36901482312822015, -0.2833685172485928, 1.058240340711554, -2.7800857788078845, 1.6121649799617233, 0.8153574638492304, 1.0269796626957606, -1.911123952531624, -5.765387512720534e-2, -0.5338446923847958, 1.382123640835864, 1.2242167232941499, 0.8283420250754366, -2.250077859797089, -1.574567913896146, -0.5602822471143245, 6.1072517200672166e-2, 0.46684500596264533, -0.48688078131956425, -1.6069049073588417, -0.6942796346576867, -2.6091280467243, 0.13174203161107825, 0.2763550056096525, 1.0855327528545726, 0.7773665961581129, -0.53992252305946, -1.0787780897694483, -1.1661373505241233, -4.952956243140911e-2, 0.6397202703693161, 1.1994800813043944, 0.1507674442760684, 0.3557333963531249, -1.501577673060968, -3.774045817766922e-2, 0.48257013975247975, 1.2193721864289704, 0.4223697516648934, 0.9344227194960317, -2.1898744346201497, 0.4077265056609063, 0.6405676542494606, 0.8482356092418756, 0.3750128906047524, 0.4190485938255478, 1.0648336260147089, -0.7193231795810724, 0.1576243585705639, -5.11415611046375e-2, -0.15999358891231666, 0.49763377162490924, -0.12350130956403328, 0.9224150560144125, 0.29363239949178943, 1.0096391494266144, 0.8461584301100958, 1.1726651558730543, -0.25466261052196093, -0.3320861481116453, -0.9963974361547016, 0.4579612561958123, 0.6799563271500215, 1.5948733470807166, -0.4215232334888744, 5.313672031289038e-3, -1.332467134544559, 0.8658816593317697, -0.29817386495424264, 0.35160089975407566, 0.46078319810457774, -0.9439901950906686, -0.4160870309419121, -0.8874323441821456, -0.5836920090767862, 0.2587704712066745, 0.7156313670495403, -1.2106489834629681e-2, 0.8695772521813245, -0.691299080381707, -0.4726681953954985, 0.4176259221957373, 0.8302123238538173, 0.7413137851061152, 0.6079798968522806, -4.9894197120081515e-2, 1.1267424941212307, -0.3886381116082047, 0.9682109776738708, 0.7096699731231213, 0.9622976784559599, 0.7533925456681291, -0.6631903675840061, -1.1394302895292898, 0.5373462685864975, 2.55951015326622e-2, 0.6130959539377149, -0.22607784234983214, -0.4316277437194952, -2.061265313192691, 1.184067740955743, 0.23761779334683003, 1.163149738154633, -0.10850521678855343, -0.10434962423054964, -0.10220965035313424, -1.8007750606655495, -0.890860734494637, 0.9527024574983567, 1.2594852614731462, -0.36122548392909526, 1.5832869655333925, -0.35412566284438757, -0.10319647460451788, -4.6982152334621885e-2, 1.2092353921866346)
