seed <- 476
log.wt <- 0.0
penalty <- 2.8115950178536287e-8
intervals.send <- c()
intervals.recv <- c(56, 112, 225, 450, 900, 1800, 3600, 7200, 14400, 28800, 57600, 115200, 230400, 460800, 921600, 1843200, 3686400, 7372800, 14745600, 29491200, 58982400)
dev.null <- 358759.0022669336
df.null <- 35567
dev.resid <- 226111.80804293332
df.resid <- 35402
df <- 165
coefs <- c(6.599356884667318, 5.806865312460979, 5.846357000519532, 5.375062082259956, 5.078596832784031, 4.860556750359633, 4.846203819425171, 4.575539885198199, 4.392662786863034, 4.276294842641985, 4.316416848699729, 4.169615903694399, 4.021962655720173, 3.977019397936635, 3.724791968357082, 3.5283433859161253, 3.247151228514669, 2.9361952399032276, 2.4997120529837944, 2.133511979053427, 1.5418690272882736, 0.8716398827650691, 1.12933792322353, 0.6317257502889377, -0.14813837607122005, -1.014198118060222, -0.16881173375714423, 0.8816917901830545, 1.1233286968064504, -1.660442563436211, -2.12281428901715, -2.236461454312072, -0.438776874436072, 0.7074487812145874, 1.3600729448278361, -1.19232455774465, 0.7039967562361208, -1.155972456532039, -9.376258799776076e-2, -1.0490494336067486, 0.9394508391597469, 0.9774784082657284, -1.28588340766955, -2.2542001979256745, -1.0170524844693156, -0.5961548720775203, -1.178916880050296, 0.16437061709879933, 0.37321984437092315, -0.23957294225487719, -0.5300012703846747, 0.994898604244069, -2.5060519063429108, 1.7218957652384763, 0.8693100398841778, 1.1944948620805158, -2.1232278535028755, -0.19601243915657923, -0.6121916537524474, 1.5730950977172118, 1.0633633313149977, 0.5769705750748263, -1.5815190004000035, -1.3285608288943878, -0.5565062236900262, 0.2472888023054177, 0.6030741094529604, -0.3757901692732083, -1.2783391108426754, -0.6168864268164359, -1.8657570880531011, -3.464165483087148e-2, 0.4284992561466046, 0.8996608678905053, 0.7241645163194539, -0.6350565945005564, -1.1000063822596629, -1.3147061217152929, -0.11373863591738162, 0.8228420291196146, 1.1055235735049023, 6.335841809448963e-3, 0.29998164779232367, -1.9342061909075623, -0.34548548161372183, 0.371526748137617, 1.2808053130780548, 0.6738534896880672, 0.9371290392032601, -1.9818356502529808, 0.6438946975501546, 0.6251843817825992, 0.8038287521825853, 0.38169470480201256, 5.151563087475051e-2, 1.3475922655790853, -0.39818568961525225, 0.4205036882236778, 0.16812961374504518, -0.2844258219547394, 0.2725307062993305, -0.4409406563377144, 1.0857015636937035, -6.303519019774502e-2, 0.9783903058926318, 0.8003445779394994, 1.1144435543590012, -0.2087009205545183, -0.9362502390739729, -1.0692616207389196, 0.5100087443571478, 0.5514285685099831, 1.5684973660623842, -0.15472949264005842, -0.37598495277675054, -1.4990264042666002, 0.7377153865166453, -0.3989758416003441, 0.4641373590965569, 0.28217960133573017, -0.5038290186560896, -0.5144072351388281, -1.1633009495362445, -0.31139766810029856, 0.250678916197528, 0.7996622438121531, -7.733785822350826e-2, 1.1693469502541103, -0.6105369992505164, -0.4043459068776004, 0.3012120379622253, 0.7477656006077551, 0.7744536495331844, 0.445071260950476, -0.18067693840520618, 1.11555200681917, -0.4518756181887308, 1.0206796613802198, 0.743774628511813, 1.1639628200033183, 0.8566561421009331, -0.6348810975288967, -0.8530104484060221, 0.6062933666877256, 0.2174882728282373, 0.5079802629661556, -0.15674405277933576, -0.14777141911350739, -2.0495678517174922, 1.129436783064242, 0.2190664465987586, 1.356364335799525, -0.19382064854285969, 7.979279552668865e-2, -0.21082502787432839, -1.9831489752776157, -1.22913230539985, 0.7716989694816262, 1.1917083457606172, -0.4611626932740783, 1.5723924184699243, -0.343787179684015, -0.18906234208722553, 9.631803693548101e-2, 1.1796398108466204)
