seed <- 356
log.wt <- 0.0
penalty <- 2.8115950178536287e-8
intervals.send <- c()
intervals.recv <- c(56, 112, 225, 450, 900, 1800, 3600, 7200, 14400, 28800, 57600, 115200, 230400, 460800, 921600, 1843200, 3686400, 7372800, 14745600, 29491200, 58982400)
dev.null <- 358759.0022669336
df.null <- 35567
dev.resid <- 226586.82465990353
df.resid <- 35402
df <- 165
coefs <- c(6.533579298081884, 5.929423972821901, 5.63022149235543, 5.3622049482961955, 5.060875355364496, 4.849818195540672, 4.737748662663281, 4.664763829827983, 4.34260926406577, 4.2490655976133, 4.295921586067849, 4.108795019464161, 3.9956219639628974, 3.968604574110233, 3.7458122625983354, 3.5244975372766074, 3.2415385182408447, 2.9277014845479474, 2.4849862202196418, 2.0658120233617487, 1.5910765261782864, 0.9198709745067999, 0.9969002151670977, 0.44817605826747625, 8.400231297514159e-2, -1.0484081319830445, -0.17437663906390172, 0.9297375434678457, 1.0832524273197717, -0.8763406132866458, -2.278504390911933, -2.348634926825073, -0.44121838646079364, 0.8030946046975808, 1.2884492967369334, -1.2549612976140985, 0.172137339069089, -0.6682187343246392, 0.20963063032511864, -0.4263287252522775, 0.9472912264907147, 0.947249750716643, -0.8657207647598131, -1.9241048475557119, -0.9747989543387383, -0.6676676197571343, -0.22015505856432988, 0.30339771841891905, 0.5836944285595381, -0.7461804745607115, -0.40922224922301415, 0.7958627695712062, -2.572320006370977, 1.5677498074676344, 0.7750866445115889, 1.116967971914922, -2.4272608912283644, -0.2992052370491192, -0.803006710257289, 1.487061499952743, 0.9214600364085082, 0.6804253000744185, -2.2506759283320155, -0.9317133068531811, -0.726220632962827, 0.12754445025779088, 0.7294515367007991, -0.586540462817233, -0.6809354461877726, -0.6477399509770292, -1.9606818050531336, 0.11517478579755785, 0.45535581578244083, 0.9476281899134198, 0.7025055680405161, -1.1136067625817274, -1.0968989695178375, -1.672845516022164, -6.909978657342247e-2, 0.752197070130992, 1.1311119486711156, 0.16596937907696752, 0.1297458478668666, -1.9966100804863287, -0.17026599320878807, 0.47907045736266224, 1.2979855768155424, 0.4794823545518726, 0.8988833817864859, -1.4010327025531268, 0.3842744701786362, 0.7606028848376194, 0.83776893525287, 0.33827839910072205, -0.13498563429805757, 1.0436183048822736, -0.14191387788479254, 0.10555566827191866, -0.1587938422594654, -1.4281779926645954e-2, 0.4890620390192707, -0.130291605676135, 0.8233941623611033, 4.2670504957641686e-2, 0.5310056892362872, 0.8827776920563499, 0.9844464466046644, -0.11883459682949256, -0.30202776768941597, -1.0329412577385901, 0.4686191116569316, 0.5174531446193948, 1.5653228802593553, -0.7763078940756942, -0.3054056804934057, -1.0655051091680368, 0.7744467404712896, -0.2951364146137264, 0.44640089747156886, 0.5829931668561389, -1.4969623118641509, -0.47690613710998664, -0.7224047962133994, -0.5826643282838341, 0.2811678839079668, 0.7213355832827855, 3.942406706645426e-2, 1.012281279530828, -0.32821516385406246, -0.526641844142964, 0.3879408507298743, 0.7456160745410795, 0.7319728384800545, 0.46525150746527466, 5.096939732193055e-2, 1.0722957395194432, -0.3289299249973062, 0.8221335677120449, 0.737201455817016, 0.9789659428851154, 0.7133102582571047, -0.6568342461671309, -0.9544877167335923, 0.471409087003993, 0.259104740326629, 0.5587044639834002, -0.22899944144104534, -0.319757194879859, -2.0786586930684927, 1.145190594786156, 1.172565335821281e-2, 1.2478876636703202, -0.308470873827722, -1.676573673113158e-2, -0.16056662967057542, -1.8270407207902863, -1.0965575609542593, 0.7360191486458925, 1.2147626123726898, -0.40647945395223173, 1.5380483881339868, -0.4743854226095399, 1.817263274471378e-2, 1.3212028438623243e-2, 1.1732561440087892)
