seed <- 218
log.wt <- 0.0
penalty <- 2.8115950178536287e-8
intervals.send <- c()
intervals.recv <- c(56, 112, 225, 450, 900, 1800, 3600, 7200, 14400, 28800, 57600, 115200, 230400, 460800, 921600, 1843200, 3686400, 7372800, 14745600, 29491200, 58982400)
dev.null <- 358759.0022669336
df.null <- 35567
dev.resid <- 226076.23448825823
df.resid <- 35402
df <- 165
coefs <- c(6.782097267230524, 5.832727579682994, 5.6798216451538845, 5.358403579321008, 5.166984013649051, 4.885334451457818, 4.77135330438957, 4.67039068770186, 4.339559564642688, 4.261929880817676, 4.259546723571963, 4.15447112737087, 4.020882138416615, 3.963235562493153, 3.77181872318805, 3.5282401996306056, 3.268088523654587, 2.9554577697286946, 2.5190661627488695, 2.029596558331154, 1.5189412927255224, 0.8636395537822507, 0.8907321953622064, 0.1911478419317722, 0.6605515693225832, -1.1264250523418415, -0.254011771776507, 0.8228696232146416, 1.1448313844938425, -1.412270904151921, -2.3839226736953414, -2.6725531386717702, -0.3057671752371093, 0.6932150620780566, 1.2665908256005027, -0.8575399102987449, -0.9451052382322714, -1.3866610926086531, -0.10214196187752346, -0.8201927073913305, 0.8671425316650326, 0.816236936855168, -0.5703224569671466, -1.4954713005311875, -0.5267887777803485, -0.6425523485169325, -0.33193936603144814, 0.14732962777496855, 0.2079835951482679, -0.48399501525818917, 0.29570618040678937, 0.9235647576636132, -2.3850572426097036, 1.7122441429082906, 0.8171069936029258, 0.9837625849120275, -1.8091739639015993, -0.18654747045409142, -0.45484808922082554, 1.1964688930293093, 1.2807947473677108, 0.6656509818695718, -1.6917409005273283, -0.9089579485218654, -0.4223350315113765, 2.8380778005170575e-2, 0.6179155587935399, -2.5442906011465705e-2, -1.562168626654006, -0.7176739152823578, -2.363385460432409, -0.12440644661219677, 0.7268350588971114, 1.0196828762827979, 0.8209244116591587, -0.8904454078106557, -1.3715937341041862, -1.1244984666757638, -2.0749071387402566e-2, 0.7029594976245055, 1.1105510228739472, 0.1276026139882177, 0.24782014976614145, -1.3627203082364325, -0.4417940890276809, 0.3650336048729216, 1.2478834835281083, 0.7351957108469722, 0.8305509299327181, -2.0514277108739067, 0.4474291747288031, 0.765911621127686, 0.8382193324622081, 0.3839142618933784, 6.608530583341013e-2, 1.217596478034925, -0.31144460574794397, 0.5230474410215826, -0.3218818163925424, -1.4116063481966833e-2, 0.3333437247769296, -0.23744117052930294, 0.7440450649492613, 0.22126676302871537, 0.3990797962821254, 0.8535095819467287, 1.079181314708268, -0.8765953548302824, -0.6727242637147162, -0.9361549129380918, 0.44920016637227517, 0.5333080191227956, 1.6017119510119229, -0.5703219320265998, -0.34995672736984357, -1.6193949024058725, 0.7553327063896854, -0.3414502874631519, 0.47057025489877075, 0.4859029185027418, -0.6737167179950105, -0.49174377956785265, -1.4912810314436622, -0.6286216607274084, 0.4012897563061268, 0.7963997515246386, 4.545292763642345e-3, 0.9354406925384977, -0.7447199020590172, -0.39821746827492577, 0.29926135588322406, 0.803377061689863, 0.7290868125803761, 0.36521293101246494, 2.8553429589500544e-2, 0.9752075883814183, -0.4043325246449247, 0.9786695945743333, 0.7464908590797108, 1.0016712611032508, 0.7527841414095762, -0.5443935691323606, -1.1571490414872698, 0.617715036209063, 0.5340509260215635, 0.5114887522531141, -0.15716365722957923, -0.4578670700990682, -2.157190038025599, 1.2409301213501764, 0.12943841666682238, 1.1928046907874819, -9.993503353851765e-2, -9.104601456489393e-2, -1.2919444880515926e-2, -1.4382758371949884, -1.0945177946200058, 0.9748632654022145, 1.175953467691281, -0.26994484119712864, 1.561638292709229, -0.17690114096037132, -0.18202043116501815, 9.045136497980121e-3, 1.1925864797530314)
