seed <- 797
log.wt <- 0.0
penalty <- 2.8115950178536287e-8
intervals.send <- c()
intervals.recv <- c(56, 112, 225, 450, 900, 1800, 3600, 7200, 14400, 28800, 57600, 115200, 230400, 460800, 921600, 1843200, 3686400, 7372800, 14745600, 29491200, 58982400)
dev.null <- 358759.0022669336
df.null <- 35567
dev.resid <- 226422.44505240262
df.resid <- 35402
df <- 165
coefs <- c(6.471928870474211, 5.938486336696643, 5.507959833429319, 5.202611727441208, 5.1385108760708915, 4.843550184209809, 4.701671161280007, 4.615754914249127, 4.33554119409148, 4.3076582133460946, 4.2587474456520065, 4.136965303551949, 4.036016115433008, 3.9126042521193996, 3.7301020527842246, 3.50484114814733, 3.2684024841628365, 2.941684853240596, 2.4538885465184266, 2.047056835817232, 1.5315947472096976, 0.937861795942967, 1.1168658182713844, 0.27001772013323877, 0.28470599785992645, -1.3589919348760717, -0.24604118230748792, 0.8893293367785544, 1.078160889461349, -1.3454647667949393, -2.4316418407831337, -1.9842177562931553, -0.6983466139075124, 0.7552142871537977, 1.2499861566610235, -1.107557100382876, 0.39374621999199116, -1.1836112683436395, -1.8940122534230493e-2, -0.6179354419892635, 0.9025157445834365, 0.735622800748534, -0.7722361951951043, -1.5227952535644589, -1.1351489905515155, -0.8104900135287388, -0.521256098888522, 0.38537517937635213, 0.5657088930709199, -1.2967156053463156, -1.0658701518266827, 0.8571951267350312, -2.7328042353173725, 1.6982585079912502, 0.7358874862465811, 1.0280866302498377, -1.914621482853627, -8.698799262191888e-3, -0.25879896540846137, 1.0677771055277143, 1.1893026509633453, 0.878764124288987, -1.8378209798135212, -0.9101467622076131, -0.5836899569798504, 0.3288355667103377, 0.6874635549104122, -0.5079689607379763, -0.700951732332046, -0.6966494766559417, -2.5543855299765004, 0.10846225167082517, 0.3540748084023935, 1.1005049368005653, 0.9421786963553419, -0.8978153587631613, -1.0092426161204524, -1.3923649440549717, -7.203496693287326e-2, 0.7044404899012526, 1.1368490349116644, 9.193618011497273e-2, 0.12192860636448628, -1.5889533494779293, -0.4136717965215032, 0.3593777433734683, 1.464824619634525, 0.22816632821353638, 0.8479123929748325, -2.409101118612419, 0.48015869077976653, 0.7538841558340624, 0.7522682176327425, 0.3624124987999519, 0.26954048081248305, 1.335560588546127, -0.6897018095575431, 0.5881269294069048, -0.49529287844328446, 0.13670171517848598, 0.48684260067083707, -0.16563298598163087, 0.7299776757202837, -0.4360617672703999, 0.7768958332570123, 0.846556345898437, 1.1706008011807618, -0.8709799592085664, -0.1788156620679729, -1.02928846108279, 0.5966809745448798, 0.6050352255931021, 1.56790890043516, -0.5300828373628946, -0.22642423163272432, -1.1892610189582966, 0.7921652138773719, -0.2774156637201534, 0.4966574580378847, 0.7694483782587493, -0.555648474019321, -3.541429770138521e-2, -0.9448482238783311, -0.4222925544865802, 0.37456669314186314, 0.8726185287925973, -6.335672483135996e-2, 1.007821159227638, -0.47845188745028483, -0.47957990400670514, 0.2645984824606556, 0.9253383574387656, 0.5555788813549934, 0.5461882719010482, 0.16733470077986892, 1.0948771975262561, -0.30732516530309895, 1.1334983432848318, 0.7329359109708778, 0.8404820002138566, 0.6341996864007784, -0.6200225141082533, -1.327480998499992, 0.6045790067474823, 0.29134283639383457, 0.6159435556472964, 9.424983515344673e-2, -0.46514672644353255, -2.152128830246737, 1.2875096104609942, 0.18398339274893086, 1.2012299518514493, -0.31796018133704, -0.10112473662791568, -2.8256211015291223e-2, -1.8990681786299024, -1.7966225458710785, 0.8151160059319299, 1.3435447123354514, -0.4979680861347976, 1.5272835827002118, -0.2136967051818236, 1.5287247998442883e-2, 0.10436036954609493, 1.1531029023524635)
