seed <- 468
log.wt <- -14.421658319440617
penalty <- 2.8115950178536287e-8
intervals.send <- c()
intervals.recv <- c(56, 112, 225, 450, 900, 1800, 3600, 7200, 14400, 28800, 57600, 115200, 230400, 460800, 921600, 1843200, 3686400, 7372800, 14745600, 29491200, 58982400)
dev.null <- 358759.0022669336
df.null <- 35567
dev.resid <- 224718.55944468727
df.resid <- 35402
df <- 165
coefs <- c(6.360779415126783, 5.833475839273251, 5.736281907040804, 5.4446668265203835, 5.135576201770559, 4.898616308284427, 4.755748383515136, 4.648513297335195, 4.40732695369811, 4.303410239437712, 4.347459532307642, 4.174211861838285, 4.025126325692499, 3.9845060125543674, 3.7750335432586613, 3.5401237575685114, 3.2863360148067273, 2.942120984415681, 2.5345036254382873, 2.041720603832374, 1.71822452851573, 0.9246031330118061, 1.0583401062319495, 0.5011857756770082, 0.41218932591523316, -1.5157781988182688, -0.12491277297932607, 0.9541545959421137, 1.0925595855340307, -1.4396063744737848, -2.20303748873413, -2.777851355642518, -0.14265918172204897, 0.7601380093144571, 1.3697047360491474, -0.8650385483110654, -0.5243655725565401, -1.437135138748906, 1.8623254466244764e-2, -1.0555905429190202, 0.967103392157827, 1.0574102359300745, -0.6457453883622523, -2.1442752703705286, -1.3546348708299354, -0.7987090270966256, -0.6233337153797323, 0.16585550407812283, 0.5033337126552563, -0.7887584526795687, -0.1175510878560095, 0.9174810622068362, -2.736715836768936, 1.8050506414874428, 0.7629746431819628, 0.9800613618546125, -1.6888273150496598, -6.315181540838082e-2, -0.3928578456506417, 1.0135689852101508, 1.0639638085793772, 0.6452173473278263, -2.20454203776659, -1.1175160158357755, -0.43157945214351295, -0.3279904480083168, 0.7311017043486602, -0.3377956923707198, -1.610382080062845, -0.8385373193639194, -2.9908114079726413, -0.5165458861803055, 0.6730064396287287, 0.9945961473892587, 0.7534853437435355, -0.5839029127153892, -1.2966028320325447, -1.0903165019619536, -0.1257926620250086, 0.7698410962622726, 1.1998850479642993, 9.860339236848037e-2, 0.34279384391169726, -1.8294620751661774, 0.44474396133633726, 0.43883945420099774, 1.2402367969589618, 0.6268570370929805, 0.8790799738774606, -2.0586682985438505, 0.4149883165949635, 0.7503568958676935, 0.8213611249417057, 0.4333507075407687, 0.2901170563804266, 1.3308176594325667, -0.9078759203543374, 0.6199457468050454, 6.829958195679606e-2, 0.14441726530485122, 0.34058163999211294, -0.4647592274961893, 0.8172738685565201, 0.26459589697600144, 0.7399368348786359, 0.8653467667807194, 1.2414417415496168, -0.2572184286722641, -1.1595291425613494, -0.746967256926987, 0.41704834486250897, 0.6955131348146671, 1.6139764649146437, -0.44421106168871793, -0.20000640020898255, -0.8500550406419307, 0.7893311791599008, -0.2832081508366848, 0.5097592320750941, 0.47703246808726524, -0.5593027171522752, -0.20048576847396263, -1.2745708861017335, -0.9064867494429948, 0.2725725637861135, 0.913688962722332, -6.2223125892757726e-2, 1.0241964564219406, -0.5258432712649298, -0.3239763357717709, 0.38181715394806826, 0.8497274979429856, 0.8703861650091745, 0.40043467155855955, 7.126526810541713e-2, 1.0549215785584471, -0.3356086964801557, 1.1071784642166038, 0.6723140841733061, 0.9986701484817999, 0.7327528599687654, -0.655542523000736, -1.0746064804310147, 0.7941146141502338, 0.45743637787345665, 0.57856647349823, -0.12562826260476706, -0.5247720403474421, -1.953896140429731, 1.2387577563983792, 4.648384180865166e-2, 1.267341185677133, -0.14354248042350642, -0.1189168375381817, -0.11236442071202445, -1.6640375662485145, -1.2739864383730568, 1.0115249748678101, 1.278246457214918, -0.20507641265926538, 1.5885293375929797, -0.2965341485820824, -0.2083313934409694, 5.491431748414149e-2, 1.1826221524394755)
