seed <- 310
log.wt <- 0.0
penalty <- 2.8115950178536287e-8
intervals.send <- c()
intervals.recv <- c(56, 112, 225, 450, 900, 1800, 3600, 7200, 14400, 28800, 57600, 115200, 230400, 460800, 921600, 1843200, 3686400, 7372800, 14745600, 29491200, 58982400)
dev.null <- 358759.0022669336
df.null <- 35567
dev.resid <- 226365.1730729068
df.resid <- 35402
df <- 165
coefs <- c(6.615274223184451, 5.720826911244159, 5.660095607744045, 5.374748042108721, 5.037909315325365, 4.859088177964219, 4.788129438047285, 4.561964903416579, 4.353332745857611, 4.277942342353568, 4.309970190931627, 4.138606048667543, 3.9652604658851023, 3.9471311912696647, 3.751578054220669, 3.5322023905622606, 3.227512337941914, 2.928652887830903, 2.4696084199043766, 2.0463950842975165, 1.4746798154274385, 0.9123631617418124, 0.8530737976729593, 0.2656222832326615, 0.3369701948511343, -0.9216234779452707, -0.14758517065976717, 1.0265508023197367, 1.15685939193546, -1.025189842327554, -2.3337538650477776, -2.330155028915481, -0.2365875908885688, 0.7625806195587247, 1.0957880139558516, -1.4390616628200883, -0.7632436432307882, -0.9581124725802788, -7.25578948352128e-2, -1.0382015176031218, 0.846600308272686, 0.6154271236138705, -0.6107963568914292, -1.8889877397261823, -0.9684892657705324, -0.5938421982209781, -0.40983853438957873, 0.4746156585538688, 0.6199037619364495, -0.9356739142283235, -0.22167935844102207, 0.9628343165683564, -2.4729755811203824, 1.766119079359028, 0.8811791315910978, 1.1663071651203691, -2.123189039683726, -0.18307243095170295, -0.33594965388124326, 1.5382871359882189, 1.4326587359108975, 0.8766465681704217, -1.270721273288212, -0.6911841582557998, -0.675672419729625, -2.8103258908048706e-3, 0.6221322131013919, -0.34511520497608583, -2.1956485559993273, -0.6900576984788124, -1.8586558841694585, -0.5939490756161006, 0.6573071267686557, 0.9291043572139698, 0.6625633174098464, -0.7194795652927793, -1.3943802041021538, -1.2666169032559749, -7.51780419277723e-2, 0.7951459543654381, 1.258182065551959, 4.257355176176741e-3, 7.590227174328806e-2, -1.6649090738752186, -0.4451393960963533, 0.2656842392325649, 1.215900577160526, 0.2993457438097444, 0.9136367694369741, -2.4523325877974957, 0.5332265508421588, 0.7478117351358807, 0.9362648590900099, 0.44914580983390034, 0.1178600467694684, 1.249807259419114, -0.886141310345153, 8.053461216000302e-2, -0.23156198114698331, -0.25935007871232385, 0.3760610831584818, 4.647669705544953e-2, 0.873191797902011, -0.16707575233523603, 1.0578484851466006, 0.8464277698440085, 1.019829633315387, -0.36860934869823037, -0.6340013691014309, -0.8058065507357768, 0.3225312838689458, 0.6580836833864213, 1.6374431512321195, -0.3494253251924442, -0.33077336212257863, -1.0689042072740988, 0.7657223321578848, -0.20366818353056884, 0.41633178760869755, 0.6832583057607948, -0.3273767396592425, -0.2812934023643254, -1.1089174163505195, -0.6497040305764628, 0.3035366530663138, 0.7940513677732006, -9.347637883010779e-2, 0.9289556856343113, -0.525495214368668, -0.38834241342981995, 0.20619533195951584, 0.8344083648876273, 0.9015751113331723, 0.46765006286203076, -4.524885425284659e-2, 1.0518196017511292, -0.26054272327155836, 1.0914714235673912, 0.6543044514727634, 0.9970788096913494, 0.7804119615008942, -0.7772137937379955, -1.0326061289389061, 0.5431769057411832, 0.5307295523674603, 0.48903781314378586, -0.26215526796283034, -0.4233942498310537, -2.0294995799418163, 1.283875512221785, 0.12845631222962706, 1.2504317690954618, 1.4346171054553677e-2, -0.13857799780472277, -0.14793068164588846, -1.5226467525738423, -1.4232420247347983, 0.7938521650711794, 1.1594320384979795, -0.21732054756382616, 1.598933151063523, -0.5010462191264209, -0.24851245231942046, -8.54931858158437e-2, 1.2366337922087716)
