seed <- 263
log.wt <- 0.0
penalty <- 2.8115950178536287e-8
intervals.send <- c()
intervals.recv <- c(56, 112, 225, 450, 900, 1800, 3600, 7200, 14400, 28800, 57600, 115200, 230400, 460800, 921600, 1843200, 3686400, 7372800, 14745600, 29491200, 58982400)
dev.null <- 358759.0022669336
df.null <- 35567
dev.resid <- 226156.88706666598
df.resid <- 35402
df <- 165
coefs <- c(6.687008284747863, 5.7791375031871235, 5.669056177161512, 5.305667619910477, 5.099909175414765, 4.929918185676991, 4.764454095626273, 4.681742482772625, 4.322617694453503, 4.283416542756202, 4.346006245573045, 4.153438604682227, 4.009021126267165, 3.9842484831745533, 3.759160267679018, 3.5155054594181405, 3.2372777783816304, 2.959837239250696, 2.507364042284941, 2.08946278914652, 1.5173168781387696, 0.8691481798609864, 1.1163143974305962, 0.6147371365949053, -0.1453595897635206, -1.0666266223928602, -0.4292275256698445, 0.7923582458999375, 0.9738791555294889, -1.2283591486861, -2.7538326545506897, -2.1504965832837377, -0.6267698792895204, 0.7993706893030922, 1.324165897217075, -1.1025226129915908, -0.883035210597172, -0.9971283232712393, 0.33238005633329415, -0.6630465352822976, 0.8680915960635545, 1.0405473444994844, -0.623926152914026, -2.1358145852743027, -0.7131592957560459, -0.7955896101269272, -0.4865650757074796, 0.3761293648352798, 0.632852358450106, -1.0739138117647562, -0.158281100745028, 1.0058324674185959, -2.594567980508463, 1.712711920591021, 0.7674179731060432, 1.137092312259742, -2.161635985428369, -4.830455693306702e-2, -0.8006661226994598, 1.3436768855124888, 1.1695913333745789, 0.7496592730757486, -2.220065320724199, -0.9539803689088191, -0.38828151654649384, 0.3233928045564635, 0.6051079888912763, -0.4872608452503897, -1.028328583845336, -0.7967896444909689, -2.181575583439377, -0.7381658616905846, 0.47273755981770965, 0.7968489967868241, 0.8262136928383009, -0.9884576245245071, -0.9077811978308228, -1.2189629819812795, -2.439789055178724e-2, 0.7274805774440156, 1.1533554758409863, 0.17833362006331022, 0.14276143392490584, -1.7967219784828536, -0.16798556853146138, 0.47356793647365103, 1.2844715632742842, 0.42999172234276956, 0.7812470334995059, -2.431894142538166, 0.5142435990536073, 0.8317554712218078, 0.8599455316479218, 0.3371963353692649, -1.8240696368367018e-2, 1.2542488351383163, 9.60089592752204e-2, 0.5186867382618852, -5.4764007754022674e-2, 0.1451541235226481, 0.3299466486908969, -0.23885070782670598, 0.9200304279461772, -0.16082802638902247, 0.7287064153493825, 0.8298058397845713, 1.1319056053765535, -0.5995884976253791, -0.11113866576861345, -0.7912166119258408, 0.554921276704273, 0.35069858197295595, 1.5373569941687857, -0.8970610988033673, -0.14200453276955613, -1.0726123649558914, 0.7049004921930833, -0.27401274447002416, 0.6291690364631769, 0.7631883930810603, -0.40884488135957703, -0.3950147630443749, -1.1590434142089139, -0.25372067237258195, 0.2588292489980652, 0.8765519991416729, 4.597784859308685e-2, 1.0334150512550864, -0.5454451458251461, -0.3914121464646803, 0.2995765590109658, 0.9712576821687611, 0.7388535768281442, 0.4482816785735623, 7.673254897966848e-2, 1.0676269490070782, -0.44179012174597887, 1.0597969276699999, 0.7184535128743585, 0.9529947120911589, 0.6808162859984911, -0.690138568130254, -1.0357263240735561, 0.7904318345348103, 0.17697777544712945, 0.4880037690617623, -0.21015467840206026, -0.4792089952078182, -1.911588019000891, 1.3452231053449983, 0.17076420784047688, 1.2189820951225683, -0.21971615678465062, -1.7607393765329524e-2, -0.1211191271350335, -1.8766711810752668, -1.570657647172548, 0.8488517401656404, 1.1568169093742109, -0.4532478938679084, 1.4946581586821357, -0.3430960219681525, -0.1978343275189096, 0.10529218575886472, 1.1673308458991016)
