seed <- 1052
log.wt <- -13.997363959770027
penalty <- 2.8115950178536287e-8
intervals.send <- c()
intervals.recv <- c(56, 112, 225, 450, 900, 1800, 3600, 7200, 14400, 28800, 57600, 115200, 230400, 460800, 921600, 1843200, 3686400, 7372800, 14745600, 29491200, 58982400)
dev.null <- 358759.0022669336
df.null <- 35567
dev.resid <- 225652.48790508823
df.resid <- 35402
df <- 165
coefs <- c(6.654356329136089, 5.810584759580576, 5.602351239789074, 5.32734668289296, 5.138525074249547, 4.916636460275278, 4.833424497411841, 4.66515725651427, 4.377374265143589, 4.253771517077363, 4.319194383942297, 4.156482395196159, 3.961481867303112, 3.955263029788462, 3.755624861417411, 3.558465400604125, 3.2481260951909676, 2.9708302307094, 2.5122002108282904, 2.0563178742057877, 1.6643998522564674, 0.9058372763206777, 1.0103192436830946, 0.580204419006427, 0.17181800125537683, -1.46895321336346, 4.753799409186972e-2, 0.9475316049420607, 1.0445976667121157, -0.9676847422928544, -2.2589838888683156, -2.2835708689666943, -0.3404410047068576, 0.7810347916752016, 1.2807893208375751, -1.4231406361360288, -0.5624983847241384, -0.8432142662474869, -0.2201077543060472, -1.3227022869740814, 0.9459855206901803, 0.942118342353647, -0.8039511914381534, -1.3259410056971204, -0.5206789773443397, -0.5492295850330066, -0.2503696807829067, 0.421695447872803, 0.41312365460425743, -0.8172344692507756, 0.314941801701995, 0.8390572052793398, -2.154517465993171, 1.7940288490935428, 0.7466562212403526, 0.8930127592128291, -1.9463357591457338, -8.410017113861523e-3, -0.6033945245315323, 1.5693192890235503, 1.0188864768512722, 0.6708837328161458, -2.2608961812698136, -0.9150343720310056, -0.6884192723820007, -0.18280052152015205, 0.6834681791017637, -0.5794896047298369, -1.464185967820829, -0.7727826715349752, -3.0564087513063276, -4.062661005717992e-2, 0.5945518058945444, 1.0840761648982564, 0.6587251606405385, -0.8926526199280105, -1.660277736462372, -1.4668947271189496, -3.838593790417685e-4, 0.5399721208417287, 1.0911354996575993, 5.837091494721001e-2, 0.13718721475021675, -2.135910476749718, -0.4851187685457256, 0.4673720174645197, 1.2666352827391998, 0.4538848575817096, 0.869725939850927, -2.4558010403371675, 0.6139491377078473, 0.7710392641876092, 0.8533392357517627, 0.3139106617415382, 0.19204031740742672, 1.34609852208926, 0.1658235946820252, 0.2804741964123358, -0.30966919571973156, 0.22085962860811137, 0.46983724479116995, -0.2423368018138558, 0.7034120394827675, 0.17988590843577412, 0.7283348068924806, 0.8364764295429244, 1.1693131701789357, -1.0685929728889692, -2.814536725460181e-2, -1.1721961217483592, 0.511789412842608, 0.66309892973635, 1.5619831445200025, -0.40239743050840077, -0.19742305644576916, -1.0693222721197966, 0.742626716127803, -0.2514438731625361, 0.5897429010274409, 0.6888979036194033, -1.2391161935637045, -0.29851994951472616, -0.9886582181578044, -0.5948549211088409, 0.3082941118709175, 0.8708901532629328, -4.088074452020403e-2, 0.8751719495951126, -0.9165622162094971, -0.3508126602805778, 0.4170200453586143, 1.0808536090422263, 0.9254236182782859, 0.5087051325094736, -7.051530622696042e-2, 1.0938501530521585, -0.45453640457820454, 1.0739892893457463, 0.6728253369406425, 0.861037221185975, 0.7728132364918325, -0.8131357120463271, -0.9285271916157568, 0.6719169364453402, 0.1789499191178847, 0.6382153501715346, -0.19287884350630757, -0.45719305994088655, -1.7634060235899005, 1.3459019153619223, 1.8254293007961737e-2, 1.0797459925177415, -0.2061216272931624, -0.14981555505659389, 4.228793499319052e-2, -1.6907154312671226, -1.1536983565954853, 0.9503914258525441, 1.2430958471704354, -3.584511921691058e-2, 1.5207332745703832, -0.30901328582639515, -0.13694246682985692, 5.845853553657614e-2, 1.206076057598826)
