seed <- 994
log.wt <- -15.521322503532542
penalty <- 2.8115950178536287e-8
intervals.send <- c()
intervals.recv <- c(56, 112, 225, 450, 900, 1800, 3600, 7200, 14400, 28800, 57600, 115200, 230400, 460800, 921600, 1843200, 3686400, 7372800, 14745600, 29491200, 58982400)
dev.null <- 358759.0022669336
df.null <- 35567
dev.resid <- 225609.54784333004
df.resid <- 35402
df <- 165
coefs <- c(6.742949577975305, 5.655747421310595, 5.802675175948078, 5.360290499308334, 5.147225838734184, 4.879102450033077, 4.741771431071077, 4.67879031637701, 4.416159065838177, 4.28240314759849, 4.32312134058778, 4.206715183839349, 4.074290127252608, 3.957628832410772, 3.790260571148543, 3.5930764142182166, 3.2800225921495785, 2.9752488469698717, 2.514812584398833, 2.1283717709533043, 1.7094533106318597, 0.8890052746641818, 1.0228701289223656, -3.527247509145754e-2, 0.651069576997904, -0.836622578140395, -0.13324298083986366, 0.7702155954472368, 0.9749960649348673, -1.2575202298603527, -2.1813594588589895, -2.5122018998526903, -0.6297089084717997, 0.7574648596444526, 1.2332530163302409, -0.6848220225371996, -0.11671368235857799, -1.1328941614574124, 4.4451044839974925e-2, -0.4585060898981943, 0.8533299814897158, 0.7757083296232195, -0.8481191798243418, -1.8906133047731397, -0.6574286898460567, -0.7569360507110189, -0.8296787259083771, 0.2541152193845759, -7.353908022348955e-2, -0.4958594680143774, -0.22964658818179096, 0.9268603936021552, -2.4789705136010913, 1.6616991712171063, 0.7954237393244917, 1.1201428551961514, -2.243672215630651, -7.788162051010725e-2, -0.19841363527160075, 1.401694706398034, 0.7581862099283392, 0.7793080910457063, -1.4200518249524223, -1.1345869872069467, -0.3839954917892153, -7.068041708530443e-3, 0.6759699661931229, -0.3870618634602587, -1.5486536000703572, -0.7531138475946931, -2.02640939305858, -0.7580582817702525, 0.3740323612794363, 0.9432082534923576, 0.6474551012288903, -0.48139702945365775, -1.4103464619833104, -1.3267961802851065, -6.717031665358739e-2, 0.7099504086761227, 1.2539760985234494, 0.11828273521166091, -8.556763482668849e-2, -1.223939585645417, -0.6388800615364605, 0.3627239887165833, 1.1224238257924544, 0.5349662019671716, 0.8428477302822169, -2.3943928430235597, 0.6187848787827945, 0.6914362724456617, 0.8890232820592657, 0.31471571156103595, 0.13625153425180647, 1.2799679097698689, -5.098779101859313e-2, 0.529987861343079, 0.10390905911217782, -0.11065912828823146, 0.4257534637770702, 3.0864983114630946e-2, 0.7175711685974967, 0.5205221286568809, 0.7316142061964511, 0.82889692528961, 1.0710641729662371, -0.22459142441818689, -0.3142856965444784, -1.0766236035118208, 0.37332852230247976, 0.46126841598485985, 1.5216768115873966, -0.5174583677857074, -0.44227527749503415, -1.394821715129266, 0.8232812591264987, -0.24660790911461025, 0.5579451243236018, 0.5663623949392932, -0.6878415791780869, -0.6088718792218294, -1.2375641822045271, -0.5685489570447884, 0.4077960250958001, 0.934923026753736, 1.0094328824165688e-2, 0.9743108046868524, -0.5122674884131119, -0.44256557895820775, 0.29499767574529245, 0.7937922463582698, 0.8333080480737763, 0.24546639712339458, -1.5657411462274607e-2, 0.9898739030157307, -0.3878767038219306, 1.0595363038027523, 0.7074992572865723, 0.9252448735688859, 0.8214544755045077, -0.6278926851752897, -1.0503884617535206, 0.5187686581875003, 0.519959635347612, 0.4538145749482145, -0.3551778645873299, -0.4144425181165738, -1.8597635307795408, 1.2826263785314522, 0.1358774492034984, 1.206480080032606, -0.10516583719204471, -3.3678143072238625e-3, -0.12592380172080647, -1.8880173455750175, -1.2543079407673907, 0.8363625236765552, 1.0997732989521436, -0.5150438000087454, 1.4945526248079268, -0.2421225303797178, -0.12229655538015909, 3.661135995218567e-2, 1.1775474182138599)
