seed <- 124
log.wt <- -14.199278345075607
penalty <- 2.8115950178536287e-8
intervals.send <- c()
intervals.recv <- c(56, 112, 225, 450, 900, 1800, 3600, 7200, 14400, 28800, 57600, 115200, 230400, 460800, 921600, 1843200, 3686400, 7372800, 14745600, 29491200, 58982400)
dev.null <- 358759.0022669336
df.null <- 35567
dev.resid <- 226168.2089017782
df.resid <- 35402
df <- 165
coefs <- c(6.626871328421437, 5.849390348646993, 5.656062260460408, 5.314021710854124, 5.15992696716235, 4.808279155424495, 4.756130534447074, 4.594857096316936, 4.318679762774091, 4.359723144877466, 4.225966034502091, 4.177023063340555, 4.043250549469337, 3.9785634744855822, 3.7470859483880106, 3.5206648663217694, 3.223164685821667, 2.9197086070635403, 2.5141898366510635, 2.0703409621139004, 1.6073848325273357, 0.8792048337341926, 1.0847618428775667, 0.5188712974621262, 0.6605537525667577, -0.6506618993994763, -0.25156580438800064, 1.071513116740548, 1.0716533799849992, -1.0098723522977362, -2.3069630638529866, -2.219935818469887, -0.17239055512292067, 0.7149179480345077, 1.3960123977363768, -1.1412054672461258, -0.3397158921111228, -1.4318603315758263, -9.252367192148099e-2, -1.2256598455708174, 0.8685874284356694, 0.9685585349042796, -0.6745286190594932, -2.187692472364068, -0.7655250505370242, -0.7966853900787162, -1.1564354547839224, 0.19246386234897186, 0.4301121618485467, -0.8907664311589628, 0.6802069520239461, 1.175996036924609, -2.54094161085906, 1.7211485139830636, 0.7171025757612678, 1.1527709686585084, -2.14015612293627, -0.12851451687434978, -0.5780452126267946, 1.422474990037785, 1.0396110519201562, 0.7963392526430241, -2.0398546358440015, -0.6237412916324635, -0.7277471551146751, 0.1973584946265269, 0.6805824322215811, -0.17341732907941373, -2.0066282384995127, -0.7085545910839357, -1.837276429688172, 2.536143039458424e-2, 0.42692716212499837, 0.9924533915150285, 0.6881650130611762, -0.6386941291886165, -1.201011308151831, -1.4207683427638034, -3.485099228147682e-2, 0.6631269965216288, 1.2815103451729313, 0.10738429273034279, 0.2106365817940562, -1.6439560724701938, -0.9135475948272218, 0.25093549501440837, 1.1822286362162024, 0.6254186603540813, 0.8244039507269034, -2.6606121909732794, 0.40999692198485954, 0.5781582782969696, 0.8578139950381273, 0.4309385698005859, 0.18797442242967213, 1.4688369524243818, -0.331611483618378, -1.2639747051636861e-2, 3.2038187495010785e-2, -0.4335887922612484, 0.38614742479036723, 3.8443535680350645e-2, 0.7805435092258581, 0.2927274264996479, 1.0944919625752074, 0.8120193408107169, 1.2248944248033347, -0.8763966439004489, -0.4085948635155464, -0.7065160122142664, 0.46737734662291286, 0.7042866221885037, 1.5693576827949367, -0.6116456185707438, -0.21604067358738738, -1.0683886702138308, 0.7564937133286761, -0.1776783677969389, 0.4340736658029611, 0.4123592929461421, -0.9250214917640476, -0.2897276934793352, -1.459539254331193, -0.9150425053595255, 0.3809249232028322, 0.8858271607942125, -4.5173572406271296e-2, 0.9501016907134204, -0.7060088254071533, -0.3996042170378822, 0.3061714088347607, 0.8910204020592143, 0.8974554969017994, 0.5097659667587702, -6.571397878326826e-2, 1.1366465268353128, -0.36936087515364, 1.064201114330353, 0.7440810285317595, 0.8982670840276619, 0.7917142039888461, -0.5345414266420766, -0.9819024173479453, 0.6690110081192009, 0.44943688638131446, 0.5775553062229729, -0.3066071471185216, -0.6465592168968397, -1.766138132739422, 1.2932716582486765, 2.7544399095399897e-2, 1.1741680170065723, -0.18716501603691343, -0.19888647559665193, -0.29086522983181945, -1.9388410521756352, -0.9856051859072464, 0.8551227027253236, 1.1657883569671739, -0.23057518213355685, 1.5041242920827544, -0.4659105079620201, -8.22939456331427e-2, -5.9886171597363154e-2, 1.195849588435989)
