seed <- 305
log.wt <- -13.37455888864483
penalty <- 2.8115950178536287e-8
intervals.send <- c()
intervals.recv <- c(56, 112, 225, 450, 900, 1800, 3600, 7200, 14400, 28800, 57600, 115200, 230400, 460800, 921600, 1843200, 3686400, 7372800, 14745600, 29491200, 58982400)
dev.null <- 358759.0022669336
df.null <- 35567
dev.resid <- 226490.5459099418
df.resid <- 35402
df <- 165
coefs <- c(6.6661667216489136, 5.657811533249713, 5.494465076291457, 5.229060310308927, 5.14663659331481, 4.834931207757132, 4.768159947645685, 4.583849458531117, 4.362066116389157, 4.231807875850843, 4.270401019244025, 4.1388081293252466, 3.9975827695355717, 3.9456231499101815, 3.7698492904530316, 3.5137487827818505, 3.240814519133855, 3.0046114359656273, 2.4518492427513454, 1.9869369159641266, 1.5678786508680917, 0.9079752823256881, 1.1476170560039167, -3.499930951722402e-2, 0.2654064952636419, -1.0726854602493616, -0.34653630353899273, 0.9786153646125204, 0.9783528052157132, -1.2888916843445328, -2.511212090509769, -2.0040225953269877, -0.2863951894727485, 0.8024297626602888, 1.542435355361796, -0.9698509329953489, -0.3839245154063963, -1.4675820980192273, 0.12515252731735607, -1.029156568854152, 0.8511095563884831, 0.9785570936773311, -0.7292899299740944, -1.7154997941536663, -1.439314040453893, -0.8818595010409821, -1.7639556494661088, 0.12264575644858401, 0.34664829103265377, -0.28472295471668463, 9.345049900135809e-3, 1.227093313475771, -2.575354484180623, 1.7070777557832464, 0.6637680252410684, 0.9540481639803352, -2.103323519311496, -0.12605621966508126, -4.409000850485318e-2, 1.4542488620301106, 1.2422611621495672, 0.8696069248936164, -2.2219718593815396, -1.3009811737657888, -0.5189490174616525, 0.3024866607588088, 0.5546646133868379, -0.5540779721995905, -0.5398130254240934, -0.698950126827578, -1.623941403363383, -0.19432006186404915, 0.5686600723210866, 0.9374143483045243, 0.6977748587355153, -0.623827727180482, -1.3911378686820315, -1.5381079186332984, 7.31135213715391e-2, 0.7218450454822838, 1.1278434049507857, 0.1940810919534287, 0.1370541431037127, -1.730370337467733, -0.7728927355811352, 0.21738464855213038, 1.2943863508087121, 0.4639068139107615, 0.8611660482757807, -2.094875617344015, 0.5276433450513751, 0.5408352878562265, 0.8139329740602045, 0.3512979349105008, -0.7619402884521512, 1.0493528086133943, 0.10638759232432023, 0.44522337134167134, 0.17128633838319568, -0.3627185773544885, 0.5660457141961962, -0.3058599766322312, 0.9012909458087032, -2.228780532481981e-2, 0.5949922828030448, 0.8650257645026954, 1.261971583379934, -0.3090520793303062, -0.7976673620809299, -0.9205237256544248, 0.3512330448771983, 0.6083427024557105, 1.5220806296186287, -0.4219599252005944, -0.27733473733804026, -1.1241979348191493, 0.8468454336262117, -0.3050331287887946, 0.6562172040816002, 0.44014574897823866, -0.27262639169026015, -0.5886424983704819, -1.0019326161991091, -0.5199280485387772, 0.3154159389043221, 0.8751631966296884, -1.8554685617735565e-2, 0.9981211055131624, -0.8155984754950751, -0.4186968531403379, 0.4447661058076166, 0.7914749846196923, 0.599797032697502, 0.49776271913766684, 7.088897277767031e-3, 1.1186241935170282, -0.3969680964972052, 1.0192608109820607, 0.773221692107999, 0.9010699051853024, 0.7868379308861821, -0.6488583047185003, -1.1262166136468108, 0.3948291935849927, 0.33526993554869594, 0.5483003894174481, -0.31378081696336574, -0.3166132045816174, -1.6965591112747673, 1.2129100122498802, 0.205682800658399, 1.1761173770467679, -0.1924942334818681, -4.135570217118837e-2, 0.13008251569477222, -1.014104633100402, -1.2373195765787548, 0.8184643353631129, 1.2279545287830314, -0.24335708769647885, 1.4847978854970603, -0.4457604079264875, -0.16299350018623462, 0.1280492167601247, 1.2064864573126985)
