seed <- 596
log.wt <- 0.0
penalty <- 2.8115950178536287e-8
intervals.send <- c()
intervals.recv <- c(56, 112, 225, 450, 900, 1800, 3600, 7200, 14400, 28800, 57600, 115200, 230400, 460800, 921600, 1843200, 3686400, 7372800, 14745600, 29491200, 58982400)
dev.null <- 358759.0022669336
df.null <- 35567
dev.resid <- 226116.2923845959
df.resid <- 35402
df <- 165
coefs <- c(6.6336083183629295, 5.88033646889897, 5.630391045927081, 5.271791365342652, 5.035903387239452, 4.90207374903439, 4.767782811573197, 4.624021369776881, 4.313202449309705, 4.231593966759746, 4.293212756971359, 4.1532307128822294, 3.9701550632774323, 3.9570844752474645, 3.728277355229429, 3.5122148617754427, 3.2431272623926874, 2.9241487588578883, 2.4724032936588975, 2.0563971316423824, 1.5953980360061597, 0.949923022168472, 1.1806394433076355, 0.4646937235159339, 0.47572338037395767, -0.8098428634732715, -0.11255218013254596, 1.0726016997473184, 1.1263752413470263, -0.9360053374281903, -2.366650506919849, -2.6501271323683655, -0.31522265949572664, 0.7820952527326526, 1.5125376939269564, -1.5205068591694613, -5.206012369952433e-2, -0.5920903609296726, 1.744951953577783e-2, -0.5455375693145756, 0.9688514017952992, 1.0333369591091848, -0.7048760731801446, -1.6067849989759462, -0.7151128789673284, -0.6383728497767582, -1.152893674818559, 0.2565661203011066, 0.7022774873295632, -0.9661547518776361, -0.21209148685815324, 0.9962827025520634, -2.601848838614609, 1.704125657718808, 0.7271442461058657, 1.0851762230957303, -2.458990090332709, -0.39268894430175927, -0.6859947009807156, 1.4529813028103706, 0.8442734321229627, 0.7127866913312354, -2.5374452284331865, -1.5769877802095837, -0.5677312519496083, -0.11024213567514038, 0.5388435720495094, -0.47742346962681526, -1.263733510629702, -0.6502979650052827, -2.796108162989503, 0.11358548141168064, 0.3559037409885136, 0.930820651894206, 0.821226159830067, -0.8750386322529314, -1.3073814740247156, -1.5147079741368417, 3.731127243751222e-3, 0.707661676216869, 1.2812891026169246, 0.10352117703020598, 0.3188953604109425, -1.5093106022798557, -0.3992632550319541, 0.3604028441359049, 1.3246683663518122, 0.5611972186559031, 0.9152717926579561, -1.9584554574563986, 0.47056065225091537, 0.709275408177461, 0.8420246314663542, 0.25943987816450803, -4.532148953687933e-3, 1.4368287707746215, -0.43822303291448644, 6.721534048282145e-2, -2.321958630060589e-2, -0.4099391169968082, 0.388511289782449, -0.6353726504105732, 0.841385477723866, 0.3445390438857319, 0.5420913612047075, 0.8863330248616665, 1.2864839086548487, -0.5218426098346364, -0.829153237438443, -1.0648738992877849, 0.6082594612864534, 0.7109782057137883, 1.6472429364415788, -0.37583913427829735, -0.20388869087068992, -1.2916349577410569, 0.8200287528479019, -0.2672257606369444, 0.6251359798323256, 0.6052220077161635, -0.31019044770706405, -0.30522158995857424, -1.0977511233031843, -0.7275074700233116, 0.25260318071846777, 0.9106909298787224, -9.278869716188069e-2, 1.0580663654176266, -0.9216300700413533, -0.46141452216502576, 0.5164263710928281, 0.8858314455702221, 0.623348697125546, 0.5129597414181828, -5.911124601881177e-2, 1.2285423146296377, -0.3753440240654623, 1.0555636758691191, 0.7311178534137969, 0.9701469042332548, 0.886309047847234, -0.6336051781295259, -1.0426139825316076, 0.6629620019278639, 0.3364304936664656, 0.40801739475736126, -3.258082015829885e-2, -0.3135209268638758, -2.0352594254532845, 1.2506157842021746, 0.13050611377338492, 1.1933062433428443, 2.402669529827565e-2, 6.229286505758191e-2, 0.2420239130486414, -2.3270107827439923, -1.309067134815537, 0.7459808015072071, 1.3031481642005618, -0.12107064563762546, 1.5887091713648323, -0.42371031739261444, -7.50850744284863e-2, -4.220130565719382e-2, 1.278919618185337)
