seed <- 557
log.wt <- 0.0
penalty <- 2.8115950178536287e-8
intervals.send <- c()
intervals.recv <- c(56, 112, 225, 450, 900, 1800, 3600, 7200, 14400, 28800, 57600, 115200, 230400, 460800, 921600, 1843200, 3686400, 7372800, 14745600, 29491200, 58982400)
dev.null <- 358759.0022669336
df.null <- 35567
dev.resid <- 225753.04397435454
df.resid <- 35402
df <- 165
coefs <- c(6.715742531904678, 5.820814259650147, 5.6987929179886, 5.256670438999495, 5.025038733283107, 4.901055508265195, 4.78219793816568, 4.603008551598989, 4.3976780557544295, 4.264628750826255, 4.344675028990655, 4.1673454608971365, 4.023292685998116, 4.002247948428265, 3.746074332732148, 3.537002782077695, 3.2201282778304847, 2.9273110511090144, 2.507318632066197, 2.1079041613541816, 1.6029374531431104, 0.8621260241454215, 0.9239909917856977, 0.5202386208112032, 0.7519999044978474, -0.698331226185866, -0.3622738627287561, 0.899560250391651, 1.0769037710174942, -0.9042793350121598, -2.7042078661748947, -3.011525953081797, -0.1742872841820604, 0.7456328799325896, 1.185302630140705, -1.2006417649356234, -0.39379133632280017, -1.2660545741202027, 5.762111751897201e-2, -0.2836381874036695, 0.9359648090493401, 0.7722626870750687, -0.9002391283617345, -2.145496062666998, -0.8070701006499268, -0.6476672339993343, -0.7615341266985247, 0.5898096336290762, 0.16418947884512103, -0.6985850639780894, 3.300994366387031e-2, 0.9449824296533581, -2.599331244478847, 1.593195273260958, 0.8183644569705925, 1.2106180751558329, -2.4283911211626625, 9.68134646710749e-2, -0.3224703614820514, 1.1821941857909062, 0.9639382521338073, 0.8954690517911198, -2.0579909935553524, -0.5989161880923729, -0.5932293151274992, 9.444467724091431e-2, 0.6189256046058248, -0.20519258156415435, -1.4099022172283053, -0.7580974170332175, -2.3239588237867506, -0.3848807308357501, 0.5677045027613267, 1.0640390082107158, 0.7427454646145785, -0.5620015175831626, -1.4653783020422884, -1.3990588887479232, -5.187657989139486e-2, 0.7939639777887506, 1.169655933377751, 3.1991814682462906e-2, 0.32743202387211184, -2.1838328172133417, -0.759482559732307, 0.2961494192701245, 1.2352506183592808, 0.4354961341682813, 0.8393428494775409, -1.7676008067303228, 0.520063600227858, 0.8000700586042806, 0.8179239991857262, 0.3735648921719291, 0.31059102797205684, 1.3969468693179485, 0.15508902756938145, -1.216658663014259e-2, -0.2610840339219837, -0.7470259879100026, 0.38894415908251034, -4.367305523827221e-2, 0.9115686637351289, -0.20325411732430626, 0.6914204406416768, 0.8278334822255217, 1.0692077250775027, -0.2693890939555867, -0.5026285063837216, -1.002087073625685, 0.4213117444914144, 0.4362698017838463, 1.5896527587176337, -0.6143622947159048, -0.17002389343558932, -0.8982691509831234, 0.9073256606582359, -0.4467260388698828, 0.4962280977250329, 0.7805255809659147, -0.6449022527735303, -0.4755535674346982, -0.897131526971682, -0.6051778592143808, 0.28386827002407566, 0.7081653786314649, 5.172015883347139e-2, 1.1219829329284112, -0.673088685216386, -0.434371068490796, 0.29816638328187783, 0.8958681625470233, 0.7136379093637207, 0.517945280487263, 7.575165505998399e-2, 0.9619531825739368, -0.41895373299343963, 0.9826532711569274, 0.8217630061460467, 1.1261561508475735, 0.773093700264972, -0.6340824362899607, -1.0410606788333503, 0.6664184650633415, 0.36607920449815173, 0.5649762596186235, -0.24308342753935552, -0.4337639933459298, -1.5958725278568877, 1.0928767908655368, 0.12306348728859923, 1.3404896738758996, -0.1812652102192702, -1.7018363145963045e-2, -0.1618948890543229, -1.993257111185139, -1.3818336244569993, 0.8141990725968006, 1.2558733010089824, -0.447738065021523, 1.5580885051303281, -0.514623697786493, -3.9121509943939176e-2, 7.045699641955135e-2, 1.3145848845302406)
