seed <- 109
log.wt <- 0.0
penalty <- 2.8115950178536287e-8
intervals.send <- c()
intervals.recv <- c(56, 112, 225, 450, 900, 1800, 3600, 7200, 14400, 28800, 57600, 115200, 230400, 460800, 921600, 1843200, 3686400, 7372800, 14745600, 29491200, 58982400)
dev.null <- 358759.0022669336
df.null <- 35567
dev.resid <- 225565.55042462773
df.resid <- 35402
df <- 165
coefs <- c(6.656497199889542, 5.868360784540857, 5.783498213231386, 5.223756495015438, 5.09297031501815, 4.802800284413451, 4.728354269591223, 4.68958889183079, 4.397419128731803, 4.28326609161862, 4.30219783258307, 4.151894650126585, 4.004705315402547, 3.989926913989831, 3.757710490644291, 3.5312858410629917, 3.261849712622561, 2.9476343777038903, 2.492749464452224, 2.0674759443149062, 1.622667835553649, 0.9034910137816209, 1.2025808434656629, 0.6773258693298846, 0.5710717190658943, -0.9387285402253879, -0.38143939628583906, 0.902535107574833, 1.0944143680306804, -0.934729696677073, -2.17869045232897, -2.761193016475426, -0.13914859642123187, 0.7886098784605647, 1.2581295200857374, -1.4246740637481816, -0.18507930158292038, -1.702821185246345, 9.641025318190902e-2, -0.9013505186558544, 0.9742663768082156, 0.9390119550386415, -0.89960897977915, -1.8947821609413655, -0.6575203762511609, -0.5844163863827638, -1.0141387511280262, 0.18254059970491596, 0.2057695900412012, -0.6438993446572662, 0.14752564327759046, 0.8640067266927788, -2.855614302715432, 1.7054144507372127, 0.8694735938193693, 1.063411788873796, -2.1876161700682006, -0.21498203094529936, -0.1963897069220463, 1.091892220172631, 0.9587699916858332, 0.6305770721420143, -2.1069618443136124, -0.5898435295533697, -0.5303005662562357, 4.625092055468834e-2, 0.6258166945023879, -0.4484443500967943, -1.8202346847391602, -0.6918376641196963, -2.0658793847809194, -2.808093485657971e-2, 0.6626167872128619, 1.010492441595685, 0.6249917760439248, -0.5259352061785423, -1.144132461981712, -0.7539035024116928, -0.2340945025337269, 0.7867613498563786, 1.1741801559802758, 0.14224237479583673, 0.23463937811015226, -1.8874416271169518, -0.3496525026179732, 0.4011445915409933, 1.2705917184364646, 0.4038464598407651, 0.8862856133813342, -3.0110460876092415, 0.49944539989539405, 0.8000500283048347, 0.9165283991208892, 0.1437489936540586, 0.33805764726209836, 1.3588982812378714, -0.7024963899285793, 0.4199943153340314, 7.322882757408279e-2, -0.35055769177950175, 0.4461157203325973, -0.7956817045535161, 0.9614042279335239, 4.2888414078607655e-2, 0.7200236224675164, 0.8416286197416497, 1.1483569509572649, -0.21935415658115115, -0.8185815576546406, -0.7406904918395177, 0.44373695614834185, 0.4918579412706549, 1.5793731345030115, -0.3146191127793199, -0.2254544489530579, -1.3889349317987743, 0.8640980438712949, -0.2863128385531966, 0.350507602412327, 0.737630316526496, -9.044601878185737e-2, -0.39207292097152424, -1.0825611519283052, -0.49321227496902625, 0.354656144028102, 0.94448267879144, -7.760715146412176e-3, 1.059190727142392, -0.6500860097252353, -0.38863095385578966, 0.325797921374154, 0.9853369508211219, 0.694023428544399, 0.47833283964906537, 4.3221291559207106e-2, 1.0007920374036414, -0.40949351769374487, 1.0804082427912873, 0.7041706731971048, 1.1062505997653695, 0.8708004443417111, -0.6145796283204606, -1.2446087102463776, 0.7389977643745838, 0.15773766862908795, 0.5781331211853983, -0.27469765553762276, -0.6764285740402274, -1.9273986165248498, 1.2755657128551752, 0.11480189903832187, 1.3565704983940297, -0.3353662693202416, -3.896137825635756e-2, -0.33705331059004257, -2.2130712198646436, -1.1037334146133255, 0.8995381014928863, 1.1459535818438056, -0.12571047760615758, 1.5318281080881355, -0.18115385673765236, -0.2295033896447322, 0.2782310528970234, 1.2443414407434301)
