seed <- 804
log.wt <- 0.0
penalty <- 2.8115950178536287e-8
intervals.send <- c()
intervals.recv <- c(56, 112, 225, 450, 900, 1800, 3600, 7200, 14400, 28800, 57600, 115200, 230400, 460800, 921600, 1843200, 3686400, 7372800, 14745600, 29491200, 58982400)
dev.null <- 358759.0022669336
df.null <- 35567
dev.resid <- 226246.9366533627
df.resid <- 35402
df <- 165
coefs <- c(6.509250562000651, 5.4966553896142, 5.586297043950851, 5.5439784394806235, 5.161161673197638, 4.96599970461243, 4.810214387762066, 4.626912022090414, 4.357888471528607, 4.263121808741294, 4.365483676065365, 4.1783590701555235, 3.9991265515153667, 3.9497905953076935, 3.7255990969060653, 3.5172075072638735, 3.2609218389441317, 2.9427473544685325, 2.4904283116107115, 2.0929394299496473, 1.6298850654496821, 0.8906137373411784, 0.9800820688927891, 0.5240816962602112, -6.484013975042942e-2, -1.59035587650529, -0.26601191726826573, 0.8915655524694174, 1.1204173073618162, -0.9417780618122836, -2.2992908468552753, -1.9761288306242428, -0.4330106801499307, 0.7313938499891529, 1.2928518774452826, -1.125548954687977, -0.24960512983912747, -0.5608229074803509, 3.0290852079940988e-2, -0.8549889703422172, 1.0475613706284626, 0.9254728458025792, -0.7896899913400673, -2.1465899842875893, -0.7449032916257886, -0.5605186198654949, -1.2869013319018581e-2, 0.5963081600654365, 0.690154181514711, -0.7671477487640921, -0.6581092497345703, 0.8390917721154533, -2.466214885843917, 1.6588924963331042, 0.7356289282148312, 1.175749482443593, -2.1974767817443794, -0.37991152626897007, -0.5093156344716981, 1.1024752473286217, 1.2733944453052355, 0.8193355568019514, -1.7738120492876674, -0.7460548341915476, -0.7815785548019282, 0.2050694451435074, 0.6238270585519445, -0.5121617258189423, -0.7191342344482137, -0.5048381648836463, -1.773640498408662, -0.25947798088417273, 0.6263501780494662, 0.9564283111641412, 0.8265069224474151, -0.9624793731026261, -1.471014047469815, -1.7191929405850028, -1.3791130445376292e-2, 0.6563641474305374, 1.1275585666479317, 0.12852093456479066, 6.948781565851427e-2, -1.8394574623335704, -0.38837124053082617, 0.2243362256372238, 1.378488588722097, 0.4246355937421261, 0.8760507299921448, -1.463950628476001, 0.45555049633494915, 0.8725660408658673, 0.7304064836012272, 0.42185999498085053, -0.6394911625858016, 1.5511012955371224, -0.5770352608356552, 0.380344986497314, -0.11332843963649389, 0.2208011172361933, 0.2821404880447, -0.8975509423636563, 0.8830506224997837, -0.2907711574567487, 0.5229358748354379, 0.7699077243835472, 1.0526466326589492, -0.6238982465526377, -0.5573388636432534, -0.8625138000997519, 0.4452804551781176, 0.6627321208864367, 1.6439997862897668, -0.7311219024050248, -0.2986120636612501, -1.0105725474556433, 0.7285167718369949, -0.3477843856989618, 0.4959766393825689, 0.6005586083982394, -0.8160802544118324, -0.30309378720627445, -0.9732748628578853, -0.3772836586616598, 0.3622913892879534, 0.77737733796215, -1.1114002502149547e-2, 0.9954843022287886, -0.646942078299028, -0.39293932319778035, 0.25236985045474936, 0.9686651073552619, 1.0369885815941127, 0.3743957440902789, -2.225805724981918e-2, 0.9995351310184706, -0.2634573889342428, 1.088673432541442, 0.7043897350978995, 0.9233639102926998, 0.7170050286147132, -0.6621186853094833, -1.0362670399799163, 0.6681562827085514, 0.5746637272220444, 0.49363350960972247, -3.624168353942119e-2, -0.7697372331452742, -1.9701424833946377, 1.2642581131638586, 0.17998248869555059, 1.222469573974246, -0.1808438466265033, -9.418553603502594e-2, -0.17183153572770754, -2.1629637531951156, -1.5482802246744598, 0.8354597862552232, 1.1624694411463876, -0.32781721802478925, 1.6199462888396219, -0.16614919530477823, -0.16993129459089384, 9.022678840739708e-2, 1.0958881873575326)
