seed <- 680
log.wt <- 0.0
penalty <- 2.8115950178536287e-8
intervals.send <- c()
intervals.recv <- c(56, 112, 225, 450, 900, 1800, 3600, 7200, 14400, 28800, 57600, 115200, 230400, 460800, 921600, 1843200, 3686400, 7372800, 14745600, 29491200, 58982400)
dev.null <- 358759.0022669336
df.null <- 35567
dev.resid <- 225923.31642492217
df.resid <- 35402
df <- 165
coefs <- c(6.520733707617244, 5.778135556387481, 5.741402816921419, 5.269184168343013, 4.94497173574504, 4.9551229728024175, 4.757366107914672, 4.6673445744766875, 4.352310166310974, 4.232395131756957, 4.314775994027685, 4.169465069889449, 4.009933346267742, 3.9644068296547776, 3.7508411077423434, 3.547768202678208, 3.2593447478136883, 3.0033594666654864, 2.527939235319823, 2.076550630060338, 1.6203304194896049, 0.8702188231538864, 1.08590907315543, 0.4516465382511425, 0.6279280379756901, -1.315738501894214, -0.3191672317182119, 0.9767640883459341, 1.1066834164413768, -1.3776158462018422, -2.2461014437480147, -2.415861614441295, -0.46162196342961237, 0.7483699876074142, 1.3168910957906819, -0.8992621733578148, -0.7060695970151131, -0.9422414609903781, 0.26115101617322756, -1.024995723729412, 0.9475281075482441, 0.9940112526305048, -1.2639813632570163, -1.7908029124992564, -0.5710512855800423, -0.752698243807337, -0.8278589846016947, -0.30346997102700995, 0.5062361954656491, -0.43453709600525575, -0.14859455345262446, 0.9174394473103098, -2.9661789382414194, 1.7233337320691615, 0.6534171831956483, 1.0854183215442594, -1.88195047944988, -6.45196528491011e-2, -0.7294751432870168, 1.2417316647213192, 0.36978834307519565, 0.49624870901589696, -1.9954877256239727, -0.6676570432639253, -0.3989428251952046, 1.546730658316908e-2, 0.6499241226268081, -0.44121543890243387, -1.5886507107845897, -0.5136386416379003, -2.035170685571438, -0.4551405357455123, 0.8431776252044009, 1.0577480703572302, 0.6651132994638594, -1.493386437412038, -1.2237719548573394, -1.3497488794356272, 6.392185925759486e-2, 0.6900920888371083, 1.1465141872728175, 9.717904024454775e-2, 0.21344204519963492, -1.8897380027216366, -1.1182657370146003, 0.4017400883804453, 1.2663597634050932, 0.4447962659860359, 0.9200583832369962, -2.4811267615259314, 0.613098227828467, 0.5804171034163793, 0.8070560426261796, 0.2824046993015043, 0.34625849483387167, 1.2655673740534523, -0.2907386358495298, 0.4276401056835206, -0.12170556325872098, -0.1371169705299149, 0.35881901665784116, 0.13398932848866563, 0.9336944762877276, 0.32657704728039305, 0.6205171938971299, 0.8392972865374073, 1.1037676019774303, 0.11347686581129475, -0.2174871835748812, -1.2697594530142453, 0.4134520129125811, 0.6808357479557618, 1.626628207279876, -0.5402307250673809, -0.27134297580195377, -1.0182235058121132, 0.7988988071237785, -0.3485722921445872, 0.4749798111884797, 0.5261741686912792, -0.7381057812935427, -0.1430272521992025, -1.0344980347254604, -0.15371647606533906, 0.44272501068748304, 0.789447401516644, 8.537178162031267e-2, 0.9646987791900347, -0.8516944787916932, -0.4194358843039537, 0.35105110657799743, 0.82412149362261, 0.8633439114534888, 0.41016582782953037, -7.535472195161827e-2, 1.1241009810053084, -0.4132625324618954, 1.0626501645290674, 0.7687629966559737, 0.8775678114928426, 0.8631868155876327, -0.6397379507716767, -1.0299474550995815, 0.606129262350951, 0.606964064037962, 0.4286324462672157, -0.17217726001011208, -0.33951836318981277, -1.9603307770391896, 1.267093881652829, 0.10804792079228512, 1.1442080344128256, -0.1046911506068875, -9.886717133009715e-2, -0.2698469601637833, -1.4812366846501195, -0.746771242464726, 0.8831285165694533, 1.2609089987858142, -0.327545516412924, 1.5600448859431078, -0.2372708552393381, -9.481278545783531e-2, -2.875714518869944e-3, 1.223487022135124)
