seed <- 881
log.wt <- -11.890121426145887
penalty <- 2.8115950178536287e-8
intervals.send <- c()
intervals.recv <- c(56, 112, 225, 450, 900, 1800, 3600, 7200, 14400, 28800, 57600, 115200, 230400, 460800, 921600, 1843200, 3686400, 7372800, 14745600, 29491200, 58982400)
dev.null <- 358759.0022669336
df.null <- 35567
dev.resid <- 225927.0301171675
df.resid <- 35402
df <- 165
coefs <- c(6.526720704143336, 5.703273123201909, 5.855327945527717, 5.39509195115965, 5.0668873359213835, 4.846600343035901, 4.768138860254136, 4.683639987879294, 4.38504670984154, 4.293955740770688, 4.298433430353207, 4.188899053624779, 4.054522079352709, 3.9826222560675433, 3.754505790837017, 3.523659997631552, 3.278813137561235, 2.9467651816672036, 2.519225262221741, 2.0728050004487315, 1.6525668543259517, 0.8777394997892566, 1.0578170787130132, 4.5208128289322816e-2, 0.19320800575455685, -1.109598099089065, -0.26580189059857195, 0.8769063403190906, 1.042564780048048, -1.22073795129237, -2.0532330933617255, -2.6606001672991577, -0.40058520292724864, 0.7720483675908592, 1.3676725940786871, -0.6771287105457607, -0.4322726916079138, -0.9937076067279468, 0.31772655857136356, -0.6229893334680758, 0.8777980132671666, 0.8332145667589722, -1.0084812486046049, -1.6565516745821338, -1.0503583744174059, -0.7327800644153396, -0.1788700103106089, 0.3784000431150272, 0.3061748296256725, -4.7054984984878555e-2, 0.1179691670703137, 0.9678669393974246, -2.2595524472910684, 1.7731675107788036, 0.8754864726671606, 1.1735787659745396, -2.0612910764229158, -0.1055583509919041, -0.8659863402665293, 1.521658002327993, 0.49036208827533667, 0.8039241014019569, -1.9081662609419203, -0.9079500949627081, -0.4931400371496255, 0.4307500715796625, 0.5462797310855233, -0.4004810847299738, -1.1399745963437111, -0.7157636480870183, -2.0294280124027333, -0.11829611789337911, 0.3651921008192232, 0.9028113044842943, 0.7086001916663697, -0.6878474190299882, -1.3592340665482805, -1.0032948926022902, 2.4192543584484964e-4, 0.6817010953753984, 1.1492041620757627, 0.1487251264701423, 0.31976879108778183, -1.378048757748631, -0.2078991451611408, 0.34206587402838345, 1.1968060084306364, 0.47664252792918105, 0.8935904258615275, -2.0866798373121727, 0.45532408851319955, 0.927670999355459, 0.720200745360438, 0.2885461179857803, 4.150956743638688e-2, 1.0113770811120764, 6.526933350703408e-2, 0.3620850290212706, 8.423028529332292e-2, -7.700718999924497e-2, 0.36079197330895585, -0.7940527457020352, 0.78185359547318, -5.078906637531256e-2, 0.9387671170386309, 0.8772110981222994, 1.0370348225987567, -0.8961872497737674, -5.553129921854587e-2, -1.4477895582079847, 0.38394128391443794, 0.6444762818996403, 1.528649614074458, -0.3458433952277351, -0.19445475568356335, -1.344358936324027, 0.7432853532117354, -0.384356512581548, 0.32467832573148886, 0.5476157600739212, -0.5893131241005003, -0.33411613110499505, -1.8125887847794797, -0.429357870891752, 0.3606102149076929, 0.720798675659659, -3.1118049394889085e-2, 1.0028745065806557, -0.621388730276779, -0.35248576188265385, 0.3564169463703707, 0.8935827229085221, 0.6080516600243863, 0.3995732820777175, -1.7121821663175975e-2, 0.9474722087468491, -0.35086227317436264, 1.0173183261933907, 0.7392480673531121, 0.9496533151883128, 0.7240424834282987, -0.6244119885662959, -1.12140047039187, 0.5485375327232428, 0.14704705390871156, 0.3961055318523276, -5.9356500005071894e-2, -0.6191949821604112, -2.1159827834987395, 1.208538952807025, 0.13760835977298808, 1.2439517177724282, -0.15477459460753487, -4.891388343375031e-2, -0.30921329264472336, -1.8767184345886032, -0.8902888118268166, 0.7257012572489295, 1.2537617630417142, -0.5690174077800045, 1.5147665861939539, -0.5331792816410016, -0.2487550932561954, 0.1333505290637904, 1.1528727138806314)
