seed <- 532
log.wt <- -14.232187114258103
penalty <- 2.8115950178536287e-8
intervals.send <- c()
intervals.recv <- c(56, 112, 225, 450, 900, 1800, 3600, 7200, 14400, 28800, 57600, 115200, 230400, 460800, 921600, 1843200, 3686400, 7372800, 14745600, 29491200, 58982400)
dev.null <- 358759.0022669336
df.null <- 35567
dev.resid <- 225051.1530056317
df.resid <- 35402
df <- 165
coefs <- c(6.671494893499516, 5.826664819202633, 5.5292072064296915, 5.326821267195436, 5.128621127601692, 4.872426104310374, 4.753585397397537, 4.621116482153515, 4.3962783246982635, 4.227098530291084, 4.336773019565864, 4.189004199601818, 4.015777149941581, 3.974898385964082, 3.7505316915279234, 3.5357411001725536, 3.246076304195472, 2.923128229604357, 2.5142243339053554, 1.9911701361426175, 1.7360564518340127, 0.9173747461022699, 1.0577642389815918, 0.4461356158411243, 0.848160578341106, -1.3820196839875072, -0.3434817945265992, 0.9153761232800174, 1.1225752156121285, -1.0637889725805887, -3.2705307281828535, -2.247355760783291, -0.5649301719793547, 0.7514928332656472, 1.3531541198906338, -1.1248758985181204, -0.8519894619547403, -0.8739620522105354, -0.39282510228662115, -0.6059530324709967, 0.960081991339408, 0.8879923000800972, -0.7432976434951953, -1.808636020707576, -0.6511036362257714, -0.7626618396170625, -0.5113124148727303, 0.6665983508142962, 0.7513225996730176, -0.8459350046943228, 0.4591046173895904, 0.8157478538545165, -2.3135704169473077, 1.7247540159543902, 0.7779664790877033, 1.0900354730625545, -2.1775858057639375, -0.15341973002757647, -0.5432909680323247, 1.1369963028337096, 1.2941332432273758, 0.7963046246228632, -2.024238023401697, -1.1227542303825604, -0.6963931867732291, 5.665243374029141e-2, 0.6006928966756979, -0.3795297568299491, -1.014884871786735, -0.9002156827450392, -1.4732763814226957, -0.6229129035389904, 0.624194047940588, 1.089442374282493, 0.7107199347878337, -1.2484297477162125, -1.3598175387844793, -1.2379685045203521, 4.148495091495041e-2, 0.6431502671602946, 1.2094245726550554, 0.182085800623341, -1.1330227326714837e-2, -2.0922843829650986, -0.9932495395796351, 0.4684158213702689, 1.3401328061675113, 0.7997893861500357, 0.9332094718632629, -2.139134075146603, 0.6697261167590449, 0.4975162838786842, 0.8182991454924602, 0.45751040045221486, -0.1725543379400266, 1.4035352328605597, -0.6712879311008491, 0.2871828224533048, 8.198513692433601e-2, -0.16461195310029023, 0.30591103176288664, -0.16959059097849355, 1.053560821083631, 0.49204208192552695, 0.6787709057833372, 0.8586884324772323, 1.1266902529681073, 7.979630244511511e-2, -0.5906577121799264, -0.9035533521572688, 0.34177350400427986, 0.5659270574401789, 1.6053899965662384, -0.7197074636186811, -2.8272295672556114e-2, -1.2515398424910242, 0.7627772462511017, -0.3286216850067354, 0.3604617362033942, 0.5010417328938924, -0.32831808686116926, -0.5935718227332575, -1.1727082595690244, -0.4263360713763958, 0.3213873824141821, 0.8079387016383492, -4.302363192071861e-2, 0.9998026162873581, -0.7820996398053848, -0.33097054106961915, 0.37816077383224883, 1.0520230016515077, 0.7090355623594378, 0.5497702691283887, 3.0487191960919955e-2, 1.1003176092102636, -0.3914064065071084, 0.9772395743704152, 0.8161979128489677, 0.915898359042135, 0.7488760377279645, -0.6133318217678188, -1.4277956868219892, 0.7301007805255917, 0.4060560174286602, 0.6157619653312361, -0.25400408030168836, -0.45201017150604983, -2.0451897686370266, 1.236521065166154, 0.27544361184537747, 1.128023675468639, -0.20205901536209497, -7.79309126869721e-2, -0.1366711054594873, -2.1761541348435878, -1.1973993172938848, 0.7921640385942945, 1.2230540688510938, -0.17706282338249055, 1.5578222280912917, -0.36090848410498383, -0.1499484899439575, -7.940737601344955e-2, 1.1745152330132949)
