seed <- 261
log.wt <- -11.401151598973769
penalty <- 2.8115950178536287e-8
intervals.send <- c()
intervals.recv <- c(56, 112, 225, 450, 900, 1800, 3600, 7200, 14400, 28800, 57600, 115200, 230400, 460800, 921600, 1843200, 3686400, 7372800, 14745600, 29491200, 58982400)
dev.null <- 358759.0022669336
df.null <- 35567
dev.resid <- 226400.5733019289
df.resid <- 35402
df <- 165
coefs <- c(6.724339413461288, 6.210643349358696, 5.532094210006041, 5.311587142931105, 5.085894256172541, 4.839839619415586, 4.753323072313514, 4.656582396865529, 4.3500025808795835, 4.220449951598675, 4.2750515654225545, 4.155699357927612, 3.9804055356835883, 3.943983581054074, 3.727367662297059, 3.5172754278740954, 3.236700343644186, 2.939568852905576, 2.4950740432507907, 2.0352791074415775, 1.6534353755830162, 0.8880223591196603, 1.0504187567687244, 0.4067294820059548, 0.6248217024524205, -0.5538803677805288, -4.6275150658365016e-2, 0.954860904318644, 1.0245308446515975, -1.1087525526735789, -2.42088939282796, -1.9171690299159951, -0.40775697271464584, 0.7668184550499905, 1.2577334208523194, -0.9398062815247472, 0.14783570912901678, -0.6980373229270636, -9.694057407817795e-2, -0.3560046122928627, 0.9137160685297222, 0.7655938183936415, -0.8701673334806461, -2.0387418174951883, -0.7340442961238648, -0.4860223363113737, -0.828647069751793, -6.56565185742172e-2, 0.17505117427451516, -1.3027277834449678, 0.2455225298575508, 1.036449362567148, -2.4891647288773817, 1.7943686832271606, 0.8141958423032855, 1.046347100108436, -2.3092741988093493, -0.32310463413095225, -0.37878077548957595, 1.0418802465375647, 0.1806014839057691, 0.6183001845004749, -1.7881635030457765, -0.8410013004702921, -0.5766320713737693, 0.11417525459566523, 0.5876363940909762, -0.13104820216102953, -1.4344742521058071, -0.749285266622435, -2.353835120309303, 0.16365573944962938, 0.48706860144962355, 0.9930574846072402, 0.5730618227092985, -1.0484024546546042, -1.3551542072415357, -0.8005279771860724, 0.12795519331949878, 0.7903359036966612, 1.2606836994578234, 0.11984749433871746, 0.1837378335997621, -1.8913274033533805, -0.18428859064032588, 0.5438776336499891, 1.1717382257819164, 0.5372824848679192, 0.8164748602332448, -2.3463522683310005, 0.581988870778262, 0.7537082941197462, 0.8001103437917612, 0.3661950386692448, 0.24103626928079255, 1.1482146768812176, -0.1411289330629785, 0.4495850294582332, 0.11362245307612155, -0.4759856269283066, 0.4190186072935888, -4.926858791585331e-2, 0.6085219360457838, 7.570085974090332e-2, 0.6620804488637584, 0.8613479911351665, 1.1872551036335062, -7.638088031153974e-3, -0.3453136946381625, -1.2024571327570408, 0.476165231669556, 0.688029474147995, 1.5865238455088706, -1.3778330148531723, -0.28928513351714, -2.172418602441721, 0.7624733615330931, -0.30914608565650675, 0.4587985356526379, 0.5395974939600989, -0.3448157179854966, -0.44343086064107773, -1.3023276610769068, -0.6990578939669508, 0.33174928716047913, 0.8207865635729291, 7.156524689458941e-3, 1.05197250167586, -0.4957463777118282, -0.39322936701709804, 0.2985050079207155, 0.6346253772392322, 0.6470963387356402, 0.31905948831009606, -0.18527545327658368, 1.1026862524433445, -0.3892630736326958, 1.1832977662552844, 0.7917877048230068, 1.048260273205064, 0.7012839587084235, -0.6409724946256857, -1.0518941866562928, 0.5132011851865548, 0.1567194508616368, 0.4449641136444754, -0.3718728380789423, -0.6949802484799023, -1.831188681773432, 1.372571297516132, 0.1890102007557397, 1.302920645294713, -2.9986291789810892e-2, -0.1004711539490418, -6.432777550148584e-2, -1.543475909776772, -1.403647524481667, 0.8316895333802146, 1.2107449171202782, -0.20387634155212409, 1.5493892495215238, -0.36805898260118786, -0.1279108069802391, 0.19013207417251493, 1.2246505769003802)
