seed <- 1028
log.wt <- 0.0
penalty <- 2.8115950178536287e-8
intervals.send <- c()
intervals.recv <- c(56, 112, 225, 450, 900, 1800, 3600, 7200, 14400, 28800, 57600, 115200, 230400, 460800, 921600, 1843200, 3686400, 7372800, 14745600, 29491200, 58982400)
dev.null <- 358759.0022669336
df.null <- 35567
dev.resid <- 226210.69139321923
df.resid <- 35402
df <- 165
coefs <- c(6.468214819219841, 5.980750782492934, 5.706398760921334, 5.270949118748589, 5.0020819878905325, 4.927684729325112, 4.7591241126533745, 4.633875506617339, 4.389368160875144, 4.203263168362934, 4.3365675808643065, 4.158792208912693, 4.029454299865964, 3.966354627055186, 3.730301197471405, 3.507359179701881, 3.2313416732451365, 2.9188048401503304, 2.490741956815163, 2.103867363580045, 1.6066495740017814, 0.9302154241314394, 0.970430367946724, 0.3647317796325517, 0.6259223352964707, -1.7522138906920472, -0.1433270915090093, 0.8831269726853249, 1.0285270622290374, -1.2419370563836287, -2.2926763534358625, -2.3248583492120676, -0.433658539240219, 0.8078047955603365, 1.1748926851732544, -1.356846271202147, -0.41008101531897, -0.844964605136352, -0.14655899779080028, -0.640018449970547, 0.9488177891058502, 0.947639496591977, -0.7677110773310706, -2.3279172566638056, -0.8814104089910655, -0.858134627186784, -5.75386785533381e-2, -1.8170134183081697e-2, 0.2999720063718793, -0.40772050820540934, -0.21173550790454326, 0.9268094924112236, -2.1275903937008396, 1.6804046633995025, 0.773238317958014, 1.0930263681368184, -1.7461534067391273, 5.518019421469889e-2, -0.23739399539739095, 1.9555794139901315, 1.1838795311881383, 0.8050197772535875, -1.6203407072420832, -1.1349553535777193, -0.8584660925994844, -4.3582186219539285e-2, 0.5301967163967676, 0.11432743734884526, -1.6735563684223724, -0.7865290563921867, -2.6621326373812906, 0.2665489659070812, 0.4791310766092741, 1.0428838807961232, 0.7437760322641648, -0.8290834979460758, -1.278317721835086, -1.9605682275832972, -4.341311341546733e-2, 0.7888425649646615, 1.1189542511808186, 0.1459820760780558, 0.38895870349079054, -1.7582627459835858, -0.33426043723198756, 0.35342774777162583, 1.1828423164288415, 0.41991647859265324, 0.8564394408255002, -1.8872886292812037, 0.49185664510762517, 0.7471980046761739, 0.745536789818398, 0.3362186675554428, -2.218154956652963e-2, 1.3455386832419454, -0.12783317269362376, 0.4554057568874502, -6.041741587863723e-3, 0.27664280267616925, 0.35359733982173486, 5.292041803108869e-2, 0.8623048004191779, 0.34535995158341354, 0.826988770441819, 0.8649966034309748, 1.0445748568093793, -1.487510493155854, -1.0873411616789959, -0.5254626143374076, 0.37221475004983356, 0.5716068694510952, 1.5831837883191209, -0.6535833951119596, -0.35466203673513097, -1.5847726785425065, 0.7549490756061714, -0.34939736939296295, 0.3237173788443633, 0.7767250303905159, -0.5666820939557675, -0.7022124230314865, -1.0419460560933909, -0.48377982553069904, 0.35673208987191135, 0.9379731960202939, -2.0557400230639216e-2, 1.0496943563037149, -0.3443363285224626, -0.49601435335411115, 0.2227584002439211, 1.1057407733486602, 0.7052627923395295, 0.368845690738599, -0.12766441799077355, 1.0288161483877516, -0.3985535575707104, 1.0322338644327658, 0.7075559205843747, 1.0195020738442486, 0.7255212874667996, -0.6850557389244445, -1.0871137992470816, 0.8995044888194456, 0.3104309238407045, 0.4645055453650182, -0.1773108193372653, -0.7252230339237501, -1.9545868796427868, 1.2982611133132622, 0.11786481840376081, 1.2889939604859946, -0.18456725376343716, 3.473338427923166e-2, -5.897173236281599e-2, -2.0935794908056833, -1.0784007847666401, 0.7424856425902862, 1.1760922407128298, -0.29385860325541807, 1.4902171351758307, -0.1624732572095139, -3.997237721508846e-3, -0.20939643292545768, 1.0917321311647576)
