seed <- 346
log.wt <- 0.0
penalty <- 2.8115950178536287e-8
intervals.send <- c()
intervals.recv <- c(56, 112, 225, 450, 900, 1800, 3600, 7200, 14400, 28800, 57600, 115200, 230400, 460800, 921600, 1843200, 3686400, 7372800, 14745600, 29491200, 58982400)
dev.null <- 358759.0022669336
df.null <- 35567
dev.resid <- 226229.2313917939
df.resid <- 35402
df <- 165
coefs <- c(6.601518068335809, 5.854996486879975, 5.801789349775871, 5.308501325008783, 5.0307735915881535, 4.825827535313658, 4.7637646766755, 4.654625178639051, 4.335280667047761, 4.272746323140234, 4.288157246264554, 4.139765105299556, 4.017862695980087, 3.9508173788362564, 3.7616685218495856, 3.499534088051676, 3.188963377726886, 2.8982613843532032, 2.4634649518027825, 2.0082579220751793, 1.6213673859515378, 0.9325479768221158, 1.0299096139166461, 0.4226173550219881, 0.12178969652231589, -0.867822684453502, -0.4858933762639743, 1.070790227660025, 1.1530303429882636, -1.3590379627578635, -2.247200778098213, -2.0697598086309372, -0.43377114765738123, 0.7787785347056181, 1.3251291024010947, -1.1918473847478643, 0.21213496129816867, -0.8487727310317762, 3.963154817959715e-2, -1.0281330025195565, 1.0267049882534685, 0.8925051450681762, -1.1231238129782708, -1.8135365594523574, -0.43969987283728457, -0.9314962579172811, -0.41968136950712864, 0.3053488100280217, 0.4512925531246379, -0.8643846805195815, -0.11210233592875697, 1.26122341597212, -2.7953332333635084, 1.7644186615296493, 0.7785491721677038, 1.0615421452894331, -2.48171481081541, -0.14412333178378756, -0.3576794229050256, 1.1650696103387672, 1.0726088108585186, 0.676100371315586, -1.296270599721031, -1.8135584099729016, -0.6250096078018085, 0.38336730557046955, 0.6765687324539505, -0.583768882782072, -1.6684949536900744, -0.6557197815902871, -1.7823532051927529, 0.10981350968892098, 0.44955509379736813, 0.9112358887452279, 0.6712180130481035, -0.6185150500427579, -1.5465221964926625, -1.1083098206695892, 8.524312042174654e-4, 0.6308446877960406, 1.2316726252549342, 0.15966352878686904, 8.114300251198218e-2, -1.6775033552025367, -0.7774871778648516, 0.2991629986273003, 1.2738832984045705, 0.3928437696473087, 0.931533012399579, -1.9898829670117897, 0.5449006931578331, 0.8279305206872498, 0.8438658847170755, 0.4060458943075301, -0.18034257220303612, 1.2513195088026696, -0.6846689658947187, 0.47635153511167955, -9.570352325720259e-2, -0.13681780322890294, 0.42209194261786565, -0.795825647251527, 0.774885808820014, 4.6460676043602114e-2, 0.6774947928365564, 0.8541743283610878, 1.1142288016015314, -0.3132135156384953, -7.354128786246736e-2, -0.9193189230917259, 0.3111378350158587, 0.7463146617984192, 1.6417720503387463, -1.3322607247290867, -0.33025409720819043, -1.0672703205040677, 0.8180141723444158, -0.34960421798826147, 0.3910929530663124, 0.5675283182632018, -0.37854391258809283, -0.6999864606715342, -1.1614993410840029, -0.24785523917634195, 0.33193540465939964, 1.0359193311486679, -1.4545341514512998e-2, 0.957923521072521, -0.4891414178840062, -0.39835241833974006, 0.3431585746882398, 0.9249499515169605, 0.7798302393414069, 0.4869438016006629, -1.4715014937491831e-2, 1.2623942479037056, -0.2498491171077911, 1.1415857364424433, 0.7553814345364386, 0.9080913990575724, 0.8649696273684251, -0.6949331582734755, -1.341477949271746, 0.7054614843147038, 0.39841481421937774, 0.5167799773386114, -0.31221128930893194, -0.5811727870262903, -1.86144803024095, 1.4286626800331446, 0.21201489131582965, 1.1463786122907351, -0.12333714364483388, 4.301890290942462e-2, -0.20312752910606152, -2.269544292386349, -1.5713848249516549, 0.8337109070289505, 1.1825247858531331, -0.30751403101479186, 1.571094443749323, -6.114173737298122e-2, -2.8029133856755567e-2, -4.483599086770157e-2, 1.2001422440075182)
