seed <- 818
log.wt <- 0.0
penalty <- 2.8115950178536287e-8
intervals.send <- c()
intervals.recv <- c(56, 112, 225, 450, 900, 1800, 3600, 7200, 14400, 28800, 57600, 115200, 230400, 460800, 921600, 1843200, 3686400, 7372800, 14745600, 29491200, 58982400)
dev.null <- 358759.0022669336
df.null <- 35567
dev.resid <- 225003.9303963885
df.resid <- 35402
df <- 165
coefs <- c(6.750521697759431, 5.922923892914735, 5.687109541023952, 5.571868454163527, 5.15307178725876, 5.000979318953685, 4.856223899709722, 4.662555946046537, 4.4033727066985, 4.251647272449701, 4.308037870576, 4.166001067499251, 4.025775556969542, 4.022048213014257, 3.7579032894413698, 3.5614579383385547, 3.2405776013319003, 2.9817183501895137, 2.5193768470458635, 2.0732451660519198, 1.6514464213759557, 0.8487689354435425, 1.062903490418921, 0.2942692179430812, 0.5352894407707128, -1.0259971106442307, -9.76497869447995e-2, 1.0793861334523651, 1.0432500757011773, -1.0794156447731202, -2.6125555516024974, -2.3704350756346186, -0.2848685693231174, 0.7458036239364316, 1.303597355759061, -0.7025714687507991, -0.3169330525245947, -1.0684178189137299, -0.1478332137287636, -0.963406236484618, 0.970560798445761, 0.8569244844918162, -0.9214047841367322, -1.4103839431967615, -1.2621341214324961, -0.5249065825683521, -0.3889968795196666, 0.26738854520130656, 0.3224712668796632, -1.1159639918239264, 0.1850211467436552, 0.8621165602550859, -2.263764396888456, 1.6502687398874276, 0.7907226740275596, 1.0115591712734537, -2.2674353502739106, -0.1223657237783125, -0.6611974983291173, 1.3011324259413737, 1.351268990179636, 0.7978650124221813, -2.187411732491417, -1.026067780514706, -0.5124956226208461, 0.17087876693461274, 0.6514199546382524, -0.353995346367021, -0.9642074254250964, -0.6139930369820289, -1.7312093182826374, -0.17587054475906388, 0.5486914461585521, 0.9584499531930434, 0.5704327856199419, -0.6134408724962808, -1.4896931170562455, -1.0530716091007124, 2.3999178937965493e-2, 0.5690614006054405, 1.149306831337271, 4.924332225374255e-2, 0.21830852678236629, -1.0584112972338733, -0.65621329635297, 0.4379532710335877, 1.2011028852996033, 0.24472879199757364, 0.8621187430865008, -2.389942814019036, 0.5772432328604776, 0.6866346630130414, 0.726307750668244, 0.4161469614472287, -9.541554913636545e-2, 0.8722413270986358, -0.3231164498980405, 0.24510942920353943, -3.763086861617865e-2, 0.19829189278661588, 0.3668561977789543, -0.4895919704062322, 0.9129043648530557, -0.37403879535450396, 0.8538563868896516, 0.8398320761822692, 1.0599489525195036, -0.7324020173101833, -0.3085673178643403, -0.6176777040873346, 0.4179207555299406, 0.7972606090780312, 1.5626648685607185, -0.6039313470562897, -0.27657043379281226, -0.8012072507346116, 0.7328975742833679, -0.3793228428161452, 0.4375162659012497, 0.3075639704506804, -1.0446836407238091, -0.5156228918296977, -0.8264994736721871, -0.524480266283031, 0.1176253229274433, 0.9050454311119043, 2.897222139365512e-2, 0.9691534677576596, -0.6673539553248918, -0.4641728670730553, 0.252126845972763, 0.7955941914142265, 0.8264806027268617, 0.5350790963387488, 6.205587899528234e-2, 1.106544075746623, -0.37820188698931145, 1.0745646620376923, 0.7450368933639299, 0.8588183769236685, 0.8362918842358348, -0.7431351299311745, -1.3347833091434238, 0.5319688339274818, 0.49235774713587965, 0.5227854167193864, -0.2488925677876382, -0.500958809357714, -1.7586880576377784, 1.303576688570814, 0.2493925894772851, 1.114336504575379, -6.709118771664516e-2, -5.189873611430009e-2, -0.12279888294270369, -1.7009031839228772, -1.4270457364875708, 0.8464373383884302, 1.10938419105253, -0.659974098179919, 1.4797670746921872, -0.3453053876788924, -0.1691603400201688, 0.10049682713894688, 1.21443018208172)
