seed <- 241
log.wt <- 0.0
penalty <- 2.8115950178536287e-8
intervals.send <- c()
intervals.recv <- c(56, 112, 225, 450, 900, 1800, 3600, 7200, 14400, 28800, 57600, 115200, 230400, 460800, 921600, 1843200, 3686400, 7372800, 14745600, 29491200, 58982400)
dev.null <- 358759.0022669336
df.null <- 35567
dev.resid <- 226422.20670731927
df.resid <- 35402
df <- 165
coefs <- c(6.587921189347269, 5.823321108896689, 5.78152351441177, 5.339296858417024, 5.0652331627511, 4.678609770085273, 4.75954608738429, 4.618896561953639, 4.3506127228070115, 4.2809968376051994, 4.301304794471148, 4.164149220937836, 3.994645678329701, 3.9686059087790557, 3.7463120444328886, 3.5241481875210514, 3.2531709785541834, 2.9458882843407115, 2.5111220993362338, 2.098575739485379, 1.5906409914800588, 0.9095328098933375, 1.0530488197274028, 0.1537201098813552, -0.22305469216168905, -1.2149556887122854, -1.7339836784681338e-2, 0.9167553593818992, 1.0082852623802514, -1.0892940807530547, -2.168940378418966, -1.870770387347088, -0.4216751794283545, 0.8002391415055122, 1.321916823573415, -1.128867599671939, -0.6191906683010295, -1.630776207416201, 4.4039764148103754e-2, 0.2375185999647283, 0.8419511247293542, 0.92695066268164, -0.7568822772878123, -2.1564337709566965, -1.026213788951609, -0.9244387652839431, -0.5728766325472587, 0.15131802197885563, 0.663604721736278, -0.6509475847684895, -0.286514043854404, 0.961762521478909, -1.794350022914996, 1.7276898282524327, 0.7924456258810629, 0.9591944717274246, -2.3285596070897605, -7.19148454925024e-3, -0.930754733057564, 1.2028107551826899, 1.2949758101679618, 0.9282575496383114, -1.7623425370366954, -1.3178592704121808, -0.8101119690685147, 7.903456654609979e-2, 0.6850999264093774, -0.5504591703002812, -0.8678378447724457, -0.5960856702259358, -2.0861334085993786, -0.45374661776524355, 0.3252210454027674, 1.032670640321218, 0.7336389685610404, -0.7889474335903003, -1.3567212258133492, -1.2694577713158368, 9.985024448229848e-3, 0.702916483638315, 1.094094609622998, 0.13748738464265162, -0.129056103647748, -1.3754875467736805, -1.1828425921616363, 0.36858634908260524, 1.1271867519609724, 0.49358301445684344, 0.8231216715142635, -2.131886493403296, 0.4569041072331103, 0.7350500311716051, 0.780929986811696, 0.29737654403727654, -7.424561495538932e-2, 1.3419595767946453, -0.11970659736688073, 0.6280430863624044, -8.473753739378495e-2, -0.9839869415773693, 0.39091625013301157, -0.36150769742173033, 0.7652944495357711, 2.9551782435954025e-2, 0.7442692205252804, 0.8862815228735725, 1.3278872999968896, -0.4927255728047586, 3.165885752538285e-2, -0.9561322235838435, 0.3708779485731114, 0.6029311423311672, 1.5244512789286184, -0.47283895646310525, -0.18068380228930642, -0.8382051082208556, 0.768588087615908, -0.43941154356020895, 0.5641993010609935, 0.5279434029991467, -0.27068106336293957, -0.25867791261495793, -1.25183935213715, -0.5918558152632326, 0.2743768035101069, 0.7122837072356958, -8.046720856080967e-2, 0.9872958935735923, -0.48043465184524986, -0.3221892894936335, 0.329124592205401, 0.847903867028611, 0.8802730513412319, 0.5265844789150335, 4.504167010835223e-2, 1.024899508064045, -0.32779559679298936, 0.9446899650697301, 0.6357592333675249, 0.8742954511839347, 0.7707439832243514, -0.7477962701521422, -0.9705730376701601, 0.6791719767526188, 0.25363809617645855, 0.48073380432349055, -0.15820218919817614, -0.42797627123168014, -2.056119922492469, 1.2180228999405869, 7.98453079321226e-2, 1.1473845013752262, -0.24866761880844332, 6.195620312699881e-3, 0.16746269391350135, -1.454000373602309, -1.0338959689958829, 0.7466137084527101, 1.2401903930532334, -0.12682441360281835, 1.481996345886696, -0.2836866303692666, -0.23836000825032322, -1.982017828114084e-2, 1.2147628030956434)
