seed <- 143
log.wt <- 0.0
penalty <- 2.8115950178536287e-8
intervals.send <- c()
intervals.recv <- c(56, 112, 225, 450, 900, 1800, 3600, 7200, 14400, 28800, 57600, 115200, 230400, 460800, 921600, 1843200, 3686400, 7372800, 14745600, 29491200, 58982400)
dev.null <- 358759.0022669336
df.null <- 35567
dev.resid <- 226344.90722036298
df.resid <- 35402
df <- 165
coefs <- c(6.5128249721828775, 5.41310658761364, 5.6330414316987945, 5.314377477105179, 5.179326445397594, 4.9207041718512174, 4.781389705203543, 4.652946193705703, 4.400127390687497, 4.28206138589417, 4.358300852578254, 4.185236236653706, 3.985881738852119, 3.930390525493809, 3.758527197201007, 3.507129899706706, 3.261445649618718, 2.9249907959995927, 2.5114540898094773, 2.0729640139097096, 1.565454463379748, 0.8595917980862731, 1.0989517710729113, 0.31948264226950707, 0.46668450585449084, -1.4502884707173886, -0.17725714819884206, 0.8431143230679569, 1.0422035071675004, -1.0931021789322466, -2.2184603477822207, -2.5332545080518085, -0.3673607270348477, 0.6770916555367295, 1.3312386897860748, -0.9461755052095819, -0.24459083272211596, -0.6720733709730892, -0.10598574896380143, -1.075742083133956, 1.0375877667423328, 0.8911186923010883, -0.8457841100756694, -1.3262360179293347, -1.0615632581513161, -0.8256921381302821, -0.453402932144703, 0.4008517133687912, 0.32258387819479306, -0.6030342763018933, -0.2541789170953577, 0.7149230107269177, -2.5480544276754276, 1.6428971793172462, 0.8769164242780887, 1.1005019733553232, -2.1643549406454627, -4.684523528225301e-2, -0.545896219243825, 1.2544589143936482, 1.02542448467511, 0.8151343140416903, -2.2425535237092786, -0.9242567793782115, -0.7003682440002049, 2.244354391835943e-2, 0.6435853697534909, -0.4326211643733699, -1.1148938392336023, -0.5532993606654256, -1.8193630456284244, -0.5808270689643559, 0.7642563769168867, 0.9713859988133028, 0.784450965647007, -0.7104828642236396, -1.3256787539827868, -0.7749387795821124, -1.6246459094358647e-2, 0.6843224779237216, 1.16288723332276, 0.18128798825702908, 0.21024096156520025, -1.9348335345424077, -1.14887064495841, 0.378005588494981, 1.275791886996708, 0.5707998712114155, 0.9411502437859379, -2.727029651412081, 0.3489257996388054, 0.826351906698947, 0.8013193640369245, 0.3733681228258053, -0.7998721443415494, 1.4502527856378777, 0.23744733075837032, 0.5970517974167249, -9.01203868357009e-2, 0.4272737446507455, 0.5203034688297629, -0.6362755966736766, 0.781423711665574, -0.12082620680785344, 0.8032285619469051, 0.8212795972659641, 1.2048242225427372, 0.10666483571314991, -0.6111859264676298, -1.285655996305399, 0.5190381414497394, 0.7987278587961782, 1.6058991677653294, -0.4494674990590034, -0.216710225634802, -1.7066613118023002, 0.7615333676180752, -0.44429936221101485, 0.5383760489077416, 0.47593579205932135, -0.7312887159445665, -0.4686350041459696, -0.9216102146612895, -0.7695417140898184, 0.3224974671288139, 0.9550208522479199, -7.18230483107206e-2, 1.023215258198774, -0.749397399034795, -0.35608725003545266, 0.33699492410080284, 0.827451240515953, 0.8358832941866938, 0.4321033688261911, 0.19796563055821648, 1.1150021274961548, -0.39099045763929813, 1.0210509695867738, 0.7370890775943697, 1.0318074550049137, 0.8168898534714868, -0.636090955312404, -1.034598074301989, 0.6316405203427139, 0.672023493924744, 0.487265292497055, -0.17798610228289224, -0.3788776203315097, -2.0513089936473565, 1.2832157506488875, 9.151712030294405e-2, 1.2506913781402595, -9.55543383848514e-2, -5.0304860335045706e-2, -6.749420231493067e-2, -2.004902335584629, -1.588367244418372, 0.7987407583537529, 1.1924454170954826, -0.6109398747922148, 1.5467592555254976, -0.13493328236120303, -0.11043331233550734, 0.2027087596428424, 1.2072661220885437)
