seed <- 283
log.wt <- -13.674427976974673
penalty <- 2.8115950178536287e-8
intervals.send <- c()
intervals.recv <- c(56, 112, 225, 450, 900, 1800, 3600, 7200, 14400, 28800, 57600, 115200, 230400, 460800, 921600, 1843200, 3686400, 7372800, 14745600, 29491200, 58982400)
dev.null <- 358759.0022669336
df.null <- 35567
dev.resid <- 226581.81959071502
df.resid <- 35402
df <- 165
coefs <- c(6.499825700807032, 5.814013974132546, 5.669013999713376, 5.072170974214171, 4.994476270190585, 4.79353859656757, 4.7497223617946815, 4.603344051016091, 4.317305075126364, 4.263389130990624, 4.338283753029188, 4.108681667902794, 4.003025066566544, 3.9342279454962177, 3.738051282021072, 3.4813209085067807, 3.219249372176198, 2.9666352046641027, 2.4928333447787847, 1.9550669377546896, 1.5420534443909963, 0.9363447232171697, 1.0382725817665668, 0.3834648669094255, 0.6452897783997198, -1.2042119426345033, -0.29304940835260934, 1.0483860358405794, 1.1827823035250473, -1.2139579490744807, -2.2382060712759952, -2.1949576180829635, -0.4734013076021079, 0.7472957715370528, 1.3236739907985087, -1.3483646638034155, 4.737295360122214e-3, -1.2365900616084227, 2.443398105784007e-2, -0.22390766763174225, 1.1044342624766452, 1.0812190763664513, -0.8463735751493898, -1.556773783349268, -0.9515570593950503, -0.49086514903774187, -0.688099423136411, 0.28579399976083164, 0.42869302886808974, -0.8074919052205577, 0.14826060066636712, 0.7934747651169738, -2.5913069004488065, 1.7639919212068913, 0.6971248270379821, 0.8326137403883207, -1.8963724482428226, -0.13507181975983099, -0.22507106766800763, 1.1781103251452478, 1.2568745487415336, 1.0087789765545159, -1.6370752417564756, -1.2979185828207254, -0.7802243427341158, 0.3067615231214258, 0.6554555378251672, -0.29366373218573444, -1.6173720479735882, -0.7079214481497383, -2.3736750567999754, -0.8072700791579521, 0.23969683074702236, 0.9538073785903459, 0.5161373736390025, -0.7994355725193671, -1.7796647716131209, -1.0809825085785518, -0.2187464644588354, 0.677431031516632, 1.2128975890206575, -4.9163731152925716e-2, 0.23588977804947922, -1.5825505015913064, -0.13121146403063202, 0.4850055458283666, 1.2092173040370682, 0.5363682865775655, 0.9445374277466395, -2.5769358307255117, 0.49462751333340166, 0.7664185420196605, 0.827212006969198, 0.2779729350380215, -7.874790736777297e-2, 1.259494853327978, -0.6280271109411553, 0.4813798420839118, 3.5200171531229715e-2, -0.28791174450874474, 0.5168373041793893, -0.8500463024308276, 0.825422722208889, -0.1439572238496343, 0.7702974692925763, 0.9046843897926901, 1.1287662366931535, 0.34549574690671464, -0.35408082184864653, -1.0844216383502403, 0.3756642135820788, 0.6173834307047128, 1.7104863936840609, -0.616605229338755, -0.10670200957894274, -1.0085996350236146, 0.8019836676411393, -0.3254686820987976, 0.6760266338762324, 0.5756984850847243, -1.246336902428451, -0.3737142235704905, -1.261736009104627, -0.5364151360514692, 0.5099622832049161, 0.8859863304698686, -6.045484613966633e-2, 0.982594318098926, -0.393553994148378, -0.363052990965301, 0.27074371102168565, 0.9553268227591563, 0.8731992377245437, 0.36258276165741493, -3.156740815297106e-2, 1.0105293068905379, -0.36969223214818814, 1.1367155097660064, 0.6697707913039392, 0.8806957863106084, 0.737312850615501, -0.7249262342062637, -1.2001324670279452, 0.6474471484495201, 0.2683135914065688, 0.5934811428897881, -0.21125579596391292, -0.5084285802560154, -2.112487292354112, 1.326392969860785, 0.20779919488067974, 1.158358062225829, -0.16992903826556124, -6.982776421451752e-2, -0.10764701020554877, -1.8926470037909147, -1.357148011998725, 0.8213941237798376, 1.1257702188169711, -0.3521245413423092, 1.6643355644818996, -0.16253951064339797, -7.971761998734372e-2, -0.10015948806878099, 1.1524823120883172)
