seed <- 759
log.wt <- 0.0
penalty <- 2.8115950178536287e-8
intervals.send <- c()
intervals.recv <- c(56, 112, 225, 450, 900, 1800, 3600, 7200, 14400, 28800, 57600, 115200, 230400, 460800, 921600, 1843200, 3686400, 7372800, 14745600, 29491200, 58982400)
dev.null <- 358759.0022669336
df.null <- 35567
dev.resid <- 225285.07280956904
df.resid <- 35402
df <- 165
coefs <- c(6.804317267364054, 5.815394600877047, 5.671306139238168, 5.36864066074837, 5.195645082130352, 4.8864765164443105, 4.736978226382839, 4.710345033710647, 4.413688295176595, 4.236654547440327, 4.361144907116318, 4.188800339035452, 3.99512205312863, 3.9549238473005173, 3.752889554015808, 3.552179993240494, 3.2360741635389623, 2.9299378364008333, 2.4877765517284285, 2.0283187999375745, 1.57227229997769, 0.9243390284956916, 1.046176147812138, 0.4473508382546738, 0.289150173553271, -1.0889834743194104, -0.14212308218145753, 0.9641862372242735, 0.919753024423251, -1.1955463745966257, -2.224255567697616, -1.8088990487599437, -0.1981303019991099, 0.7578279057414428, 1.403585548846775, -1.2877431592383335, 0.15819477860546266, -1.182705794912686, -0.14551704077853023, -0.17119733978040141, 0.9243120203857091, 0.9231288726606561, -0.8635719362566633, -1.6600911329481338, -1.2901638160062403, -0.911664232468266, -0.8058565411050811, 0.5797212452918905, 0.16627811672453296, -0.7052565454013311, -1.1693384934386248, 0.8350937536380743, -1.7776509903291033, 1.7964508171334481, 0.6108635414568008, 0.9521015449985113, -1.979336599884879, 3.2299508635595935e-2, -0.7164108939280531, 1.2765933897292565, 0.6879646476617968, 0.7629472959584681, -1.3576733037982296, -0.3106489696801668, -0.5132954664976643, -0.1004516554486864, 0.6205238948906449, -0.5261868609581744, -1.6839418149236807, -0.5448949551265098, -2.3140084279170776, -0.6640469869845911, 0.526401995326582, 1.0047103662566312, 0.7611185571467594, -1.4739919969373214, -1.2594470768914698, -1.1273034909770296, -0.12422073545486655, 0.6851330056532376, 1.2169088630625662, 0.15645207410234435, 9.145645584712e-2, -1.5301130494908466, -0.5359072236738575, 0.45798899115997815, 1.2140347221603112, 0.5167665463037668, 0.836742492225503, -2.111806097100063, 0.46448201410966405, 0.7608113537090676, 0.8885782137435149, 0.2902932943661523, 0.4400451003468094, 1.3484082981041126, -0.14056695889542092, 0.20906508550918748, 0.120924633287896, -0.7166260210607628, 0.27277546576700856, -0.8024251623772053, 0.8768419278582504, 0.25785898760865034, 0.7792871266521493, 0.8281261726949359, 1.1290042861265381, -0.45734950510051103, -0.4452106324418907, -1.1382083856792824, 0.45344988670938385, 0.7165777508631788, 1.505332033399288, -0.6050346760195777, -0.20535377299275417, -1.7517081978148643, 0.8717637403729228, -0.26398805836672024, 0.4828761760116196, 0.5682501583121365, -0.7304363153834504, -0.2037997072878378, -0.7097261673604209, -0.3468188657394953, 0.21934424534011776, 0.9253432863375163, -1.7747064952920454e-2, 0.9808966492943164, -0.6549467241525059, -0.4423390354202662, 0.2803970770269384, 0.9348703841023809, 0.6154158946126809, 0.4532949930562975, -2.0482783414392938e-2, 1.0890295120732076, -0.4608348857232308, 1.143345728925271, 0.7535821106046695, 0.9483270998672558, 0.84878270759555, -0.7719082618379375, -1.1428329945356126, 0.6017141761165222, 0.2508875936335349, 0.545267406289722, -0.208946755674387, -0.805712701651324, -2.137971481989455, 1.3305086231831806, 0.1670098228727245, 1.1908634786599381, -1.3750175017349587e-2, -5.454344081668917e-2, 0.10556806546787764, -1.8176557890967262, -0.8421720697232384, 0.8856797693702081, 1.2042798273416215, -0.29665790525303376, 1.4709406198899968, -0.176209871720948, -5.815423443801895e-2, -2.9106879309943393e-2, 1.2149487805570727)
