seed <- 1080
log.wt <- -12.732934491552673
penalty <- 2.8115950178536287e-8
intervals.send <- c()
intervals.recv <- c(56, 112, 225, 450, 900, 1800, 3600, 7200, 14400, 28800, 57600, 115200, 230400, 460800, 921600, 1843200, 3686400, 7372800, 14745600, 29491200, 58982400)
dev.null <- 358759.0022669336
df.null <- 35567
dev.resid <- 225262.66116830858
df.resid <- 35402
df <- 165
coefs <- c(6.672575965131221, 5.8268205537990845, 5.666238728871264, 5.3926110850684505, 5.147010499605593, 4.895116744609548, 4.787969798919311, 4.619589272023747, 4.355430910081401, 4.34296631157644, 4.3001446370450465, 4.185123396672752, 4.042023250775325, 3.972330235303486, 3.7593427397616086, 3.5296352195482377, 3.279302481309581, 2.93274798755323, 2.4868561912595633, 2.039515051615032, 1.5755311498361673, 0.8928516283588592, 1.008674979825948, 0.4907085654558192, 0.3818873558006022, -2.0271709581610278, -0.2593569692549461, 1.007193531293502, 1.0210587145225174, -1.2376784059234205, -2.3913739928645428, -2.0066494742219243, -0.28947792700865993, 0.8097916560808925, 1.2949342588867025, -1.0787557085852328, -0.8213733931009891, -1.3236575521159486, -0.10159608468648619, -0.983340783632836, 0.8594082592696902, 0.7634883662410226, -0.674983187050082, -1.9370567265922756, -1.144425766383941, -0.5200882673943779, -0.6393818810466914, 0.20198782553718828, 0.43190602504425685, -0.5173282783736932, -0.19008588095243364, 0.8615322943157958, -2.0497828722455544, 1.7886143439670728, 0.7446761900607523, 1.2526687326146766, -1.6336401112324637, -0.4317389817370834, -0.7996274618283068, 1.113469333473763, 0.815231429431709, 0.666744709396295, -1.7972169718910407, -0.8543970424992361, -0.70492007513602, 0.22842712201999607, 0.5037053389892067, -0.3132204293356494, -1.1447071008306082, -0.6408985525196351, -1.8254280846200996, -0.631702346681341, 0.21758774273802053, 1.0659550582631316, 0.7927640559338354, -1.1007087172089596, -1.324427567953695, -1.3088199080067466, -5.138008479921404e-2, 0.8066019392150846, 1.1935918656499667, 1.7627654601861e-3, 0.14144458367060536, -1.040870070319242, -0.1707818514009418, 0.4983647517168671, 1.3146926634757206, 0.5566361083659109, 0.8982944712786297, -2.325082128317189, 0.49354751526306156, 1.0014397107724289, 0.7606999536814336, 0.2798100587803957, 0.13822523250815366, 1.2967798298028337, -0.1353352271589972, 0.4879593505845648, -0.1457950527413891, 0.36830592966089964, 0.2864782655674448, -7.655603187301196e-2, 0.9180615844916554, -0.31322479799990816, 0.7644191834411879, 0.8460985131370348, 1.1577433686982865, -0.36619187661986097, 1.2242510560700946e-2, -0.6182382692065836, 0.5870755203926183, 0.5398566133645933, 1.537062528797886, -0.8990381625778676, -0.18283240738405834, -2.0903689259028506, 0.693188795119529, -0.21677524824861644, 0.4742352404035779, 0.4662294691375204, -0.5271099758249155, -0.43191915457535796, -1.3170187074527409, -0.5647662076001874, 0.27888960089424786, 0.8461279622271386, -2.7839127074496903e-3, 1.1276150915379999, -0.765654699795353, -0.3161657336951156, 0.3228886626435198, 0.7587256841322161, 0.7764956579084112, 0.5642279424004444, -1.0520571555394072e-2, 1.0393734437151345, -0.2620659116130128, 1.1456185452866965, 0.6883346787138004, 1.0674886090509126, 0.6749462743081254, -0.6913619394865025, -1.336199318109055, 0.44184899332704813, 0.10938220968882278, 0.5975470984650434, -0.20201123596453394, -0.527441628450849, -2.0550130846917285, 1.252679843832929, 9.538197216811208e-2, 1.331342646864915, -0.23975404059781935, -1.3285898736060639e-2, 6.2490418967422204e-2, -1.6522296986607325, -1.0901324836866861, 1.0375153016063332, 1.3290692346967925, -0.3422435413237702, 1.515017671309552, -0.17778154687665867, -0.1403536948811848, 7.3363623996554e-2, 1.1308135736485447)
