seed <- 422
log.wt <- 0.0
penalty <- 2.8115950178536287e-8
intervals.send <- c()
intervals.recv <- c(56, 112, 225, 450, 900, 1800, 3600, 7200, 14400, 28800, 57600, 115200, 230400, 460800, 921600, 1843200, 3686400, 7372800, 14745600, 29491200, 58982400)
dev.null <- 358759.0022669336
df.null <- 35567
dev.resid <- 225724.2983800173
df.resid <- 35402
df <- 165
coefs <- c(6.635219374803857, 5.852479126538123, 5.631725276845269, 5.398547371861536, 5.18515863088513, 4.821894160363188, 4.797618810974587, 4.602633399133271, 4.358476874397825, 4.304168379440942, 4.346493831677408, 4.168332589053075, 3.9969804573004195, 3.94437572333558, 3.7460951708994856, 3.5189253047380276, 3.256812934942226, 2.9477589964172224, 2.4869921906343757, 2.026075110309848, 1.622256345257637, 0.925342866296437, 1.0466091583162829, 0.2792669325364596, 0.4455411105260888, -0.6927692327437331, -0.20352352510861355, 0.8941947500505432, 1.0094755668198332, -0.9866535475388895, -2.5302711116136, -2.2591996706054367, -0.3864432162673951, 0.819495281857386, 1.3145387112307836, -1.0772523471098365, -0.1559873466419377, -0.8583825159095467, 0.11778463256496371, -0.7915249654876652, 0.969484170122802, 0.7364839005134294, -0.849487374889421, -1.818458579195626, -0.8184901863095609, -0.7256328944168501, -1.3529371057366641, 0.2423582649779093, -0.17226156541204674, -0.45606353758106327, -0.1641527078020694, 1.0265683802681906, -2.4284178963145595, 1.77025478486111, 0.8234951505946728, 1.1406653732407257, -2.083812151874613, -0.19802388399998327, -0.3267715156054971, 1.0087081965919558, 1.2623323291287873, 0.5088391497134234, -1.3469717492818911, -1.2731397512206535, -0.552856903597427, 7.487869573313216e-2, 0.856129010894334, -0.40694302415722244, -1.3084762135502994, -0.6620096760984328, -1.8538718911017438, -0.16066915902998075, 0.5561795972773074, 0.9570600307491702, 0.8126529009638138, -0.6731223921914034, -1.5870197133010608, -1.032885977354917, 6.837165617971307e-2, 0.769423074396488, 1.186123903225537, 7.917542833795668e-3, 0.26864277471185977, -1.3557314804489689, -0.9131520936813031, 0.46741543773690364, 1.2488994093675396, 0.35756287372276163, 0.8074810524045749, -2.3413143346711527, 0.46320383102312906, 0.7243280865059675, 0.7493224023142238, 0.35266186580841746, 0.13013026392787191, 1.45400004084086, -0.11267716555788886, -0.1159527751374689, -0.41898610594117175, -9.580864406731181e-2, 0.4067315410910805, -0.35055604705141374, 0.7491284918878849, 0.21143701172051393, 0.8746863936541521, 0.8811840394117764, 1.1251233845745978, -0.8564636479573702, -0.7427319968058055, -0.9115275015284893, 0.4020924516848826, 0.6965404895514216, 1.6098785397145758, -0.6321975160824126, -0.2762105464211487, -1.84817919141693, 0.7675566428001385, -0.38866291445158296, 0.4808330874986725, 0.7014358501471629, -0.16962824294956366, -0.3675494198843076, -1.403317577000914, -0.4462064716785246, 0.328221440271819, 0.8639756574414423, -0.14123037038792727, 1.04686484476227, -0.5725218988472704, -0.3472016263829874, 0.45565040172298954, 0.812850250957254, 0.8178104315424448, 0.45062708269004187, 9.700496569005879e-2, 1.0590552665602946, -0.3525779441791531, 1.0654766059490546, 0.7430964846916632, 1.033193506562045, 0.663431920248775, -0.6577266599473724, -1.0863797098866412, 0.5863562300670602, 9.656496339339725e-2, 0.34917682174226294, -0.3195247787241057, -0.5649223814301613, -1.771565928772247, 1.3718011302571043, 0.18646771564492945, 1.257207205796546, -0.20048452543130607, -7.343940910560885e-3, -0.20156755965251333, -1.6348591315724712, -0.9119900208194828, 0.6691264601527944, 1.178042083587393, -0.18919715407748167, 1.561166075739778, -0.5392633520564356, -9.269293760424561e-2, 0.1496613623907048, 1.1291069300375631)
