seed <- 629
log.wt <- 0.0
penalty <- 2.8115950178536287e-8
intervals.send <- c()
intervals.recv <- c(56, 112, 225, 450, 900, 1800, 3600, 7200, 14400, 28800, 57600, 115200, 230400, 460800, 921600, 1843200, 3686400, 7372800, 14745600, 29491200, 58982400)
dev.null <- 358759.0022669336
df.null <- 35567
dev.resid <- 225196.720697138
df.resid <- 35402
df <- 165
coefs <- c(6.565376481578192, 5.761513781387311, 5.84683660530224, 5.408497389160398, 5.255831395353077, 4.86841028469874, 4.779027150797218, 4.607204989391001, 4.440867082413809, 4.245650547149787, 4.272698125349506, 4.1943931550761535, 4.050115808990803, 3.9695088791524773, 3.7777954234648394, 3.540960411085995, 3.2708952909875415, 2.9388448733279953, 2.4857399125462867, 2.034157537056456, 1.5412764662684666, 0.8995775974868134, 0.932009332125485, 0.24720866146275366, 0.6566301668650977, -1.0394878536572352, -0.20264058482383657, 0.7518915222945842, 1.0632322678177417, -0.9613045935074311, -2.353814895666152, -2.14575483754386, -0.650743409649335, 0.7749967141351101, 1.1258496024164533, -1.4012715090184886, -0.6243231109307935, -0.9394287919614904, 0.4206947776767712, -0.3205207016359286, 0.9276567316227066, 0.8263711706211224, -1.040450738214118, -1.5077243023685838, -1.1263662766515914, -0.888499307054594, -0.2523883533020448, 4.3104863753441226e-2, 0.8884862814926542, -1.3907463563880487, -0.7343111777546758, 0.860463995721971, -2.5092617604956353, 1.7050962214733971, 0.8872699520982961, 0.9480277519280936, -1.9202690243508413, 7.12873645859667e-2, -0.5668581389447473, 1.2134010700523032, 1.2816805935227, 0.909167861334866, -1.886741452773645, -0.6319934838399756, -0.5824374375833151, 0.2513056272168159, 0.7896802122255379, -0.6972273119958609, -0.898056227298822, -0.8515678112757948, -1.9707314595917884, 6.595285498098913e-2, 0.49028662503805887, 0.9106059551443484, 0.8324392012813701, -0.9884934964741486, -1.1577555794656524, -1.352619148325814, -3.1096254054459514e-2, 0.712902028998595, 1.0059279687393534, 0.1463376386613341, -4.014159605598877e-2, -1.8546531434289915, -0.9739320230475808, 0.38612621969163985, 1.3673071542377588, 0.16276730170396866, 0.8646609012191004, -2.461304054584913, 0.3833045256617434, 0.648322427319285, 0.7423494038965274, 0.41670011386467765, 0.6340982191468506, 1.2378069052623182, -0.13063338246572992, 0.3909277146132232, -0.10029454014794055, 0.43527969172217446, 0.5795562098688002, -0.20151892632243637, 0.8734042349598853, 2.4653865328280377e-3, 0.7505798113389905, 0.8427985628246643, 1.0439648180439338, 0.10403806148869073, -0.23534101159541043, -0.759574534273386, 0.515170951774458, 0.3504358839272206, 1.565166612706487, -0.6811611104570142, -0.13557039479218513, -1.1007954147802455, 0.7080794580471308, -0.2544351979321075, 0.3743816776790697, 0.47408705220343134, -0.34623447365962395, -0.2715100075621335, -1.5861211520193408, -0.5902679481929569, 0.4192588507437369, 0.9050852577468639, -0.1075044638014809, 1.0387028281795812, -0.3173807757192573, -0.33157476791787327, 0.18166171853820995, 0.884464397591362, 0.8608123739748198, 0.39230854031411916, 4.1695143641246414e-2, 0.9972048291536955, -0.4027212765986182, 1.050811383758835, 0.7226738546516973, 0.9762990179919289, 0.7626926209138105, -0.7138407739668676, -1.2378026396118553, 0.6840765422561824, 4.707947727537868e-2, 0.5084135925962886, -8.681515634020963e-3, -0.5808501462222423, -2.2967075480032815, 1.2237227988039718, 0.21445859696082914, 1.1908125407824166, -0.20783776470226317, -0.11178013341157829, -0.2240431804436379, -1.6982157566040095, -1.914511516469587, 0.9031976601477919, 1.3414831945417838, -0.4459174481583786, 1.529352028167913, -0.30448462642339597, -0.20235463002964002, -6.603011504412237e-2, 1.1510242154362282)
