seed <- 337
log.wt <- 0.0
penalty <- 2.8115950178536287e-8
intervals.send <- c()
intervals.recv <- c(56, 112, 225, 450, 900, 1800, 3600, 7200, 14400, 28800, 57600, 115200, 230400, 460800, 921600, 1843200, 3686400, 7372800, 14745600, 29491200, 58982400)
dev.null <- 358759.0022669336
df.null <- 35567
dev.resid <- 226780.1366078538
df.resid <- 35402
df <- 165
coefs <- c(6.565027728271086, 5.665016894857746, 5.661841777411545, 5.344037209260434, 5.015098789161303, 4.782244703616903, 4.750601555538634, 4.596163597654195, 4.424768781954256, 4.212386771556107, 4.34576962350912, 4.160439227641289, 4.055765231618061, 3.9731028927562075, 3.780124016044248, 3.5482899747179215, 3.2648991730722643, 2.9753525994005163, 2.53709705127687, 2.0955545966247215, 1.6068266417276205, 0.8183583231181435, 0.940436860183196, 0.39001171341666807, 0.5037737176057625, -0.8391654639914496, -0.30432433880131987, 1.0539061978698567, 1.0437091371264355, -0.8732777372863991, -2.4817450169297253, -1.260236530797351, -0.3686459563390866, 0.7078207338237329, 1.1991697881204642, -0.7384465260013883, -0.3417587880417201, -0.8104341539533932, -7.37688038383058e-3, -1.0327070859228633, 0.9839819259490308, 0.9486800367820971, -1.1727337054907456, -2.479847204341924, -0.7004127346966584, -0.6762971004124076, -0.464595124133124, 0.20599467950778466, 0.5180733070504824, -0.9378020314291954, 0.4773310114630865, 1.013128124334729, -2.5693516993867678, 1.647369082422768, 0.84252656243606, 0.9665961464860962, -2.3804506745242455, 3.761660895042527e-2, -0.812856326368125, 1.3188983045926157, 1.5309334800166108, 0.7036869208579383, -1.8984118323142327, -0.6570434788299551, -0.48774031411964613, 2.716852555215509e-2, 0.45839690217648205, -0.674022758304975, -1.5675382810479135, -0.743013008228327, -1.5570376740262744, -0.31288996644410555, 0.5909607893385012, 0.9408270855588438, 0.596795513014236, -1.029035634131794, -1.5690481162128798, -1.2513003905145335, -1.1779477952528226e-2, 0.6661188095406241, 1.3369635919361205, 0.13700464271047008, 0.18450028670376092, -2.0322180354967307, -0.7049604807471941, 0.4121397860302829, 1.1856605316955944, 0.28198487715844084, 0.870224075508321, -2.5029027383234648, 0.6265389034253073, 0.6290974199729156, 0.8962621884433212, 0.2614842224841398, 9.83643643205651e-2, 1.3407961745414163, -0.35537606393581506, -3.91283692314299e-2, -0.17227065440232542, -0.33922299129612593, 0.33211429819193433, -0.3794579792455611, 0.8717346683091208, 0.15834413056655958, 0.5853427717629063, 0.8068793402058239, 1.0310432436593757, 0.17854809428860863, -0.4054173823303436, -0.8505010367113707, 0.47753926731881324, 0.7311962422079544, 1.5838880072965331, -0.6708050795331565, -0.1144729401445924, -1.0218486848474846, 0.8317576266470604, -0.2642664176102035, 0.27927942170138115, 0.47612857026821837, -1.0371432747503078, -0.3511539685265975, -1.1104261179293398, -0.5555809273170652, 0.37868143095864853, 0.8755511143982424, 5.956777634504878e-2, 0.8813243672936282, -0.7933602189952778, -0.3246969912237016, 0.17154939757018112, 0.8268576093277129, 0.7715237981920057, 0.4979858700529602, -0.15481564794706212, 1.124411490252255, -0.29767692556349545, 1.0768562758185527, 0.7468355777044571, 0.9000479459949302, 0.8260566719363757, -0.6811500695658763, -0.9382813294759039, 0.40428874830419254, 0.606286720883621, 0.49363022334487816, -0.22457808274259536, -0.4741891881597675, -1.8156724864240974, 1.302493039187081, 0.16555385973354378, 1.1700127279600305, 3.428660921850083e-2, -7.974028425212633e-2, -0.13157290825556137, -2.0579693663049836, -1.6768958232816022, 0.779915137998454, 1.1348772310289854, -0.1168476261656647, 1.546890666676007, -0.20037414925794325, 9.57689038749581e-3, 6.441363047695464e-2, 1.2997384056586496)
