seed <- 909
log.wt <- 0.0
penalty <- 2.8115950178536287e-8
intervals.send <- c()
intervals.recv <- c(56, 112, 225, 450, 900, 1800, 3600, 7200, 14400, 28800, 57600, 115200, 230400, 460800, 921600, 1843200, 3686400, 7372800, 14745600, 29491200, 58982400)
dev.null <- 358759.0022669336
df.null <- 35567
dev.resid <- 225746.4364419862
df.resid <- 35402
df <- 165
coefs <- c(6.4868930107297285, 5.84910416274021, 5.948011244933989, 5.256365576389898, 5.149466550013142, 4.786922698079642, 4.716724900393039, 4.6210982381790995, 4.431733975206087, 4.316198199857877, 4.334615161853219, 4.155196577585685, 4.0324797600872, 3.966170726377268, 3.7854088957964067, 3.5358128902416195, 3.2634995265085114, 2.953364642622115, 2.5559312306710416, 2.028150815094543, 1.5009473515099017, 0.8586262629343023, 1.057178691831933, 0.3767681574537744, 0.4020340676272517, -0.9379386657379989, -0.39220061496756065, 0.8660691885958453, 1.0750829220690927, -1.507932361338806, -2.303505372928931, -2.056041184034306, -0.41845357587205523, 0.6971673300342475, 1.356654111642631, -1.3683532655018034, -0.21507282603856615, -1.4885304359609481, 8.319851480096062e-2, -0.6004088610796526, 0.9227676048423604, 0.7972173140113701, -0.8744069005177134, -2.4032196093811193, -0.676125997148116, -0.6598302354286776, -0.5434367872355689, 0.40057362716626715, 0.6507924155236624, -0.5837743828911668, -0.13638630711733138, 0.8256489444537736, -2.4553610330488076, 1.8909828391410746, 0.7039639242266846, 1.0510715134188269, -1.9107592960444282, -0.14099276292716964, -5.4074401886140766e-2, 1.3497864987433017, 1.0357932282757567, 0.7464129802746374, -1.9379457824896356, -0.5299856907400723, -0.6797435602125531, 5.811075434676308e-2, 0.5988069769636343, -0.10429914547845506, -1.3085539553465269, -0.48084240958732155, -2.5898199200630727, -0.9568106673412761, 0.4823304320952425, 0.8825385969451364, 0.8107987219566032, -1.1812648022136418, -1.4460149970796186, -0.8638782273539409, -7.107686545876591e-4, 0.6120343366912983, 1.1138372680646844, 0.12206104764271639, 9.615204215436474e-2, -1.8439749158796188, -0.3577384443284498, 0.27592720208794114, 1.2764776447931159, 0.6623483341426876, 0.957102423879602, -2.1528769329086406, 0.4081202552647354, 0.700298108189487, 0.7074310374795778, 0.2779904212744898, -1.6735751731058128e-4, 1.5702990357083213, -0.4099560267460776, 0.2954503302413297, -0.4509433936892093, -0.30347865866036416, 0.42097236211618433, -1.1259791767430782, 0.8204907672984434, 0.2332987096643223, 0.7435039394558935, 0.7921350298793163, 1.0797583028327002, 1.357197301877583e-2, -0.4160369546175007, -0.5630518022493928, 0.4752925636235025, 0.5187480688557193, 1.6283688892999608, -0.40536884815885516, -7.669598917614166e-2, -1.012198400575348, 0.706370821698771, -0.31543977827988057, 0.47255355130706644, 0.5923366255123549, -0.4273650344768341, -0.3828589800546432, -0.749601785959217, -0.4978938049855575, 0.3589548156850164, 0.8890014369099606, 4.4539575773351915e-2, 0.9347627666741555, -0.6712657286101752, -0.3877234486180716, 0.2022851151368175, 0.8957207522240842, 0.7244500255071518, 0.4536747783658442, 0.12080221116988717, 1.0888274879717779, -0.40150655073832126, 1.1532574089597603, 0.694002540546754, 0.8289273595332874, 0.7094840434174903, -0.6923471124758181, -1.0483772484804912, 0.636363986241665, 9.463120326140652e-2, 0.4987637972268792, -0.33462112462577503, -0.5281814202664145, -1.9323298741493353, 1.4077851638646932, 0.14482352442235857, 1.152359652449015, -0.16061300385883942, -7.080434444817171e-2, -2.8706099722928112e-2, -1.6662818073458614, -1.563862086083041, 0.8033865817524176, 1.235129352504542, -0.32042878607412134, 1.5517069973363193, -0.1403193707303996, -0.15942853321857353, 6.300589284872296e-2, 1.1651444467636554)
