seed <- 258
log.wt <- 0.0
penalty <- 2.8115950178536287e-8
intervals.send <- c()
intervals.recv <- c(56, 112, 225, 450, 900, 1800, 3600, 7200, 14400, 28800, 57600, 115200, 230400, 460800, 921600, 1843200, 3686400, 7372800, 14745600, 29491200, 58982400)
dev.null <- 358759.0022669336
df.null <- 35567
dev.resid <- 225533.5036116855
df.resid <- 35402
df <- 165
coefs <- c(6.809126291645054, 5.619918612108124, 5.694042202778205, 5.3146803014803075, 5.062697333404995, 4.993621073570624, 4.839197866607351, 4.615159513029923, 4.336571419955874, 4.191683258028259, 4.37232636150765, 4.158348686469537, 3.9636136557292887, 3.9600945578695135, 3.7462926022777054, 3.527871827037437, 3.2539564431985086, 2.924547438275044, 2.4516636691198666, 2.0341904583458312, 1.5332605670033344, 0.9132854657295851, 0.9791582265252889, 0.5591185697611414, -9.57212470613562e-2, -1.6481386070520088, -0.13173371446874757, 0.9540002136869439, 1.1052198739291135, -1.2457775506673718, -2.81893144611884, -1.4816772360707757, -0.27401388409505445, 0.7670160464480236, 1.2706411866898297, -0.7752367360554566, 4.5416714957189366e-2, -0.8918395180821173, -0.2110351657681656, -0.943114335210063, 0.9183994947913091, 0.9624947505648132, -0.8220511828321028, -1.3596940162249431, -1.1803420668026887, -0.8117195913054481, -0.6987604818385693, 0.2813154228966206, 0.5090367714391575, -0.7247305337460102, -0.14232297438692115, 1.0503816083530826, -1.993479268675659, 1.707505078811159, 0.8252615999230904, 0.8610117658320133, -1.8137999971407337, -0.11633997728677802, -0.16161372524244458, 1.4159601484626898, 0.8788330843450289, 0.6585436330152956, -1.235050121306376, -0.8087544295883226, -0.5807365178089119, 0.13588113904051707, 0.6618593613454874, -0.6460624001848286, -1.2624436749346042, -0.6620173566511486, -1.8747945576243945, -1.0508831821510318, 0.48136393787793263, 1.0343055841210096, 0.7068354473237866, -0.790322817834045, -1.7782901502719968, -1.1771173912433592, 0.15058537977288336, 0.6782199562262187, 1.1084268301787885, 0.14132319026311133, 0.19145680717520863, -1.4706351208981656, 0.19809396290473005, 0.3925216468917249, 1.2504310206402083, 0.5333578747208148, 0.9025508626656595, -2.5055745084773338, 0.42913446788865683, 0.6314610966818107, 0.7558522885929105, 0.4707528968852903, -0.1981400531249603, 1.336228135185803, -0.5763652856590897, 0.7052021068139331, -6.337352775261075e-2, -1.0134320086280104, 0.17292164967767656, -8.352054339670606e-2, 0.8338413279228679, -0.27940112434658243, 0.9434495905137112, 0.8332109950401141, 1.0844826723473535, -0.7791910658272746, -0.3299457977034412, -0.8167622726383671, 0.4343226364075993, 0.5611686160719366, 1.6069859877158978, -0.841954457099325, -0.21957627595222848, -1.1912333255883427, 0.7700716542010361, -0.2289921279685489, 0.5061886251925666, 0.5398469114539386, -1.2040688469522371, -0.5833688162273977, -1.1845895608708141, -0.3401350764494391, 0.41453385088175276, 0.881648711724417, 0.1320960605857615, 0.8781814512495163, -0.6744198484897852, -0.4428834519870577, 0.254549956212405, 0.981709278119704, 0.9005831831470561, 0.47661566481136897, -0.23148647206023615, 1.1817004227070398, -0.39905833730029533, 1.1367077728618789, 0.7818494451230644, 0.8717759484270492, 0.6949027694996233, -0.6946383546582393, -1.0829063941622479, 0.7279413467562326, 0.18233950754586442, 0.5645257586628797, -0.2818022079110901, -0.17259835148089953, -1.9410812428454793, 1.2706396814136156, 0.13724027585574042, 1.1188155778003912, -0.24869983591221123, -0.16899773450912708, -0.27026226215006405, -1.7661737077042028, -0.9895659848408404, 0.8331253534296483, 1.0898046401532906, -0.2122517163490127, 1.572033797241141, -0.24093268353232752, -9.13090135144024e-2, -8.139769380156149e-2, 1.1810161743889782)
