seed <- 383
log.wt <- -15.42025219592802
penalty <- 2.8115950178536287e-8
intervals.send <- c()
intervals.recv <- c(56, 112, 225, 450, 900, 1800, 3600, 7200, 14400, 28800, 57600, 115200, 230400, 460800, 921600, 1843200, 3686400, 7372800, 14745600, 29491200, 58982400)
dev.null <- 358759.0022669336
df.null <- 35567
dev.resid <- 226303.4596273765
df.resid <- 35402
df <- 165
coefs <- c(6.791934721760555, 5.563138972843231, 5.913276543723895, 5.348290787726136, 5.118647033310192, 4.734294176714738, 4.827537849803896, 4.687562412048545, 4.393960665839969, 4.260555470315287, 4.337899763872574, 4.145249406914643, 4.015887047641811, 3.9249490565511698, 3.7403327634524346, 3.534151317496328, 3.204425838424712, 2.9170402222790024, 2.5014039165111313, 2.045702211246314, 1.5727230771145393, 0.8503618389341125, 1.0815798993717622, 0.520736992350792, 0.15293496662030143, -1.3205105499701868, -0.6765865196165067, 0.9525917057310227, 1.1057576817927102, -0.8045711687906302, -2.3844009617427564, -1.5266231185075059, -0.4056692195469163, 0.7256990620498581, 1.4421789174518183, -1.0265105460146247, -0.5276508982093635, -0.7846884686317589, 0.3567070321812019, -0.7855470662058152, 0.9212147682329067, 0.3688811296314925, -0.8052626403304987, -1.84589996845336, -0.7579529798131329, -0.6782829751620232, -0.7836428047107098, 0.5276188747695558, 0.7828105840849766, -0.540664564637952, -0.4255707582213871, 0.8065166830807543, -2.044756462593231, 1.721235467622308, 0.8492801526045876, 1.0403122819946178, -2.114651815347663, -3.37332093930287e-2, -0.5057368495089781, 1.1056394959023188, 0.9217761956028494, 0.6735651898232229, -1.9266806514978743, -0.5152175202871956, -0.6294363481902698, 0.1843193028474697, 0.5626407743251812, -0.33032737465859746, -1.1959217767141141, -0.46599481282597827, -2.2962569725405895, -1.0446017279818574, 0.6973719035034429, 0.9072503196581843, 0.8004036067624127, -1.4180004199054725, -1.5898300259296694, -1.3169423693029227, 7.937337506237965e-2, 0.747733518120087, 1.076859812650799, -4.4689781659901694e-2, -1.5727251112296343e-2, -1.686484527580038, -0.6794286694350175, 0.310243171950226, 1.2945605956379835, 0.481812314078929, 0.8894256713735734, -1.9984938801843428, 0.4775885814316256, 0.6260484910905321, 0.6662760677711478, 0.29717972135824167, 0.33240003639652393, 1.2694400508802248, -0.3431658989557882, 0.17310624001885547, -2.6990496472502953e-2, 0.42423555435055543, 0.26857212525532537, -0.5807341262377074, 0.880538180938653, 0.1593171214227937, 0.8871502391213089, 0.8062609867604402, 1.187863237295898, -0.39472967703222395, -2.333997065129613e-2, -0.8902376786554913, 0.4064101299351636, 0.5985310347836874, 1.5955551957665188, -0.6467404519527385, -0.287802162986085, -2.0327154840034107, 0.6360252137631072, -0.27123601460133084, 0.3696926580026033, 0.43955830109489014, -0.3439738476318755, -0.4831707693462306, -0.7538648886502245, -0.41097077799781045, 0.3196022075946914, 0.9177909668754926, -6.471166636341008e-2, 0.9937155151354345, -0.4454504583871828, -0.46263245695906435, 0.44191552753020164, 1.0158131625028004, 0.814460392567159, 0.5355213385286268, 8.263157182035125e-3, 1.0764241590960395, -0.4490678271070081, 1.1054310655948463, 0.6993033229968785, 0.9540580011979657, 0.7125832024861821, -0.6751214016420696, -1.3427769241059824, 0.8386283415168655, 0.33851032211635174, 0.5035983855074062, -0.233656015826593, -0.7103632339491567, -1.9249309992028063, 1.3108090847285685, 9.782319554856722e-2, 1.2452806075921157, -0.193003698220217, -4.781095685934598e-2, 8.851052592982565e-2, -1.565108740408723, -1.7903050796117557, 0.9159873857551131, 1.1770048085862732, -0.5000124327755289, 1.5378940130070018, -0.2609850208321419, -0.10437015148506841, -3.0899590930744104e-2, 1.1337554122367386)
