seed <- 723
log.wt <- 0.0
penalty <- 2.8115950178536287e-8
intervals.send <- c()
intervals.recv <- c(56, 112, 225, 450, 900, 1800, 3600, 7200, 14400, 28800, 57600, 115200, 230400, 460800, 921600, 1843200, 3686400, 7372800, 14745600, 29491200, 58982400)
dev.null <- 358759.0022669336
df.null <- 35567
dev.resid <- 226911.24394657128
df.resid <- 35402
df <- 165
coefs <- c(6.626810526642912, 5.693625629720328, 5.687724091645525, 5.316027791455616, 5.153015151852565, 4.829991763330632, 4.775115248458289, 4.62472840716901, 4.310533883617796, 4.21430300647674, 4.2488509875246345, 4.1747158638658854, 3.997446475068349, 3.9618714052571287, 3.7217607932662644, 3.5040319469690027, 3.2135217321203036, 2.9400032384630865, 2.5302042386883783, 2.1062986883104307, 1.75185432681051, 0.8365046964704417, 1.0575643816353197, 0.30935605212701983, 0.14138198230652582, -1.9818162503178818, -0.17817350684596425, 1.0617552828163306, 1.088068736166075, -1.1358758842022585, -2.423656004819824, -2.4224774946088874, -0.40143408714997686, 0.6903109100108112, 1.4216215627573487, -1.2259399154146096, -0.7777257665135764, -1.069128516098443, -5.299510522859618e-2, -0.8212065099164453, 0.9593862457203651, 1.0827102423983077, -1.0407241515359837, -1.8051027250996736, -1.3476819881195068, -0.7569279056754852, -0.8538260328068179, 0.1446638009967352, 0.28953068377750196, -0.6837772361257054, 0.21426871174887496, 1.016558933916229, -2.8156137950444644, 1.880284067142271, 0.8392536841332198, 1.0718828454726952, -2.1930314618072804, 0.28803356140228537, -0.27158178889948853, 1.1865929321590973, 0.9251764027935429, 0.8566905202566413, -2.0804035052363448, -0.8952718928194849, -0.6521140912446135, 5.678980956520172e-2, 0.7014054154956464, -0.49407363244599545, -1.1298634935454699, -0.7794483953817182, -2.0649477988752967, 0.24584159928692734, 0.6417500777813515, 1.0851395914407724, 0.7321404924078642, -0.7269989879521794, -1.2435949593079934, -1.4992425142512242, 0.11810520157682837, 0.6886457278119615, 1.1577579318137454, 0.11577236993735951, 6.035337155463525e-2, -2.156587273530718, 0.1474649314010433, 0.5450794081973276, 1.2805465496577761, 0.2857049597667315, 0.9603744820130294, -2.8638235738425375, 0.6776643476111548, 0.7582220566365082, 0.7971732909707497, 0.30436563667131533, 0.3063052656638972, 1.1796294806438652, -0.3250368748508793, 0.29104316801159263, -0.12214162819658789, -6.272822837622802e-2, 0.32051351749917545, -0.5211244570333841, 0.8554102457352031, 0.4091667183158947, 0.9140006455504923, 0.7871971596313923, 1.1345513615399183, 0.11944123593833676, -0.9743071372453589, -0.5358168197882424, 0.45516992508775994, 0.4603353279811287, 1.613744261688114, -0.4078698027932733, -0.4318953331062385, -1.3066018863733686, 0.8659128987435041, -0.17974746980541917, 0.42686547190415813, 0.5489053900588403, -0.554485717736992, -0.40431225143764177, -1.085000095800733, -0.48283387005328876, 0.3665605093027002, 0.9653471175411718, -1.1767472310473513e-2, 0.8877069159975493, -0.4066969531100443, -0.4928449963929702, 0.4025186706712288, 0.8555012017062006, 0.8211624176793816, 0.39765371574819314, -0.1300157604778331, 1.1298496604711787, -0.33729843435734, 1.1971128093797279, 0.7446831965096812, 0.9346566345038589, 0.731877641021013, -0.7055747160728018, -1.4224489734350407, 0.7939554130221926, 0.6120835707141267, 0.6229663984708622, -0.20966328376259794, -0.6453755370076426, -1.789772832662115, 1.380271614274906, 0.10013552359351353, 1.2169309558343204, -0.18126872032692085, -0.10764085079495557, -0.19697549170974857, -2.001359916993933, -0.9469945701066618, 0.8762782716425201, 1.1762672066464361, -0.3197891388263125, 1.529746360226844, -0.13457942817916055, -0.12861465288262788, 6.104388395504208e-2, 1.1932542959596801)
