seed <- 971
log.wt <- 0.0
penalty <- 2.8115950178536287e-8
intervals.send <- c()
intervals.recv <- c(56, 112, 225, 450, 900, 1800, 3600, 7200, 14400, 28800, 57600, 115200, 230400, 460800, 921600, 1843200, 3686400, 7372800, 14745600, 29491200, 58982400)
dev.null <- 358759.0022669336
df.null <- 35567
dev.resid <- 225476.97237391124
df.resid <- 35402
df <- 165
coefs <- c(6.510719031948374, 5.665660560875139, 5.797602757041394, 5.446960139205544, 5.13470723813859, 4.923120609691492, 4.798047417705949, 4.616186163474648, 4.381605448053523, 4.320342236481297, 4.356864994715807, 4.188686706880229, 4.023252483326723, 4.0263288074832255, 3.789946751779249, 3.554393081647983, 3.2620058983819975, 2.948819341053587, 2.5571756439896434, 2.092422419212536, 1.6762033343169986, 0.8812226311178754, 0.9243064848927512, 0.3923342579171134, 0.47654952589212596, -0.9306635196890433, -0.3144173109435015, 0.961189975395568, 1.0227406528718617, -1.1756001877330715, -2.5211533945898283, -2.4757774990932644, -0.4857213416268395, 0.7370725115881658, 1.176073185215614, -1.3741014297382874, -0.25578871869801045, -1.4433476645131675, 5.057998761184955e-2, -0.40223672848647746, 0.9498699597812235, 0.8861272544915456, -0.9319664181925572, -2.062748454364905, -1.3517930365388462, -0.7657303802858212, -0.3344573781082013, 0.440739765785654, -3.2105782645536256e-2, -0.3346406507698302, -3.2513501296526554e-3, 0.9764018706735516, -2.566597932237699, 1.5848021670008288, 0.9041377524781045, 1.2499909295516787, -2.1308536401414244, -0.21897997610475714, -0.47509633172937693, 1.1103336884295012, 1.3244832196403036, 0.8722711474060438, -1.6210320679480725, -1.3438998456687175, -0.4554327103178168, 7.494142883142425e-2, 0.7256193408871603, -0.4661124922654274, -0.9705581802664422, -0.6032738835837825, -1.5491553913201295, 0.1487090838859385, 0.8116985471995082, 1.0244691301378201, 0.5975390266692242, -0.4954524394894376, -1.3056781846320857, -1.1845232442719342, 7.58481540662344e-2, 0.855666783759859, 1.120548249009754, 0.15429742949007083, -0.15160698174988185, -1.7860268061268907, -0.6296842165881197, 0.50618978395992, 1.1722232960850874, 0.7617030759257156, 0.9011687984647911, -2.0999945283960857, 0.4719847130016436, 0.7473646644678379, 0.8313379385693682, 0.48845531212165144, 8.040407720843472e-2, 1.3392198064997007, -0.306712681602565, 0.5469283052239124, -0.1547694850654213, -0.6821749916226354, 0.24039671146776667, -0.6299300635978169, 0.7739226850855613, -0.1849288360323183, 0.8298618090272774, 0.7452493661931964, 1.049192958856305, -0.7865136450687192, -0.9495753634400722, -1.459183248817635, 0.4994097170851094, 0.5143324809990566, 1.5258664710428358, -0.2294799280538876, -0.28950636466825974, -1.2576765878235616, 0.7771503456099906, -0.20882893652886894, 0.32506957153693206, 0.7690757165903381, -7.224402036103278e-2, -0.7103366328255758, -1.0807964874019709, -0.6619431967440593, 0.32855943177640184, 0.8965660752273634, -1.3135941770924284e-2, 0.9773911470832197, -0.5180768868122465, -0.5259650909155639, 0.25160275631646334, 1.084041197588986, 0.9243743387119067, 0.4949345916414936, -7.211163804665034e-2, 1.0502113706807703, -0.36919443916840355, 1.0278646230610609, 0.7166851945275264, 1.0854429533485408, 0.7824485528810757, -0.5505629412228844, -1.260223025049827, 0.7758465912794035, 0.49732337118060405, 0.5719436301171986, -0.24062005667090627, -0.38567354464249115, -1.7556435955206569, 1.2987479616943438, 0.2407636595225715, 1.3446445571738137, -5.627776839082938e-2, -0.13295604186910204, -3.610992606915777e-2, -2.113658227042753, -1.7883182192891371, 0.8614351281288851, 1.167246368754841, -0.2924580270208413, 1.483944836471855, -0.44952155825376616, -0.15319938034724148, 0.18674283419448545, 1.1719339586791078)
