seed <- 661
log.wt <- -15.021997279385001
penalty <- 2.8115950178536287e-8
intervals.send <- c()
intervals.recv <- c(56, 112, 225, 450, 900, 1800, 3600, 7200, 14400, 28800, 57600, 115200, 230400, 460800, 921600, 1843200, 3686400, 7372800, 14745600, 29491200, 58982400)
dev.null <- 358759.0022669336
df.null <- 35567
dev.resid <- 226398.1599468073
df.resid <- 35402
df <- 165
coefs <- c(6.562914359869734, 5.849999098639504, 5.660258996162546, 5.277704289456586, 5.1612220905372554, 4.845377929947353, 4.745239100594396, 4.636704306988897, 4.352616401114536, 4.283122519952427, 4.267101652606408, 4.159757377037005, 3.969731800305729, 3.958812454871578, 3.75738628301691, 3.5124973954614576, 3.231041784528408, 2.9602987634129763, 2.504386397690917, 2.0444334501415122, 1.556564366763549, 0.9270700686871499, 1.0843467035844077, 0.5065708811015612, 0.4862137058241528, -0.8846968859664736, -0.11897535760307804, 0.9022009727228352, 1.1518964660289426, -1.205211169710398, -2.392330227671721, -3.09825657372003, -0.6906792931697173, 0.778045482382306, 1.2029782260057063, -1.1990433572974835, -0.353431202268361, -1.8510970215044615, -6.472041427456983e-2, -0.8406989877567222, 0.9022092585293903, 0.8303557503569199, -0.6879033460631236, -1.6257422864098192, -0.6041048078950917, -0.5394650555228003, -0.8475461127647183, 0.5227292429959565, 3.6930672803773004e-2, -0.7448797133191633, -0.3022280935991697, 0.6714604957346715, -2.7578521446628406, 1.636028666855996, 0.7450958918442032, 0.9117027032630887, -2.419164974208617, -0.24982640190359054, -0.39817346152314936, 1.1658079105349177, 1.3032708057199385, 0.9625094796915209, -1.837384165665226, -1.137156701499498, -0.7846142675459239, 3.863251511301078e-2, 0.45991133771732673, -0.26965776268357544, -1.281348868407396, -0.7181005139706449, -1.8971498215465927, -0.3410292238924193, 0.28743862171324186, 1.0202631686333143, 0.6051324725086749, -1.0571315976913411, -1.426811161547847, -1.3648622569841762, 0.11078612076084425, 0.6449779948273641, 1.2142540490034543, 3.789485571836521e-2, 0.2849951795495966, -1.4582423533844255, -0.9448055941689573, 0.4466693963669512, 1.2409280706873604, 0.49086078915550946, 0.8553480032038828, -2.1257236716561003, 0.470297266983387, 0.5709697693562971, 0.817623981045696, 0.39588986386274844, -6.458770287180224e-2, 1.1984025123687074, -6.448611107786703e-2, 0.31997389643629515, -0.20779216182514315, 1.1609736955901733e-2, 0.3560704758534594, -0.13772733047137511, 0.7161550504807208, 0.3013906148613912, 0.8078332396656532, 0.8801094649659305, 1.124435341653771, -0.17213495219924416, -0.6959680814855955, -1.104528905246853, 0.4368468478630367, 0.5377148576190508, 1.6381527808756529, -0.6034651550060477, -1.0668897562889816e-2, -0.6818022157241636, 0.827968945936431, -0.30691904094695466, 0.5521894504076916, 0.5564790343482973, -2.8746242273075352e-2, -0.26386609233631, -0.801941329856464, -0.41732141082390317, 0.4672749179425841, 0.7775668049242955, -9.390645874708622e-2, 0.9938296215066398, -0.5834119114970837, -0.5321830477795554, 0.22373469084244116, 0.8298518799990182, 0.8008818253725406, 0.5906132859944633, 0.13987195758973073, 1.13676928937456, -0.3878233273362163, 1.0265532138384306, 0.6688077373628961, 1.0031440428623801, 0.8079778571195771, -0.6618666969988145, -1.226326132002598, 0.6465884510085079, 0.6711725012991959, 0.5824066981125751, -0.2652514722910615, -0.2908748863154272, -1.6171523788200755, 1.277742219024493, 0.16006786148148056, 1.1754248969814929, -0.12084414837661131, -1.064897849437528e-2, -3.8896361334797326e-2, -2.2559800255833977, -1.4984709014589992, 0.9266326931380636, 1.1755136464659128, -7.432557475597392e-3, 1.6033013774789862, -0.1498895862851229, -0.14631233658608286, 7.401919487895674e-2, 1.2238959307836768)
