seed <- 1092
log.wt <- 0.0
penalty <- 2.8115950178536287e-8
intervals.send <- c()
intervals.recv <- c(56, 112, 225, 450, 900, 1800, 3600, 7200, 14400, 28800, 57600, 115200, 230400, 460800, 921600, 1843200, 3686400, 7372800, 14745600, 29491200, 58982400)
dev.null <- 358759.0022669336
df.null <- 35567
dev.resid <- 225965.31279616873
df.resid <- 35402
df <- 165
coefs <- c(6.641303833094313, 5.702667588390188, 5.628561773543761, 5.41895262432341, 5.030858834802921, 4.870813033654563, 4.739511328138176, 4.655140526141336, 4.402402599656906, 4.248742594569113, 4.285380099054396, 4.131380503062529, 4.012611721388799, 3.9628675309902914, 3.7624869904625817, 3.539645045244852, 3.25367871417083, 2.946624789167037, 2.5357527261297887, 2.070487381716519, 1.5364330849581922, 0.9025590279924469, 1.035311090604904, 0.36152641779925226, 0.2557205817472799, -1.0331676412240078, -0.49038279459185863, 1.0194659213196016, 1.0655132800197429, -0.8803422330345257, -2.445151372122468, -1.8783135604655998, -0.36825727876474634, 0.7834124890022085, 1.358981738425649, -1.2043309245026714, -0.6705459552364037, -1.029183409477019, -1.300109851309071e-2, -1.3059982990344432, 1.0209101404583998, 0.8854218555981788, -0.8377414111501246, -2.242301912361521, -0.7201781902932913, -0.8348886270636209, -4.7379152594464104e-2, 0.32276965966198057, 0.4740635214428641, -0.2993233097203126, 0.4267413704655039, 1.0447214953375228, -2.7844468622961034, 1.611050904876841, 0.8342758457155263, 0.989809536214124, -2.458614555332887, -3.6469071259021546e-2, -0.6377332417284973, 1.6080794947359924, 0.9742168209387508, 0.607098952175823, -1.6645311378196965, -0.4732865715667568, -0.5088426225880289, 0.24064618037341176, 0.5519466346525057, -0.4475787739334739, -1.8304989745133158, -0.675964350488614, -2.2447602283159087, -0.3985175682036265, 0.45339016895563783, 0.8988116551304752, 0.7546908384527754, -1.0105533531854713, -1.324433915350257, -1.3034894622129434, 7.721000039393551e-2, 0.6666718738731425, 1.222411419282148, 0.1509988772778772, 9.640200404146472e-2, -1.6939110944610252, -0.3728072481821112, 0.10369403865199518, 1.2346185546363277, 0.6398838115149792, 1.016172681901421, -2.050656982074382, 0.5233034026135651, 0.6864296372833695, 0.8813617189403163, 0.37992189476200117, -0.14990008529905283, 1.4242399373958785, 0.34283714010260835, 0.5589422330025636, -1.703606245970723e-2, -0.5989892261972888, 0.2349930841606194, -0.39834574333164013, 0.9240275015593328, 0.20179693000475846, 0.9217848638681049, 0.8472746440246361, 1.1131987252471673, -0.2952012099147651, -0.964779829261775, -0.959583607019057, 0.3519207824092341, 0.6748999936459681, 1.6439805196925246, -0.78335694190713, -0.2575976324563098, -1.1285121887748961, 0.8629010870952809, -0.30836434544984387, 0.6108151767109782, 0.4537285746522018, -0.5237400753855357, -0.6003979157057326, -1.5290286883677742, -0.44913002903036114, 0.3240497393686185, 0.773134903784321, 9.490366643876542e-3, 0.890800022028485, -0.2641753588539544, -0.4895657686483656, 0.32188315013994134, 0.9269804492652617, 0.7072669987940187, 0.45474885353507666, -4.002869293462531e-2, 1.1660892016959372, -0.34080617342046216, 0.9082416461542154, 0.7179216575650861, 0.9429837291873138, 0.7788469675540779, -0.7154051402401566, -1.2568264066358052, 0.7578036519518566, 0.17858317301848198, 0.4740391422566644, -0.20520761602715326, -0.3481445610911, -1.9721424216108145, 1.1271358843585255, 0.1773667927328208, 1.1881166297726244, -0.2661409891440631, -3.50962991001272e-3, -0.19999277059631299, -2.2631673883803822, -0.8542052969338433, 0.8243210083935661, 1.191244544750152, -0.3589583834086251, 1.6250525496641968, -0.12944001258484353, -0.27505178614778225, 0.13009807717176486, 1.2405592901623854)
