seed <- 702
log.wt <- 0.0
penalty <- 2.8115950178536287e-8
intervals.send <- c()
intervals.recv <- c(56, 112, 225, 450, 900, 1800, 3600, 7200, 14400, 28800, 57600, 115200, 230400, 460800, 921600, 1843200, 3686400, 7372800, 14745600, 29491200, 58982400)
dev.null <- 358759.0022669336
df.null <- 35567
dev.resid <- 226243.356930729
df.resid <- 35402
df <- 165
coefs <- c(6.772938394353393, 5.864523437516622, 5.821463662156425, 5.353334912951506, 4.9997269112100735, 4.868370530612486, 4.786704123531029, 4.569243724403117, 4.37649456377357, 4.253518550535787, 4.303326405816773, 4.158649656001545, 3.9860828911417325, 3.9396247370434394, 3.7472758478079675, 3.519249120134193, 3.2441118671604614, 2.9457843760113214, 2.4701051329472343, 2.0129010833459255, 1.657733080282039, 0.8775804754294994, 1.063124387682362, 0.26247819689615315, 4.7284044564719296e-2, -0.8284322197063569, -0.2592440877733706, 0.9370914725789871, 1.0746262471089476, -1.538431882215946, -2.691530691598262, -2.0696614529483677, -0.28757065535609183, 0.7776471453003302, 1.3694266700349524, -0.9930337692400465, -0.41713592532936944, -0.8048368209600981, 4.018788153026204e-3, -0.8377304516016663, 1.000168454624265, 0.7458704028148666, -1.2170701988817911, -2.023185722184907, -0.6773138716223603, -0.843231415700834, -0.28242559979811527, 0.40528326561763445, 0.34217580020602334, -0.650495762392815, -0.15126703340139866, 1.0036484558796925, -2.803919620937232, 1.6234415817354964, 0.9428721647867976, 0.9124206801088038, -2.039338392727806, 7.848860439384842e-2, -0.17232321781986076, 1.439066493566183, 0.8112436268147734, 0.7862362837616914, -2.3058166841734042, -1.6232978196304606, -0.6525424436389422, 0.318061872334718, 0.7652105665568085, -0.15364698631207346, -1.2140308936459903, -0.49658855094001075, -2.680992530616331, 0.12106505787390488, 0.5768416492591445, 0.8076401540652642, 0.8379420447444672, -0.725979277481891, -1.2042659601738854, -1.7767646749807298, 0.19683744953981255, 0.6396231512698071, 1.1033040733722366, 0.12749848279827594, 3.2725997246855563e-2, -2.2632165297634095, -0.20111968803779082, 0.2864803854840978, 1.339389304166291, 0.5302446245384329, 0.9677029652849269, -1.5266442676152763, 0.5589005827253906, 0.7644590702956002, 0.7221924098930964, 0.32860770497725694, 5.7204912732111514e-2, 1.3272845110748583, 9.137911541928899e-2, 0.38559755108020016, -0.11338203651483929, 0.13099867106011087, 0.2447822445873716, 0.17203590392169685, 0.7796117847832449, -0.22319205042583112, 0.4960742044978251, 0.8037723429353094, 1.1232112342702918, -0.2209080062755174, -0.17285279764242073, -1.0062375201442784, 0.5384254247083191, 0.6194018175091551, 1.6774525896431225, -0.7027765435269077, -0.2889037080229235, -0.9088350703981632, 0.7359214570544096, -0.4199246001935517, 0.533668651577545, 0.5461025828231778, -0.7458158993331153, -0.44442539426257505, -0.7966995337722026, -0.5214315583914971, 0.3612210987440622, 0.7677181499266346, -9.483160458955425e-3, 0.9792830378526985, -0.39434617615579654, -0.4564620092510762, 0.3223408290790848, 0.8517600643417996, 0.6219405818425111, 0.4056773078259772, 5.079758330510789e-3, 1.1909759738599475, -0.27886906502288555, 0.9993635433896321, 0.7860222597663599, 0.8665305052572495, 0.6954182645550834, -0.728165816729829, -1.0967089065163491, 0.6041583163904473, 0.18890626027025337, 0.3708734971996707, -0.30444972956584215, -0.5468275171426378, -1.9757332896571278, 1.2555945508432518, 0.215016392325832, 1.1890866519212364, -0.2962514758858165, -4.922236301910598e-2, -0.2692524278725485, -2.0800401833051767, -1.1428467680340342, 0.6919225380492356, 1.2060037850982765, -0.15709439117813476, 1.5893767794370408, -0.33746863662749665, -3.748344152225725e-2, 2.7118185563850945e-2, 1.1559410560211758)
