seed <- 502
log.wt <- -14.047103114911632
penalty <- 2.8115950178536287e-8
intervals.send <- c()
intervals.recv <- c(56, 112, 225, 450, 900, 1800, 3600, 7200, 14400, 28800, 57600, 115200, 230400, 460800, 921600, 1843200, 3686400, 7372800, 14745600, 29491200, 58982400)
dev.null <- 358759.0022669336
df.null <- 35567
dev.resid <- 224962.62443335948
df.resid <- 35402
df <- 165
coefs <- c(6.526060892821462, 5.794290221563843, 5.795550318072787, 5.278033205991308, 5.130254777685191, 4.925619071634129, 4.719441133106681, 4.695751677378364, 4.388655841496418, 4.326599441449773, 4.320482795577357, 4.180255128182365, 3.9972098981919792, 3.9462760742487744, 3.7924460358790895, 3.5308007927681055, 3.2630709034202683, 2.974693135845275, 2.5091055636514206, 2.066310927507221, 1.662744618460754, 0.9469462310901062, 1.0878818280087441, 0.606890210460837, 0.700023244859066, -0.8182129285405778, -0.31740847443419773, 1.0761376558791402, 1.0186368399041228, -0.9458256012091966, -2.525004254086853, -1.7576706339237587, -0.40279978494043994, 0.7926874465848956, 1.302853132916326, -1.3372579740011103, -0.3436726072575836, -0.893861617581182, 0.37988850057605483, -1.0182699539326734, 0.9554522373471049, 0.9597595233014461, -0.6789836128940742, -1.8013853213639615, -1.2316709676744257, -0.7349630984972796, -0.25032379307147246, 0.3479384632776232, -0.15321081736269054, -0.5801537243577317, 0.22632379789567694, 1.133033975140807, -2.544110327711806, 1.642854980887229, 0.8660846486455057, 1.150055182278203, -2.343728036214949, -0.20193600504553452, -0.33370804477150423, 0.7884899567292301, 1.2526002700941266, 0.7220675926520911, -1.8042194450639772, -1.287538825091168, -0.445197504328982, -0.1326357617347837, 0.7426083305607117, -0.7910297034945555, -0.7101090797984158, -0.6043859208597437, -2.382394117442017, -1.2240913526571777, 0.6507917633924671, 0.9201693266871528, 0.6225092110226861, -0.8778236708722706, -1.347054496330954, -1.3247076742874664, -3.2107604003649294e-2, 0.6321448359614852, 1.1883267644235929, 0.12442003181582705, -0.12998149100278816, -1.553996134331511, 0.25115946480186835, 0.25940099311864734, 1.2136211427938697, 0.42478553337052705, 0.8943435322801515, -1.6640208489038624, 0.46102210624638884, 0.6521945136377663, 0.8572134421193655, 0.3515695792611759, 0.12832098187352467, 1.6417563703798816, -0.9278316012967466, 0.32203814887059934, -0.24927242453347523, 0.3693093371162011, 0.37604875661197484, -0.10518011593402153, 0.8294540764326355, -0.1715463459364891, 0.4829330970456532, 0.8713049401470171, 1.1305468755174861, -0.3626235167268703, -0.8878379265879035, -0.8800297657750376, 0.4082318877512476, 0.7819922380566849, 1.5658108936514135, -0.8588677435983416, -0.4135038675460086, -0.7854882049615548, 0.8273582496361858, -0.40403974137515236, 0.41455779169541956, 0.8025338817109113, -0.3232786230727937, -0.5140148980152757, -1.423235277290127, -0.7216856595282354, 0.33950210092164834, 0.8262891497372398, -3.150605599785253e-2, 0.8730531353572631, -0.5647360276572347, -0.39597954720961537, 0.4134072336267157, 0.9574303020738668, 0.7942242449444411, 0.3432453546882251, 6.9086098676688e-2, 1.072455554051405, -0.3204093246022711, 0.9675662800222625, 0.7716958887861629, 0.8535017308436136, 0.849677413807437, -0.7207710329667941, -1.2051923891980658, 0.7085356816541022, 0.3166611097355063, 0.39251612056125557, -0.31074997278790134, -0.7197852954032923, -2.003156533710273, 1.2234175506882212, 0.20840686291423513, 1.0910476160349143, -0.1604043297862067, -2.4852882944927514e-2, -0.17596800815230634, -1.3756058885698197, -1.3296285222497695, 0.7268353976918094, 1.1852249553934018, -0.23261088878711003, 1.5101338259675694, -0.588649738968718, -0.19816651905708552, 5.512319556703272e-2, 1.2079392590394846)
