seed <- 1072
log.wt <- 0.0
penalty <- 2.8115950178536287e-8
intervals.send <- c()
intervals.recv <- c(56, 112, 225, 450, 900, 1800, 3600, 7200, 14400, 28800, 57600, 115200, 230400, 460800, 921600, 1843200, 3686400, 7372800, 14745600, 29491200, 58982400)
dev.null <- 358759.0022669336
df.null <- 35567
dev.resid <- 226764.89478252153
df.resid <- 35402
df <- 165
coefs <- c(6.5229201259354275, 5.751523822250524, 5.596429844080999, 5.240861785899036, 5.03737340824901, 4.818391341168892, 4.780003921312508, 4.623652639860279, 4.325246074725522, 4.32010865041879, 4.278270206751528, 4.158699172781774, 4.002891914114466, 3.9315126244800247, 3.7186736172309844, 3.5090143933727607, 3.2522829098616426, 2.962258334257982, 2.482935269505953, 2.1042106673176884, 1.483353410884172, 0.917609853140186, 0.9981516590180302, 0.5065487273284084, 0.5510534588413358, -1.6759387429529358, -7.306187026710077e-2, 1.1593403148982084, 1.193552691516286, -1.5972643309276042, -2.3624192089052305, -1.473024083554087, -0.2311077897431196, 0.715812339043021, 1.2050644429364403, -0.8603576396063176, 4.619512470937249e-2, -1.684429728816713, -0.34338179521880874, -0.3698761339884791, 1.035798647896999, 0.6487347016665542, -0.7432666531554984, -1.7006852880334946, -0.655929980270131, -0.6025044594861496, -0.4882091991729198, 2.196648730389076e-2, 0.5779286279387956, -0.15329959498986567, 0.16210877130081378, 0.9167109822496446, -2.6823472389561527, 1.6236149084783198, 0.8410700618884697, 0.9393763706095655, -1.9416428890180368, -1.6100984623396594e-2, -0.3669582543928912, 1.2843837674802712, 0.9008704729265576, 0.6336405590686526, -1.4712903625720664, -1.790305943859503, -1.0303910477045133, 0.12253940210737212, 0.6071716368909107, -0.31477314028253633, -1.4697336990717251, -0.764967390243227, -2.133733088381422, -0.2566644419534747, 0.5569975020413327, 0.9765048810141969, 0.6214285690776643, -1.069263665939106, -1.5062892390234253, -0.695676093058573, -0.11362545427546801, 0.5484095268089868, 1.177853919223031, 0.12064544356684273, 0.18692443046902543, -1.841918682815619, -0.9563815229616429, 0.5158916595398823, 1.1669854018363328, 0.4135622091870514, 0.9494773155175856, -1.592737761850077, 0.3857655299340057, 0.6062146973869801, 0.8384843684415171, 0.2660619361276981, 0.3509860438029252, 1.3964941104100872, 0.15961420671100107, 0.20730941959577082, 5.215082188396357e-2, 0.20377415051218786, 0.39506633366302785, -0.8908787186538072, 0.8298049466900829, -9.782937423579696e-2, 0.7450549397513148, 0.863748524857395, 1.016822728325655, -0.43577111375702327, -0.7060381609666426, -0.4422976970993242, 0.31843604046729374, 0.6041566097497671, 1.6634308791636265, -0.6625900164228853, -0.27540513191251537, -0.8704761326677128, 0.7427848258385994, -0.2761183154928722, 0.40922752858360295, 0.7232382440820131, -0.9665533805973174, -0.3707768651398794, -1.3899112084931133, -0.31346783984790455, 0.35352639282295995, 0.8378611969482626, 6.6035375552042285e-3, 0.6957270209638661, -0.9146302852927832, -0.3993891592693481, 0.19419308933463877, 0.9800298986274084, 0.8294302579412614, 0.5616658027871209, 4.087681598923767e-2, 1.097861973154058, -0.2596789321858379, 1.112560835296897, 0.7357434453245622, 0.7809285207470114, 0.7070640907524648, -0.6900947824212458, -1.0738660576477457, 0.6424474006419809, 0.3333951221781634, 0.45533986049876407, -0.201194431275219, -0.32929390449197665, -1.7324990710495267, 1.298074680157007, 0.1359678060101331, 1.0447023774697446, -0.1715567728187303, -0.13470300519872588, -0.2986033228753596, -2.160396757741655, -1.326511708762213, 0.9763904464942719, 1.1168532472709005, -0.5231987516239254, 1.6203532683390003, -0.20423880374157033, -4.74105160447104e-2, -0.15857049521259764, 1.1733592722076063)
