seed <- 963
log.wt <- 0.0
penalty <- 2.8115950178536287e-8
intervals.send <- c()
intervals.recv <- c(56, 112, 225, 450, 900, 1800, 3600, 7200, 14400, 28800, 57600, 115200, 230400, 460800, 921600, 1843200, 3686400, 7372800, 14745600, 29491200, 58982400)
dev.null <- 358759.0022669336
df.null <- 35567
dev.resid <- 227091.429341214
df.resid <- 35402
df <- 165
coefs <- c(6.5847660791431135, 5.715941425334268, 5.546412825126954, 5.262592908731779, 5.0612540602023, 4.869319512687125, 4.826208650446842, 4.650690086699325, 4.337898089906015, 4.293083052325368, 4.351065579456915, 4.147625752738821, 4.0205772858729, 3.936791382335417, 3.7605241160100276, 3.5147418435203472, 3.232956361043038, 2.9093031667290004, 2.478877413875331, 2.0599646992013008, 1.5902422483818246, 0.8680842287503964, 1.0134379935655486, 0.19118239665038267, 0.5446457052911748, -0.9486747085187882, -0.346148618016437, 1.1522916446481406, 1.076341217497865, -1.2214526773488354, -2.054475155542235, -1.359336722421177, -0.27005420350868703, 0.662606422900427, 1.3136339169809492, -0.6170798080032124, -0.26207747420056404, -1.095837763087862, 0.2495152807972507, -1.2460639479213071, 0.9067809721771558, 0.8453834624355093, -0.6837845483281421, -2.2025854167132377, -0.6318747405605095, -0.9381582355394487, -0.685103884228085, 0.39388917824971614, -5.81292846091321e-2, -0.7392192308908305, 4.690396115129849e-2, 1.2565824262643919, -2.7911221683926493, 1.6099150199265353, 0.6827419178576729, 1.0132287059063303, -2.454526870433687, -8.685227935542131e-2, -4.9458086045299915e-2, 1.1936505481703825, 1.096714427446805, 0.68521515090402, -1.6544688322779508, -1.2566917260282164, -0.680734622568162, 0.12683576046607312, 0.6022409760744378, -0.2225011122088941, -0.9221294837874434, -0.6508439331368316, -2.4085483457182697, -0.6191364453082042, 0.37304768641749425, 0.9986147158661067, 0.6383301901792156, -1.1534600236664325, -1.1188678104707006, -1.5562401951713594, -5.079070850120991e-2, 0.6371813195786914, 1.064477534317785, 0.18192027662385485, 0.15863125216978707, -1.8211309779283382, -0.21541895091823882, 0.46921689619795404, 1.2589017915899314, 0.5936445344514141, 0.9649820692918745, -1.6495466167399828, 0.3968933749900651, 0.5797973062838023, 0.7768566705659206, 0.40616291392430726, 2.4474471706439492e-3, 1.4649208066260628, 8.151227755739036e-2, 0.3586465644325974, -7.3036302844114e-2, -0.682709185273969, 0.5424211389388768, -8.210403717859158e-2, 0.8221589468406552, -0.1580433259991827, 0.7991174528484778, 0.7898645085938505, 1.181481181376604, -0.62423507277727, -0.7283147843396603, -0.9866828970873545, 0.3258441962151859, 0.7918708680769928, 1.5671613908303879, -0.8423509521664534, -0.1735533182829627, -1.0794344117342214, 0.6822108423602963, -0.2495897637857358, 0.3504324091119702, 0.5742655890089942, -0.33453995247715423, -0.6898071140503178, -1.3771871709726025, -0.3298906562925899, 0.27954147653955846, 0.8599762486243765, -9.689440164212328e-2, 0.8723301340113674, -0.7585494132569403, -0.35294866160034183, 0.4258271493485409, 1.0074016213794255, 0.5590652717986593, 0.4571037397706201, -0.10343591237867676, 1.1634090241370885, -0.26490604309296345, 0.9957529318144852, 0.6963792384703409, 0.9117088838062242, 0.7648945511836712, -0.6227618779708458, -1.0821113472646262, 0.7679434641893749, 0.25474805798026107, 0.5158331992652121, -7.881184076005472e-2, -0.2212782880046572, -2.0352868574236407, 1.2181126604655974, 7.909196424250748e-3, 1.1770606542344777, -0.2231317466150668, -7.483599404409392e-3, -0.22066968646768284, -1.9116713002573396, -1.3112529799470496, 0.9755914471986296, 1.113593257316909, -6.770467039084604e-2, 1.5536892366721091, -0.3042816051274982, -0.14882551836071387, -0.16940601474434983, 1.172709406886195)
