seed <- 1021
log.wt <- 0.0
penalty <- 2.8115950178536287e-8
intervals.send <- c()
intervals.recv <- c(56, 112, 225, 450, 900, 1800, 3600, 7200, 14400, 28800, 57600, 115200, 230400, 460800, 921600, 1843200, 3686400, 7372800, 14745600, 29491200, 58982400)
dev.null <- 358759.0022669336
df.null <- 35567
dev.resid <- 226355.80715591554
df.resid <- 35402
df <- 165
coefs <- c(6.6009286812339285, 5.619385209250642, 5.687071850914473, 5.302769033227515, 5.080437676024486, 4.784717719143296, 4.720781032346665, 4.636325170708711, 4.333563309801388, 4.181852468161527, 4.310053406032576, 4.1223264476523855, 3.985958832049111, 3.948099873474679, 3.7023207251379757, 3.5177514613945284, 3.2330794620392327, 2.9560246908186474, 2.4946682633114623, 2.0257312428731042, 1.6162132244779084, 0.9163009664704291, 1.1951395755999417, 0.3972082047705581, -5.129178903515643e-2, -1.2444518554512665, -0.22327907222273333, 1.0290611298161523, 1.181484567863386, -0.8432043823055053, -2.6268109374977313, -2.356630808249424, -0.5420567946584316, 0.7364198581247863, 1.417504863649129, -0.6620066129688916, -0.12770112918986912, -1.4264789548557857, -0.13432554080031717, -0.8179147882521909, 1.0350091590121786, 1.1268389029843675, -0.8279987051353379, -1.5321751244802082, -1.1488805683573402, -0.8183649692157963, -1.1575823613928782, -0.2523342905672322, 0.5531627895042655, -0.5063265904810623, 0.1280352855591679, 1.0536119032715772, -2.7594137943458388, 1.775598170939085, 0.9429858485593129, 1.110114893178003, -2.1886345141591943, -0.11486473788642314, -0.13215445906663362, 1.3415315863164488, 1.3764092105451302, 0.7436936269339756, -1.28503472305758, -1.5935096943192772, -0.6914890243076981, 0.23859609801804765, 0.627070838575019, -0.7096460450899578, -0.855847698076525, -0.7252145394149049, -3.0086460112376647, -0.21386692810758426, 0.5841570244998768, 1.1201056253841593, 0.583474048395155, -0.8817244892805614, -1.2817714605517592, -1.3880979276337246, -8.196364511710252e-2, 0.7162381581492427, 1.2268144775568077, 0.10293762349374516, 0.2354167535007439, -2.172100749427087, -0.9820167585994104, 0.5324683428407437, 1.166630180490236, 0.5146572728254172, 1.0089532457212136, -2.704396121037273, 0.4503833739070467, 0.6678313678835229, 0.8083958784303509, 0.47531136633406273, 0.12096794734911999, 1.1912510420689606, 0.1605706727060811, 0.6268171090608664, -0.27077962411514445, 0.20410476109203451, 0.30256695496808067, -0.47141634436547786, 0.8558562570137681, -0.15964012797238164, 0.4968969598722046, 0.8583658615335468, 1.3001917297860457, -0.3086914829524939, -0.4328923480909782, -1.548994801975504, 0.47918575713658357, 0.7203322477933412, 1.6562228616606902, -0.7575060683265267, -0.1182693600574044, -1.0725879987630065, 0.8372189371128661, -0.19375164546927948, 0.5092691676992235, 0.6413899155265477, -0.8081154223491318, -0.26033155954536924, -1.2911513746516132, -0.43728300583898266, 0.36567895421948016, 0.8690933668734059, 6.9205354745395155e-3, 1.0681524254197314, -0.4135418685541552, -0.45208659506581467, 0.5073513027524121, 0.9319546184196872, 0.8124243517377354, 0.46145996065607325, -3.876552557439767e-2, 1.1566910734001654, -0.29173340994591773, 1.0801344085686226, 0.7191114715464275, 0.9623512239986195, 0.7660439554762918, -0.6107467861481009, -0.8566741922897272, 0.6162854566489032, 0.426876932571729, 0.6134035538092879, -0.3355781485424517, -0.45674289598852436, -2.152868110364019, 1.3241559757764112, 0.10353415101479163, 1.2380321503264953, -0.19498519074357792, -0.17430640275641596, -0.13078431634970716, -1.510620759727868, -1.5115835343002695, 0.8886355436239124, 1.2215887373830183, -0.4912835145191401, 1.6273600560706827, -0.24979607949163693, -5.081982828338046e-2, 6.795988559932872e-2, 1.2085764261007228)
