seed <- 860
log.wt <- -15.33495203184776
penalty <- 2.8115950178536287e-8
intervals.send <- c()
intervals.recv <- c(56, 112, 225, 450, 900, 1800, 3600, 7200, 14400, 28800, 57600, 115200, 230400, 460800, 921600, 1843200, 3686400, 7372800, 14745600, 29491200, 58982400)
dev.null <- 358759.0022669336
df.null <- 35567
dev.resid <- 225872.11619579676
df.resid <- 35402
df <- 165
coefs <- c(6.438288133166094, 5.927821177219743, 5.660227609695962, 5.398314782223085, 5.11364945584089, 4.905266873148412, 4.731884852894704, 4.57794256595401, 4.367616751896221, 4.250565154656822, 4.289937561263901, 4.167382243723442, 3.9655913616706795, 3.9468771618834904, 3.7532999604290715, 3.514127625016977, 3.2366960102291324, 2.9571060456315763, 2.472907116046226, 2.0430825582501346, 1.5974264716565683, 0.9231952552916649, 1.0480157087747124, 0.49891526739623243, 0.5600990060747858, -0.7269343728998889, -6.519247316474967e-2, 0.9313668698160943, 1.0363526251111903, -1.2774798130354708, -2.6225870437188217, -2.408594180485951, -0.19617516863914025, 0.7446658023407259, 1.4543428738533741, -1.3799515698935447, -2.1765616569416925e-2, -1.6942016107165272, -4.123380466517493e-2, 7.150892824486264e-2, 0.882176854107897, 0.7347761582704806, -0.7952306259807607, -2.3923837591641655, -1.1696490763535383, -0.6363742120270441, -0.35056146001635013, 0.5818041248072796, 4.805456036235211e-2, -0.6964129531023553, 3.0329388550593018e-2, 0.7205487560074625, -2.1745649466726897, 1.7093163587082945, 0.8715124487360569, 0.9959349318671831, -2.1306444601788868, -7.781137754568992e-2, -0.21563912144377528, 1.617304229463464, 0.6220126112221865, 0.5803646859362681, -2.2167659285970656, -1.3572430839811893, -0.48054830263903575, 0.19430132689722937, 0.7617834430518734, -0.5227770210115114, -0.9936185602736441, -0.5843322986656787, -2.1775906817026116, -0.7710662857133301, 5.903304060154911e-2, 0.9744858631505585, 0.780836001540743, -1.0778655652582345, -1.264857183521083, -1.1919500844118287, -0.16027533694093826, 0.7714181394564084, 1.1396346240997166, 0.14327117628958216, 0.16993772682290353, -1.8274632654716991, -0.5261881609360524, 0.4490432787534132, 1.2091434465773998, 0.12298886358711521, 0.8937344934928091, -2.471311032819802, 0.5844976677850193, 0.6680600113272227, 0.7497493566066856, 0.2617400515592611, -0.8349641535568173, 1.5258914813668467, 0.5917176764811501, 0.49448096465486413, 0.10149374456935414, 0.1195204356572093, 0.3164168143794207, -0.20025439094794098, 0.8280843060768267, 0.46269438026411547, 0.7789577321180507, 0.8687951206885134, 1.1921213337758028, -1.0644409603334792, -0.9157775756479064, -0.7390299571766777, 0.44501028830862993, 0.5486289501238809, 1.5379845708974098, -0.47249482030300455, -0.24622934767722862, -0.6582045574420471, 0.7937865675262721, -0.33919225212693244, 0.5210054429907891, 0.7807706441954944, -0.2918583125420463, -0.3936579925897001, -1.3147907918237027, -0.2648102683785008, 0.22236913635234312, 0.7912181240235874, -4.62470508969553e-2, 0.9475843471673612, -0.7416543737761364, -0.4644117766240216, 0.3876693660281318, 0.9543146674881803, 0.8183044265714702, 0.5081522942982957, 4.0007156973068475e-2, 1.0424918251322435, -0.4971649185677201, 1.116607389842039, 0.7528474151912461, 0.9211339737706233, 0.7397501174314861, -0.794511529178956, -0.9357685813798267, 0.7527986789922285, 0.2970666841771898, 0.47872974163063614, -0.20428741297298347, -0.38234881377243074, -1.9501618655605781, 1.2452886201933926, 0.1603502176349308, 1.2315071484270848, -0.1983998013648357, -4.5033960001527415e-2, -0.2585684541462493, -1.6688770122976913, -1.2406983397952507, 0.7649800580611528, 1.2354503847037575, -0.47478689717850026, 1.4782627226200131, -0.1780178364168862, -8.85060932612262e-2, -1.6373414176263607e-2, 1.2282630428040269)
