seed <- 530
log.wt <- 0.0
penalty <- 2.8115950178536287e-8
intervals.send <- c()
intervals.recv <- c(56, 112, 225, 450, 900, 1800, 3600, 7200, 14400, 28800, 57600, 115200, 230400, 460800, 921600, 1843200, 3686400, 7372800, 14745600, 29491200, 58982400)
dev.null <- 358759.0022669336
df.null <- 35567
dev.resid <- 225352.99350068183
df.resid <- 35402
df <- 165
coefs <- c(6.499773730251452, 5.997071682042084, 5.722659310511863, 5.564314880589795, 4.9409898568541815, 4.94855645580811, 4.751630909374173, 4.6191384031724585, 4.3758594499021, 4.33689203372855, 4.279084694801709, 4.159091134659857, 3.9683104078932856, 3.986084427985504, 3.7507213052508876, 3.5417422907825302, 3.219447842300429, 2.9496094337497887, 2.4941327857350877, 2.112274007313995, 1.5765890218945169, 0.8769183562028082, 1.058031103724424, 0.5691633824734327, 0.4426182999886732, -1.2229267420883545, -0.2779445188276107, 0.902811680804249, 1.2143999257495877, -1.680623332607642, -2.237360622558063, -1.8730908184321684, -0.3762091025295146, 0.7373544509202554, 1.2873635754454218, -1.0975421713679323, -0.14548061382323654, -1.4681450170470078, 0.17540866485341985, -1.0111188071972468, 1.0714848648561972, 1.018955768110538, -0.8898928846893437, -2.608357724384578, -1.058269710866106, -0.5951503558195589, -0.25948782136537474, 0.5687119882814727, 0.4043965273348375, -0.7619775617285489, -1.1334268206856204, 1.0833425736236566, -2.617480629698181, 1.713377707559892, 0.7526993473726158, 0.988330686976709, -1.907054422020423, -6.514886552868589e-2, -0.7205436241812812, 1.3877843813574924, 1.0869102728855797, 0.728683442879761, -1.4957719067594957, -1.0687791391216706, -0.7109656008367918, 0.3159499125466049, 0.6448707640735319, -0.40725773565066353, -1.1553453738202726, -0.4762855286532475, -2.3671011334473735, -0.7544982423762361, 0.37343363601559054, 0.9836127427115415, 0.7119479822246706, -0.7317844402998147, -1.2104419869399263, -2.0746305033792796, 0.12347524038349789, 0.6905361780755287, 1.1530325131670138, 5.723203379926332e-2, 0.30504495263428694, -1.3177973415529927, -0.2600880071424971, 0.40317146360104394, 1.365401632865047, 0.5044591653647806, 1.0013044580208117, -1.8553947261641277, 0.4141985933711729, 0.6795241116999025, 0.779111767028932, 0.2997942428737135, 0.1953322515991141, 1.2504287501307922, -7.528484558753389e-2, 0.554700854370912, 1.4788951156495837e-2, -0.2540833878996109, 0.2543450971636722, -4.5627274616624934e-2, 0.8110413885747978, 0.3549399019762453, 0.6265431168240356, 0.815574520467268, 1.134952974538451, -1.0212249035375272, -0.6825438039144183, -0.7101256503117813, 0.5114811939680985, 0.7160598496135652, 1.681677374640922, -0.5084144697301088, -0.27926180214589486, -0.930991929195052, 0.7314430368099573, -0.24671019626300678, 0.5404832427032633, 0.758652894921499, -0.812002301161191, -0.3186124177612387, -1.236762491491835, -0.49166142498346116, 0.30298041657223057, 0.9110245064166274, 4.2920300594057655e-3, 0.9451884996624097, -0.4960017672776058, -0.4007810834153556, 0.30384761788336645, 0.9413285993164494, 0.9104165847676298, 0.44706035535463673, 0.21222709313118238, 1.1185270036216628, -0.3631788840279526, 1.130165565062455, 0.7202388418457466, 0.9383110798880497, 0.6735695576338196, -0.8136892539165235, -1.3764473833399204, 0.8137320900031405, 0.3933348291359479, 0.430728569679025, -0.12773825406273343, -0.7237632188365127, -2.2429755702780936, 1.3223943745857993, 0.12722385645685286, 1.1952026872834398, -0.12869077834493958, -0.18910832066705222, -0.10147575619438219, -2.098739427649635, -1.6357105784994193, 0.9338299603399642, 1.2803884736283686, -4.400985468962273e-2, 1.618850534777735, -0.247177527784244, -0.19152475274434053, 2.766506210014258e-2, 1.1578711633950804)
