seed <- 552
log.wt <- 0.0
penalty <- 2.8115950178536287e-8
intervals.send <- c()
intervals.recv <- c(56, 112, 225, 450, 900, 1800, 3600, 7200, 14400, 28800, 57600, 115200, 230400, 460800, 921600, 1843200, 3686400, 7372800, 14745600, 29491200, 58982400)
dev.null <- 358759.0022669336
df.null <- 35567
dev.resid <- 224999.31053736564
df.resid <- 35402
df <- 165
coefs <- c(6.439984941196979, 5.827657838312759, 5.534130759429013, 5.2704075114109, 5.051629941034903, 4.942056153311781, 4.796008113763026, 4.6194387666917205, 4.4501401210089275, 4.353981503111337, 4.308637186015517, 4.188700349594537, 4.029924173713529, 3.985036120069345, 3.7909658371089465, 3.5499301730039075, 3.20694300710926, 2.96796634531131, 2.514139420993218, 2.0461996528681197, 1.5114606919373887, 0.874066378491961, 1.0997141258692618, 0.36654006224393926, 0.2395973848946149, -1.1475243486696205, -0.15905151229726702, 1.1150421785220388, 1.0588214149742559, -1.0428436707745485, -2.350726132503186, -2.2376004390218314, -0.5920697109439147, 0.7320366894158471, 1.3036890418245992, -0.7046580767830903, -0.5675725784195688, -1.6678699118387268, 0.31665541603052727, -1.3023232936049445, 0.9192856795892934, 0.9046265558001806, -0.8992104801125256, -2.4829738440275833, -0.8220021956901479, -0.7340100388404945, -0.46879254867090536, 0.3699280119026627, -5.324925057130844e-2, -0.46018299589671785, -0.9224012440664442, 0.8956170401776271, -2.5911567528689243, 1.7562700461408336, 0.8300101090358942, 0.9782746588085468, -2.2164678543814174, -4.2098238631796535e-2, -0.6741251988737393, 1.3294111248909193, 1.496584834161263, 0.8315822773306757, -1.9599792894632044, -1.076707397948122, -0.6152114706764324, 3.9359538432178424e-2, 0.5750311648722556, -0.38789048063046033, -0.9974910496197723, -0.6787066350487289, -2.615374854725244, -0.33369937119132514, 0.5983016319469954, 1.0192881230533135, 0.9079591771526581, -1.0602462595725461, -1.5027839902323106, -0.7623649894005611, -6.334894585528663e-3, 0.7356925049328118, 1.2148008049051766, 0.13951357458095928, 0.47363440241563765, -2.2627231773750607, -0.9542423024283974, 0.5704373376182585, 1.427154502740316, 0.7481797880343831, 0.8840349039590996, -2.7208190774137244, 0.6040072126026713, 0.6815423272833804, 0.8438137428825078, 0.37825180179041396, 8.678242384136231e-2, 1.3994336711263822, -0.655885557428707, 0.26260571169238206, -0.26145069982665337, -0.43101165263829433, 0.3725091904698094, -0.13361120786148675, 0.7493567944451519, 0.2237263481626787, 0.6600880368626058, 0.850515658748629, 1.1939821156015453, -0.169027016322427, 3.129603467320274e-2, -1.1941263212790698, 0.4695751797205265, 0.8558892316788185, 1.5896475111068267, -1.171043493151378, -0.17378012226054892, -0.7814116179745471, 0.7547883992515104, -0.36458058590652864, 0.5272080481909649, 0.6620880957924474, -1.991445816272447e-2, -0.19174225277562476, -1.4465226500069899, -0.48591835247127657, 0.35451531840544254, 0.9009761555144415, -0.10007491082940083, 0.9570974287090073, -0.4478711105456366, -0.47354149881619706, 0.313022725201739, 0.8666964403404103, 0.920894757607864, 0.4946636426540805, 0.281668647650171, 1.1018228548183115, -0.33560848698534007, 1.1091900829012251, 0.7253298969424691, 0.9302823200347222, 0.7691268339025487, -0.6527806092101572, -1.1904447696923819, 0.5232380709258097, 0.4470243726115968, 0.5624458708981569, 5.284903866820508e-2, -0.2615207270487763, -1.6947701482898228, 1.3308507981445359, 0.16611645717026444, 1.2237724921091995, -0.36469892259593856, -2.8666496573693218e-2, -4.929551098288147e-2, -2.0472278355506734, -1.4828348688848447, 0.9204228672128938, 1.2935434336980967, -9.882340994726088e-2, 1.560716830548149, -0.21059073833175232, -0.11972509477751303, 0.15948830161401592, 1.1979830259724418)
