seed <- 578
log.wt <- 0.0
penalty <- 2.8115950178536287e-8
intervals.send <- c()
intervals.recv <- c(56, 112, 225, 450, 900, 1800, 3600, 7200, 14400, 28800, 57600, 115200, 230400, 460800, 921600, 1843200, 3686400, 7372800, 14745600, 29491200, 58982400)
dev.null <- 358759.0022669336
df.null <- 35567
dev.resid <- 226473.87928833842
df.resid <- 35402
df <- 165
coefs <- c(6.643197965109865, 6.06769819800986, 5.700118131810741, 5.395570720188193, 5.08712669633937, 4.911006542665757, 4.686394551730664, 4.613662841089397, 4.336754234073764, 4.229601321713079, 4.267602919805995, 4.148088726879516, 4.017076847520894, 3.9457845755875978, 3.7143662485309776, 3.5107598267154705, 3.2239347062079924, 2.952202258101428, 2.4441184880723474, 2.013976449209317, 1.5327963219928538, 0.9367719245923112, 1.0841531728245233, 5.126275104942396e-2, 0.6372768579396854, -0.7592663409952263, -0.3473788739491943, 1.0306977132193909, 1.02649763375229, -1.22920551819852, -1.9529877825380575, -2.3540865771971937, -0.3775565517148799, 0.8234881152777558, 1.4532471002030394, -0.9098940189272942, 0.526313219159461, -0.6978475198447243, -2.8572495124833175e-2, -0.9483757871639177, 0.8684256219823345, 0.8526244324914589, -0.7513697005626738, -2.084184202201395, -0.8956864215399208, -0.8695646674857578, -0.9563235084755988, 0.32878168859392687, 0.5662564285425037, -0.7905218751152978, -0.2986365494358533, 1.136138911160491, -2.4833990349669963, 1.6949203262135346, 0.6380774377731833, 0.999128543891688, -1.829206203371389, -0.18694985244708773, -0.788604717227715, 1.036181135886029, 0.83216844002715, 0.6653133451227337, -1.3732745058234108, -0.8102980157332447, -0.7992703939676096, -0.12375378435377596, 0.5640929717285733, -0.24998009491019868, -1.2609768643399384, -0.5073207229602625, -1.977035409746283, -0.3624958952277542, 0.8051805534291795, 0.9135720120723635, 0.7465466457356278, -1.3490698975680209, -1.0347426374795716, -1.4765022470271731, -9.277473818699995e-2, 0.7940069284478732, 1.134738744118038, 3.7192207650490604e-2, 0.2611460859289575, -1.6273299408739248, -0.9347968347832734, 0.4071577512111056, 1.224544142201952, 0.4928977382260774, 0.9003372926557672, -2.334741225378198, 0.47852761818721434, 0.5683289408814955, 0.8304453037702533, 0.32175638623780534, 5.614877411289097e-2, 1.2044002534139095, -0.35749508943625735, -0.15749279434352334, 0.18077082298925995, 0.40494006273492816, 0.528015262624292, 7.77290991709862e-2, 0.6972738579685424, -6.429461324389793e-2, 0.5448082122151235, 0.872770659711502, 1.181820692157906, 0.19428108004147535, -1.3822373539173864, -0.8700472310185483, 0.34787993871461936, 0.8244090865560985, 1.5385894354601461, -0.47918462751028607, -0.16779219261279077, -0.5581551620494425, 0.7738806391106998, -0.32661289796904636, 0.47758849034632495, 0.6343409364071397, -0.34496855458325143, -0.3894151759635619, -1.517521776127729, -1.011282803143462, 0.36361514218561003, 0.969664737060768, -0.1122418130264879, 0.9560024688768796, -0.7798030443032278, -0.48818566247646794, 0.30216946535708555, 0.6971356901899202, 0.5748376851857994, 0.416858709143713, 5.3558854399053106e-2, 1.1185602127289183, -0.44680263288979005, 1.1304369234730243, 0.7134403585765369, 0.9278980349175122, 0.8061171172543875, -0.6290958487372017, -1.028120441677634, 0.4721492067221187, 0.4085038475923901, 0.45711475144947683, -0.193172390254507, -0.2891640348045964, -1.9527201673741703, 1.3045315079384647, 0.12470938376558711, 1.1751912694701467, -0.14140370139750913, 1.5750358605892096e-2, -6.618970380354151e-2, -1.7188128872749966, -1.3310391991560042, 0.8045743682814884, 1.2052561866749445, -0.5994531862126143, 1.4914544780177814, -0.3865196238803326, -0.1389554010726398, -0.10985553688353733, 1.1946427701982913)
