seed <- 514
log.wt <- 0.0
penalty <- 2.8115950178536287e-8
intervals.send <- c()
intervals.recv <- c(56, 112, 225, 450, 900, 1800, 3600, 7200, 14400, 28800, 57600, 115200, 230400, 460800, 921600, 1843200, 3686400, 7372800, 14745600, 29491200, 58982400)
dev.null <- 358759.0022669336
df.null <- 35567
dev.resid <- 225116.7038227437
df.resid <- 35402
df <- 165
coefs <- c(6.626291400049031, 5.856099470161307, 5.772522243347875, 5.390264234588403, 5.121569747892541, 4.79599623183179, 4.687111110476481, 4.644507971934677, 4.43181373240211, 4.315241761377047, 4.257876659538693, 4.172331197788019, 4.048831454942434, 3.9662400162359894, 3.7621552455416314, 3.516287891480702, 3.267140163759173, 2.952548450322789, 2.524904786532112, 2.1252887654891035, 1.4942371073157235, 0.931402699579766, 0.9655908240384072, 8.258673514683275e-2, 0.2842075198811669, -1.1720408919350374, -0.2902079819943311, 1.046260613603491, 1.0954175504106083, -1.3669825124461943, -2.68124467174713, -2.39996719711754, -0.4025365749072436, 0.7908975752308436, 1.2793590019032812, -1.4893856815591013, -0.5943143044594436, -1.0060177698697004, -2.812569999640988e-2, -1.008979216324697, 0.9449175762568177, 0.8556133328604789, -1.146568254101292, -1.7859659872789482, -0.6421086134039387, -0.6686890867631997, -0.6862507171964549, 0.368072348487435, -0.12042010942271207, -0.7942727832777142, -0.35285704634606235, 1.0245644341480789, -3.064297237726407, 1.7667009431311054, 0.8844328981393786, 1.0528840952471732, -2.043691544088177, -0.2180296509799531, -0.386517536391987, 1.3103496847119445, 1.192936930693725, 0.7765291993088088, -1.5888584704490911, -1.0593374080388702, -0.39740337157072014, 0.28554626326018523, 0.5367280783546482, -0.32325391431103023, -0.967475987527748, -0.6967538786882191, -2.070888253374579, -3.56785029152323e-2, 0.5937524484567197, 0.9931942281892823, 0.7410460719809385, -1.0880800446069454, -1.1127043831668688, -1.7321544681933412, 2.019035619494445e-2, 0.6862252554477001, 1.092919179861206, 0.11181661899738382, -1.6126801594804348e-2, -1.9406576201890136, -0.5024154266885521, 0.3700340119750833, 1.2935425758651453, 0.4277285780042404, 0.8672279593509149, -1.9470034530067475, 0.6204241061162535, 0.7735379896946387, 0.730798091829373, 0.3334097021674104, 7.203235105082681e-2, 1.5237901222910055, -0.6622751048764804, 0.3818052061617484, -0.10926786918228884, 0.18875569163330383, 0.40303773807824717, 0.10754144377218362, 0.942946099578013, 0.30269227581211333, 0.8620693912451675, 0.8547228631446862, 1.1606740404121654, 6.171985926237127e-4, -0.35696872679730396, -0.5305910268258014, 0.3781066299425045, 0.6918972187158607, 1.6258811488101537, -0.8552901056599245, -8.417629568982309e-2, -1.3826664984743113, 0.7121660408456282, -0.3292790778038453, 0.5877946382708292, 0.5803424196477942, -0.3344240223365801, -0.6458530004928567, -1.1991046569245707, -0.6697105892194898, 0.3013794473364077, 0.9969318297220123, -1.7888071864604112e-2, 1.0618842003605375, -0.7561840109799415, -0.3456844685041608, 0.2881555718179926, 0.9189454413810787, 0.6705278482978153, 0.46534102018648055, 7.167957411685187e-2, 1.2545850193273858, -0.3358417408275153, 0.9496612971100649, 0.8170366690696242, 0.9449318737148062, 0.6756824445232483, -0.6774197666968369, -1.0369949227197475, 0.6846908634257555, 0.5798976424143715, 0.4261206842934522, -0.18108860222935913, -0.5831514012256697, -1.8935036718087759, 1.2343956252216388, 0.20342612900291038, 1.198928232070662, -0.33357792589339075, -8.639352968409286e-2, -0.1568281962159698, -2.003673009021152, -0.7505046951627421, 0.7357511222862285, 1.2651354752166424, -0.2245328960166535, 1.5658889848572937, -0.29496019577163796, -9.530704305286099e-2, -0.12923032516593022, 1.0719395084957937)
