seed <- 788
log.wt <- -12.61021368689751
penalty <- 2.8115950178536287e-8
intervals.send <- c()
intervals.recv <- c(56, 112, 225, 450, 900, 1800, 3600, 7200, 14400, 28800, 57600, 115200, 230400, 460800, 921600, 1843200, 3686400, 7372800, 14745600, 29491200, 58982400)
dev.null <- 358759.0022669336
df.null <- 35567
dev.resid <- 226362.3515306598
df.resid <- 35402
df <- 165
coefs <- c(6.240572749906119, 5.726525410119021, 5.672798926243139, 5.331733234670479, 5.078811502474061, 4.838411108697678, 4.806757509901249, 4.651335757171579, 4.377984327347039, 4.281006925305634, 4.309587340057749, 4.172694288654891, 4.044226890009839, 3.9772213488787225, 3.7405393258545105, 3.5541035491914457, 3.240937381568233, 2.9674199806244714, 2.513198962994441, 2.0716019539095933, 1.464050561862547, 0.8717457071837481, 0.9991141626700297, 0.39488712597559494, 0.6608056215893251, -0.9768378469583341, -0.21526905995703993, 1.076917142327545, 0.9965727967356914, -1.1903576044241697, -2.5480630980676993, -1.8151036370952252, -0.34624417377979005, 0.7107876796331329, 1.3495222625377616, -0.8679388756447539, -0.10533213887784208, -0.5595835377645846, -3.971957670209417e-2, -0.7622580717233973, 0.8587520735132191, 0.7684828398203, -0.5786929581101282, -1.520110573294966, -0.5546593194491672, -0.6473512845333648, -0.4120429658576985, 0.2181027752015773, 0.48727771090643013, -0.5508606554117836, 0.20950487893434247, 1.148846546039511, -2.409795330312092, 1.6424004063765956, 0.6744230764922869, 0.8794174424211325, -2.1483005568654283, -4.228572129832313e-2, -0.34180408726448197, 1.5415612023381227, 0.778741194458023, 0.5245250674033662, -2.4479968077700653, -1.2914885964691072, -0.41689221459178627, 0.208532342399134, 0.7133651662368291, -0.43190790947303725, -1.7879148613909772, -0.7505441167653433, -2.874533435248979, -0.4237100017555853, 0.6662249378045368, 0.9010979972069806, 0.7510447200234697, -0.6758854638709932, -1.221602843361544, -1.200335240241819, 3.831674821923217e-2, 0.4487895738467196, 1.2990350515293745, 1.7022792678722247e-2, 0.31148791605181975, -1.8292202838586875, 0.11043897147583233, 0.40747112002979785, 1.3324251627084103, 0.588670303709738, 0.8280309858632783, -1.489324497970235, 0.42672927325555854, 0.632913542681497, 0.9184320637031906, 0.27883739846838634, 0.2494748418058543, 1.1948240503525958, -0.9468816352572913, 0.4115476098445406, -0.3251821663883608, -0.7105963667057789, 0.4316072871912838, -0.9205304688206541, 0.7530675853914103, -4.182239642343522e-2, 0.7015539903760707, 0.815554976712569, 1.0893159725593704, -0.8179347640520105, -0.4245586331096065, -1.5093145831720713, 0.695298705361449, 0.7654342929891781, 1.5257319120910424, -0.5803417343672587, -0.14073510402778497, -0.96821593053694, 0.8518167668572733, -0.16749428681808826, 0.4993869395294069, 0.9112580255037478, -0.9524367561509894, -0.46771721988214193, -1.1417274379767388, -0.5026386544966885, 0.27535164340836765, 0.7492658461445826, 2.0408679842673144e-3, 0.8285109945919872, -0.7808524306187247, -0.37607919042750654, 0.4197170063092512, 1.0359045617583853, 0.8232269505509588, 0.44784260495181616, 6.934148676571937e-2, 1.1979464792566088, -0.4074718698748632, 1.0462974758918027, 0.7082042880539056, 0.887609496272035, 0.8346201832785627, -0.6856244797907656, -1.2582189656497862, 0.8120748472860867, 0.39507675314395296, 0.5450114032916382, -0.20897487446586596, -0.4605287994420149, -1.9710311882025502, 1.28078906580874, 0.10330908209221418, 1.0275043722538306, -0.24822485687074888, -2.4569475043024397e-2, -3.141964744253739e-2, -2.1698086631051026, -1.4925829765333363, 0.8268180404608383, 1.3212549694666413, -0.37441881161455554, 1.5107467475398684, -0.31487843061701365, -0.15196492751996818, 7.24150247563578e-2, 1.260738143230361)
