seed <- 725
log.wt <- -13.761209608202726
penalty <- 2.8115950178536287e-8
intervals.send <- c()
intervals.recv <- c(56, 112, 225, 450, 900, 1800, 3600, 7200, 14400, 28800, 57600, 115200, 230400, 460800, 921600, 1843200, 3686400, 7372800, 14745600, 29491200, 58982400)
dev.null <- 358759.0022669336
df.null <- 35567
dev.resid <- 227184.90176741406
df.resid <- 35402
df <- 165
coefs <- c(6.432049846805776, 5.701709923129102, 5.6064081267667625, 5.1408276393231, 5.025809497813958, 4.870574965366501, 4.69773684171918, 4.530914450137089, 4.343769424180293, 4.269781218681016, 4.2220129224140726, 4.152111528657013, 3.9929837770404872, 3.914542495134294, 3.7262569556135055, 3.4953885881561524, 3.2166669973350097, 2.9416459073177674, 2.462827230399194, 2.009529901932851, 1.5823929329555233, 0.9141012075604042, 1.088790537892033, 0.692545801103899, 0.2596222292923438, -1.1694752324398856, -0.16316029314168404, 0.9857197928755972, 1.021385205574378, -1.3005600924665843, -2.2472090835464757, -1.782196105907379, -0.641263729993043, 0.7500168904554783, 1.25038677994577, -1.4133834776659844, -0.2705273809923497, -0.8493802765901992, -0.13111630435621233, -1.0917034116934832, 0.9184155508324973, 0.983739313720534, -0.9714508719749142, -1.8896251636319636, -0.5803662809697416, -0.60547017642697, -1.2230074642023088, 0.42043043189609963, 0.3585152196651011, -0.7907501096414409, -2.786987555871708e-2, 0.980886339930643, -2.629746744590223, 1.6325963308929194, 0.7967340132331315, 1.2574927790813923, -2.2366689031056723, -0.14066066341199598, -0.2263922337452127, 1.025243463792127, 0.978538000179053, 0.8071846789006637, -1.8660958304373403, -1.1393993692483413, -0.4696808305248184, -0.1640989693339945, 0.6952263964059121, -0.5177071615339833, -0.9292553403395536, -0.6314114404325015, -2.2186525892956497, -0.16711450798595376, 0.410062099736488, 1.014248513086731, 0.6178124149816531, -0.7803810929673148, -1.2632903567322746, -1.3770542242175372, 6.276164982238351e-2, 0.7865178301342566, 1.0932610893542845, 0.12505523787748296, 3.450150724344284e-2, -1.6603257493480177, -0.6418332968275985, 0.3693138725404719, 1.2032632779427679, 0.474668869762425, 0.844527511174157, -1.3785663986379788, 0.4841269917702661, 0.6422227872472517, 0.7733014521112908, 0.3724732461930359, 3.331303701387644e-2, 1.456184199715526, -0.19752103008411853, 0.38471488933259823, -0.141816617089845, 1.8748670429477785e-2, 0.40355252275495374, -7.424037574742398e-2, 0.8216538822383265, -0.1357561766391191, 0.8840060774927933, 0.8144832768284602, 1.174055941987536, -0.2674191361084309, -0.38986106339455956, -0.8167056988379834, 0.4587550636441274, 0.7562914140147091, 1.5588745516080118, -1.0604294482690282, -0.40239026064034067, -1.565137866021017, 0.803150011664006, -0.3085575195920207, 0.5488885198961625, 0.5443203722754542, -0.5024838639496244, -0.605974842461961, -0.950950645816658, -0.3213976983782526, 0.30738873392022376, 0.768513160605741, -2.616955389921618e-3, 0.9766604241874444, -0.7432733823383815, -0.4054953134380881, 0.4744906800933794, 1.0114529788931212, 0.6083890558484162, 0.45573134285634637, -3.44028747368794e-2, 1.0523109879660308, -0.3163737000200506, 1.0288617363777162, 0.8167384801649792, 0.9660261946329565, 0.662123477123627, -0.7442055372372627, -0.872275422599801, 0.5838892970869074, 9.450149696995555e-2, 0.36771882965858355, -0.15137666384038462, -0.45851762347506836, -1.8815068376404493, 1.2337763307730845, 0.16408753259550937, 1.3214452996463943, -0.25817477296600694, -0.14032920837591556, -6.409929422912879e-2, -2.2258236736547508, -0.7074014664431277, 0.8333740335959535, 1.1869583484091621, -0.4772268792163965, 1.5064543936433503, -0.2925373636973092, -0.21766177467881187, -5.994284119633197e-2, 1.1731603019663126)
