seed <- 286
log.wt <- 0.0
penalty <- 2.8115950178536287e-8
intervals.send <- c()
intervals.recv <- c(56, 112, 225, 450, 900, 1800, 3600, 7200, 14400, 28800, 57600, 115200, 230400, 460800, 921600, 1843200, 3686400, 7372800, 14745600, 29491200, 58982400)
dev.null <- 358759.0022669336
df.null <- 35567
dev.resid <- 225535.55291648488
df.resid <- 35402
df <- 165
coefs <- c(6.557829873836065, 5.887565548490849, 5.718537924860267, 5.3969162362759695, 5.076854496472604, 4.862049893595242, 4.814190380895271, 4.712647538188587, 4.420322451245156, 4.308712731424306, 4.245944077444929, 4.2315759827083195, 3.9949151830330454, 3.9765766355444745, 3.779116357549014, 3.5302847513629487, 3.3023178427443263, 2.9425841335588028, 2.563304813176375, 2.0597478045801454, 1.592143273487384, 0.8803745277169253, 1.0779037565509813, 0.6463605249436799, 0.1670339322272458, -1.323276736189303, -0.20404778171767923, 0.8724100449955968, 0.9988182146706426, -1.7801830232807108, -3.120378925766712, -2.129356456866962, -0.6962442809815972, 0.6959858511198883, 1.3571425549426097, -0.9013551892820373, -0.15663915177247742, -0.5440053755248265, 0.1972393812033947, -1.0694138998589762, 0.8726412854465183, 0.9829427259000675, -0.663621305194928, -2.1071532866003215, -1.5981865103216615, -0.7740576440879577, -0.3474465899770988, -0.30499059854443816, 0.4114212722941653, -0.7600643422879216, -0.528376257367463, 0.8916181431806033, -2.354313268056732, 1.7369909284647898, 0.8744091925665791, 1.0287973615166452, -2.3693515888945123, -8.979554313793787e-2, -0.917048569774187, 1.3150958197751919, 1.233532870268052, 0.7848560157181919, -1.227936501375083, -1.1304826996146737, -0.32516679313130536, 0.42965612202877057, 0.6798856139625021, -0.5205104394024063, -0.5394952114793964, -0.7356717875735864, -1.850516593917811, -7.229228533484966e-2, 0.2839284063545535, 0.8756252190819376, 0.7665530345891053, -0.6777856647322452, -1.4149367337530194, -0.9465724859346524, 0.23496909608400063, 0.7384070746522895, 1.1902603870289348, 9.537498114793387e-2, -0.1519320997150677, -1.90109069259477, -0.9324542104480009, 0.4242872728269437, 1.1953495015277655, 0.369032943424046, 0.8767062231929891, -1.6455943925143772, 0.40223806817632757, 0.769534848757727, 0.7433087266196967, 0.3015450503346093, -4.2676398663036935e-2, 1.278497487549039, -0.9250721425532802, 0.24061499308559145, -0.24581271086226875, 0.24476218197785057, 0.35231737888571457, -0.9456772370892815, 0.8144721455972156, 4.888734786902842e-2, 1.19641800422428, 0.8393348609708166, 1.1228879757140602, -0.3095056444682974, -0.553995565957312, -1.0786507498520579, 0.41470001318826966, 0.7226365325314562, 1.527120824181629, -0.42031573514714227, -0.17172724250302135, -1.056756603224015, 0.7163972950817011, -0.213857227402948, 0.4442819438288816, 0.6119780763343251, -0.48613118862823346, -0.4695320061778955, -1.315976011014037, -0.48446844399314276, 0.1466638768699683, 0.8054435924183135, 8.729340378321102e-2, 0.9682026896979927, -0.48213189377767723, -0.43830439131475774, 0.32529361718303895, 0.8051003560835831, 0.9350265918006245, 0.375342854222075, -1.0489176445550188e-2, 1.0662462918332252, -0.3330359344230447, 0.9703596274893319, 0.7825442110173737, 1.0312102278255677, 0.7660495883402018, -0.5787142570823515, -1.0773563065445588, 0.5367215799189038, 0.36599554737317896, 0.5165790508499166, -0.21225707984013734, -0.5208023389678579, -1.8118079009364436, 1.2367550072821414, 0.17746388687225265, 1.2701684878191002, -0.1413535189137803, 1.778557930893658e-2, 5.9466710372101564e-2, -1.7045194343803711, -0.3426463609585271, 0.9582238042473901, 1.171053588113553, -0.28375309077584027, 1.4649928270531039, -0.4238051296173425, -9.754814459476083e-2, -4.143125204473711e-2, 1.214329003073854)
