seed <- 534
log.wt <- 0.0
penalty <- 2.8115950178536287e-8
intervals.send <- c()
intervals.recv <- c(56, 112, 225, 450, 900, 1800, 3600, 7200, 14400, 28800, 57600, 115200, 230400, 460800, 921600, 1843200, 3686400, 7372800, 14745600, 29491200, 58982400)
dev.null <- 358759.0022669336
df.null <- 35567
dev.resid <- 226194.01144259257
df.resid <- 35402
df <- 165
coefs <- c(6.400559492543927, 5.832471785210169, 5.682413583118294, 5.32378369267209, 5.288336855406302, 4.847526687432084, 4.785291571139915, 4.588270629953833, 4.335110101063572, 4.312414923632265, 4.311238868847431, 4.153758170551628, 4.026543321034774, 3.9754872407363675, 3.7464216114584645, 3.512489986482322, 3.2569909615290626, 2.9867253712096544, 2.5003001519624157, 2.04512753702573, 1.5438825605640085, 0.8956064108287295, 1.0627471172522291, 0.27465069025758215, 0.4917177540026591, -0.6995207810640494, -0.1419940868921749, 0.9542415173641264, 0.971327032544793, -1.5451561941319154, -2.2990310319214933, -2.14097190719099, -0.33215540465692345, 0.756511670959967, 1.38364275444123, -0.7901061083715217, -0.5374201055204073, -0.9784534795956922, 0.26245997958395123, -0.1944004466757726, 0.8081072101666474, 1.0692511171137076, -0.7614668982080006, -1.516145273037358, -0.6376332083286669, -0.6588622482733304, -0.7596366562729671, 2.7861850651193062e-2, 0.36354772844583594, -0.4382685959330234, -0.4763868628317917, 0.8765037084799375, -2.2727923976704187, 1.8083983944716757, 0.6954717244046053, 1.0118573667232522, -1.8359140571290247, -0.28653348000579304, -0.4110907326473621, 0.8756009931305495, 1.4354582390310053, 0.7524027164834503, -1.4655142617186137, -0.8339947527116451, -0.5637956369986533, 0.4863390644034423, 0.5840321946103757, -0.3219197330754002, -1.4450511524117662, -0.7538177754114042, -2.2533215909050432, -0.5131648523087489, 0.5165930969516926, 0.925704470166357, 0.8702070621659336, -0.8046745744501468, -1.2481732021334722, -1.4724368409273523, 1.3234209206058145e-2, 0.6613150370713026, 1.0790951506710955, 0.13796730582117664, 0.14713617318682579, -1.676596433760693, -0.4602056842589986, 0.170342009474344, 1.2454854673997104, 0.3376300384123349, 0.8182043425744902, -2.1421901685340305, 0.3958980447605613, 0.7533308087572894, 0.7856497547604003, 0.3502204004208858, -0.19237800128242777, 1.3230791517759135, -0.8306479796237087, 0.6472636746258311, -0.3153224070337003, -8.428870006357926e-2, 0.4975546514217622, -0.2383912610354428, 0.7722571974604094, -0.13765243264973223, 0.662573992762486, 0.8327960152644212, 1.2109069090038953, -0.6173514558310997, -0.827987939071962, -1.2771506354328581, 0.508076906882942, 0.4715047907493398, 1.491072672597789, -0.9706336346349421, -0.11862291903277812, -1.23203129756807, 0.7693074878796204, -0.24400076526200712, 0.5231388724818118, 0.7412924054667765, -0.4006029547030582, -0.6946068083025425, -1.4416727406936005, -0.5785899223156937, 0.33783096228175646, 0.8995559314394634, -3.56130940255059e-2, 0.9492804285760118, -0.7412152107267179, -0.4410262114864559, 0.30663434882246343, 0.8411726902418811, 0.8612466009155948, 0.4372983802337233, -3.95503179632163e-2, 1.1236999744562755, -0.4531628726516699, 1.0433105842852912, 0.7069373611250669, 0.8795591678164902, 0.6378441133458423, -0.6491663074839376, -0.9273035114867552, 0.6795710948453412, 0.2531725273665773, 0.4469450266372583, -0.2648455560888274, -0.9547755423561788, -1.8781589405067396, 1.2752645445231943, 0.1633264134692176, 1.1355226301290102, -5.826499962375834e-2, 6.030498462753611e-2, -9.047568259390368e-2, -1.1660100260971622, -0.8648712835352508, 0.7080440227072871, 1.2590568171893077, -0.3128560908889914, 1.4919861783735862, -0.21331153697315425, -0.11642320184856508, -4.214479555187516e-2, 1.115763533457309)
