seed <- 735
log.wt <- 0.0
penalty <- 2.8115950178536287e-8
intervals.send <- c()
intervals.recv <- c(56, 112, 225, 450, 900, 1800, 3600, 7200, 14400, 28800, 57600, 115200, 230400, 460800, 921600, 1843200, 3686400, 7372800, 14745600, 29491200, 58982400)
dev.null <- 358759.0022669336
df.null <- 35567
dev.resid <- 225901.42278620962
df.resid <- 35402
df <- 165
coefs <- c(6.538092613791428, 5.7813022056039225, 5.731724880188699, 5.356565278977893, 5.115394197546055, 4.983184615744245, 4.775671496614532, 4.654914495324148, 4.345710245808432, 4.296088490263333, 4.303212449678104, 4.150940837058236, 4.032425300930397, 3.9676866161628217, 3.788576393720589, 3.5317317857625934, 3.2605649036974382, 2.930207318673215, 2.491503030433148, 2.1091493200502907, 1.6466468027184205, 0.8907848408883468, 1.0146750399838074, 0.4632830069535311, 0.6259796310868997, -0.9532243468211126, -0.18665065537831615, 0.972522695199556, 1.0435418457837171, -1.7938836375645395, -2.380456307994169, -2.328043171902184, -0.14119615988901857, 0.7299219757787129, 1.3127091666293043, -1.3471806295680981, -0.4946174807366115, -1.807833410903037, 3.1232971493310023e-2, -0.74343154377732, 0.8354141341348694, 0.6430589499569999, -0.6737310988338479, -1.8860561955556117, -1.318025418590581, -0.5607046651266553, -0.2871524382162477, 2.7973024515592793e-2, 0.18128985036809958, -0.683040955488948, -0.2869104126578601, 0.8759052050100804, -2.458621298014857, 1.7905750335730781, 0.8025221825289447, 1.1466609830825172, -2.0223202302028844, -0.18789569652459565, -0.8553822072563195, 1.2765111252554961, 0.8368621112159724, 0.8412366467627085, -1.5409670059679244, -0.3113996079392207, -0.5233634612692517, 1.830065105390885e-2, 0.7494018710422712, -0.37251784453538045, -1.9050418859700768, -0.5997545639438184, -2.3604416898878258, -0.6279390250656637, 0.5276060548701142, 0.9486582363787122, 0.7429555430451419, -0.8838115128276539, -1.3194367378176857, -0.9387944376032497, -6.437824049291374e-2, 0.6910304208568738, 1.2193169722947175, -5.27231309686956e-3, 0.3503711155124874, -1.2425189126258818, -0.39967775573779507, 0.5801253454256312, 1.2207389244908395, 0.3676580395451347, 0.8843358776676745, -2.138815338510433, 0.5372916617471822, 0.827103056416952, 0.8421847182314581, 0.2665641809038018, -2.7609051041299466e-2, 1.4259444281671847, 0.20031174304051103, 0.566757663221346, -1.0876491584931038e-2, -0.34302045847160895, 0.4823235207305207, -0.2089745664084162, 0.82758327815045, 0.2575597220147179, 0.8928305580767316, 0.8044773408299231, 1.0678530753262345, -0.35065335689965166, -1.0735461017858376, -0.7398805297792913, 0.4262777589089629, 0.4864743568485605, 1.5719266886198027, -0.590796123969707, -0.5062119263995688, -1.1271689622448555, 0.7896416728965151, -0.2053443009068623, 0.5550711714147685, 0.4317681107302183, -0.44122627111471946, -0.6297563377399775, -1.255812136481109, -1.0456014038748505, 0.34957146032074543, 0.9201817004070424, -3.851016750781522e-4, 0.8789464528023967, -0.37832751411226, -0.4378546988656482, 0.16886277871975955, 0.8235965406078293, 1.0437958687845095, 0.4211936143733207, -0.1286666591595182, 1.1631464127252606, -0.2935564887805866, 1.1740240407927882, 0.7038989296470665, 0.9323735418122108, 0.8438633516829589, -0.6069618691842223, -0.7816771990810851, 0.3939152595161061, 0.20568348689471558, 0.4914310839672954, -0.20607168072711657, -0.42482570875443737, -2.04870279740439, 1.345650613268338, 0.15108584656024104, 1.204412581173059, -6.009765747671215e-2, -8.796023075213011e-2, -0.15727976210361566, -1.2746995715866667, -1.212461136885868, 0.9643329906033447, 1.1947498440184658, -0.11361647368349505, 1.4765672560297554, -0.2205268849959548, -0.14662109428055792, -0.2243005839207318, 1.2371715930591611)
