seed <- 774
log.wt <- 0.0
penalty <- 2.8115950178536287e-8
intervals.send <- c()
intervals.recv <- c(56, 112, 225, 450, 900, 1800, 3600, 7200, 14400, 28800, 57600, 115200, 230400, 460800, 921600, 1843200, 3686400, 7372800, 14745600, 29491200, 58982400)
dev.null <- 358759.0022669336
df.null <- 35567
dev.resid <- 226498.65204696357
df.resid <- 35402
df <- 165
coefs <- c(6.564028439171206, 6.095728005288413, 5.669863616352503, 5.320921849922341, 5.024377437052772, 4.860909331013408, 4.77430288548895, 4.564338122049421, 4.3650157491170996, 4.231355732837457, 4.3309059970921036, 4.158664995560943, 4.02983485920172, 3.9203044833331204, 3.7134768391821975, 3.5408797708509727, 3.22664656480482, 2.974918376481461, 2.5251006814173866, 2.0884830541400983, 1.6058650785193438, 0.9378138316042939, 1.0766069265933165, 0.46292750558293655, 0.5855604510157757, -1.1468569574284246, -0.34686023861225307, 0.8926185167313954, 1.0230638932411336, -1.3391071033071957, -2.1950145337909164, -2.356075387378711, -0.44716856209604805, 0.7818081201371385, 1.3172558427541263, -1.1317498760534432, -0.34536264222437923, -1.0367219017548452, -0.27281576023007514, -0.638917819718655, 0.9067482345907816, 0.7997288818666295, -0.9159352021799358, -2.379144432840175, -0.9457046060268398, -0.8241704713591509, -0.6233372097562987, -7.696934288557293e-2, 0.29101158746519185, -1.0711076800045924, 7.282097028293634e-2, 0.9533677039549382, -2.578537896861089, 1.7299029689184626, 0.6952575036612612, 1.228959090260993, -2.3562114602179336, -9.67350803477289e-2, -0.4602457553908901, 1.4386253853865634, 1.3402827727913573, 0.7602999567070666, -1.4387408906343446, -0.9326404612445949, -0.24773410404604784, 0.3576819304077584, 0.6385103277984867, -0.4751307639792238, -1.1186452306799226, -0.5906630644404988, -2.7450766460918268, 0.30424641948461223, 0.6565135356439934, 0.9930170787813195, 0.7395896508294602, -0.6131424288188974, -1.3013363437747525, -1.2252083952685444, -6.147911898817879e-2, 0.6688394216648484, 1.2270774389929613, 3.3490392733727496e-2, 0.35788688367312976, -2.078365430959246, -9.274413533555023e-2, 0.547211248501729, 1.2424392916859632, 0.37000665279408845, 0.9239464462385509, -2.4457813695836355, 0.4403929940745961, 0.8343640917112074, 0.808347559248264, 0.3456739111884373, -0.1971047250296295, 1.1449952052583856, -9.635018150867546e-2, 4.321642688896675e-2, -0.24998803978113512, -0.5622502945514403, 0.432407772911912, -0.6082005136533821, 0.901702544108941, -7.882611320957672e-2, 0.5425360122490174, 0.8803870834346065, 1.2521761647937226, -0.8562870600921676, -0.8684179853496409, -0.8135029546836678, 0.39391000198676823, 0.5612792275209836, 1.5450179082074922, -0.48478537401478466, -6.936735335014897e-2, -0.7137821105162818, 0.8036265866477023, -0.2848833070282482, 0.42015004742737405, 0.526632912413229, -0.9447810935353135, -0.2689612250149503, -0.942014159850864, 6.880841909082012e-2, 0.20355457302246413, 0.8992196513270218, -1.2353916263098423e-2, 0.9798090325416202, -0.4533089750236611, -0.4271679843234486, 0.3045967081388177, 0.9927121459296614, 0.8049665512901981, 0.4721684914468796, -0.15299291951616012, 1.0045152187109196, -0.38445941121087457, 1.0443111864819536, 0.6517698723598779, 0.9994359968988538, 0.8147714572284176, -0.6811867032154932, -0.836596297543367, 0.7267860784749691, 0.34665682116460955, 0.6353654860973188, -0.24083816032713828, -0.5996112980741005, -1.9784122396514898, 1.331209465259203, 6.644823498131765e-2, 1.2435082911700273, -8.170519873428421e-2, -7.436672838372584e-2, 0.1336880604314942, -1.45355394253998, -1.6773356814175795, 0.8858720304632531, 1.1954902541667543, -0.5040334363954373, 1.4557411673319074, -5.897132843359025e-2, -0.13993135241223686, 4.804288367643243e-2, 1.2063849784122205)
