seed <- 706
log.wt <- -15.421059036037223
penalty <- 2.8115950178536287e-8
intervals.send <- c()
intervals.recv <- c(56, 112, 225, 450, 900, 1800, 3600, 7200, 14400, 28800, 57600, 115200, 230400, 460800, 921600, 1843200, 3686400, 7372800, 14745600, 29491200, 58982400)
dev.null <- 358759.0022669336
df.null <- 35567
dev.resid <- 226347.33431732832
df.resid <- 35402
df <- 165
coefs <- c(6.484684412860176, 5.748046409767229, 5.782978191900016, 5.378183110359701, 5.059076592451675, 4.851609126692616, 4.785547613794492, 4.592814855866812, 4.383452096485996, 4.250083088386034, 4.250425368827769, 4.1961993196252205, 3.980405677972351, 3.9332736572672924, 3.7278809022794643, 3.5349131323601566, 3.234073322364038, 2.923190762308661, 2.5368645164374386, 2.016159565204457, 1.5719381401184653, 0.9268049986150781, 1.056263658559069, 0.6073504361274167, 0.2937325389607466, -1.2778400458680874, -0.22138472679721952, 0.9231788370584564, 1.0980531482939333, -1.2842953915322757, -2.511795427404916, -2.4151536416862402, -0.4333738082453226, 0.7580395998960067, 1.35815692665195, -1.1575372228793528, 4.3457580799450505e-3, -0.714543508834172, 0.1247529417161823, 0.2276902178558154, 0.8826277770766565, 1.113621500941618, -0.7619280044160422, -1.589001997533735, -0.776630556492555, -0.7451584010403677, -0.4869887460451972, 0.26998674223928637, 2.6632909749947534e-2, -0.41401827453188766, -0.2238259116912276, 0.7086663316806938, -2.818337854060332, 1.7018655874691588, 0.8123312673573938, 1.0806909492357961, -1.726895481912747, -5.229337635215877e-3, -1.1569899647258113, 1.5085794153168504, 1.493546782493706, 0.7210487604674245, -2.2221231955131193, -0.7566709586868549, -0.3740407135812735, 3.600898428646263e-2, 0.47725405770329693, -0.6175777905554196, -1.4612089322896769, -0.6956553456560598, -2.194802409402195, -0.24697364085760487, 0.5131640808609435, 0.9550007207347624, 0.6648268192091882, -1.347456724576462, -1.0482574152440527, -1.0534826448097123, 7.422826403066529e-2, 0.6887764141846043, 1.2651548960379349, 1.355779390973057e-2, 0.21838943679603576, -2.1376577729679362, -1.0179990733820838, 0.31535693602613724, 1.339765798375701, 0.25909178711610803, 0.9632215544510337, -2.124679043281199, 0.5027153804173605, 0.44063411725048035, 0.7563514908749563, 0.24073830946994887, 0.18726939713871316, 1.4131041510861961, 0.107749104374613, 0.5196121449778619, 0.1245596984239104, -0.3261948145257585, 0.4263451474804598, -0.21189792888722742, 0.6582857466769284, 0.23916081302698144, 0.6891511187035101, 0.8465102019351446, 1.1897923253187752, -0.44187382302213185, -1.109709426451648, -1.3406284954267482, 0.5827258020207559, 0.6174353336526511, 1.5822173896730851, -0.8859908988596527, -0.2427691825539218, -0.9308356780828297, 0.7789719932995607, -0.22784527976753782, 0.5254062829364493, 0.6793557596124565, -0.15694755276576577, -0.34014295034742276, -1.4408727080729116, -0.5374075450976296, 0.21476218018861107, 0.9211794205442729, 9.156620203653233e-2, 0.9483051965951637, -0.8631785693572724, -0.4346720006539332, 0.45447147748537225, 0.9508510011095778, 0.7382640806463036, 0.39549671891003935, 0.22142189727188513, 0.9860025094011122, -0.4075597009453315, 1.016964352344602, 0.7532631712183027, 0.9299594431290353, 0.7851696024007121, -0.6492636992162759, -1.1157644633149901, 0.765531618084853, 0.1898364637857075, 0.4725918452199738, -0.1913998509148815, -0.4233205896456766, -2.0676215587209916, 1.2168103909715668, 0.22771033110332742, 1.2143763737333788, -0.19521765309153966, -2.7826839856556505e-2, -3.520392139807005e-2, -2.2107166638496025, -1.0826156663524158, 0.7080661486720623, 1.2415534359715963, -0.33101438423244206, 1.5485900453879224, -0.44610432918768206, -8.086180616889561e-2, 1.0665800702742678e-2, 1.1817059000722703)
