seed <- 558
log.wt <- 0.0
penalty <- 2.8115950178536287e-8
intervals.send <- c()
intervals.recv <- c(56, 112, 225, 450, 900, 1800, 3600, 7200, 14400, 28800, 57600, 115200, 230400, 460800, 921600, 1843200, 3686400, 7372800, 14745600, 29491200, 58982400)
dev.null <- 358759.0022669336
df.null <- 35567
dev.resid <- 226067.21765762448
df.resid <- 35402
df <- 165
coefs <- c(6.522937338503809, 5.923352120613556, 5.684445631538538, 5.325126656875914, 5.053523866650204, 4.7850236899290755, 4.779336250949785, 4.694311317772586, 4.360829264546565, 4.263600756322973, 4.322391465910195, 4.130466118652298, 3.997993672965173, 3.959639849704984, 3.752395424974892, 3.5734655909564377, 3.20114381517702, 2.942723189316163, 2.4717369044372144, 2.032082759550557, 1.5938288336149566, 0.9392946662878552, 0.9118367144881335, 0.4161574540450079, 0.6820972122881063, -1.2838692170092665, -0.3182271145028211, 1.1179520092404496, 1.0313131007675593, -1.3535416177060235, -2.3280590938300336, -2.161302074333908, -0.24829732581340946, 0.7829842064059226, 1.1199543590351944, -1.1593773613447262, 0.10747506426100918, -1.0627269450976307, 8.218892300046426e-2, -0.9627177789212719, 0.916591141387775, 0.9528037468876241, -1.0134164988614365, -2.3695689790061643, -1.4750092860101858, -0.7901241761149488, -0.3512157156980502, 0.18944330163625991, 3.187294731863945e-2, -0.6158376606016946, -0.18265404405648192, 0.6503428018888667, -2.3333968990797063, 1.708894773089317, 0.6527322697961621, 1.131223578855862, -1.8415414073167904, -0.21692179306441023, -0.7971834589819834, 1.1452969785679468, 1.3807113281343562, 0.5262373930370948, -1.1719350191641926, -0.8011646310304058, -0.6899258074613934, 8.225652585386155e-2, 0.7584650979385714, -0.24903233558401633, -1.920274299134267, -0.7041565701136118, -1.5542084112144947, -0.26157203059538614, 0.6919227166182491, 1.0452789765627077, 0.5371529397837941, -0.7594789650127854, -1.3511972350198174, -1.4915337605421763, 9.79743607774226e-3, 0.6980831806381284, 1.2417671358268756, 0.207509268229224, 7.896163929245362e-2, -1.4526554840769412, -1.4423608670735304, 0.36611640782578814, 1.1404892033553964, 0.5677340766880804, 0.8968158170417384, -2.248340447243678, 0.41523248332776846, 0.762266257229941, 0.8765656274856856, 0.37503951084873033, 0.1993779792130338, 1.2983703426820483, -0.3385177826767211, 0.5499871492854499, -0.10826016281285937, -0.23803231497200292, 0.3693616147788981, -9.232301739121691e-2, 0.7441282283827484, -0.4185677324321953, 0.8633790237920022, 0.8749228800665901, 1.092982990389466, 0.10502722399705687, -0.8422746963933192, -1.240857509681261, 0.3548361639071456, 0.7005016646231883, 1.564308946752297, -0.6050880879405717, -0.16101472589176694, -0.6988791932652846, 0.9076091857570232, -0.4076366882167944, 0.41642803454335864, 0.4634871773992568, -0.45233198294862936, -0.23283399510461128, -1.109045344470414, -0.37031769015039884, 0.2916136494937446, 0.9036391414138671, -2.2421368311219225e-2, 1.0220012383366979, -0.4500438808071437, -0.3834342430038454, 0.19438779501563075, 0.8699070955095688, 0.8126117892041844, 0.5474217072117106, -2.0743049301250597e-2, 1.279015113944337, -0.3340959072966853, 1.0449148481818489, 0.770375824480216, 1.0636909409841124, 0.9361832209245275, -0.566140595266606, -1.149583725900813, 0.5998409046397069, 0.48987666563102866, 0.5484956474224962, -0.2698111581188147, -0.677595708113558, -1.916399264814322, 1.3025304798333361, 0.23135746712431093, 1.2183052562918484, -0.2100833498593062, -0.11133646605825667, -0.16173820018188892, -2.2139256024597884, -1.1210823943633832, 0.8525880461492115, 1.0660086623799983, -0.5062385781844974, 1.5550108434498748, -0.20421258443634457, -5.7177120233079956e-2, 1.779862284833421e-3, 1.3197453551550133)
