seed <- 1024
log.wt <- 0.0
penalty <- 2.8115950178536287e-8
intervals.send <- c()
intervals.recv <- c(56, 112, 225, 450, 900, 1800, 3600, 7200, 14400, 28800, 57600, 115200, 230400, 460800, 921600, 1843200, 3686400, 7372800, 14745600, 29491200, 58982400)
dev.null <- 358759.0022669336
df.null <- 35567
dev.resid <- 226274.70123113904
df.resid <- 35402
df <- 165
coefs <- c(6.834438502927064, 5.889847369818153, 5.809581130153366, 5.382107772779004, 4.970555325399682, 4.764062709533993, 4.748921933638321, 4.690312096783792, 4.347366627072822, 4.212294484285892, 4.295735461435731, 4.157494783982508, 3.980812329544543, 3.9246106614423684, 3.7685065062663434, 3.495057134908912, 3.229294487540568, 2.9558179262565636, 2.502850816590058, 2.0716096273473488, 1.6071208829134793, 0.890455524115996, 1.1110356275510183, 0.4985378278090245, 0.2892250919893841, -0.9625874353047337, -0.15664851892418533, 1.0615594893520084, 1.0636494923306092, -1.118529991508761, -2.371852065025545, -2.6312913368558055, -0.2748266077575799, 0.711460683462535, 1.2771298685957868, -1.0510842087103465, 0.34143470578610013, -1.0561148430821916, 0.16097886648021406, -1.0032053122389704, 0.8799468139489812, 0.962625528979846, -0.9171288483037123, -2.014534034618265, -0.6371335681179072, -0.8076523825349279, -0.6465275260468473, 0.552929628129908, 0.15028174939706238, -0.7424733689821916, 0.12981932746086502, 0.8704357931189315, -2.265032004192265, 1.6668587850305099, 0.7897915272899162, 1.1034953315586797, -1.4870266017672809, -1.2848907292035352e-2, -0.9256640446707479, 1.320076156222343, 1.0194338106713858, 0.780516565659579, -1.198481477331562, -1.0597916587660328, -0.6231382305753368, 0.3910447461330424, 0.6153312957031668, -0.35431215493614854, -1.7919291487650106, -0.6275879984740659, -1.575025366735381, -0.5162449322822141, 0.5245389337869161, 1.0098564314390843, 0.4889775040648479, -0.6892258945248018, -1.2100542078590526, -0.9548029151473847, 6.249085672031809e-2, 0.8358212951234775, 1.116244930878998, 0.1991262520843957, 0.11704024257400104, -1.7437384472020252, -0.6992274901874466, 0.4176124477785889, 1.0559981244791417, 0.471391669352325, 0.8842762168139253, -2.418176699630795, 0.38916029370366473, 0.7732937528748459, 0.7989766950556063, 0.40134878050835315, -6.282577758228136e-2, 1.3288082103917485, -0.35487709080017066, 0.18260826360054952, -0.34622600531330283, 0.13785784078500124, 0.4862958797375413, -0.5322801621878848, 0.9430457109968593, -0.36809928999365565, 0.9047034454380528, 0.8032109308204562, 1.1558769065780352, -1.011538293386956, -0.8800044010969608, -1.0124670208419506, 0.3115211291596549, 0.40495371628712196, 1.5670103525179648, -0.8958487453930023, -0.13270375141912652, -0.9551931057597945, 0.8232890597498509, -0.42920701630290387, 0.3642476094543002, 0.5908481910381069, -0.2558929515403244, -0.43180444327208406, -1.020711848698349, -0.4052014637294721, 0.2445673452678826, 0.8880960477411599, -6.796294988685493e-2, 1.1089681173766912, -0.9729471983551652, -0.35892745871789056, 0.14203903963028974, 1.0459601100388793, 0.7934110154762034, 0.4084210244830232, -0.1794861350639396, 1.0800989209119476, -0.5814183420859056, 1.0012788396816181, 0.7497613813398766, 1.1045097966850863, 0.677657402500621, -0.6548415439725472, -0.8982929038984162, 0.5870974379675641, 0.24614813046600986, 0.5148106131037649, -0.2884592014042753, -0.49580889321413196, -1.9913411569462915, 1.234198382035355, 3.54481148142356e-2, 1.2598816194216622, -0.2729480765293878, -0.11453686369714244, -5.903367544974221e-2, -1.601651680016046, -1.1744715039481601, 0.8916217654185846, 1.0427182350908284, -0.3730642073339401, 1.5452378410420509, -0.22446381573379123, -9.538156593290269e-2, 0.13746000912327125, 1.1159396676691256)
