seed <- 984
log.wt <- -14.229937934095327
penalty <- 2.8115950178536287e-8
intervals.send <- c()
intervals.recv <- c(56, 112, 225, 450, 900, 1800, 3600, 7200, 14400, 28800, 57600, 115200, 230400, 460800, 921600, 1843200, 3686400, 7372800, 14745600, 29491200, 58982400)
dev.null <- 358759.0022669336
df.null <- 35567
dev.resid <- 225203.82058622877
df.resid <- 35402
df <- 165
coefs <- c(6.344345970926349, 6.146972764789572, 5.681043626417185, 5.372428600478535, 5.067078112327736, 4.897889906310775, 4.796562529669956, 4.644486208707693, 4.407821861962421, 4.2873883638875325, 4.293545163302556, 4.164849601639481, 3.9927940710264314, 3.977933303584713, 3.7471743505875197, 3.570300392460794, 3.258700035289835, 3.001789457117958, 2.491587476851878, 2.059770661940391, 1.6305245990669937, 0.8888985139514143, 0.9936758281119108, 0.5537136023404424, 0.659222841617978, -1.1535389376820546, -0.27191801633640406, 1.043344763827528, 1.0519008142771402, -1.272474117644391, -2.340585738403812, -2.503987764094286, -0.316820634832079, 0.7592290899200005, 1.210062922299311, -1.1041154347769433, -0.41339813979067075, -0.2809840217112707, -3.387978309131398e-2, -0.9840517346148008, 0.9132025855509339, 1.1505146649552331, -0.9738492138295807, -1.8732702748160572, -1.1878605433811449, -0.7595644635683153, -1.2123699944227537, 2.942749872777164e-2, 0.5491947433770323, -1.0759795007018425, -0.8179154441451263, 1.0290108141117555, -2.9521175076551245, 1.7451327770697345, 0.7680645080487295, 1.1645870191520582, -2.051425666075429, -9.783703902606411e-2, -0.34265174566547063, 1.2230464253601312, 0.8904747969571275, 0.7052444135112796, -1.563582909410053, -0.6398378111420445, -0.5540151506341431, 0.15495676567548955, 0.6388149939566894, -0.5713115625719574, -1.9199196554572342, -0.5466664715785888, -1.8977902333952117, 0.11303254026280922, 0.3686114738248413, 0.8781022549411869, 0.6816865814162486, -0.9552000685276505, -1.2832289831422357, -1.3267709709682791, 1.4756414481336669e-2, 0.7341405421260699, 1.252930837002055, 3.330053346273315e-2, 0.19087963169906602, -1.3869900798582564, -0.3498043196134223, 0.5655621706130107, 1.2759119880567906, 0.435140922137608, 0.8113809177345163, -1.8224301576306292, 0.6571113847108893, 0.7850103713773023, 0.8721083238659212, 0.4604409110280963, 0.2658992551808371, 1.1215817638624155, 0.5626654455487967, 0.4050956823779545, 0.13046884228968372, -0.12236475998129107, 0.5327964971646824, -0.415162068553246, 0.7568164539549004, 0.20613011751154442, 0.992348570308619, 0.8092977543255703, 1.1297948043371235, -0.6431538665930916, -0.7914902821061347, -1.2033679494557226, 0.39168014130253165, 0.7547411908662668, 1.5907600919541847, -1.498653607082483, -0.26190970944170483, -1.0629195750963598, 0.9047264868428807, -0.2599751926073429, 0.6217547479745078, 0.6635108269361206, -1.0492211319873888, -0.5223303540140464, -0.9127332581885541, -0.5612558180527765, 0.29998995600468553, 1.0656841279499856, -3.299740283167762e-2, 1.0108123389074135, -0.6501489955090032, -0.45586475961936174, 0.2092724005175297, 0.9550200355311155, 0.6801106666129122, 0.40220656904371427, -3.511794657289051e-2, 1.0911162295039403, -0.35616362754824554, 1.0650445850492356, 0.7656141217107237, 1.0164093351274375, 0.7925360646998783, -0.7559866254168947, -1.073355708117104, 0.5993029028996345, 0.2912098423617044, 0.4396535097705936, -0.10823463974726084, -0.8791556561341893, -1.6054479904263808, 1.314710789999132, 0.1218585430901419, 1.2646018486886694, 1.92768411977207e-2, -7.52722508713672e-2, -9.51719085197759e-2, -2.1243762146921465, -1.3975759368028036, 0.8403361633072004, 1.2636344444263057, -0.21148807199436964, 1.5509423967202693, -0.16055278881973337, -0.11369435544659212, -0.17020239631186493, 1.2922483713377513)
