seed <- 331
log.wt <- 0.0
penalty <- 2.8115950178536287e-8
intervals.send <- c()
intervals.recv <- c(56, 112, 225, 450, 900, 1800, 3600, 7200, 14400, 28800, 57600, 115200, 230400, 460800, 921600, 1843200, 3686400, 7372800, 14745600, 29491200, 58982400)
dev.null <- 358759.0022669336
df.null <- 35567
dev.resid <- 225410.0475140338
df.resid <- 35402
df <- 165
coefs <- c(6.204215621459957, 6.0716712977276135, 5.604795740886086, 5.455508043020981, 5.205673906181251, 4.856758950625492, 4.727276824537251, 4.702975886555869, 4.383540702539362, 4.290227825931992, 4.296819638986643, 4.188792004812568, 4.024763103642607, 3.962865452673386, 3.774622996666668, 3.559203543622232, 3.276710424422905, 2.940256371856799, 2.5259656505918393, 2.034482039217248, 1.6093004777869147, 0.9269644179745452, 1.03253778698712, -0.416778284240868, 0.41960719656130835, -0.9390717392121695, -0.3089839162263552, 0.8404686234094111, 0.98669219363374, -0.929241351114442, -2.978802607964079, -2.6671077119152047, -0.5205286177989616, 0.8159903156534467, 1.416549588009407, -0.5002769521759383, -0.7821688019851275, -0.9920498150404576, -8.93059374093036e-2, -1.2644240451752793, 0.886495918537409, 0.9522181288920786, -0.6631551898765959, -1.8390963060393903, -1.1717710707518065, -0.8092355101866494, -0.3765467035459735, -3.0241295639368983e-2, 0.5689517365371862, -0.5472826394321804, -0.1343518509987324, 0.8673970172627882, -2.5106954145218348, 1.8466331371501807, 0.9559360391023929, 1.1216122874654202, -1.760827229198243, -0.14397125657844762, -6.44642487607892e-2, 1.1084617561110552, 1.253898223619554, 0.6250086431169459, -1.6064786740345718, -0.24613416895151974, -0.6482133379750641, 0.2201755432027291, 0.5761186576020244, -0.28577355343348776, -1.8538820623195595, -0.7994525477773373, -2.3420900098219084, -0.2819593673021619, 0.547354378431425, 0.8624492248573965, 0.6640322492800728, -0.9646889923173042, -0.8818550138113219, -1.3386614332738378, 0.15858593645495372, 0.7989207299072176, 1.173743148206313, 3.378504742261696e-2, 0.2815211520082289, -1.2296418278101553, -0.4855448503460064, 0.448881668324201, 1.1714986988530838, 0.3753724991126934, 0.8497758956044351, -2.749531476236755, 0.48266424486613235, 0.8685893240330601, 0.8766777489657599, 0.47839836751218806, -0.3430605302462957, 1.105410074387955, -0.10121157370651608, 0.30752522687380446, 7.798101634580587e-2, 3.865064667325032e-2, 0.39373681494138607, -0.83231719653931, 0.8113882089393188, 7.215601309197357e-2, 0.6146046572880146, 0.8491149430045201, 1.1341587223096814, 9.645983411110204e-2, -1.3489560177453808, -0.9166569095709685, 0.3536902219968066, 0.5227552335782953, 1.5129046673654147, -0.2933163353168816, -0.19334343404980966, -1.4387814248765054, 0.8718535074705155, -0.2311320479417898, 0.4288970155106288, 0.5797124299225542, -0.19779274682342757, -0.5813620493180461, -1.1148149163180745, -0.5048551345964452, 0.2886456746600218, 0.8814814705214153, -7.628516156081365e-2, 1.0082777633484454, -0.45299308777949115, -0.317971787682839, 0.21607642976992658, 0.7270207087374188, 0.7935495573413013, 0.4271986757673895, 4.8735065858325474e-2, 1.0730342833985553, -0.40194449362595963, 1.154026892269755, 0.747686981918762, 1.022248801819622, 0.9544336328460475, -0.6834061117933075, -1.325151402362876, 0.5486192133542435, 0.3426510300612221, 0.39000721221346163, -0.12499579656131285, -0.41366417961397317, -1.9461846627906836, 1.3677742673181077, 0.2211645925856841, 1.255595044843061, -3.700246810603213e-2, -0.11908382960695951, -5.842779985707256e-2, -1.7067862894558252, -1.0103381319455422, 0.9153525014206858, 1.0629938392142064, -0.3239117827804729, 1.4706417579825102, -0.2792416468730887, -4.195826801799981e-2, 8.335903175580804e-2, 1.3056918411774177)
