seed <- 214
log.wt <- 0.0
penalty <- 2.8115950178536287e-8
intervals.send <- c()
intervals.recv <- c(56, 112, 225, 450, 900, 1800, 3600, 7200, 14400, 28800, 57600, 115200, 230400, 460800, 921600, 1843200, 3686400, 7372800, 14745600, 29491200, 58982400)
dev.null <- 358759.0022669336
df.null <- 35567
dev.resid <- 227067.06670910848
df.resid <- 35402
df <- 165
coefs <- c(6.610233822352551, 5.467678449466861, 5.683725797648378, 5.309060382097581, 5.144598869514396, 4.796972972686257, 4.719466681340857, 4.6226271550800595, 4.362865073952518, 4.300477634959747, 4.255265072815813, 4.167252771395915, 4.016163855449207, 3.9646006467367587, 3.7344062739282013, 3.5389535496509907, 3.2659698849983227, 2.923602967720144, 2.464634764917885, 1.993778252803054, 1.7130985540483745, 0.835764607867613, 1.0558462969528037, 0.2952863048188365, 0.33478124176908963, -0.8098742011616046, -0.24834167030576232, 0.9765165248433774, 1.051585814672324, -1.183636305732376, -2.4574825727345413, -1.4074633770918628, -0.42984743661671154, 0.712176810321593, 1.2496669384260166, -0.869286263296446, -0.131557306260563, -1.60997896140831, 0.1429318510373364, -0.7691588225962492, 0.9433249499749816, 0.8870274703429966, -0.7321053495608271, -2.521024414738412, -0.9485360998961931, -0.8978156629807753, -0.31383089392426505, 0.21407850670349415, 0.3943116203441594, -0.3999609255285912, -0.21687013174677872, 1.155208079392094, -2.4734469015845284, 1.6396560618084086, 0.724418773583708, 1.0651170455747911, -1.8051999822833713, -4.460019319224553e-2, -0.6011222440197814, 1.1576423260401236, 1.2440165413670132, 0.815186683653615, -1.7824847457525694, -0.8383790250806253, -0.6007874082671687, 9.850272713934045e-2, 0.6795429975682783, -0.23022054839137218, -0.6460158772515938, -0.5692799246127058, -2.2284574882637775, -8.373274709597937e-2, 0.4630708709667609, 0.9937840484746712, 0.6539786251445407, -1.0885609769613698, -1.4294639782794893, -1.0134433913023326, -9.92417126097059e-2, 0.6919067250766254, 1.0005229933673312, 3.744033035890932e-2, 0.24171384951020738, -1.5662500872790979, -0.6908613157072332, 0.4479558719766245, 1.1948043262151904, 0.3217539659460775, 0.9271106893991943, -1.965780872466666, 0.2970696833164679, 0.6772123774008758, 0.641052520011252, 0.3795630425077533, 1.0705256611812776e-2, 1.0014567113505113, -0.34617653286055067, 0.366141089022803, -2.1961405976247956e-3, -1.472513325252338e-2, 0.4378166759648332, -0.4805978204598172, 0.8578363866092512, -0.5754909644454601, 0.9344029678274569, 0.851896245214503, 1.0300545779396189, -0.8712813203096114, -0.2182428572423286, -1.2481845454115692, 0.33306413493452103, 0.5511939269941156, 1.5932678248329641, -0.5282068315572083, -1.486171423505621e-2, -0.8812708338454144, 0.5579095077722226, -0.25751017920661656, 0.5145404449019287, 0.6307590846275014, -0.5926979920624595, -0.4783995388971205, -1.0419213398823803, -0.20630034367401856, 0.23582599051149425, 0.7299557360660376, -2.2821117676270625e-2, 0.941186636264568, -0.48345223351473526, -0.2766424388690937, 0.2127422687390088, 0.864966739344779, 0.887570693497881, 0.494270726953986, -4.431328924751212e-2, 1.172012505917846, -0.35502585629805794, 0.9672439864935581, 0.6891790131363567, 1.040141286888556, 0.5177275562867889, -0.7070273042852538, -1.0603732565521136, 0.6775474790985757, 0.2983624040082643, 0.52037851982579, -0.17062906431641378, -0.6011854479002587, -1.866169607639485, 1.1937940643412754, 0.15342313296213628, 1.2218599649519046, -0.35962506326394067, -6.396533312384117e-2, -0.1114857503215334, -1.4511867340027, -1.64257736782004, 0.908681232499682, 1.1819774445174267, -0.6583752536284455, 1.5359618067130116, -0.34451482467325023, -7.495752035990567e-2, -2.1953897644842228e-2, 1.0210611475615585)
