seed <- 217
log.wt <- 0.0
penalty <- 2.8115950178536287e-8
intervals.send <- c()
intervals.recv <- c(56, 112, 225, 450, 900, 1800, 3600, 7200, 14400, 28800, 57600, 115200, 230400, 460800, 921600, 1843200, 3686400, 7372800, 14745600, 29491200, 58982400)
dev.null <- 358759.0022669336
df.null <- 35567
dev.resid <- 226321.12102389222
df.resid <- 35402
df <- 165
coefs <- c(6.625060562138662, 5.6618019802900506, 5.47666729885279, 5.468360518035304, 5.134515874469235, 4.878249031389577, 4.732086663271792, 4.6551581559082145, 4.3793598300663445, 4.262079331779286, 4.304098080885681, 4.150511747185011, 3.9892357140358654, 3.9611495736121283, 3.7338703591643183, 3.5190153661791768, 3.2535825038261184, 2.9165731503659296, 2.5340870502850654, 2.065414740224734, 1.4992674875742578, 0.8812234574719745, 0.948954058633119, 0.2799125044345589, 0.7524757816315419, -0.6982252363601413, -0.16669030036763016, 0.9157009016511302, 1.1028529310879582, -1.1693163336417165, -2.3421757927622537, -1.7229587104316224, -0.37838029238911064, 0.714812721307219, 1.1372742881149909, -1.443962611800821, -0.812257330296055, -1.0898197907568543, 9.587980084834491e-2, -0.2031181556278509, 0.9825479224158757, 1.0148140846722755, -0.8958645534639007, -1.4014305310838275, -0.7178967248869345, -0.60303828635805, -0.1410407321603448, 0.44097115890301264, 0.4511737179396956, -0.4631250212865729, -0.5893175033221323, 1.041656495894772, -2.7032016310027, 1.7250548432392685, 0.8293171129334654, 1.12792339916442, -1.5136487106651162, -0.11910159167380564, -0.2342986017094567, 1.3972406548432694, 1.2037428450452516, 0.6870571984731875, -1.273720632504712, -1.08585230235348, -0.48197971193693323, 8.320743536804678e-2, 0.5347684222190038, -0.732947047143755, -1.6376955530032482, -0.6485579429245059, -1.9383570182226293, -0.1148435430008347, 0.6421041842293942, 0.9711155834863454, 0.618819782619298, -1.1866415792162106, -1.4146921507108399, -0.6952786848043738, 7.830622085091878e-2, 0.6527146976690765, 1.0924714540264253, 0.14564910801702297, -7.037288045513028e-3, -1.6790371974512088, -0.7040901880349972, 0.44291422093827587, 1.2010304739365942, 0.16776456212879068, 0.8035275702768315, -2.8731005005528916, 0.5098320078793624, 0.5459254009971589, 0.7434264575654723, 0.2939136227237691, 0.16122020186874472, 1.2761041614891058, -0.6329753469614315, 0.442336894260724, -9.335810291464794e-2, 8.183350602979707e-2, 0.47313935914703964, -0.7528657041384864, 0.9322916784790618, -0.255431463914594, 0.7409960487449314, 0.8344368639443676, 1.1031490616247945, -0.3766738855300307, -0.4361614265492086, -1.8731203385731228, 0.30332996601799705, 0.48467789207406337, 1.6200814956139737, -0.4718607436369359, -0.4197543203975048, -1.0947892894644422, 0.7262839874593024, -0.28557229001661105, 0.42451488763789297, 0.7003834262391498, -0.24880384014260037, -0.3368493986122257, -1.0582087115622263, -0.666715830736544, 0.37062514428742227, 0.8796561563658728, -6.080507558390216e-2, 0.8412872972237782, -0.6802051795124175, -0.37870447396124135, 0.15597861622844073, 0.84783629210499, 0.8402818597977495, 0.527211340463067, -6.250137934083275e-2, 1.1508870714065738, -0.34090339975524236, 1.046893265983016, 0.7772748472240337, 0.8363377498259231, 0.7393453651564885, -0.6422656299319489, -1.5403517058154914, 0.41501525637034425, 0.2595424438261973, 0.5366959233053676, -0.10928337940979314, -0.4775777987610879, -1.9798084334141177, 1.3101968495966185, 0.1469038323949727, 1.162410870040543, -0.27399106325340405, -0.19279555859825614, -7.000576815453707e-2, -1.7429462166015623, -1.3150327004855455, 0.8538086246619692, 1.1340199859997064, -0.2226147624899384, 1.5678109039908357, -9.740066845072719e-2, -9.009437977325305e-2, 4.0957627117230964e-2, 1.1592942107576332)
