seed <- 106
log.wt <- -12.598550548593439
penalty <- 2.8115950178536287e-8
intervals.send <- c()
intervals.recv <- c(56, 112, 225, 450, 900, 1800, 3600, 7200, 14400, 28800, 57600, 115200, 230400, 460800, 921600, 1843200, 3686400, 7372800, 14745600, 29491200, 58982400)
dev.null <- 358759.0022669336
df.null <- 35567
dev.resid <- 226225.95646435043
df.resid <- 35402
df <- 165
coefs <- c(6.721788136273626, 5.810632511972059, 5.605570171103698, 5.442368403061677, 5.06979631772599, 4.813337252292007, 4.744237232001259, 4.683582398861725, 4.326302107031728, 4.254125987325832, 4.24030879720374, 4.106801334705887, 4.009128319538242, 3.9829831663958197, 3.7554406848094315, 3.4962489374726107, 3.2339684788750382, 2.9195844949903536, 2.4959444029438256, 2.04152898852353, 1.617306190287186, 0.9069385615305624, 1.0517271788692568, 0.26268277363245196, 0.6050173916388182, -1.0698446674566717, -0.2139815318812306, 1.000891089828305, 1.1660273924588898, -0.8560896646385338, -2.0776009879959774, -2.7946339734274073, -0.47093319344391, 0.7698877264469313, 1.2676278583586709, -0.7268439075438469, -1.0824741136879723, -1.5075414935089866, 0.15254504285629794, -0.6034374776576137, 0.9146351664896377, 1.0518383225514134, -0.9796658418821794, -2.17414471537611, -0.7081384754735849, -0.5810282637318278, -0.23831802183763964, 0.2725592721029494, 0.49436921753811275, -0.5102620352158619, -5.429230019953204e-2, 0.9747294414781529, -2.104660765954666, 1.6580220830759353, 0.6583330487498082, 1.16572219266105, -2.353275566088919, -0.16076450394477146, -0.31379824821778474, 1.376777526629887, 1.2298315415272718, 0.6189426363733461, -1.2167128674555683, -1.1045770578065657, -0.7885490537452409, 0.24822344442006994, 0.6606008660976392, -0.5845054121380361, -1.9722848085396334, -0.5499522888752435, -1.8249539183733192, -0.14537536576507396, 0.5555241643470734, 0.9204051012522634, 0.5350755474016661, -0.866147672931972, -1.523741403429097, -1.4631689558432908, 1.2859897624121997e-2, 0.6608502809707681, 1.3102781928144553, 9.089543334086153e-2, 0.1345269706946192, -2.1741787140167843, -0.5006797454152259, 0.5009801813975954, 1.0641752627478154, 0.22603476531917235, 0.8006726242963873, -2.507616113100304, 0.45909223867399124, 0.7556420098092675, 0.907149480244801, 0.3255685046666769, -7.758797449779348e-3, 1.2477457117411266, -0.6377750770484999, 0.4121348239681108, -0.1849170994077158, 0.22331725278502038, 0.5383189631800113, -0.23709271296291892, 0.7618047367877769, 0.34427743403639716, 0.8345434709839056, 0.8570153819825604, 1.0248272948419839, -0.5762988592105529, 0.2086339781834947, -0.6866077696574272, 0.3855293760696908, 0.5665856852843224, 1.6006041816288257, -0.7096645761292447, -0.13061113262422713, -0.7337290091711999, 0.7995117356850004, -0.42706687304565855, 0.3569791875273395, 0.4827722677387243, -0.23889860763093398, -0.45115842690473545, -0.965376639467209, -0.6142568433998967, 0.36973265315357284, 0.9222824073060882, -1.574419766592337e-2, 1.037177218081909, -0.41343870456756654, -0.39074321389828354, 0.14930054473775617, 0.7761431216051705, 0.8226810562447868, 0.4084363763067668, -0.1279892427563854, 1.1087201838925038, -0.4464144012495521, 1.0213391991830598, 0.6989506128124134, 0.9707350447578534, 0.8614868692956646, -0.7456449230993499, -1.366441298932471, 0.5608509100330799, 0.4416137483785329, 0.5046200161648817, -0.42415184125793404, -0.6549783303053562, -2.097059665807451, 1.2050688351940602, 0.11042564220350942, 1.2419254145254641, -8.104796876424943e-2, -9.510554137277231e-2, -0.23371875021862235, -1.3568347369471319, -1.8978435540754721, 0.8598952572807467, 1.0500962933501456, -0.2568810364860625, 1.5704343089785098, -0.33314226905658334, -0.15844488278103666, 0.1106835152699457, 1.2861489678540274)
