seed <- 609
log.wt <- 0.0
penalty <- 2.8115950178536287e-8
intervals.send <- c()
intervals.recv <- c(56, 112, 225, 450, 900, 1800, 3600, 7200, 14400, 28800, 57600, 115200, 230400, 460800, 921600, 1843200, 3686400, 7372800, 14745600, 29491200, 58982400)
dev.null <- 358759.0022669336
df.null <- 35567
dev.resid <- 226420.5481237978
df.resid <- 35402
df <- 165
coefs <- c(6.6729358003964885, 5.690538156301059, 5.703821934822266, 5.259288626753103, 5.144374750147939, 4.914630907366458, 4.7757118816562745, 4.653921423608395, 4.365177666959305, 4.245040405764429, 4.301976439718267, 4.182674741144558, 3.96381020072769, 3.9567333804950704, 3.72653680797607, 3.5183394042733718, 3.2628010035379678, 2.950570569997919, 2.515781810553735, 2.117572532496202, 1.5381504646798854, 0.92124369499149, 1.0343750694356646, 0.3843320733376322, 0.37964967368053976, -1.3171233994270881, -5.0350933011573624e-2, 0.8224955259950347, 1.0723625940751254, -1.0567237392384052, -2.2928484763475345, -1.5403646186186666, -0.44471404481875276, 0.7637559210404506, 1.2218321484693278, -1.4323726050534935, 7.024122952124397e-2, -1.2103313002109035, 7.759888633511838e-3, -6.793205604611034e-2, 0.8920700304561894, 1.0075251429876462, -0.7793789393074162, -2.075177427946593, -0.9110671717237689, -0.531584168132705, -0.8376009812650898, 0.2860254334799972, 0.15131060510400005, -1.3100412083971287, -0.3555399268853824, 0.623522171847331, -2.122804223353692, 1.6015706943265131, 0.6934575091055686, 0.985229014833311, -1.9288384196784034, -0.33281300159728755, -0.8053189814664609, 1.4680946939637711, 1.0043474328028907, 0.6423940190027793, -1.4892356491147278, -0.25415131450330486, -0.6708297862067082, 0.17373421878835457, 0.6102703531153225, -0.5210360685223706, -1.0022395335612346, -0.7580732023727665, -2.03857406796834, -0.16889673097503893, 0.4802308476443315, 0.9718182282362304, 0.6895369109591635, -0.8452085390409123, -1.3388365482320042, -1.02260380838003, -3.341070712186827e-2, 0.6772762198590364, 1.2031554614713953, 0.10835440572895223, 8.856212779256815e-2, -1.875998451611179, -0.24891586381069758, 0.6618099695723616, 1.1562896993618412, 0.4228536715812074, 0.8198869253091147, -2.5309297246209685, 0.41527336965969314, 0.803601551627182, 0.7835377141660363, 0.37989461800334007, 0.39650826268378325, 1.4912474295955307, -0.9220738769970551, 0.4981929395219235, -8.906854474762266e-2, 5.558528649665526e-3, 0.331507663206369, -0.24072272634325267, 0.802212432652308, 0.4384366851224707, 0.5822298685815107, 0.8057863133215667, 1.1545259559285912, -0.27749299224088325, -1.167859750195111, -0.9668698056862383, 0.3911764164463154, 0.5247729146968186, 1.6052419462834202, -0.6694154953630671, -0.18346715532991345, -1.4050936818927795, 0.6850828105054986, -0.3496958843435654, 0.4624821453642391, 0.6461083427898249, -0.23253878152477228, -0.17686225157899838, -1.0775507974397989, -0.985565894281011, 0.27097301489233777, 0.7787847138530427, 2.3916197446069255e-2, 0.8534238329456655, -0.8372709571184805, -0.46544097090609593, 0.45398639308004585, 0.9797559985692531, 1.0025887668952078, 0.6196507148897892, -5.3652556614807626e-2, 1.0787375013997067, -0.3740638990754071, 1.0615517557299607, 0.7535068759967379, 0.7794226367086395, 0.7874917492586438, -0.5856538650702566, -1.025173267987037, 0.6952233551189045, 0.20698492544043773, 0.6022988070551847, -0.2060822357267299, -0.9993819077326468, -2.0633720254752883, 1.244775542466118, 0.11102745268474744, 1.0444333270257569, -0.10823144733317791, 4.422613933704324e-2, -0.10560480406714683, -2.196026546974317, -0.7239652085610344, 0.9850632870220521, 1.0767177281398397, -0.3257006025657878, 1.577864308120382, -0.3475465742061199, -0.12055891255374503, -4.015147114163355e-2, 1.1908639702507016)
