seed <- 531
log.wt <- -15.759176061662071
penalty <- 2.8115950178536287e-8
intervals.send <- c()
intervals.recv <- c(56, 112, 225, 450, 900, 1800, 3600, 7200, 14400, 28800, 57600, 115200, 230400, 460800, 921600, 1843200, 3686400, 7372800, 14745600, 29491200, 58982400)
dev.null <- 358759.0022669336
df.null <- 35567
dev.resid <- 225214.54649312844
df.resid <- 35402
df <- 165
coefs <- c(6.543244513673444, 5.834177937236873, 5.679030356912956, 5.210273511159267, 5.03497665924869, 4.885225358544449, 4.769778451515465, 4.699553996577067, 4.386066914920118, 4.270088063392882, 4.374937563947667, 4.1932572143140066, 4.032704984411862, 3.9583693213029014, 3.7972337709829764, 3.5505521134700677, 3.2633205443921764, 2.931579024107771, 2.522673084506715, 2.0757804622321987, 1.6191160444502157, 0.868170937849865, 1.0752616137304234, 0.5250307821397306, 8.77257996463446e-2, -1.3023026689766684, -0.2011475960732187, 0.8954919363610578, 1.0691969131345158, -1.2092363173513105, -2.324713051209035, -2.3356757864429634, -0.49156215001931475, 0.7741031352309636, 1.3777368752252146, -1.1703200169882964, -0.29459761479755125, -1.2720141003918428, 1.4546968412235385e-2, -1.0301586629205675, 0.967221815117981, 0.8888956498896625, -1.0180599769749357, -1.9170382651736433, -0.7480907715090184, -0.6896014911469984, -0.6261423879047026, 0.28745369422319883, -0.2085625216179685, -0.3950775964234047, -0.3091778461843631, 0.9362055142576531, -2.5367576196531885, 1.6965834085954228, 0.7415651653597075, 1.1540012913068098, -2.3378759868072847, -0.13041168384821192, -0.4257929592680433, 1.4749104769828263, 1.177635254356139, 0.6159592590790566, -1.9296296068407632, -1.30829408759942, -0.5021491984904187, 0.44156072953739434, 0.7341965115407989, -0.7521656449035832, -1.554564292027542, -0.6449602651799629, -2.362469085009682, -0.4233878156003556, 0.7177447118010694, 0.9532874361574121, 0.7265513924993242, -0.8542266123303702, -1.3317188274904177, -1.124946311829778, -5.947988898230076e-2, 0.7765969037156596, 1.257009102173248, 7.222187192787151e-2, 0.1454681305678432, -1.897375994691206, -0.677889148767715, 0.40119027582053124, 1.3645375096042458, 0.6472516959311118, 0.9301241902770089, -2.2313837586008676, 0.32523149425174946, 0.8623210358912734, 0.8732569534509309, 0.3310251971566084, 4.5504693305122704e-2, 1.2833548534374466, -7.482115485452764e-2, 0.605651749236416, -0.2860664791852071, -2.2950651365209265e-2, 0.3356550003772123, -0.8588626251959073, 0.898240013784394, 0.19361484994619405, 0.6362381755989468, 0.847474823817004, 1.1763070487287164, -0.30213044571887604, -0.30694113095722686, -1.1690253557820174, 0.5928340010956278, 0.5898193295233318, 1.5647902541763756, -0.7282223640699435, -0.24783693357276818, -1.1537337144513686, 0.891317448756667, -0.4281852189957741, 0.6424913333817149, 0.6637207915093839, -0.4636697448611847, -0.39613183963881826, -1.1557972883678052, -0.3058709450762341, 0.28220744952898547, 0.8991497117537642, 4.916764601920442e-2, 0.9974304750353443, -0.5693205541750778, -0.42081081061589265, 0.2981837882036011, 0.8647382617539017, 0.8933613005040223, 0.6039166284228277, 0.11500748925204869, 1.2345603967260488, -0.2962795944170044, 1.113720040343157, 0.7833667355952595, 0.9870881806016698, 0.8472799759777204, -0.6374667837708974, -1.202830733932454, 0.64714333347236, 0.26352410119361125, 0.5496375858081164, -0.19828998368919346, -0.5255694843957929, -2.0228704970875544, 1.3385239379478968, 0.1690160111749948, 1.205204663854935, -8.549912519918818e-2, 5.844028757498795e-2, -0.14371831702780485, -1.9531379205201038, -1.1135098516450166, 0.8049086266884333, 1.266631439477005, -0.25625842911160107, 1.5405801145266542, -0.22578210101952567, -5.069372698702588e-2, -1.7643989380373013e-2, 1.2818112237798682)
