seed <- 279
log.wt <- 0.0
penalty <- 2.8115950178536287e-8
intervals.send <- c()
intervals.recv <- c(56, 112, 225, 450, 900, 1800, 3600, 7200, 14400, 28800, 57600, 115200, 230400, 460800, 921600, 1843200, 3686400, 7372800, 14745600, 29491200, 58982400)
dev.null <- 358759.0022669336
df.null <- 35567
dev.resid <- 225528.84272044135
df.resid <- 35402
df <- 165
coefs <- c(6.44341181351318, 5.778444065255733, 5.622155635341102, 5.451986384269362, 5.0693565906659765, 4.851435147981971, 4.786450336380557, 4.5870993063632035, 4.3442102113245875, 4.307106731835803, 4.291769415794334, 4.161463459900921, 4.022830192424462, 3.961768560531664, 3.7806263884340447, 3.520319315247009, 3.2771747618683347, 2.9515532343461164, 2.4546747910450684, 2.0148407716721355, 1.5421818520728376, 0.8838427384406503, 1.035534839931365, 0.45710685617909397, 0.1769397547395609, -1.2800909786224168, -0.10642537350074062, 1.0117476053912902, 1.118660430532948, -0.8336980454963846, -2.580961115651758, -2.6922047872822863, -0.2582350329683173, 0.6440972996941281, 1.3396357261167047, -1.772390744846623, -1.5855309201130101, -0.9184600296596636, -0.21246011086662742, -0.880282372777708, 1.0206149074188895, 0.5524906282048702, -0.975162228775749, -1.7661542739894072, -0.7883332831104656, -0.6307478390158892, -0.7800437930160854, 0.800774287972896, 0.40878340362993126, -1.091563393478915, 0.18496210985140127, 0.9538293206679622, -2.7176074791641276, 1.716534753851882, 0.8291109540428309, 1.0117784463075716, -2.4843072805460023, 4.846032018845689e-2, -0.33825778286047486, 0.9644070151590012, 1.0862669638658098, 0.8035716516863453, -2.547803234421293, -0.6606074422225995, -0.5761499347464024, 0.30659429175974556, 0.6950467612632855, -0.14711958431285094, -1.3696420245298644, -0.7040772119886042, -1.95660842312456, -0.7530083087671731, 0.8783897085562331, 0.9411693150009705, 0.78809482918561, -0.9492280900733832, -1.3950990895247755, -0.7925046906288132, 8.188161378006768e-2, 0.7713385889185798, 1.196545069555536, 6.636425622908912e-2, 8.616382246874338e-2, -2.522448546666944, 0.324617210126808, 0.41327552847506027, 1.3672683250209894, 0.29256198457014515, 0.9174813931014998, -2.579777714061503, 0.5898963319983896, 0.7465634521247834, 0.899975410695076, 0.2697054357427001, -0.19719682709541356, 1.5273508455418492, -0.7150557255817912, 0.3243167395797615, -0.24503785333535671, -8.230722199552935e-2, 0.43446647618872686, -0.6580678175886993, 0.7543563736174724, 3.0709854510525533e-2, 0.7344965177019824, 0.8442578950989741, 1.150725286945002, 0.39596044441033124, -0.9865266630450849, -0.6054523069125736, 0.4439706880222784, 0.5655003774326024, 1.6321624877958572, -0.5193784789753542, -0.27427919442159926, -0.8431651865091226, 0.7790202792881558, -0.3486684787030682, 0.4889221223979778, 0.5899688839377333, -0.6446007582839258, -0.2698525122909373, -0.8530540089803481, -0.5850518833642969, 0.3199775131627839, 0.8913289373207172, 4.6821596025852806e-2, 0.9700226089140374, -0.5049870030259171, -0.3368831578237417, 0.2965576006489286, 1.0099752066906476, 1.066078565423371, 0.44217032723931077, 3.004729834198703e-2, 1.1543948529718717, -0.3256236012525695, 1.0794775499936118, 0.7569088330481264, 0.9437918256567263, 0.667610310958631, -0.6431370083100205, -1.0074605758679147, 0.7933741159913299, 0.6885804436066825, 0.407155969099106, -0.15103807956375104, -0.42229667441838553, -2.0348558449111804, 1.334259270646094, 0.19126277726990162, 1.1945374421907473, -8.527417393670278e-2, -9.321424955260658e-2, -0.11797199654423395, -1.4910700556021848, -0.6979419829246134, 0.8337596898839983, 1.3014754102456678, -0.3982604561819154, 1.6059727413986935, -0.4972586850261909, -0.11488270219680297, -0.22009838652933772, 1.2131312099177725)
