seed <- 162
log.wt <- 0.0
penalty <- 2.8115950178536287e-8
intervals.send <- c()
intervals.recv <- c(56, 112, 225, 450, 900, 1800, 3600, 7200, 14400, 28800, 57600, 115200, 230400, 460800, 921600, 1843200, 3686400, 7372800, 14745600, 29491200, 58982400)
dev.null <- 358759.0022669336
df.null <- 35567
dev.resid <- 226027.0478619655
df.resid <- 35402
df <- 165
coefs <- c(6.526481255448937, 5.805580548294555, 5.72283910001288, 5.234526553218977, 5.087227203421516, 4.8958970491646845, 4.754301736822404, 4.602025832156152, 4.4328806321351575, 4.249250778858377, 4.296091783085115, 4.1558970449226065, 4.006741798846516, 3.9789561368565174, 3.7593126109250283, 3.4982985535020297, 3.2537512246860585, 2.9440639947813882, 2.4900092078578755, 2.0608778704894717, 1.534990969621404, 0.9058390070605548, 1.045311016152638, 0.5980479321296931, 0.3074435948000417, -1.1104034398101248, -1.0862594998067113e-2, 0.9242350915391369, 1.0211908861012085, -0.8928182576128507, -2.0129383356816355, -1.7055665945857725, -0.6374210374830325, 0.715485932117335, 1.3530362473865534, -1.1148576224105788, 0.6373453631515867, -0.3805024762142719, -6.309951901433841e-2, -1.057493997159288, 0.9084016372355677, 0.9663259307020664, -0.8158245349139005, -1.7186900843244994, -0.9836967311914624, -0.7970773422316393, -0.6863346600876157, 0.5251822562916824, -0.14559266023359824, -0.7281343886729487, -0.5378362264164592, 0.8750375385803948, -2.087894366215987, 1.7783992368883381, 0.7611446762173023, 1.0398088843827633, -1.8833755605704492, -0.1333300450330973, -0.34406163594884615, 1.4283343354990812, 1.1062683708892649, 0.7137980738900404, -1.556990171349639, -0.3955772419970703, -0.8557698435137895, 0.21564956813430033, 0.6471529516552035, -0.39461509918750837, -1.1503715490224944, -0.6807067830796873, -2.7584603027342416, -1.1266469873406122, 0.5022375432608756, 0.9641350805635825, 0.7033369703285314, -0.9099436492946649, -1.275932887416758, -1.5274968566776754, 7.41671489291396e-2, 0.6404964677114388, 1.1681164953714, 0.12929527456443263, 0.17926679093033454, -1.5778491918009137, -0.49429887300334746, 0.1841864912312097, 1.1668691615664606, 0.5189532060754027, 0.8515120090570438, -2.06014252939529, 0.2660792137250099, 0.5159598955666733, 0.7824244639703857, 0.3776218355672612, 0.3457406907988001, 1.1612896077604988, -0.8965214096257366, 4.6327837750406956e-2, -0.20196053923855137, -0.143293859714873, 0.4621140878384624, -0.3879995605724577, 0.8771954498500353, -4.721761684986911e-2, 0.6438684770472712, 0.8529716033526977, 1.097912814920766, -0.1482987444124237, -0.17777966236144235, -0.842540560806898, 0.4763456409108427, 0.5344089585214183, 1.5823548524580744, -0.7373073040209852, -0.2034035384249808, -1.4229518196587023, 0.7501074053934911, -0.27965029532388297, 0.5378591955665148, 0.5774415123662958, -0.44522840978831724, -0.4883474688382794, -0.9581185417320697, -0.24759896130383371, 0.29692706753743364, 0.8777138599440713, -9.590988116411193e-2, 1.0131942849888418, -0.3140378388961392, -0.4178654094397123, 0.37475593310265054, 0.8390030550495681, 0.8411385195656305, 0.38158614164029636, -7.82368307233966e-2, 0.9741307092314981, -0.4854393063666398, 1.0390685325382822, 0.6879136266013498, 0.8330455138515896, 0.7258383952791999, -0.5738341341953453, -1.064963758954973, 0.7222922530279954, 0.2538661067506262, 0.4339018734206197, -0.1714616775257055, -0.6511885368841925, -1.949975573076089, 1.2215961176437407, 8.137991825272245e-2, 1.1738268572032209, -0.24236128576473484, -9.874964335929497e-2, -8.006233113258328e-2, -1.8839384061603157, -1.4888784834056104, 0.825992835846353, 1.2320143281923108, -0.4216692575939484, 1.5325114363612404, -0.49298873757153217, -0.2669566950461225, 7.270931090181149e-2, 1.1409087658665806)
