seed <- 942
log.wt <- 0.0
penalty <- 2.8115950178536287e-8
intervals.send <- c()
intervals.recv <- c(56, 112, 225, 450, 900, 1800, 3600, 7200, 14400, 28800, 57600, 115200, 230400, 460800, 921600, 1843200, 3686400, 7372800, 14745600, 29491200, 58982400)
dev.null <- 358759.0022669336
df.null <- 35567
dev.resid <- 226366.3023748789
df.resid <- 35402
df <- 165
coefs <- c(6.686082641804254, 5.800543811498022, 5.770303261877468, 5.418676206610035, 5.14894056630947, 4.829614502588648, 4.776273128505378, 4.539307863260568, 4.352969658674888, 4.287093435990341, 4.300134981803716, 4.192864444279104, 3.959418929456775, 3.9816116498274936, 3.7388479215384685, 3.543602826388013, 3.250359757840021, 2.9533910753609582, 2.497094327009403, 2.0468586500422017, 1.639205826474387, 0.8661028917504262, 1.0222684349620514, 0.2598981947800409, 0.4654528895068186, -1.5848254437575606, -0.17439063954400708, 0.9648733186319718, 1.1021202661864975, -1.1773751193243545, -2.597247150884513, -1.8638295998260488, -0.1842898605066072, 0.7449924477314758, 1.196933535133874, -1.0991957020243643, 0.18728765346314746, -1.3536686452559994, 0.27857759401233706, -1.0453885005911512, 0.9414139939411643, 1.0122119377875711, -0.9112290373884866, -1.5744236808610554, -0.5726298444022405, -0.795889434240892, -1.0353751043608472, 0.3427112720663154, 0.7192680779724925, -0.6329465226382556, -0.18008509554204938, 0.8892997042616957, -2.736771222914417, 1.839815073881804, 1.0002389463760935, 1.0006407176471228, -1.980026459587506, -1.1506571259695456e-2, -0.42796466039284803, 1.2499782304324694, 0.9522552913988759, 0.9199793742375729, -1.2401855911934359, -0.35960619696605395, -0.6371689418021207, 0.17525328594841733, 0.6717900259671254, -0.9646119494115759, -1.2202852693509085, -0.5837968184989544, -1.6264146924941485, -0.36596808671432524, 0.8803159951803744, 1.0816655589420165, 0.7975143680859408, -1.095837640001675, -1.2565439174260908, -1.521083826103808, 6.0071977671801724e-2, 0.6331984218933645, 1.0335418030543213, 0.11209579585776114, 0.11855562160381891, -1.3205676016225236, -1.1120662886460133, 0.593537411868211, 1.225583637884812, 0.42320944964057866, 0.8742878895477031, -2.2633148160818597, 0.3623081757082006, 0.7013899686164745, 0.7483911541649677, 0.3160025064978111, 0.29204548585909146, 1.241206889779708, -0.8687145084827221, 0.22607307091271042, -0.2071376821699784, -5.4729493839563575e-3, 0.5317805307074505, -0.28758376547040837, 0.7244123031525171, 0.2794089593664047, 0.6661117795289925, 0.8004982436071053, 1.1057004260322867, -0.6127887517734717, -0.5870323591861188, -0.7811894857156538, 0.3986731105361031, 0.4633644302092001, 1.5768447276310122, -0.6228334792107607, -0.2554331764250214, -1.3340676848504631, 0.6506861124658884, -0.3445132696306137, 0.5375770482541141, 0.6189947432579085, -0.7220912991734251, -0.6931074405551176, -1.845086546941158, -0.5789199257933406, 0.2349448147154563, 0.7905257992119528, 4.1284493384018885e-2, 0.9081086359564796, -0.6549507126826881, -0.37502543150106016, 0.2745100071476938, 1.0281829850707631, 0.969219565054306, 0.6250255093578799, -3.671379968267595e-2, 1.0975600962386656, -0.28991122083332094, 1.0415873070000092, 0.7992661409097342, 0.9396553555472162, 0.650703371526626, -0.6722300964378876, -1.3149659957877986, 0.771377706589578, 0.4801698767749608, 0.6480289958291547, -0.14610948284200137, -0.537557191910614, -1.8978067948990185, 1.2369672971893495, 0.22273907839658874, 1.10433344832562, -0.2390518478187648, -5.673026387549825e-2, -0.14287010595726513, -2.1138298798421045, -1.364064893862728, 0.9514276167750664, 1.1293601273960385, -0.21552459433533794, 1.5568098751458648, -0.2241696948280113, -0.11820177686809079, 0.17019740759653687, 1.1017997736079412)
