seed <- 656
log.wt <- 0.0
penalty <- 2.8115950178536287e-8
intervals.send <- c()
intervals.recv <- c(56, 112, 225, 450, 900, 1800, 3600, 7200, 14400, 28800, 57600, 115200, 230400, 460800, 921600, 1843200, 3686400, 7372800, 14745600, 29491200, 58982400)
dev.null <- 358759.0022669336
df.null <- 35567
dev.resid <- 225559.37164238046
df.resid <- 35402
df <- 165
coefs <- c(6.6601745684243365, 5.997578560369409, 5.729219881017193, 5.27920737676545, 5.173841171779275, 4.829907772473827, 4.794222748021793, 4.635549865569801, 4.37205153694699, 4.200005664413216, 4.356945961238009, 4.1578572411072985, 4.0068688447478555, 3.9707713624686605, 3.7850484499221975, 3.547977309873863, 3.2479168707691604, 2.955391886354961, 2.491411907734054, 2.0858576325613543, 1.476496263920321, 0.8886497290530482, 1.0083520572560436, 0.28787200351029574, -1.4765936644112633e-2, -1.2942036935066, -0.5628728738805058, 1.0196371057171656, 1.0942281296512477, -1.363119680263942, -2.2573761639710517, -2.57686644177204, -0.4137797610877933, 0.7973305385001016, 1.224530823761377, -0.663633939216055, -0.26645845398341783, -1.0303314061322761, 0.38011275813154455, -0.9828575757114422, 0.9560292824195893, 1.047437715775054, -0.7209386872970969, -1.4054654933692436, -1.023118687889978, -0.5365257920682678, 8.403821668178958e-2, 0.27120698318279196, -0.2007459450129955, -0.4097307867550797, 0.15987128994284422, 0.9978282566706675, -2.2795623466677677, 1.7256476269704155, 0.7534141411096017, 1.1377114113729356, -1.8630222984889768, -0.19878900463663213, -0.5106181757833783, 0.9361282661797174, 1.1249849273041286, 0.7443880784957307, -1.9806550973491928, -0.6327032850869204, -0.6356661220250462, 0.20760116798933945, 0.5752096241188915, -0.5717471702099094, -1.2622665399740995, -0.7338945296705629, -2.591643468788637, -0.5809769878681365, 0.8430146712987641, 0.8202519497637163, 0.7112649159977139, -1.1529942395270936, -1.4215260831161973, -1.5081002495953009, 0.10172188427317362, 0.6629223332070036, 1.199883467006656, 4.2637043794851746e-2, 0.17047206824415517, -2.0701590982798868, 0.12570581248657273, 0.5324788457427455, 1.2677558706677092, 0.33547977744178864, 0.8255410372448136, -2.4411475878956463, 0.4405205877180435, 0.6224528003943917, 0.8534109432207158, 0.3355381136678202, 0.17531400309628492, 1.3253332498632275, -0.5922921160064403, 0.5230202976109779, -0.24171194385867786, -0.19761960940719517, 0.33683732806205346, -0.3751425681200027, 0.7785443615282499, 0.3465657243398514, 0.603500409674496, 0.84006535771768, 1.1180068785655244, 0.3230189505903027, -0.30419671260521497, -0.73378819464328, 0.4321101963521425, 0.6804232069907715, 1.5704022344613686, -0.38443926474143164, -0.27733027546886035, -1.0785539270970017, 0.7112794005916743, -0.2698588333163707, 0.5420438677745044, 0.6626203413679108, -0.4654951642565436, -0.8172936679361521, -1.1276090503638558, -0.10244836483441103, 0.303110942811877, 0.8448016364206208, 5.403257516770282e-2, 0.9178191682568985, -0.6227949362764776, -0.43162310524402814, 0.2808351427270483, 0.7332663844451258, 0.8454377759990864, 0.45227505037024784, 2.79853250018537e-2, 1.1653893562491502, -0.3917253817883893, 1.0825161865188306, 0.6793968956551136, 0.9348958173520209, 0.7507411037231722, -0.6794127630966703, -1.2052035566657853, 0.6902521099279756, 0.32090578134913983, 0.41792938961824444, -0.22250799870689525, -0.7228610783359063, -1.927476087274388, 1.250721027683638, 8.200408387483066e-2, 1.1626752193868763, -0.15464134505173757, -5.4116754700999144e-2, -0.29612785686893034, -1.9149282637032858, -1.4160946399289767, 0.7950041373717422, 1.1562566080652439, -0.4072735501665967, 1.5698070662205983, -8.677601074167383e-2, -0.20919902670858084, -0.15240944186187233, 1.2208082445522837)
