seed <- 854
log.wt <- 0.0
penalty <- 2.8115950178536287e-8
intervals.send <- c()
intervals.recv <- c(56, 112, 225, 450, 900, 1800, 3600, 7200, 14400, 28800, 57600, 115200, 230400, 460800, 921600, 1843200, 3686400, 7372800, 14745600, 29491200, 58982400)
dev.null <- 358759.0022669336
df.null <- 35567
dev.resid <- 225042.2458119898
df.resid <- 35402
df <- 165
coefs <- c(6.569019152766702, 5.7514427411600355, 5.7409385403236985, 5.321661538183112, 5.118593708804932, 4.900599823280403, 4.848706779662644, 4.6789914235849865, 4.405193690676638, 4.302448070117138, 4.347484309333745, 4.176108877830722, 4.042192695250121, 3.9604809145760513, 3.813778510235581, 3.561941197698874, 3.27620612599596, 2.9803078405353847, 2.5197354226996502, 2.0389477678214907, 1.542064116229453, 0.8425336931327599, 0.8949007916120794, 0.2665029950006774, -8.485807281063651e-2, -0.9154275467952298, -0.22108023745555472, 1.0416829911920504, 1.0694831750663656, -1.4643363881279672, -2.0997778682739705, -1.8277197917149142, -0.39713103644488784, 0.7013177819886599, 1.3140344664385035, -0.8260873421961323, -0.6881141499967356, -0.7160765118150108, -7.875243787048546e-2, -0.979574072331035, 0.9332013606979517, 0.737034989559699, -1.2792695040406044, -1.8670618939401369, -1.3117769747042887, -0.7682237973980287, -0.10013116611673528, 0.16751777802363982, 0.6567821178081771, -0.4594100937709994, -2.9404207164561966e-2, 0.7237216334819031, -2.220354227325517, 1.7840168872976436, 0.7819588986322856, 0.9578743590395561, -2.2356698642304957, -3.000316721433048e-2, -0.8658939291690413, 1.4464619729739212, 1.2414948489005142, 0.8392900211706252, -1.396505226812892, -0.6583121993640483, -0.5669566106638347, 6.407268262678462e-2, 0.7601761655009914, -0.5082665127114178, -1.069971408430074, -0.5263905199067718, -2.188285492846254, -1.0936642233161658, 0.556134444892226, 0.9023456320903126, 0.5550979522646651, -0.6196288863595905, -1.42467753924937, -1.5855966573528848, -7.875086806688221e-2, 0.6884087886506359, 1.231040740800918, 0.1251706927184528, 0.19753173565415905, -0.9730711309923925, -1.0523214753219772, 0.3106552078848147, 1.158535270479683, 0.353843422847702, 0.8894681724139563, -2.074662304272377, 0.5994553729067369, 0.6061536474041778, 0.8678331180729528, 0.3214733758622486, 1.8662750940121584e-2, 1.3450355781732501, -0.28094197402437127, -4.490173304868756e-2, 2.1168385270955593e-3, -0.16047267457321096, 0.3484309330439373, -0.35217120451779527, 0.7303498827605412, 0.2394316377333194, 0.6972064604566689, 0.7841065420484256, 1.0598289231487188, -0.8239512750857021, -0.4270350830013828, -0.9742085458416836, 0.34164766955078646, 0.6970085428071123, 1.5756486542357744, -0.604262533656215, -0.15620153311278023, -1.22191932702342, 0.8505630360062543, -0.17109155440572557, 0.5443675468072252, 0.5795910168603752, -0.4739298810627007, -0.49313570620247155, -1.2907059884902348, -0.5502819060835974, 0.251074236773027, 1.0631356464581958, 2.3697015355657897e-3, 0.9515128607627542, -0.391141901145277, -0.4858235677515014, 0.3560851250673972, 0.9788327423501181, 1.037097749331607, 0.3941336354032815, -3.694568495638927e-2, 1.0517634370106619, -0.437172383178263, 1.1700596096989087, 0.73609679725887, 0.9198521038221253, 0.7211596871373528, -0.6180348535575385, -1.1719692819271839, 0.5376555183186166, 0.5229372503507417, 0.39870605898598677, -0.1606549756377434, -0.6678081778887209, -1.9540439562908338, 1.3942604586195206, 5.985689774569664e-2, 1.1957152939412579, -0.1707243793726614, -0.17503462551697482, -5.913146960900844e-2, -1.604823630110244, -1.0072457750654809, 0.7580295819390844, 1.1566510275654711, -0.23194211073921095, 1.5358981844766415, -0.1315511863335923, -5.6263942846515605e-2, -0.1339811659640592, 1.208612521853529)
