seed <- 662
log.wt <- 0.0
penalty <- 2.8115950178536287e-8
intervals.send <- c()
intervals.recv <- c(56, 112, 225, 450, 900, 1800, 3600, 7200, 14400, 28800, 57600, 115200, 230400, 460800, 921600, 1843200, 3686400, 7372800, 14745600, 29491200, 58982400)
dev.null <- 358759.0022669336
df.null <- 35567
dev.resid <- 226194.10767467922
df.resid <- 35402
df <- 165
coefs <- c(6.6074675674319225, 5.638551810877223, 5.617262995039039, 5.334481651589599, 5.091954465977449, 4.870247768757199, 4.794993685443644, 4.562366505842892, 4.3324713257220155, 4.224367680574089, 4.318807450513548, 4.1553535040709635, 4.0063839496130145, 3.9503672142574104, 3.7254781480843095, 3.516083529013413, 3.227016586945487, 2.965224160317429, 2.5276548046392695, 2.0352526999097824, 1.5727513980158991, 0.8833894972373316, 1.0294568401051527, 0.3006385687642262, 0.5744702769749124, -1.0066208995574242, 2.6836707403428514e-2, 0.9121736095539924, 1.1794871059010121, -1.0557610461025722, -2.5206866838975053, -2.6603651589774353, -0.5546669300402879, 0.7256935954454969, 1.256592506067309, -1.4088177886943014, -0.3829246521626141, -1.090730930726569, -0.10782886663117483, -0.614617444728376, 1.0567626482498167, 0.7797034689940645, -0.7736237121604506, -2.316808948846199, -1.2053828314281747, -0.8982789214402771, -0.6094989916265972, 0.29598068088755686, 0.41177108689083575, -0.7086881226040215, -0.19933496232745063, 1.163215931901454, -3.298306908925428, 1.6218646106978196, 0.7592895314384344, 1.168681527817061, -2.381687230432755, -6.055808528715281e-3, -0.33604491179139034, 1.4197586953943073, 1.0665219925740645, 0.7789253887007319, -2.458033779528169, -0.9361908777787267, -0.7165310900799391, -3.1431749721017574e-2, 0.6339634706547506, -6.909123664803787e-2, -0.6012503596342813, -0.7126880786942459, -1.433410962078995, 0.13415145938328568, 0.5698002887768124, 1.0500542499231185, 0.6637771205079909, -1.1234959025107034, -1.1404958391081215, -1.136265316808639, -3.4035439318388275e-2, 0.8109938216096733, 1.295557113122337, 0.20168923156860027, 9.299158092022297e-2, -2.525166403241651, -1.402635288558631, 0.4724009959209466, 1.319584872033644, 0.3348971757765855, 0.99328084307952, -1.9724149932202288, 0.4817251261427321, 0.8789212464778112, 0.8197468729707915, 0.39125911108001277, -0.16071269951007025, 1.3897698723264018, -0.7746233769622232, 0.33101393700100584, 0.2979496165505889, -0.2301283534345731, 0.4522297908167055, -0.3109293324065602, 0.7521407943056491, 0.4368087650480091, 0.7769222711472756, 0.8256639758129821, 0.993330572059968, 0.1246006581817692, -0.2681468861786885, -1.327975688178752, 0.6977947575238206, 0.7448565534444972, 1.6720170583876064, -0.6359344170523816, -8.644134768349662e-2, -1.6719236778243982, 0.8103793625103468, -0.10976042966234457, 0.42450396825156056, 0.4734272138011491, -8.89715120716218e-2, -0.37945335152644044, -1.3200139325148448, -0.6051871132242714, 0.33836516754995727, 0.8439540806203002, 4.546941975327195e-2, 1.0546929807955803, -0.7584568439427306, -0.46475986156908805, 0.1032524299944147, 0.8616575669896259, 0.9393398047752256, 0.49787052502736917, 3.309508843927242e-2, 1.0845172226308664, -0.36889199690558505, 1.0329372829686743, 0.7662697512131705, 1.0216865943710989, 0.785487503346998, -0.7320437419339796, -1.189161990948537, 0.5959736402880663, 0.1942209053100857, 0.555212403514434, -0.23435698506270747, -0.48246180121723103, -1.8325437291594195, 1.319234419218093, 0.13742096025727038, 1.2856616329192, -0.21020905665678113, -0.10410856931568069, -0.17129834144294814, -1.6619741640804242, -0.8388226393681797, 0.8279914925055664, 1.2805303636055783, -0.2475790004134864, 1.6646269501941366, -0.45495700718768806, -0.1614918707053289, 6.07424532574714e-2, 1.2235601290372116)
