seed <- 408
log.wt <- -14.741253010995266
penalty <- 2.8115950178536287e-8
intervals.send <- c()
intervals.recv <- c(56, 112, 225, 450, 900, 1800, 3600, 7200, 14400, 28800, 57600, 115200, 230400, 460800, 921600, 1843200, 3686400, 7372800, 14745600, 29491200, 58982400)
dev.null <- 358759.0022669336
df.null <- 35567
dev.resid <- 226966.08898926363
df.resid <- 35402
df <- 165
coefs <- c(6.589791454806994, 5.716047623335435, 5.737018837100973, 5.250915425408144, 5.014428228644454, 4.867340316887259, 4.794883954838356, 4.628941652741594, 4.345937207694654, 4.255819141627199, 4.232469449736381, 4.133006617846119, 3.970244296939859, 3.9626832152137474, 3.749310729577294, 3.4905126127456074, 3.2740595498290315, 2.950715828808931, 2.4977464834498364, 2.0348521228413112, 1.5409008129085784, 0.8682807772368991, 1.1254098479839822, 0.5575264407970232, 0.3461761609016343, -1.0358045607917363, -0.345616794270777, 0.8906412017419236, 1.0383373627665016, -1.6848761099267886, -2.4229965318989866, -1.8456357164444712, -0.6037231055072941, 0.8401206489307408, 1.4784079916962285, -0.6339310909721401, -0.11505889784307403, -1.092054230425084, -0.13497924479375137, -0.4788324795318812, 0.8756270481830751, 1.0025401434220989, -0.7386805953849458, -1.9086161370636388, -0.9222361223360783, -0.785967774183497, -0.9635602608435786, 0.344086539233527, 0.4618596529480247, -0.7546087640826997, 3.968821171279594e-2, 0.8289579821767871, -2.1233710641235257, 1.8502785315881134, 0.7312875736953277, 0.9652256967502372, -2.063695504831978, -2.668140242400995e-2, -0.1329597650222847, 0.9422498291081648, 1.001085120565369, 0.8039963759743994, -1.032797108499904, -4.20123303963048e-2, -0.600250002386242, 0.236845455223854, 0.6053563273319481, -0.47251830028961234, -1.097828953450189, -0.5845028563475942, -2.1479336121916472, -0.2294089953490783, 0.6307268179412744, 0.8894680456459315, 0.5563245879668252, -1.1142123854009616, -1.423537042276185, -1.6851242542226437, 1.2116600118057395e-2, 0.7035451123637686, 1.184906038504207, 0.1329759086876364, 0.22298402029776146, -2.037078365471442, -0.6844882624231969, 0.4928411037300975, 1.0285352157750207, 0.3561589782430993, 0.8469705586042156, -2.196236206343788, 0.41833493796922844, 0.763320422167878, 0.7846833538460845, 0.2934276687113837, -0.10224972994204112, 1.1669770932534562, -0.6096017190191994, 0.2916137692672645, -0.20803300219532478, -0.3917438803734817, 0.14646185912610682, -0.23115863324174157, 0.8998242114966172, -0.124417233487028, 0.6738436899133114, 0.8773951377392887, 1.1704985435500568, -0.3104380825593389, -0.42998673866890225, -1.0046524167161162, 0.3979605205055433, 0.5213832582112538, 1.5215378463764977, -0.3901244807930713, -0.39170151048649254, -0.9923783942154147, 0.8508332087152971, -0.5726994297466232, 0.39816032791807765, 0.5826345464182215, -0.5997683985596863, -0.48753706653958967, -1.241034676484654, -0.4763731147915685, 0.3321543960529588, 0.9139936234389388, -2.5794337425329394e-2, 0.9192840937648437, -0.720703856273049, -0.2989355968989464, 0.32432466750701805, 0.846641019580378, 0.8796072850589315, 0.4480626721514831, -3.153840091104752e-2, 0.8902150085201904, -0.31877309448316093, 1.1435389113118068, 0.7856819412719981, 0.9361038577428974, 0.8252570082345969, -0.725869239684087, -1.2786573324893082, 0.6604292369167154, 0.25259396724758887, 0.5184529940412246, -8.89885471228747e-2, -0.5695736177119202, -1.8168903530338254, 1.2321326583919092, 0.22246120186667898, 1.189937663138159, -0.12640819431597153, -1.754384202105238e-2, -9.442469846420817e-2, -1.8896881709555067, -1.1331449881487659, 0.9302220777448434, 1.0604792383181443, -0.4146086206871302, 1.5217324851937846, -0.191809638848738, -9.588981855406417e-2, -0.13385106442763176, 1.215072437501097)
