seed <- 126
log.wt <- -13.821557838506813
penalty <- 2.8115950178536287e-8
intervals.send <- c()
intervals.recv <- c(56, 112, 225, 450, 900, 1800, 3600, 7200, 14400, 28800, 57600, 115200, 230400, 460800, 921600, 1843200, 3686400, 7372800, 14745600, 29491200, 58982400)
dev.null <- 358759.0022669336
df.null <- 35567
dev.resid <- 225600.3260086067
df.resid <- 35402
df <- 165
coefs <- c(6.781015901784277, 5.804684769903245, 5.633789141777565, 5.275581992868442, 5.1006509602171715, 4.937295869509091, 4.827633298523275, 4.64810972049061, 4.3990443733449025, 4.3213890783019195, 4.260206374935512, 4.141864931991399, 3.986095405614016, 3.9726008421847956, 3.7563265756985182, 3.5216359884259867, 3.257643374248244, 2.9431778819620296, 2.535488649607077, 2.0293040689028885, 1.5265261940977877, 0.9501519490353995, 0.9371697562923612, 0.49866591418075695, 0.838100740309216, -1.3345137926665454, -0.1516562591705724, 0.9505989431669973, 1.1021316450218788, -1.3384898985166094, -2.282257258285188, -2.233303905678055, -0.23254817235533692, 0.7771244397963393, 1.1484325483359497, -1.5411155874645208, -0.7637710517377658, -0.5307033996011593, 0.15429981461687564, -0.41409783095865127, 0.9441323497918871, 0.8901526062460965, -0.7998185354167663, -2.8057481230333687, -0.847022946256832, -0.7359526904995424, -0.45382699981420715, 0.11893291801423268, 0.29842796684513706, -0.82653900902494, -0.6980711312828625, 1.0629436191074435, -2.665940846460713, 1.77160787661926, 0.7356428960084405, 1.0199793572172033, -2.5641244349759376, -0.23613800595606257, -0.7849247852314948, 1.350866749140441, 1.7459316365412922, 0.7185459941804956, -1.8919265721038723, -0.7368387912360341, -0.6594332586368268, 0.4069957206365496, 0.6476470729663435, -0.5011385856716346, -1.4919048041724736, -0.47989405899788656, -1.6872156619455227, 3.263765869891649e-3, 1.0093033662147082, 0.963011448333092, 0.6431832501416452, -0.8481888465493304, -1.4108865775952253, -1.2865826638295461, -6.630002273269081e-2, 0.6409762263435039, 1.1974060205962367, 3.7288500271749495e-3, 0.1717723189048589, -2.314568433232374, -1.1987791251272397, 0.286486548864036, 1.2947361628476275, 0.5776087808211876, 0.8598348124741971, -2.7978883356503963, 0.38813949731183145, 0.6964636378023302, 0.819799210921952, 0.3128562376796768, 0.1892274172557884, 1.5762038819171946, -1.2206929062131996e-2, 0.24020132039534647, 8.761310793368852e-2, -0.6804079182483415, 0.6224343388029904, -0.23424060246320286, 0.9028847394681784, 0.4364315909328214, 0.8496664001239898, 0.8641758865359375, 1.1008293534343747, 0.18590503741876868, -1.5731168825824229, -0.935727796414967, 0.48921140458942236, 0.5850848612323003, 1.5979647063375133, -0.46787941826671503, -0.22198868083991258, -0.9207996283992593, 0.8076282036471806, -0.35698560692276066, 0.49324784875720656, 0.6082838419860016, 0.15418038785411034, -0.4566144940175931, -1.0775114315913146, -0.6660489588267944, 0.32378196135157583, 0.8866895744987147, -3.085106993293705e-2, 1.133794766814451, -0.5785852506936898, -0.393815509211551, 0.16077983374696755, 0.9592959536697367, 1.1304456594862424, 0.36266648465287565, 0.10135254211351415, 1.0626437131162352, -0.38788253046399407, 1.1061937263664123, 0.7603959069666647, 1.0522657517928937, 0.8012765711808962, -0.6558852420469661, -1.131351890036285, 0.6355320289398015, 0.47105629881230365, 0.567065026538177, -0.15081488358390574, -0.3401557031687327, -1.8907639312006574, 1.3140200395019064, 0.18365055716485296, 1.2575419882419592, 3.231112742491741e-2, -4.936624943977984e-2, -0.14413973970002497, -2.0812660704399506, -2.0995720675534644, 0.9461216687611647, 1.1995839954896537, -0.5531418684562917, 1.5646273305772724, -0.2505786251426317, -0.2171451026787958, 0.22353692363718583, 1.2060980745590464)
