seed <- 548
log.wt <- -12.202014094783936
penalty <- 2.8115950178536287e-8
intervals.send <- c()
intervals.recv <- c(56, 112, 225, 450, 900, 1800, 3600, 7200, 14400, 28800, 57600, 115200, 230400, 460800, 921600, 1843200, 3686400, 7372800, 14745600, 29491200, 58982400)
dev.null <- 358759.0022669336
df.null <- 35567
dev.resid <- 226209.92266612142
df.resid <- 35402
df <- 165
coefs <- c(6.733154214951933, 5.800764890387076, 5.761757342022823, 5.365232282112715, 5.029501750628952, 4.899714579296926, 4.728357302350813, 4.626512890133501, 4.321851409466457, 4.274288315770872, 4.308112895591518, 4.173846416076047, 4.005050740226473, 3.9188692182874543, 3.7371175789700453, 3.5491066522979535, 3.264167943975979, 2.9476930677350732, 2.515352447687859, 2.1037633262726216, 1.6022484452999395, 0.8806808754662975, 1.0604209159119797, 0.15675680849960139, 1.5350603843429355e-2, -0.6842505213651757, -0.3144371791251418, 0.9256804445143065, 1.0925501033949154, -1.6665076893819188, -2.315011283163713, -2.7598243930380195, -0.5477403334974994, 0.7800204193595529, 1.225962015207521, -0.8938482314253943, -0.8365281187729671, -1.53604805517904, -9.81286107501272e-2, -0.5679988325094258, 0.9511619075517573, 1.0992789994940007, -0.6860758467431213, -1.570052816729597, -1.2323384148800733, -0.6603593444363549, -0.5701473909566752, 0.36478769109948644, 0.6159018572655117, -0.21970249760876645, -1.4503585057251762e-2, 0.98909654635334, -2.2205612860778965, 1.8406051376015697, 0.7649334473933848, 1.005995814139522, -1.6924601406692474, 4.6669250488518284e-2, -0.39695612262046365, 1.5399312522056758, 1.4418136408336666, 0.8728734013883479, -1.913019504069058, -1.0646017706965267, -0.838966961894237, 0.3101374613918815, 0.6240057864706856, -0.6135598917359036, -0.6975308095287236, -0.8790533721445521, -1.9197691016209888, -0.4453485317994914, 0.480973365852141, 0.8461151298209026, 0.8082804838387108, -0.7579708977789668, -1.4808334850586398, -1.1805049181660054, -6.972813381326422e-2, 0.7193402769675795, 1.1036978952830787, 9.671363691352546e-2, 0.24504870992482844, -1.8117665630426834, 3.762823959774293e-2, 0.49027064474922744, 1.2545967339984294, 0.5426597758224371, 0.9076061628578085, -2.1945130897553056, 0.43520752790942996, 0.7914921894236144, 0.7187299230206001, 0.25867868251180215, 0.13858922190566367, 1.1777731524613024, -0.37886533374331144, 0.1591702227218777, -0.17890605906053242, -0.48817050182307814, 0.36859666577191486, -1.169074430069157, 0.8191294809537588, 0.5752926986275283, 0.7864418137380363, 0.8487764897224654, 1.0327952574335797, -0.16934799536935266, -0.7353500545016461, -0.9451835869498767, 0.5355017023112003, 0.5886171757200476, 1.651719792328257, -0.20792969456722704, -0.1453561465781168, -1.2234745896250856, 0.7382659793196551, -0.21261618309595812, 0.5315368922721657, 0.5956427795377315, -0.35249645129863644, -0.5763797544686473, -1.447339454617111, -0.6443488802075185, 0.2853142034027132, 0.9268777158061277, -0.14972089775755765, 1.0242746103974376, -0.6941287985800498, -0.38672621623338993, 0.2834568590557029, 0.933499196457779, 0.7750213868893234, 0.3542594996684374, 7.735802387952874e-2, 1.1321750809428204, -0.2758880170459653, 1.1133275673433507, 0.7057932044201141, 0.8531188048604388, 0.6934663841875509, -0.6657186271302321, -1.206630766822782, 0.6809131145729724, 0.2803338858298991, 0.3608934609255389, 5.4832395559676096e-2, -7.513065357002478e-2, -2.049311552656666, 1.3479929879130035, 0.17736284741029568, 1.1887835823376993, -0.3165471170486421, -0.10706561142175385, -0.42430648969050605, -2.128992673197657, -1.3437830217951674, 0.8779820562972049, 1.2357650530916904, -0.5800074867674251, 1.6086124674259903, -0.21969004761041652, -0.16053998650191081, 8.613714374647235e-3, 1.1401436186552594)
