seed <- 394
log.wt <- 0.0
penalty <- 2.8115950178536287e-8
intervals.send <- c()
intervals.recv <- c(56, 112, 225, 450, 900, 1800, 3600, 7200, 14400, 28800, 57600, 115200, 230400, 460800, 921600, 1843200, 3686400, 7372800, 14745600, 29491200, 58982400)
dev.null <- 358759.0022669336
df.null <- 35567
dev.resid <- 225892.57099183512
df.resid <- 35402
df <- 165
coefs <- c(6.5582295536454325, 5.79764468648798, 5.547986530000572, 5.378606641730233, 5.021882594583782, 4.931994626599452, 4.744602523824069, 4.71061568690973, 4.409648114019289, 4.271074257483668, 4.286355529170939, 4.163492767175511, 4.001428419782697, 3.9490704417874607, 3.733339143829795, 3.498007451795111, 3.272521113266634, 2.9499457897456978, 2.4768075129688265, 2.0756932195739815, 1.5646211648552928, 0.9105626618653148, 1.0551538048054987, 0.28894917124593833, 0.30231162050344085, -1.0087502114095843, -0.1523413811992522, 1.000809069877562, 1.0944641327696876, -1.3183900687859846, -2.2850192733221744, -1.5692467828870023, -0.46449879485544293, 0.7466656212564395, 1.3291677491909484, -0.608122450503618, 3.4234190853780475e-2, -1.4510257618369091, 0.3301748358650899, -1.0092465188267332, 0.8495288337378639, 0.7927010747669796, -0.8724344671345023, -1.935662212928279, -0.6421489252057027, -0.7346752065550057, -0.6461921064887763, 0.46849710327712835, 0.4138893101880498, -0.9207467475559905, -0.9608283370109265, 1.0296584172171408, -2.322329236202596, 1.6749064479667735, 0.7262543446404415, 0.998681762361735, -2.342644554055264, -0.4053366332454249, -0.3539406374153434, 0.9993977985799957, 0.4938120271631595, 0.6520626603282093, -1.9185041859546639, -0.4920797844903503, -0.5933710888884006, 6.732117174102038e-2, 0.7532073670959324, -0.7357428779942178, -1.7836867103821588, -0.5111486783312114, -2.3522967807186745, -0.28563217901828153, 0.45935312049541266, 0.8841457307556765, 0.8270197641842436, -0.8939441944163539, -1.3260260189694522, -1.235042531541162, -0.11405713201858844, 0.634897810620604, 1.1342148863288257, 0.17519213483263107, 0.31322671013682646, -1.578452789143673, -0.12477429513591079, 0.4870207955425192, 1.2950152129954047, 0.5263124368363254, 0.8877597215744876, -1.6421758241346227, 0.4491054584265436, 0.7427293970299897, 0.8508120968595766, 0.3928358437700097, -3.761444446984115e-2, 1.4409939623180819, -0.36049530064956076, 0.5866650518814176, -0.15012280365023759, -0.4844659128010159, 0.368545545993241, -0.43148470886122187, 0.8738517406674435, 0.3035166046295155, 0.8686669565517131, 0.8532655462071276, 1.1964826080752369, -0.8359404353570025, -0.48114759099177007, -0.7788416832656126, 0.6408184522147546, 0.5459680177375686, 1.5450268534642346, -0.5265793651494408, -0.18716163946304545, -1.5351974979813725, 0.809222384912656, -0.2653473468654369, 0.3389800428271463, 0.6475215963025986, -0.6723236566029186, -0.5084218264905506, -1.093375712817928, -0.5872816316046011, 0.3710554375030384, 0.6925443459723135, -0.1813778376986229, 0.9270142270517705, -0.2444195412504231, -0.3846476707361904, 0.38637028760848496, 1.0108487165575428, 0.7416000815208629, 0.5080783313577514, 1.9195160568425143e-2, 1.118734026875706, -0.44409745680093593, 0.9966852824903071, 0.7435299317847369, 0.9676049637359888, 0.7099924576365966, -0.7719276407188136, -0.8190189137150814, 0.5718801804097458, 0.3789158445269025, 0.5292879996266237, -0.11907776887336248, -0.46646751504569783, -1.930139625694744, 1.2709299696482805, 0.16626076001591003, 1.1563292005181196, -0.16897925504312875, -5.4386314794616294e-3, -0.4103183198364197, -2.119940674668465, -1.185375351871465, 1.020525661066447, 1.2820267636783573, -0.2879964113595544, 1.499582901513639, -0.34141579411325307, -7.215925299410275e-2, 4.5075405843225225e-2, 1.273468998502653)
