seed <- 794
log.wt <- -15.838600254204112
penalty <- 2.8115950178536287e-8
intervals.send <- c()
intervals.recv <- c(56, 112, 225, 450, 900, 1800, 3600, 7200, 14400, 28800, 57600, 115200, 230400, 460800, 921600, 1843200, 3686400, 7372800, 14745600, 29491200, 58982400)
dev.null <- 358759.0022669336
df.null <- 35567
dev.resid <- 225502.75960649725
df.resid <- 35402
df <- 165
coefs <- c(6.6284270792941, 5.8410092079179865, 5.659737623015907, 5.478638328603233, 5.110917480233044, 4.935423472889394, 4.8172117781958, 4.6536466282132345, 4.357594687360933, 4.285523618336191, 4.336865007294751, 4.2282652124127384, 4.0041448393599195, 3.984876575417196, 3.7652639380403286, 3.5400714062428227, 3.275300369517484, 2.9710715931571907, 2.5475717149868657, 2.070770728705264, 1.6220673428582177, 0.8767854820586208, 0.9330027707948667, 0.6503972035863715, 0.5910574764121606, -0.4143392150071755, -6.23809579623479e-2, 1.0922540916259116, 0.972882484409844, -1.4998945411880387, -2.4312317354320214, -1.7635927151971194, -0.2165865488118032, 0.7386717398055216, 1.247253486665221, -1.774538874273599, -0.8878064750793586, -0.8933791979413626, -8.577088120528123e-2, -0.8372898679458366, 0.8637629270836593, 1.253094611450296, -0.6087787627081871, -2.3907733436904772, -1.7724813600723417, -0.5112628227617712, -0.4051785879449138, 0.2620495674636895, 0.2776278222197198, -1.6648681275746509, 0.19362069153209163, 1.0331284057861245, -1.992284859312492, 1.7694250683767245, 0.7618569486945403, 1.080953361605145, -2.3643902729267023, -0.1784846131800623, -0.9209955667968007, 1.6473561481828964, 1.0102142109815206, 0.8732143971783064, -2.2561495604357584, -1.464624616827646, -0.5151724090239108, 0.23099056155572484, 0.7002602979695738, -0.3049815664605361, -1.2535597244136478, -0.6082129814835078, -1.564120796223064, 0.37729792082087604, 0.6156536100006221, 0.984064191162512, 0.7696126803222894, -1.0385117906364356, -1.5120858576034024, -1.089588631598384, 0.11474776489140553, 0.6457884360561463, 1.265682054041164, 0.17762743983076573, 5.122672766233733e-2, -2.525488974460802, -0.6812950584949048, 0.5596398013675532, 1.1890546190462008, 0.3801677727965238, 0.7698136963337517, -2.9095841900251695, 0.5050308400932976, 0.6301104756054784, 0.9238829571763314, 0.27962772616396514, -3.492080903977112e-2, 1.356123840293429, -1.19045608373633, 0.20087139508082336, -0.1034376542431415, 0.2877972818856666, 0.4466867445487359, -9.166487770061599e-2, 0.7880416800621629, 0.24944598011679547, 0.6695066202477628, 0.8016267181011877, 1.031744191491594, -0.5013608876603802, -0.22694256294713888, -0.8526141510663345, 0.4683778050076518, 0.7067856601009067, 1.5105319818376923, -0.572255881737808, -0.2608508067948941, -1.1834545041184221, 0.9120864645610882, -0.42000559843597246, 0.49760536261115385, 0.8362959340676068, -0.16956524346440038, -0.48737386459698984, -1.0636316572570113, -0.5809137286995568, 0.25319141989033733, 0.7637638124252096, -9.886161742814956e-2, 1.0638641623624527, -0.2873938546261768, -0.34786928475208206, 0.30283961385839053, 1.0859202726275785, 0.9613419132555054, 0.43826764152682945, -2.239070258752064e-2, 1.1619423146223702, -0.37172328606664057, 1.0882007102543527, 0.695803002736651, 0.8773748680769726, 0.8777428616841567, -0.6126450461641737, -1.0298139821038235, 0.7581685001119308, 0.6521675757530274, 0.5221236711351149, -0.25781569215997235, -0.43898862924233245, -1.8769989285617694, 1.322065778466306, 7.039335942998128e-2, 1.2164862287266545, -3.262456298555599e-2, -0.1958587591826512, -0.10864241097512757, -2.1722206507596438, -0.95199718490044, 0.7343934587353284, 1.2309113099427036, -0.3017468934656624, 1.451396086464598, -0.2645524202786961, -0.2364109715145263, -0.12122138308317264, 1.278135366125698)
