seed <- 645
log.wt <- 0.0
penalty <- 2.8115950178536287e-8
intervals.send <- c()
intervals.recv <- c(56, 112, 225, 450, 900, 1800, 3600, 7200, 14400, 28800, 57600, 115200, 230400, 460800, 921600, 1843200, 3686400, 7372800, 14745600, 29491200, 58982400)
dev.null <- 358759.0022669336
df.null <- 35567
dev.resid <- 226104.41556844293
df.resid <- 35402
df <- 165
coefs <- c(6.839294002980995, 5.963703668969656, 5.6128660102394194, 5.215462943918499, 5.125972529903006, 4.889089491064653, 4.789931034923805, 4.615633863524296, 4.369480960533185, 4.235969642317568, 4.353770071401874, 4.171391683494795, 4.051989486740289, 3.980273716371368, 3.7672783259056124, 3.539474145539847, 3.2583092081421112, 2.948685119895273, 2.46329104962082, 2.073826134538939, 1.5289337378467862, 0.8582506152317104, 1.0768654838628537, 0.29474657575040586, 0.13417475674456916, -0.9636382140488803, -0.26734203212728047, 0.6855400959124529, 1.1581231046081704, -1.108772570222255, -2.243635503863217, -2.009062855451422, -0.42637737685631427, 0.7297153370065221, 1.3974680682156333, -1.4481579365122128, -0.16962130134191217, -1.1101827905878343, -7.48336843046451e-2, -0.12400585085198333, 0.9932496003575105, 0.8598995380556258, -0.5970195063594309, -1.9661923246144073, -1.0285247454114783, -0.8015686740809629, -0.8184035933254086, 0.2730503254271585, 0.5834313232727609, -0.5166497995768804, 1.3277954125441277e-2, 0.6862574069720005, -2.9806345378268375, 1.713569684560151, 0.6814259794201729, 1.2341631536217497, -2.17205303244674, -0.16840768713221171, -0.3599245400423883, 1.3579986208862633, 0.8592676717579085, 0.6601957205742973, -1.8378977510569343, -1.222185497248246, -0.6754004331842569, 0.20583367042914022, 0.5196713645152449, -0.2552008887149022, -2.021913130714576, -0.6737568851940561, -2.215660968666431, -8.571178422434823e-2, 0.3235848858230631, 1.035687141068322, 0.576096241272364, -1.0637713085025469, -1.4477487700232237, -1.202414725328584, -8.404963446440493e-2, 0.7369975421417678, 1.284491924597521, 0.143193925246972, -4.4253917929323164e-2, -1.6609996247524643, -0.739425138732204, 0.36984065052847237, 1.2313221514573003, 0.39212326143642684, 0.9463655136636397, -2.5293002890830003, 0.46662463213931865, 0.7260592897422852, 0.8308503686069421, 0.38726422366825053, -0.19609674116529527, 1.372351188269644, 0.4027956264838329, 0.5531160531370563, -0.12585800155410118, 0.1203172405158419, 0.5119613953934321, -4.5380948779993144e-2, 0.9099833975505688, -0.42347931266238953, 0.9219294479413903, 0.8140843679981791, 1.1249417505509696, -0.2963375766431676, -0.7267898067954237, -1.3811707873557992, 0.33584161388304035, 0.6102143787000646, 1.6738149670465234, -0.8733241848780082, -0.29163634978630115, -1.2609584930911524, 0.897589598864168, -0.12890667339989853, 0.589903278588064, 0.8323284142081779, -0.45349085250223287, -0.41895265144363786, -1.0112185721126359, -0.7378031352856449, 0.4002872717910703, 0.8996545216886749, -4.662830704864126e-2, 1.0092188290007773, -0.2958797524908921, -0.464016964527514, 0.4369103265971731, 0.930544745655997, 0.8888893555764823, 0.37318806634812424, 0.11443182092798748, 0.9893453655741444, -0.29472887793482333, 1.019513931629531, 0.7139904591034373, 0.9166181775107928, 0.880031097612065, -0.586974460690529, -0.7636841435408801, 0.6578223354749405, 0.2620262353006761, 0.5693953936875796, -0.1668113379732806, -0.13165986779701883, -1.918461420612139, 1.2424099229384087, 0.1118306891833383, 1.1617516492685145, -7.067372637502133e-2, -0.10887712412650939, -0.22806500314493003, -2.2276352835403888, -1.3648427555875464, 0.8291712176691688, 1.2129915974626237, -0.204372089425455, 1.6331721867208784, -0.18168855100988693, -0.1405572203901097, 0.13008523324834645, 1.200529326672914)
