seed <- 593
log.wt <- 0.0
penalty <- 2.8115950178536287e-8
intervals.send <- c()
intervals.recv <- c(56, 112, 225, 450, 900, 1800, 3600, 7200, 14400, 28800, 57600, 115200, 230400, 460800, 921600, 1843200, 3686400, 7372800, 14745600, 29491200, 58982400)
dev.null <- 358759.0022669336
df.null <- 35567
dev.resid <- 225854.95812236375
df.resid <- 35402
df <- 165
coefs <- c(6.588044061001099, 5.656369708355318, 5.777095254139727, 5.330292839936815, 5.032668056737106, 4.878939244242096, 4.687133191947248, 4.613994673754538, 4.364353779933349, 4.271011584912026, 4.306189559835747, 4.159229882457569, 4.007861932085567, 3.9265088529715992, 3.745603178289099, 3.5188047398882154, 3.2597240472844566, 2.93450527532737, 2.5075269437957504, 2.027707872837937, 1.6058745306981699, 0.9133287840426519, 1.0897183063287776, 0.5398534648166843, 2.2168998183298552e-2, -0.9771915151591949, -0.18506650504519648, 1.115557925313782, 1.17690996267071, -0.9985342944880522, -2.150931010185907, -2.7531715447903253, -0.31896309498340875, 0.7527442117291615, 1.1515053073933672, -0.9015636045060583, -1.7362319710654404e-2, -0.8829474890373566, -1.3900985172131395e-2, -0.775506371441734, 0.9821962680398294, 0.8651782964686108, -0.6693465696057329, -2.125651433601633, -1.0657008481716523, -0.7881582090224741, -0.36956945614140935, 0.4248116544026586, 0.5241910646316412, -0.4188348161222466, -1.9972069609134273e-2, 0.9279579289043961, -2.619028798394598, 1.7409289781680746, 0.5847737445522865, 1.2228188307631676, -2.1072847474912524, -0.1848384001054637, -0.37720692491357405, 1.2949509553881609, 1.0675904709770518, 0.7252113479683708, -2.0189427205936887, -1.2746265516474822, -0.561521586904393, 5.752543475503179e-2, 0.5865071938225564, -0.3733575065715719, -1.4154374778063, -0.7298711118110115, -2.1775081664720095, -0.720001457317309, 0.9379781083724138, 0.8580948413212283, 0.6968772394946109, -0.8287300684959342, -1.7683738639836952, -1.3957584733733492, 1.4471266604499714e-2, 0.7884025257841619, 1.2011829315653917, 8.524422418204819e-2, 0.15581785840424914, -1.6709382444977883, -0.428571348649643, 0.3743916458621803, 1.1963562442748128, 0.5010220754891064, 1.0479240129960745, -1.7944212319663513, 0.42016325401838217, 0.7166454711460988, 0.858645584576672, 0.4203952348080634, -6.358402619691955e-2, 1.3757016124825465, -0.3162866252895005, 0.20448304574256687, 4.457753051562287e-2, 7.034500652684478e-2, 0.4569689027449953, -0.33458096659500336, 0.8303331616711411, 1.7189061946794044e-2, 1.1057191387056056, 0.8795066286550209, 1.1468815272031332, -0.340333289960495, -1.3001763922028635, -0.8549331669921586, 0.3197209246736912, 0.5533742773731489, 1.714440394151621, -0.7242370574946946, -0.12078112133582328, -0.8097290997014458, 0.7985690962660957, -0.34363844848516095, 0.5780706802144641, 0.6509114833458013, -0.43923267749112266, -0.6581075989640065, -0.9380636802676198, -0.3154675284625666, 0.26179575407024, 0.7989117715960344, -9.471703203036234e-2, 1.0481836387095342, -0.8984112960485109, -0.44359603524234753, 0.41823980813142325, 0.838125385805133, 0.814659574113188, 0.37786320532689177, -3.621865340037978e-2, 1.1576065593724019, -0.2545278182368629, 0.9978856387727367, 0.6852023078121916, 0.9760855884534451, 0.7719054823583398, -0.5049195671567431, -1.4889156836428945, 0.4649680547978966, 0.5233609967389597, 0.4376357284633636, -0.273017075766033, -0.5301935942110277, -2.134300826698857, 1.1945190386403481, 0.1640997739049054, 1.2301594404721004, -0.1556425062888711, -5.619731159372428e-2, -6.344923030866431e-2, -1.9564860147572112, -1.388319849672771, 0.8143347715903584, 1.2276497508953905, -0.6013396587209561, 1.6975175995449792, -0.40741713448349703, -0.24977496922814865, 6.242502738960025e-2, 1.2254177373177852)
