seed <- 861
log.wt <- -14.924647278861917
penalty <- 2.8115950178536287e-8
intervals.send <- c()
intervals.recv <- c(56, 112, 225, 450, 900, 1800, 3600, 7200, 14400, 28800, 57600, 115200, 230400, 460800, 921600, 1843200, 3686400, 7372800, 14745600, 29491200, 58982400)
dev.null <- 358759.0022669336
df.null <- 35567
dev.resid <- 227138.61162052848
df.resid <- 35402
df <- 165
coefs <- c(6.078406170254573, 5.742237901321739, 5.850919719450248, 5.353389131388913, 5.125094014522377, 4.7474965597377405, 4.721905692337171, 4.613115494011046, 4.35254221512835, 4.2544966589417905, 4.266287860437107, 4.148516394903854, 4.019323444914269, 3.9400650486302724, 3.720450786627158, 3.4756793317208863, 3.2273147914272218, 2.938906327671701, 2.517178847823041, 2.0487402214534614, 1.6102750104413817, 0.8694829956434569, 1.0545574225302055, 0.5222713685211098, -5.367137960395921e-2, -1.123682479406784, 1.3414440280282653e-2, 1.0374891411406428, 1.1295908579056926, -1.2162708013692247, -2.5987592323425575, -2.952135177460499, -0.3827907344091679, 0.7992205118343592, 1.38342706493498, -1.6652128332824456, -0.5499319339832482, -1.1524930869346963, 0.18292331641133733, -0.6060910812260101, 0.9727001903499004, 0.9028647259616984, -0.9996333215783753, -2.6305566308828747, -0.9082035830443644, -0.6510576802623684, -0.6771203775711313, 0.10048137274728679, 2.5638315611306667e-2, -0.7495893264911303, -0.2243148004407079, 1.0713134939564408, -2.71957828400016, 1.5162515030556774, 0.7488565632010937, 1.220478029585261, -2.7388105448477704, -0.23240469002334987, -0.32520616206999425, 1.4468969235102513, 1.4833577749289226, 0.8167550665482152, -2.461059400702668, -0.9244018576460169, -0.678150249976093, 0.4005698006887928, 0.7418956981382437, -0.2986646319230164, -1.003488917442008, -0.6854475920120513, -2.0754950277958253, -0.45345038880882793, 0.8338576623456276, 0.9721850086531908, 0.7519319726211444, -1.0507862105238517, -1.5047480696210418, -1.2610019734607372, 0.13453770300575463, 0.7582961683920401, 1.3369517170534853, 8.217921726583335e-2, 0.3728992931171802, -2.107115170261363, -1.3282413530951904, 0.3275699460115939, 1.3302708114346145, 0.20907310234048895, 0.9597818657728459, -1.8218871291107404, 0.3865065973366989, 0.850991434120969, 0.7794127146934899, 0.3623723719690265, -0.1447647560689759, 1.5954501029150723, -0.7218552089649855, 0.4586960033354106, -0.2232094743904088, -1.3108681561187052e-2, 0.49203614855467503, -0.5506949093676397, 0.8392032254181977, 0.3433896457367932, 0.9276322736817851, 0.8479900804206113, 1.1520121575048423, 0.34779601682133865, -0.3164766590800246, -0.8976443835952378, 0.4747047620461099, 0.6025940770917316, 1.6173291801067586, -0.6529776007524019, -7.398672411051777e-2, -0.8869662513406776, 0.7362186687382386, -0.1904546463789084, 0.4682407348683459, 0.7562358179933966, 6.915042091466887e-2, -0.47178369356726846, -1.1296814012325405, -0.4914985652298845, 0.34701540831898486, 0.8026685065686503, 4.722359649822524e-3, 1.1623159925319486, -0.5706277629134355, -0.4536724964196097, 0.3248553309916414, 0.9152016409283558, 0.9088636101951968, 0.42989545752029956, 0.1650065809049337, 1.157356703369694, -0.37454299057511425, 1.0406794121310232, 0.7422217349722323, 1.045668892684518, 0.7433466943785827, -0.7418432283417169, -1.3232885097740117, 0.702921620136271, 0.532775659546067, 0.48851502592854157, -0.11983275388805513, -0.5972354515884407, -1.8257343437980569, 1.2305739090826584, 0.14585082694179208, 1.2658533872714877, -0.10090494950493285, -6.364843695267876e-3, -0.21011717066724392, -2.1614764712204613, -0.883466908814366, 0.9015764619978242, 1.239845946955895, -0.39470467012359695, 1.584300286961494, -0.3907754434278878, -7.141543063242874e-2, 0.12132914128397854, 1.1812644236159258)
