seed <- 161
log.wt <- -15.487970888190432
penalty <- 2.8115950178536287e-8
intervals.send <- c()
intervals.recv <- c(56, 112, 225, 450, 900, 1800, 3600, 7200, 14400, 28800, 57600, 115200, 230400, 460800, 921600, 1843200, 3686400, 7372800, 14745600, 29491200, 58982400)
dev.null <- 358759.0022669336
df.null <- 35567
dev.resid <- 225468.30318015188
df.resid <- 35402
df <- 165
coefs <- c(6.556592640438444, 5.503348548818551, 5.9179473767736726, 5.226616536535118, 5.193701811871569, 4.81198281697492, 4.79794495384557, 4.665688157891582, 4.384911659132832, 4.293966288377172, 4.35253635645132, 4.177516038749697, 4.041547064940596, 4.009300324485338, 3.777887237684191, 3.542303904233117, 3.229207717137586, 2.985765961153922, 2.508013310591453, 2.091790595871155, 1.6535165742327493, 0.8696904748464519, 0.9008169627383908, 0.37476794076821573, 0.6936863958351523, -1.0060565462278983, -0.1024692389164131, 0.9002494437926356, 1.0765491502408768, -0.8910370519666, -3.0971046644086853, -2.5412382835986915, -0.4104477870166476, 0.7668644556774903, 1.2616989573970552, -1.4113163144545589, 0.40734008820075734, -0.7443574428104565, 6.778953695311707e-2, -0.8234762061055246, 0.9433780752288625, 1.0228250792187998, -0.6882903706276502, -1.9169025871759278, -0.7646932055746545, -0.8902036498777636, -0.5270104294856482, 0.1848892224787993, 0.37928101356349747, -0.7125056626304064, 0.3242316970534507, 0.806940648158092, -2.4624574552984932, 1.684165880028689, 0.8558135454155137, 1.0477256100808914, -1.8924602835701212, 2.6721376694048934e-2, -0.14158381055538052, 1.6396316249152496, 1.0537493477473678, 0.7797609249399683, -1.8339695942445184, -0.7194237467343255, -0.544196045515411, 0.17295004007833845, 0.6388183617945874, -0.5350374241757686, -1.151902782820359, -0.53731344936222, -1.6107827917804083, -9.132603104886304e-2, 0.6007958307909371, 0.970176266471584, 0.5988333058712343, -0.4894524589093246, -1.5637889910906364, -1.3500133559878984, 0.11119948464768949, 0.6840987765135262, 1.1545383715550686, 4.491507176174598e-2, -0.1646980298439042, -1.6332740222146724, -0.6836368833104397, 0.4329313750164201, 1.1574221740969493, 0.2600911509982588, 0.9121910230374218, -2.646441557580273, 0.40533936231150924, 0.7354383884517927, 0.7573806875337253, 0.37712377070143355, 0.22560162664315006, 0.8748627666414545, -0.6043994977943933, 0.16869335222910248, -0.27328929003816244, 0.10105569386367799, 0.416872030075492, 1.8002405778782118e-2, 0.9004481021681283, 0.27276562132057114, 0.9210724987083937, 0.8164875247500186, 0.9185624471578777, -0.19279516432512286, -0.7095219233839831, -1.216088847549401, 0.379190654654943, 0.6095008699876219, 1.5867380916344387, -0.8071010651198779, -0.23798156603193069, -0.7915921783877325, 0.6706730644066192, -0.32180222088497945, 0.26517860773586305, 0.4915642152211939, -1.0750069740915646, -0.6744348133191883, -1.075611292565829, -0.607365096400233, 0.39890890449797334, 0.9379831395546631, 6.132485176767015e-2, 1.06662516880851, -0.7236184390601756, -0.43512552699255597, 0.23882902270454412, 0.8965694629259522, 0.7883746407050026, 0.4713195751598789, -0.11446238093861438, 1.044071272846167, -0.43855664622130075, 0.9925427499045978, 0.7884201871318081, 0.9704016107377261, 0.7205780560319838, -0.5632641829362841, -1.1412602817372324, 0.5615822952635076, 0.4412968750291112, 0.5399612136056324, -0.2167846751098671, -0.7190024790210126, -1.8719524774172915, 1.269567854806066, 0.2526798610209642, 1.1932254168910932, -0.44762260341853594, -0.15409364437782905, -0.22535228097427865, -1.6951559961711526, -1.2919589132914582, 0.9906006051147305, 1.0891191031836809, -0.3631890924760367, 1.546314340827851, -0.40344411871531716, 9.332844810432237e-3, -0.18551011946609264, 1.166502423224589)
