seed <- 325
log.wt <- 0.0
penalty <- 2.8115950178536287e-8
intervals.send <- c()
intervals.recv <- c(56, 112, 225, 450, 900, 1800, 3600, 7200, 14400, 28800, 57600, 115200, 230400, 460800, 921600, 1843200, 3686400, 7372800, 14745600, 29491200, 58982400)
dev.null <- 358759.0022669336
df.null <- 35567
dev.resid <- 226360.73618347224
df.resid <- 35402
df <- 165
coefs <- c(6.810880110597427, 6.080023001316628, 5.722187112163879, 5.3497959449685855, 5.036759681975746, 4.825362947490701, 4.7412895374359945, 4.624355562316483, 4.357387270435476, 4.285601098510908, 4.302729413125807, 4.1537589391330165, 4.003482711828043, 3.948416988283586, 3.8026977421806194, 3.5159133427464755, 3.2506853270786737, 2.9598195959479363, 2.465441183059469, 2.059460743750479, 1.4966375946858632, 0.8652749387522881, 1.3220591764233114, 0.6055797886945642, 1.0638652428924757, -1.3281052671695608, -0.5099192167358343, 0.9888276948956676, 1.1003650627784436, -1.061304981881592, -1.9978698021445, -2.0900607617088514, -0.6197632068222838, 0.7270536865212045, 1.4550965650012144, -1.6256736365761184, -0.37761645411086375, -1.1508808615640156, -0.1714876263245297, -0.3719740775980852, 0.8858793865362907, 0.714381996811902, -0.8323415409527692, -1.4464204572292512, -0.6224044263384014, -0.6656726633521463, -1.1120793234324746, 0.2756584402034877, 5.669458156310387e-2, -0.6408581286807351, 5.949128589998002e-2, 1.0201216700773488, -3.023443450819892, 1.751632390210637, 0.7310833697903352, 0.8192758848500433, -2.4124438850636767, -7.863287786824073e-2, -0.38201749592223877, 1.077405615625604, 1.2866426502177088, 0.7770155099473445, -0.9859199079631727, -1.7712098871264066, -0.3960035838310143, -0.22882822129399974, 0.6295717867582116, -0.13228715282057663, -0.971759174543222, -0.6932378869484757, -2.8482355194444438, -0.3793726995504701, 0.4476719884581053, 0.874130864991647, 0.6182191220228634, -1.2942507137158332, -1.2429548169167761, -1.249161826890846, -0.13669183094404477, 0.6006498396564115, 1.1729902160409247, 0.12535026195063512, 0.47042021195998285, -2.0553524160739927, -1.0640066514905155, 0.38722775216990163, 1.1563658732482032, 0.7938362087856631, 0.8391371604140067, -1.754951603600481, 0.49709916359611234, 0.5991802370194206, 0.7926454648400705, 0.24018720684345446, 0.19031469310032467, 1.6044034426904465, -0.7562112257402184, 0.22146296909009122, -0.17481511831295052, 6.635458387998527e-2, 0.5704075221194995, -0.1462235632213953, 0.7227411523453159, 7.948689154553959e-2, 0.47248175149686433, 0.7801676603199288, 1.279290036662646, 0.15882523924102132, -0.25623126160902765, -0.6520805629274052, 0.3770265835789285, 0.5618382113890414, 1.5846877843587914, -1.1227900645063433, -0.2731351444181307, -1.019232685485514, 0.7875994215759023, -0.17750380237399227, 0.5882490343741914, 0.677715929407501, -0.40742475163189806, -0.16451005908310612, -1.0460582736419075, -7.282143366480048e-2, 0.45818167075070465, 0.8890040574585708, -2.9692498378153673e-2, 0.9139839519056087, -0.332573670641718, -0.3615286608305106, 0.5180322700495391, 0.9720806793516558, 0.8338780190852337, 0.37868439254884134, -0.17394999934720107, 1.1188133001417158, -0.3626263963291918, 1.004689899097327, 0.7007389645724521, 0.7304924694977722, 0.7163053831252387, -0.672408944748391, -1.6052302700430683, 0.7967401008122249, 0.29316971577706785, 0.5332936474980735, -0.3080156809480521, -0.6340912037119231, -1.9983816403076853, 1.2286665716566973, 8.492358220977843e-2, 1.1570032461850677, -0.1583619164895301, -8.904891826565951e-2, 0.12410062127097417, -2.1080104838259115, -1.1204318534111595, 0.764619743178896, 1.1590629585236039, -0.4054443533523581, 1.5847513012467942, -2.5114653840631267e-2, -9.642720243462383e-2, -0.21207146341587338, 1.1752840428197335)
