seed <- 293
log.wt <- -15.534688679977313
penalty <- 2.8115950178536287e-8
intervals.send <- c()
intervals.recv <- c(56, 112, 225, 450, 900, 1800, 3600, 7200, 14400, 28800, 57600, 115200, 230400, 460800, 921600, 1843200, 3686400, 7372800, 14745600, 29491200, 58982400)
dev.null <- 358759.0022669336
df.null <- 35567
dev.resid <- 225165.06221839826
df.resid <- 35402
df <- 165
coefs <- c(6.4983087700204445, 5.891645729513019, 5.795490484988097, 5.325499121009675, 5.004559371039709, 4.912872493618208, 4.715422874784515, 4.6277163039834655, 4.4415927602456575, 4.251222923361267, 4.32351368989629, 4.167818237015359, 4.021031386188308, 3.9931218009725407, 3.7529131516767795, 3.585566328546459, 3.2770215751167218, 2.965923251182351, 2.514817727932689, 2.0237037691704454, 1.6277093351943397, 0.9067903097300587, 1.118532725825408, 0.5718050296936618, 0.14931854305139838, -0.7773219491582151, -0.1757077205334962, 0.8552983461792647, 1.0658785339427546, -1.033165880941945, -2.9963544452103963, -2.495074452198816, -0.3974762358830118, 0.7201852249949935, 1.5348563495413072, -1.3567910068134315, -0.774941400465013, -1.102388856520252, 0.17899209295844026, -1.1510345163313005, 0.8667729034276556, 0.8149175715751817, -0.7472787009584471, -2.322766642337293, -0.7573675418813934, -0.6656450984914493, -1.150846553809196, 3.327366436383463e-2, 0.7742809658159299, -1.253061078462668, -0.24089384705840564, 0.6495310947985318, -2.136478509595753, 1.6532857030719204, 0.7920510358021358, 1.2597208586839663, -2.424703638696145, -0.13999609694053403, -0.9865810241044454, 1.1347436760854488, 1.7124150444764483, 0.5379299203157406, -1.7902666387279567, -0.44241071093678314, -0.8450104705575376, 0.12849855217200362, 0.7078280532433489, -0.3039922519910572, -1.1284838972272253, -0.7880882078453327, -2.35810528468796, -0.4094350909622519, 0.745934776672063, 0.9157576690769212, 0.6617435967754737, -1.1661443776356797, -1.3798315697388943, -1.0857477616796654, -1.6176951356666844e-2, 0.8377924291461889, 1.19359006226897, 0.11991743388747036, 0.3494409802563573, -2.0728938837180992, -0.6724972438075214, 0.46388104445332023, 1.2901057329586678, 0.5346481041054332, 0.8812342116937204, -1.7815102647670942, 0.5860147127365677, 0.8477347428789394, 0.7918335551373729, 0.3446288924979026, 3.524686781869578e-2, 1.4206893307967192, -6.814747935505322e-2, 0.601633089582664, -0.12101620592520487, 0.4345807296666428, 0.47911970603212495, -0.6440607509049214, 0.8218268257316275, -5.540769603516677e-2, 0.8870898889614218, 0.8494998000517809, 1.2003016693792117, 2.7031211699330504e-3, -0.6249013317334731, -1.0391498162966828, 0.5153619413842255, 0.5337037629094513, 1.5759371327859593, -0.8095959788771899, -2.8687703984528923e-3, -1.369929176089937, 0.8077136901436168, -0.22808576316181325, 0.6501813212910748, 0.6726378973758392, -1.1376515417300748, -0.36837332627116975, -1.2830188846534336, -0.2236851342805359, 0.2285172348422616, 0.8747997235844304, 7.57343911765276e-2, 1.1095211551676651, -0.8099548162200093, -0.2904703796815588, 0.2007190248305465, 1.0864352820670888, 0.9458829640704829, 0.46703604343116667, 2.9039684604418997e-2, 0.9595338622082302, -0.2224507316480771, 0.9979868600991714, 0.7229969155828888, 1.0912631329269866, 0.8296281188267453, -0.773049880246009, -0.7548111432086563, 0.7864349377139177, 0.3767045546592638, 0.5585087827409166, -0.29142823327364875, -0.6109466303500366, -2.0332442350656144, 1.2750301949633946, 0.1773117470208065, 1.3461950433740033, -0.1789378983349135, -5.568623479530217e-2, 0.16106506686765096, -1.8696029577726974, -1.42639785165446, 0.9955484771082749, 1.2270884814908145, -0.3730745303331992, 1.5195557938813633, -0.39043796829536975, -0.12108481336997667, 5.4942856474494e-2, 1.1870687129044701)
