seed <- 655
log.wt <- 0.0
penalty <- 2.8115950178536287e-8
intervals.send <- c()
intervals.recv <- c(56, 112, 225, 450, 900, 1800, 3600, 7200, 14400, 28800, 57600, 115200, 230400, 460800, 921600, 1843200, 3686400, 7372800, 14745600, 29491200, 58982400)
dev.null <- 358759.0022669336
df.null <- 35567
dev.resid <- 223879.96374605136
df.resid <- 35402
df <- 165
coefs <- c(6.595903369484171, 5.667901690856158, 5.6772978255789255, 5.404171703219396, 5.059650111816292, 4.877750393299003, 4.7431018281518575, 4.662467463071724, 4.39787570864165, 4.334138025066195, 4.319502254583092, 4.183652311552515, 4.060623349761065, 3.9996208189426357, 3.761286633600889, 3.5538385756174486, 3.248753416471784, 2.962744436653609, 2.473099065795742, 2.040269758656116, 1.583421718465896, 0.8884432483806475, 1.1074205830828139, 0.20639741351686303, 2.6884379609001263e-2, -0.9926112344906067, -0.2653770603488262, 0.9794318380400693, 1.1149528818415975, -1.0684115938590777, -3.308003763445766, -2.3470176744844258, -0.4320124289186994, 0.7322932241662059, 1.4043047034962315, -1.1064396527503664, -0.165059057098879, -1.0748880277495825, 3.451403459917596e-3, -1.0230902272065332, 0.9207575689825495, 0.9541007440453166, -0.5122148584817903, -2.135197088212693, -0.7694416259415329, -0.5194715594704151, -0.121969996476408, 0.1656836819867635, 0.3654895883286563, -1.8466108548267677, -0.3196222790404169, 0.9512802076385576, -2.4905798056173705, 1.7536562383006924, 0.8382323674176748, 1.2654123524038976, -2.1668610324115605, -0.487424554635287, -0.10677366907133058, 1.439803689844995, 1.131632916970125, 1.0314283646551872, -1.9544924722192407, -1.0787009039667985, -0.5834082468620024, 2.7645797089061605e-2, 0.6398298645899549, -0.5038841245569277, -1.2939857283118539, -0.4159351399734469, -2.392609402283193, 0.11242012298508068, 0.30314302000577303, 0.982093935677843, 0.7331290216272497, -0.6478682561547744, -1.737534936885454, -0.9753809459222837, 0.10582269259119077, 0.7438677584678274, 1.2087198029207389, 6.373697516768191e-2, 0.3700395625045677, -2.075681057341976, 6.746172160188496e-2, 0.36752923810260324, 1.338353766602283, 0.515612092656034, 0.8614400619078164, -2.5353094238220817, 0.38477519405330673, 0.8095529038474534, 0.7838802594997807, 0.47048902842418083, -0.3110913063405405, 1.2321966275149259, -0.36903973094218634, 0.5258516483515292, -6.881496729710179e-2, -0.5862130350781101, 0.697803667958993, -8.141119647398662e-2, 1.022460413416336, 0.12695772970246805, 0.7885403675866322, 0.8509051214721638, 1.1467989775405811, -0.24490457129961507, -0.7304018341929317, -0.6202092156811626, 0.4359671763319095, 0.7555138583551505, 1.6532316727907566, -0.7163315463161504, -5.956957450906029e-2, -1.1466218083630462, 0.7637963168166044, -0.2853752426709351, 0.2630210771985109, 0.5447041100384862, -0.28645787768918274, -0.3488214114420849, -1.0931707516370586, -0.4028065286706904, 0.2871020719386797, 0.8196374814207453, 8.694519153479911e-2, 1.0768131133069858, -0.6845822915344614, -0.4193397307072419, 0.286859113161908, 1.1363806854794332, 0.8693383100985895, 0.46691261238625476, -7.356977402930887e-3, 1.1689803882247616, -0.3901990842584549, 1.004242284567367, 0.7872903825812455, 0.9718033676447626, 0.7471380265990089, -0.733695879694355, -1.4329469741197927, 0.7428945438298078, 0.3137493641355539, 0.5843915840318802, -0.1382015014119549, -0.37549302377895555, -1.9380392137510047, 1.2088074575018528, 0.17719007184446656, 1.2236364831069861, -0.1286410276074485, -0.1446254904593644, -0.21305266869341916, -2.1534555938044297, -1.5267408008264054, 0.9249333609848561, 1.3361346413360478, -0.25664641005869077, 1.6044733619541476, -0.3912452965315167, -0.1627579815923755, -8.532301286334204e-2, 1.1834493613027035)
