seed <- 505
log.wt <- -14.769428611611541
penalty <- 2.8115950178536287e-8
intervals.send <- c()
intervals.recv <- c(56, 112, 225, 450, 900, 1800, 3600, 7200, 14400, 28800, 57600, 115200, 230400, 460800, 921600, 1843200, 3686400, 7372800, 14745600, 29491200, 58982400)
dev.null <- 358759.0022669336
df.null <- 35567
dev.resid <- 225853.7422569264
df.resid <- 35402
df <- 165
coefs <- c(6.453625598579984, 5.932137065014487, 5.788095797504887, 5.339542224236307, 4.99288811619985, 4.911913932088475, 4.803904521231447, 4.562143499182553, 4.343264462919923, 4.251457256356128, 4.358730507411703, 4.1574490079039546, 3.97081671004573, 3.951675698514801, 3.7307747709363457, 3.5359395791196997, 3.2401501750524457, 2.95907238685699, 2.49577609037571, 2.033940360330957, 1.4442482752975216, 0.9071083913012884, 0.9566101715585286, 0.45859610113221944, -4.65001659879542e-2, -1.0581167928615738, -0.2953128539922775, 1.0441578394092597, 1.1318145392200767, -1.0651883321439752, -2.2054433665707274, -1.6889977767226692, -0.26896594370289445, 0.8394385600597302, 1.2658800658258498, -1.1987883330731208, -0.5632263513566756, -1.6265585327759458, -0.3473333318791639, -1.3091990663146913, 1.0153908553803737, 0.9243556209877559, -0.6152182175252213, -2.2063646006489446, -0.8152645759990007, -0.8645626279404808, -0.6093642142268466, 0.4565337066438638, 0.31797271898182833, -0.4961614347791928, 0.3788091517328771, 1.0578221304852928, -2.277017618095196, 1.7132573799083328, 0.8062189089618294, 1.018622875068817, -2.195184429614872, 6.254359526709868e-2, -0.3494281218120958, 1.3406451404391284, 1.4024315862171777, 1.0477566847733089, -1.7094330448301536, -1.3352949721381178, -0.7651920669962194, 0.34938964204712414, 0.6934679925754221, -0.1638934277263202, -2.036785863664679, -0.8084005020295315, -1.3468924386381493, -9.908263822208792e-2, 0.7401278048756834, 1.1528558373947544, 0.597281276391924, -0.5794815892020109, -1.7140017375035972, -1.3158279227185898, -7.943494870609401e-2, 0.8259789121993062, 1.2112885445388126, 4.194117300242129e-2, 0.1955059733012625, -1.939892458241115, 9.754166329868345e-2, 0.401573327683594, 1.2003577346075658, 0.6345616661067094, 0.9566145740535835, -2.579078211569864, 0.4805701181863343, 0.6572667769300725, 0.867124282882586, 0.34171805065226596, 9.547971006855397e-3, 1.2603318845686609, -0.3778603872640497, 0.11357035134720253, -0.1304964356630176, -0.20045254789775618, 0.5534720398857821, -0.15269413780639235, 0.7871165466212098, -6.982831025692766e-2, 0.8073044667233048, 0.8521138900361873, 1.0972442298353573, -0.31355768893089325, -0.4419989071298089, -1.1248472991563947, 0.29283645943468706, 0.6143152894028352, 1.655623723381946, -0.48206806825549364, -0.30183797396315487, -1.629961695951594, 0.9025838199364453, -0.35852659332558945, 0.2852217536072722, 0.7980049823798046, -0.5760233573245112, -0.3110233675321367, -0.8878316056714994, -0.35074232407442946, 0.45610420656302775, 0.8198935808029414, -0.13321673421669938, 1.1112461343725744, -0.46861529674278457, -0.33090572608699187, -2.6439489045762866e-2, 0.9375050452372304, 0.8042846246612221, 0.48919106082016367, -2.626154369045393e-2, 1.213500862192103, -0.29175728441399806, 0.9861576342343932, 0.6690950062172525, 0.9313712865842816, 0.7915304157971405, -0.705605157623903, -1.4289855609211526, 0.5691610601588968, 0.34489838208118384, 0.6093226004370345, -0.23157432157839386, -0.47296477620682975, -2.3478106188296666, 1.2067216453481708, 4.220962372358292e-2, 1.1281405262930835, -2.8707893111393466e-2, 2.3136946687355504e-2, -4.890034049111541e-2, -2.2694568020926282, -1.701647611052807, 0.8024375646491292, 1.1589585151378001, -0.31622251176236094, 1.6267593873535542, -0.40491883083448776, -0.14352695530378498, 8.64192998582891e-2, 1.233692472957269)
