seed <- 290
log.wt <- 0.0
penalty <- 2.8115950178536287e-8
intervals.send <- c()
intervals.recv <- c(56, 112, 225, 450, 900, 1800, 3600, 7200, 14400, 28800, 57600, 115200, 230400, 460800, 921600, 1843200, 3686400, 7372800, 14745600, 29491200, 58982400)
dev.null <- 358759.0022669336
df.null <- 35567
dev.resid <- 224837.87458296854
df.resid <- 35402
df <- 165
coefs <- c(6.782013804194087, 5.925165143554561, 5.732628488299253, 5.3966825303733295, 5.139884328133999, 4.791216896349685, 4.79835887982209, 4.671393286557192, 4.370086113888332, 4.242360151738245, 4.337233181219726, 4.165463469913328, 4.098791797217481, 3.973057587436912, 3.7499035769879985, 3.5479733022853157, 3.2318171170988554, 2.964653026714697, 2.4978839937219974, 2.0701518167512636, 1.5584402537298174, 0.8816872129651832, 1.1129956073663125, 0.2784600957600813, 0.6799621886462748, -1.236579986346605, -0.11850710612788688, 0.992198392569045, 1.13686966672807, -1.2003676296192458, -2.530541665192763, -1.5589540033367995, -0.5047848901807038, 0.7802705585073407, 1.2298381342989582, -0.7906852274692469, 5.89827736843098e-2, -1.0830453174367562, -4.867361654078844e-2, -0.9422134323620779, 0.9831783020360443, 0.9295861175299651, -0.7689532610797872, -2.0405222312587052, -1.0075662916090289, -0.5389752955407306, -0.7491901337349716, 0.5629440211029778, 0.36285533989161944, -0.9444607988379489, -0.8776084169741374, 0.8773410083960467, -2.316221617459476, 1.6900140510698214, 0.8490687244309557, 0.9789694240917872, -1.8711465505906002, 4.615380519915137e-3, -0.9825368496093495, 0.8639080573669622, 0.6398481938264928, 0.7726786363797157, -1.2460497332051346, -0.19053928014980112, -0.6970692694016543, -3.1142430332773342e-2, 0.35955641909890057, -0.4800344263321183, -0.7693467554861132, -0.7461656924034944, -2.2438818472267266, -0.9169561681856495, 0.6201819982818588, 0.9190746461237375, 0.7936680984977685, -0.6456697543117472, -1.3712721818713778, -1.1570001476344083, -0.10528145440711337, 0.7095001979730327, 1.069033610192672, 0.16260105712006356, 0.13457152743377898, -1.2606318399001437, -0.6458190355679211, 0.4212252369224853, 1.3701332594652507, 0.4850460941379989, 0.9885736696863955, -2.1884922208897555, 0.6578769972591207, 0.7724066426205484, 0.7085916882171993, 0.32345254928955686, 0.3099287298333317, 1.3068219845598572, -0.31306448471913345, 0.3171260346719882, -0.16433563980391466, -0.6161958516704229, 1.2932944141764288e-2, -0.31164459093556657, 0.9512293329159354, 4.644748172938145e-2, 0.8257761320696312, 0.8581805049681162, 1.2093375401304027, -0.6111325504399197, -0.9700955975636889, -0.6129655041834751, 0.480147408281406, 0.5857733549972848, 1.6451590328409043, -0.417481611985068, -0.23671599098974438, -1.5273163416460314, 0.7230844372402655, -0.3834255501579319, 0.587559881114085, 0.4445534868805833, -9.787716111967805e-2, -0.2763473272337257, -1.4895255471300224, -1.0649135707181987, 0.3920822961845245, 0.9023349263996321, -6.116218750518887e-3, 0.9911058289869056, -0.5422730035801848, -0.465894015694073, 0.4337633411520407, 0.8735235218692505, 0.8368112540877622, 0.503709754473154, 1.436497921086288e-2, 1.0697157877524903, -0.4244515401213233, 1.033751526102138, 0.720744170283417, 0.9612313603905495, 0.537377510696813, -0.6717394871805293, -1.142187694726992, 0.7990509661438641, 0.24695130347178454, 0.44414176484037954, -2.1438444149300025e-2, -0.4612162532789888, -1.9322640620086335, 1.2247191612965889, 0.2219814379449689, 1.0995398824869642, -0.19760813426169554, -0.2046072223933904, 9.980176396909628e-2, -1.5498563476886247, -1.4187367729196863, 0.7754428606271024, 1.3078247584758111, -8.932649536162159e-2, 1.5824827592445776, -0.4742771510014197, -0.11284849151335165, 4.7626184294447635e-2, 1.0288622472917106)
