seed <- 1053
log.wt <- 0.0
penalty <- 2.8115950178536287e-8
intervals.send <- c()
intervals.recv <- c(56, 112, 225, 450, 900, 1800, 3600, 7200, 14400, 28800, 57600, 115200, 230400, 460800, 921600, 1843200, 3686400, 7372800, 14745600, 29491200, 58982400)
dev.null <- 358759.0022669336
df.null <- 35567
dev.resid <- 226110.06732258003
df.resid <- 35402
df <- 165
coefs <- c(6.279754269120775, 5.99110042350247, 5.732097380265539, 5.235181971558246, 5.083282797978574, 4.844189261123779, 4.686212541844722, 4.690785915331057, 4.408347674830694, 4.212732455412683, 4.240256265191306, 4.14796224970477, 4.027591337079853, 3.9733831994219413, 3.7257247895417946, 3.5153298952268854, 3.2457442061304222, 2.9604532305150886, 2.532936336333053, 2.0328907053659933, 1.5931581877317456, 0.8527109202743978, 0.9614183477384383, 0.3196642113154375, 1.108947118235905, -1.1323301092688838, -0.3479249596418377, 1.0133748460901737, 1.1168767073453096, -1.152140334714303, -2.158724106669408, -2.3655289202341763, -0.24186969618938836, 0.6873033121568233, 1.111600166854507, -1.4400116844340307, -0.31029466020490715, -1.1976059487889434, 1.860698527954255e-2, -1.2180222535144758, 0.9677790131071793, 0.7543758748395721, -0.7987254349108827, -1.5469823280675237, -1.4285126308144291, -0.6866699478781947, -0.4433285450076565, 0.5316563683102922, -3.925304477766421e-2, -0.7403492243661889, 0.1405015381307106, 1.1917982197126393, -2.500910003423733, 1.5905422024948455, 0.6446129843428796, 1.0393765362238914, -1.8732699813839622, -9.022946079990878e-2, -0.23524314540946484, 1.2383067424654703, 1.0424522156434837, 0.8523352316061541, -1.628118306396862, -1.4843609127370285, -0.5667256014981097, 0.4134028703886447, 0.6439595008756763, -0.2915817980117179, -1.398453289203421, -0.4473234573627042, -2.4402098035268973, -0.3374132292083251, 0.448100145294361, 1.098950428668877, 0.5443232285327717, -0.5755513132694571, -1.5030563745809993, -1.3989347417874733, 2.1731210843662883e-2, 0.6432230203332168, 1.162289014122687, 4.465430096036145e-2, 3.3147038500409405e-2, -1.6449653664734016, -0.8916700982225371, 0.4777837932977692, 1.232831739468927, 0.4192798499141537, 0.9163311534189718, -2.661355720448311, 0.5033697926237035, 0.7559989609670402, 0.899849010396847, 0.44111387679039543, 0.6305783778467022, 1.3234976144330532, -0.8809336553514148, 0.44178267593093223, 0.1004266426330701, -0.8377174923024108, 0.38677371796513554, -0.2768629898141866, 0.80903208060456, 5.196666376245681e-4, 0.8590365595173638, 0.8361911456396333, 1.1651234676463855, -0.181502793663773, -0.2590114470396425, -1.5262904714778072, 0.3879644527007284, 0.7852353469535517, 1.6210560546550274, -0.4526517799992318, -0.2338067515069069, -1.186051624049433, 0.8307775851114557, -0.41771908861052515, 0.3791293297036492, 0.689581047583524, -0.24670992672780823, -0.2488967700204099, -1.3599402736645525, -4.570450166466777e-2, 0.27306870177370146, 0.9388898304459905, -0.15078034136380897, 0.9333463444369438, -0.7479691307077977, -0.4451181149760604, 0.2334050422219035, 0.7751603171075057, 0.8895664724890047, 0.41344358707297907, -7.940297992688601e-2, 1.322707171783697, -0.3245517057479935, 1.08634412502564, 0.7477034681220852, 0.9352603931300202, 0.8669849831216182, -0.663852332037568, -1.3029991199369786, 0.6851692048339997, 0.5837033137883639, 0.5788445719734867, -0.20361096908158807, -0.3013087639555634, -1.9390025605518002, 1.2999990288267627, 0.16045857412482015, 1.2449092688305365, -0.1415395187945615, -0.1110611541569794, -9.26211566310091e-2, -1.9591424322697764, -1.4448964331271381, 0.9823322353720821, 1.1943429019660112, -0.2697301970105939, 1.5523608975370948, -0.14160836525798304, -0.18883097708635288, -0.1624895201964689, 1.212677094823555)
