seed <- 673
log.wt <- 0.0
penalty <- 2.8115950178536287e-8
intervals.send <- c()
intervals.recv <- c(56, 112, 225, 450, 900, 1800, 3600, 7200, 14400, 28800, 57600, 115200, 230400, 460800, 921600, 1843200, 3686400, 7372800, 14745600, 29491200, 58982400)
dev.null <- 358759.0022669336
df.null <- 35567
dev.resid <- 226238.3019235206
df.resid <- 35402
df <- 165
coefs <- c(6.620575208296953, 5.6315824372565, 5.677963276857239, 5.278956677263666, 5.0632356972314065, 4.843065035179111, 4.75805063038652, 4.683977554369164, 4.328764009711691, 4.286592392288693, 4.290812743874901, 4.1576732072257965, 4.019008577617291, 3.9419491838251095, 3.7698987777587947, 3.53819579850035, 3.2253054479590144, 2.935306058155927, 2.4924331096757304, 2.0495192141396235, 1.5989151445691425, 0.9494152853725716, 1.1262737167941983, 0.45979292882248207, 0.284523793936186, -1.3781555373026528, -0.1130292225602999, 0.8356833237206447, 0.9255818761371403, -1.4978517939569929, -2.489088714058337, -2.3622425334152473, -0.3661079517834377, 0.8144547926517878, 1.3612967908482827, -0.23156298180932275, -0.5526500935057383, -1.2036532044820833, 3.974188468178865e-2, -0.24091115810124433, 0.8228227399987976, 0.7371092374985972, -0.9485633708592424, -1.9356316045384845, -1.0833013880834061, -0.7592884400833411, -0.8224638315207243, 6.886061578155231e-2, 0.8033127941726018, -0.9500554028430863, -0.5369862820462749, 0.9396343311690853, -2.0205153309957544, 1.503275404012906, 0.9214462037427669, 1.1779037094202691, -2.3140069247004487, -0.3494655902166466, -0.10350260386586448, 1.2201468476642021, 1.02779966957031, 0.8800173160782475, -2.2136981137122382, -0.23806702413148031, -0.7195148356853909, 0.157506267415213, 0.5450243218654099, -0.6785781238902714, -1.5423330191460358, -0.67187349253305, -2.573064481893382, -0.482620917270102, 0.6837402184039524, 1.0609141374465476, 0.6402829816697009, -0.9291973844150304, -1.1278140210435281, -1.1011704469864565, -0.12511242776664888, 0.7329742069134315, 1.3622900097263584, 0.12799428179515102, 0.1094431984499477, -1.6716515913411902, -0.27814847677287297, 0.3944150327458502, 1.2533199641216515, 6.605359239410642e-2, 0.8352095011911413, -1.16324664618869, 0.5163648182316138, 0.6499472168183196, 0.8588045634657089, 0.2895674178495833, 2.5963303181913217e-2, 1.2829573214604262, -0.35381810438760775, 0.3974534963334244, 2.066256552241118e-2, -0.5308229907773674, 0.28499906462391644, -0.24304469259619646, 0.7895209569225555, 0.2077676473766936, 0.8216343293765742, 0.8927809638409495, 1.1222546539757843, -0.5165096523380893, 5.6010238385311665e-3, -0.6674471270151782, 0.4415101246512505, 0.6051899520323841, 1.4769401165199088, -0.8636405812642494, -0.1155868689855071, -0.9713382157932978, 0.885600746652429, -0.22797909341479533, 0.5807851152245574, 0.445222061423673, -0.5829822198166632, -0.6093868985636278, -0.7612987115424202, -0.5404811840562929, 0.23454887432988297, 0.7730081837360758, -1.1017034480101847e-2, 1.037022647208554, -0.6211078807157296, -0.3168343101170825, 0.2929780455732305, 0.8223386111906302, 0.8475525540360289, 0.5129840207242099, 0.11321781559335446, 1.0828322729947257, -0.3403844979365268, 0.9156954169962229, 0.8130836629911827, 0.9444357499488232, 0.8192311844478196, -0.6849055872273998, -1.2924173396534395, 0.563519448711955, 0.3959659158137126, 0.6487328888249362, -0.12224623059230204, -0.43830307178489825, -1.8544058441517697, 1.1511210265317182, 0.13554479981174, 1.1814230477688632, -0.11617696880917096, -6.386622791748166e-2, 0.17245343288558024, -1.9604926922962305, -2.280897075288464, 0.9141812780534035, 1.2385232242133013, -0.6116106590446306, 1.4825323570123423, -0.3687613751981854, -3.161634741544199e-2, 1.631625218227265e-2, 1.295473299569406)
