seed <- 479
log.wt <- -13.988319503525082
penalty <- 2.8115950178536287e-8
intervals.send <- c()
intervals.recv <- c(56, 112, 225, 450, 900, 1800, 3600, 7200, 14400, 28800, 57600, 115200, 230400, 460800, 921600, 1843200, 3686400, 7372800, 14745600, 29491200, 58982400)
dev.null <- 358759.0022669336
df.null <- 35567
dev.resid <- 225945.365726069
df.resid <- 35402
df <- 165
coefs <- c(6.75736373540581, 5.446161675226703, 5.76651728525451, 5.319288736627738, 5.080161941473161, 4.838293685274052, 4.804456226945103, 4.7112110202065605, 4.387571011542567, 4.3008475334125205, 4.279386370612142, 4.197095188007349, 4.025622809552325, 3.9437767608808305, 3.7376534340376146, 3.537931301592026, 3.2626596615747046, 2.9672200728150826, 2.4847101296306646, 2.0758757512487227, 1.614181597820028, 0.8768048810185992, 1.0496665608414268, 0.38969333927059846, 0.3461819626219723, -1.0430973496956537, -0.1491665709112355, 1.0762205216629375, 1.0587999210818084, -1.4920194099983357, -1.9511605271349168, -2.1169449931497533, -0.3421969396831911, 0.7302157364435633, 1.0819876603798229, -1.0542009849432041, 4.261110892991093e-2, -1.2122822622909282, -0.2556570940275806, 0.12331643866193867, 0.8600497204461462, 0.9380367968493174, -1.0871925501571513, -1.6619794659880929, -0.9531462571553971, -0.708216887073013, -0.6969573169555442, 0.24998171636229818, 0.29071793666004525, -0.8341231237878471, -0.4034053950104814, 0.9835646224845812, -2.3711147422497016, 1.72459419846929, 0.7592800604857827, 1.0210215399792817, -1.6423600996662808, -6.142304005344416e-2, -0.32723448906818936, 0.6968738847779696, 0.8063690701359976, 0.7456600069421647, -1.5184900810110988, -0.823587522812551, -0.7795822266270928, 0.1731611910732567, 0.5828410122490765, -0.7621553208634919, -1.0336289376625574, -0.6693789311621887, -2.177240588988904, -0.3736130451713397, 0.7166965404114878, 1.0563602152759284, 0.7971932217022183, -0.9120908704628293, -1.3246360102306074, -1.3619158814702654, 0.13401870162760685, 0.6622660303878142, 1.053903912997196, 0.1382330665087486, 0.13528874505951854, -1.5316873553987427, -0.4974906788009632, 0.5238962682119012, 1.2052765280458466, 0.6186409340684574, 0.910398091068702, -1.869090023289257, 0.41815634567566873, 0.6010488499208526, 0.7130977518452839, 0.35659761299046344, 0.37255321601049274, 1.1280885894830537, -0.3490799920179131, 0.5070402247195591, 5.1155681616438534e-2, -1.2297472217737109, 0.4434627235663774, -5.894748989441511e-2, 0.7284480002635986, 0.108971600932332, 0.6131105173562849, 0.7870905945255208, 1.0391841648044098, -4.3983461829134624e-2, -0.7474626587696924, -0.7817269655889488, 0.37440131741723104, 0.5735538178262697, 1.61530667110998, -0.5438411848148581, -0.19517837311389383, -0.9387358896529708, 0.7241216005053251, -0.30009863966400313, 0.6657084434280903, 0.6108056977040903, -0.7781988858944238, -0.6905108806881017, -1.0682728228848468, -0.6621261055510057, 0.31406488785772274, 0.7902586722519512, -6.22909355474716e-3, 0.9746501525376536, -0.6570078331629675, -0.44347136246322355, 0.317864991187911, 0.8719758477696878, 0.6247424986166129, 0.47042920863382803, -8.913133982088045e-2, 0.9927115202565153, -0.42677903347369245, 1.0130612562492916, 0.6900664424501561, 0.9758752083515803, 0.7303772500119352, -0.6830033687412159, -1.254457352029221, 0.461652497436008, 0.33052832439696966, 0.4700685540788262, -0.13615911209015166, -0.5099808961696125, -1.8483723562859657, 1.274681507978574, 0.13480312763553295, 1.1640663917069674, -0.3059440502687865, -2.3349662329796354e-2, -0.20636403466977316, -1.4055867254613192, -0.7856152262900141, 0.7882861041891995, 1.1922556669745104, -0.23047523819097843, 1.5484023537362854, -0.5879796334045393, -0.20785314642676336, -2.8084104162216784e-2, 1.0996730848831662)
