seed <- 159
log.wt <- -14.898622541187912
penalty <- 2.8115950178536287e-8
intervals.send <- c()
intervals.recv <- c(56, 112, 225, 450, 900, 1800, 3600, 7200, 14400, 28800, 57600, 115200, 230400, 460800, 921600, 1843200, 3686400, 7372800, 14745600, 29491200, 58982400)
dev.null <- 358759.0022669336
df.null <- 35567
dev.resid <- 227050.3217388473
df.resid <- 35402
df <- 165
coefs <- c(6.524712491223208, 5.916458079255102, 5.796886850511867, 5.310591654946294, 5.042520455436219, 4.8787755208827575, 4.764758579041635, 4.6319549493665875, 4.335200606384503, 4.202468174799025, 4.251493227586937, 4.129541744702576, 3.9717412554047953, 3.927955157438305, 3.745339114388044, 3.5254360104597273, 3.2219949026066645, 2.8967524290566473, 2.5083871184882707, 2.0422644695702474, 1.6275299765895483, 0.8997692181313747, 0.9768215257287131, 0.3489360347781854, 2.8884606962299223e-2, -0.9499853955029471, -0.268194684897907, 1.127169781903468, 1.0741021191912044, -0.8831710515207731, -2.447976714842424, -2.039194398867559, -0.39465007621363385, 0.7202139565924298, 1.2661391549189247, -1.4469612959048992, -0.356999287079519, -1.2199299006685556, 0.1446409501120567, -1.5589102630684828, 0.9529695012720388, 0.7853603223979547, -0.6631264464880294, -1.4119992003907196, -1.0832876717436035, -0.49497893608621213, -0.2812972954324314, 3.6101718886208493e-3, 7.933445767397553e-2, -1.3194986406910765, -0.21898881520866442, 1.164659034357414, -2.621499143208419, 1.7678661984980348, 0.816079361842641, 1.1044517306625599, -1.9682198930687531, -9.494273842603049e-2, -0.5422894647001378, 1.5322427005133328, 1.1983960612253663, 0.8059020593724364, -1.8732783077641553, -0.8438019157083438, -0.5504036235344466, 0.37855120944242376, 0.6062861276227057, -0.4183221261411885, -1.4674544714455158, -0.6069526864154697, -1.7571959636394123, -0.18178987598493568, 0.7197115388879123, 1.0675230507432016, 0.7252302674537332, -1.4445260719637802, -1.037918178285135, -1.1932118742760127, 6.437824962266099e-2, 0.6295230175982451, 1.1675950314724375, 0.1002524386293575, 9.595377518340525e-2, -2.1726365098950935, -0.7571407430352384, 0.4147024600450192, 1.204082545361061, 0.7072981134313469, 0.9118503792294739, -2.528221076374287, 0.4888397258482177, 0.7839965567030689, 0.7503091550715943, 0.2949894707128812, -0.620764014978709, 1.5153154999803518, -0.39618365058624794, 0.5228498740125759, -9.793107419534534e-2, -0.40872733149025103, 0.2776002208233369, -0.6538873407523583, 0.8040986980926824, -0.11106640094626981, 0.9202567419180212, 0.7952467121215344, 1.1377728870881134, 3.9337290622083985e-2, -0.49020722719570387, -1.0858659722135524, 0.39832484661644446, 0.533058498052144, 1.5711436261396805, -0.6155371441982682, -0.3846345085693287, -1.409626042250722, 0.7997604751952302, -0.4434325119011983, 0.5781116832603139, 0.7565977500024599, -0.21966338113815703, -0.35153662844480493, -0.9910312567046594, 1.5109996925064281e-2, 0.2874604824468322, 0.794463073989696, 5.8930176350396886e-2, 0.9212860429826486, -0.48184109010656534, -0.4164078240826453, 0.313015235315611, 1.0275333820906638, 0.7852327071766518, 0.494909569651056, -3.157342129062079e-2, 1.1981051088488528, -0.4755169714548314, 1.0074988825235465, 0.7285608902261507, 0.8671998613164492, 0.8059330601940788, -0.7042457472523959, -1.1188811989580023, 0.5567287169674918, 0.1868919365028412, 0.6549931611008502, -0.14776075977783498, -0.20543351746193006, -1.8948391311008836, 1.2864155452759471, 0.13776043805442809, 1.200093066678289, -0.24933075493036333, -4.9511352023745236e-2, -4.738632378631769e-2, -1.9789138650583378, -0.7782570193941863, 0.965936362595746, 1.1564797102957984, -0.2840014338254943, 1.5050507184810977, -0.14612674500601977, -0.20919599776015668, -0.11634210734492456, 1.2009294936569321)
