seed <- 627
log.wt <- -11.988460463699237
penalty <- 2.8115950178536287e-8
intervals.send <- c()
intervals.recv <- c(56, 112, 225, 450, 900, 1800, 3600, 7200, 14400, 28800, 57600, 115200, 230400, 460800, 921600, 1843200, 3686400, 7372800, 14745600, 29491200, 58982400)
dev.null <- 358759.0022669336
df.null <- 35567
dev.resid <- 226174.5460547774
df.resid <- 35402
df <- 165
coefs <- c(6.457769143306481, 5.835803765806784, 5.626538478199114, 5.297098633737951, 5.082825884215135, 4.801596848587962, 4.773395785998386, 4.597538981551969, 4.298227307129239, 4.232741175311972, 4.290258753881238, 4.134159557878587, 4.033433137201579, 3.9524324060387173, 3.770581940565337, 3.548692347745719, 3.1974068353500993, 2.943855770873992, 2.4870657736939603, 2.010364203771613, 1.6460965935749694, 0.9380273141352051, 1.0507727193419971, 0.4957332728287511, -0.1632165901456269, -0.7741961593458464, -0.14533716470894015, 0.9112468136310458, 1.137753430522386, -0.6885625785086573, -2.217377025739922, -2.398557179410568, -0.3392357883878912, 0.7207328691856741, 1.4077647841340883, -1.101761936889345, -0.6820366325941493, -1.9973281875165196, 0.12504448249362884, -0.8912633583972503, 1.0533918830667863, 0.9871185806482095, -0.8329620152518651, -1.7601988117882785, -0.7886914316369323, -0.7136712526954345, -0.4868879562291508, -0.16116210732914693, 0.6253499703861731, -0.5487995588604848, -0.5196901916017764, 0.9807972322418038, -3.023909185295343, 1.6871893972461367, 0.7778595662366207, 1.0745110070200987, -2.5159849399192176, -0.1197309046935459, -0.5892957489718889, 1.3958516194000872, 0.6969367226287088, 0.7719087308256186, -1.8367261677256244, -0.9695062987149441, -0.9557076043531013, -0.28696403934026166, 0.5517124013807502, -0.3067018716884691, -0.5885148635551652, -0.6015096720784051, -1.7102019073805055, -0.846649738199532, 0.29124888426168954, 0.8342095461491303, 0.7260511412192965, -0.6377730211798142, -1.2788954115867208, -1.1846528836645958, 4.13184780971207e-2, 0.746701008968404, 1.0521700542289847, 7.111641531347951e-2, 0.2655722625286037, -2.105144285535826, 0.14687871037128375, 0.5339120757785508, 1.3141446698932155, 0.578177403272363, 1.017271329650341, -2.1817343825073907, 0.47881190439030963, 0.6284552312078867, 0.8056293422573909, 0.3577803851176891, -0.556639764580621, 1.6346276582567307, -0.43284073802792855, 0.461608706725524, 0.26818984751826436, 5.453462189269453e-2, 0.3774285820801715, -0.2548893836142611, 0.7446760946162949, -6.587423823658373e-2, 0.5576492301750511, 0.8002409568459732, 1.1945965336804176, -0.34818835463245934, -0.3092542184975405, -0.8352776822699899, 0.4870530526220027, 0.5839789910674059, 1.7003077279264294, -0.5789914069429006, -0.3384529649691599, -1.1586666274070196, 0.8238150093279325, -0.3804396946217078, 0.5637646004166279, 0.7568265549741127, -0.38042425525850554, -0.2979773689114611, -1.4665614546485455, -0.746774914676845, 0.37388825004772, 0.7817010136271476, -2.267329688825087e-2, 0.950657501458947, -0.6625735125590904, -0.39915952685289696, 0.25896762058931, 1.0495756684591135, 0.729339135618491, 0.5371271218330246, -3.837889447946544e-2, 1.0513862013128474, -0.28685624676568316, 1.0164277275331974, 0.7249402218934635, 1.0732871716425676, 0.7647404478875627, -0.6318025260622646, -1.2803947863774288, 0.880791853808802, 0.22837715483706292, 0.5385203076834557, -0.14669372915121587, -0.41657060719765715, -1.774401070154244, 1.2324792616640168, 0.1890561395408914, 1.2034773401764531, -0.26893316717240756, -4.1584363593642364e-2, -0.11801835715143565, -1.6505002051412907, -0.7503581435796618, 0.7762924679089556, 1.2329044085690266, -0.49823306325162386, 1.6597283148612758, -0.5291213061407076, -9.690950330622992e-2, 1.2909468056487244e-2, 1.159929619353714)
