seed <- 988
log.wt <- -15.336909250530212
penalty <- 2.8115950178536287e-8
intervals.send <- c()
intervals.recv <- c(56, 112, 225, 450, 900, 1800, 3600, 7200, 14400, 28800, 57600, 115200, 230400, 460800, 921600, 1843200, 3686400, 7372800, 14745600, 29491200, 58982400)
dev.null <- 358759.0022669336
df.null <- 35567
dev.resid <- 225223.83461389167
df.resid <- 35402
df <- 165
coefs <- c(6.841049279112862, 5.734234082291401, 5.793870033639957, 5.425070919176243, 5.080550590992256, 4.878730814541362, 4.770347784798984, 4.63848165512438, 4.367492816454752, 4.2943393851036165, 4.295825259232926, 4.172112746049188, 4.01205679738488, 4.015490763539549, 3.767026968008648, 3.570058903771188, 3.2671823528104804, 2.9688737312830953, 2.5065289304185647, 2.07570850109485, 1.6060345878921896, 0.9118615288623724, 1.0545320597240966, 0.457640518004465, 0.6673316876300128, -1.0300564571697044, -0.2668741386935541, 1.0590667965817482, 1.0261059435953312, -1.5225099003108016, -2.3156011580557707, -2.369610599205905, -0.4861749062097204, 0.7751487536583511, 1.3031523981886202, -0.6530785934302045, -0.2684140838252432, -1.1532442647530898, 3.722171528194442e-2, -1.2817010687391825, 0.8900450320441541, 0.8835453641110013, -0.6501758648470073, -2.154455395047208, -0.7183034535147506, -0.6537823399723901, -0.26062707672967833, 0.22173642428655146, -0.20608675732935844, -0.17118767838670867, 0.2903923019974935, 0.8942786268894152, -2.3055994913891182, 1.748598959363565, 0.6494261116304199, 0.9884250716437589, -2.12997597299179, -0.3869835198045924, -0.8446827333200835, 1.1468810105586285, 0.8605480055799354, 0.782682849618147, -2.015942217172989, -1.5507811411469306, -0.5895431717742999, 8.574411525304884e-2, 0.45293690882717624, -0.3920303346282082, -1.2789713757923424, -0.6140485212662223, -2.046618566390077, -0.3545307969488568, 0.38890909172685456, 0.9561863916198823, 0.6805945810797303, -0.6079817680414419, -1.325315731925441, -1.0027630900916145, 3.8552065790998215e-2, 0.6309241579486251, 1.12745966477763, 0.16223840328340353, 0.12718379748588227, -2.127553377368907, -6.115693720683337e-2, 0.3298358916028497, 1.1803441177036142, 0.6939084352734843, 0.8914733533679404, -2.3131523595135075, 0.5008300548389821, 0.7358554214248938, 0.8109128347351288, 0.4066694662349119, 0.19165925358207794, 1.1894569523541039, 7.098871287095461e-2, 0.3204151649507753, -5.8743035969874284e-2, 0.11339086550708345, 0.1463754512403213, -0.4227576254061053, 0.8763429016675908, 0.16449920855983238, 0.6613074296543875, 0.8463567418647246, 1.113395846027098, -0.31650391428411656, -0.9086867504719027, -1.0166829538156934, 0.4933562946930479, 0.6838579575543545, 1.594322249621914, -0.3587450384811879, -0.19135931534020856, -0.9533123098832235, 0.8141733598099716, -0.3475127508445426, 0.3742917262818201, 0.4767471453140275, -0.7887987904135945, -0.6217100217236714, -1.3339603942905314, -0.5551554998481072, 0.29526008617181676, 0.8569960804634748, -1.4711252881836044e-4, 0.9289290755807438, -0.5030803072202542, -0.4333617028564911, 0.3160292863367858, 0.9076110339852977, 0.4556719295928444, 0.3651654986954309, -3.580952668592951e-2, 1.0872984323119594, -0.2422708864795656, 1.006418901951095, 0.7162880915778586, 1.0128875935984505, 0.777844084898355, -0.6446117524763733, -0.8487502313742188, 0.5363133409909895, 0.24863443386064946, 0.5050567786825793, -0.16868612235272737, -0.21600897547477482, -1.9140439521779997, 1.2010104254117548, 8.245737313247219e-2, 1.2235442278217867, -0.2580141774507357, -2.1974306682990857e-2, -0.4795657598123946, -1.4847197434619974, -0.45894054201432394, 0.7335388006791743, 1.198106424409678, -0.32017266086766033, 1.5331911177051045, -0.16238583275070584, -0.1595500566937379, 0.1843438821863453, 1.1828228193040395)
