seed <- 631
log.wt <- 0.0
penalty <- 2.8115950178536287e-8
intervals.send <- c()
intervals.recv <- c(56, 112, 225, 450, 900, 1800, 3600, 7200, 14400, 28800, 57600, 115200, 230400, 460800, 921600, 1843200, 3686400, 7372800, 14745600, 29491200, 58982400)
dev.null <- 358759.0022669336
df.null <- 35567
dev.resid <- 226685.87168762975
df.resid <- 35402
df <- 165
coefs <- c(6.646133605983283, 6.082029122288737, 5.841977674615383, 5.285605431792377, 5.07505667527394, 4.8682188294606314, 4.708890629680434, 4.619746317250103, 4.387928921203604, 4.289562414223066, 4.324385955159543, 4.149632137977532, 4.009055787069016, 3.947810871691862, 3.76034725039895, 3.5092046032808986, 3.238050621547984, 2.9183600490296735, 2.5046457352073603, 2.0740686628995646, 1.5366152546346161, 0.9183077695680366, 1.0211575763110832, 0.6581102972283905, 0.7435196104565291, -1.1619302757320833, -0.20626887562769436, 0.8906946227869705, 1.0665311452551212, -1.1269461840131922, -2.130378978934027, -1.5234624761974576, -0.22076319803574487, 0.7641730768175673, 1.2348657815061603, -1.0620622193840314, -0.35289213476266834, -1.0495412157109016, -0.11865119076925461, -0.39908321382578277, 0.9180580022455901, 0.7738571364607326, -0.8581591604022474, -1.8103893016284933, -0.892780822671491, -0.6469038969903484, 7.733012839733507e-2, -0.2873483766540752, 0.5807095074828771, -1.0790502765801306, 0.15382913961176606, 1.029391396206721, -2.297746559553433, 1.6916269387201937, 0.7322361796094612, 0.8628853038706769, -2.3246601103029767, -0.4491549465791739, -0.7761284800114224, 0.4681268811419212, 1.3682009132270159, 0.6691400479831677, -1.7932716147052934, -1.0942075468732992, -0.5962352469306247, 0.12122794296563945, 0.6532136893476728, -0.4580401165165577, -1.756738116838763, -0.4220824374919733, -1.9237520138871858, 1.9513617660230666e-2, 0.5019149124281259, 1.0384969776253363, 0.7341782990935957, -0.7975287071611068, -1.525556115368049, -1.6559943740931649, 7.036252555272865e-2, 0.595478822286301, 1.3148240430082212, 5.764414093205709e-2, 0.42529214742270105, -1.3447248704206607, -0.6891462831561644, 0.44965431565720704, 1.2451084401879045, 0.26780083025389323, 0.9088599816783177, -1.943869701943276, 0.5271434521728833, 0.7090797323862116, 0.7547087258806383, 0.26831837329232455, -0.4931112260590285, 1.3576152220976585, -0.8994118073467837, 0.7544450657664129, -5.5675529686128156e-2, -0.38602031218508, 0.18939072326050335, -6.788486501278246e-2, 0.739216718994414, -1.677707901753113e-2, 0.6158694557264591, 0.9155125285986786, 1.0531796995868583, 8.81148487889022e-2, -0.5417667533875483, -1.2247433786074653, 0.4549270290872355, 0.7427267481557042, 1.5567458044744504, -0.5985474445158367, -0.3230990564549525, -1.0573119447910297, 0.8627035951098199, -0.3642666162455774, 0.5241493546362092, 0.5727562787569005, -0.558139296016124, -0.3942759000602235, -1.2717088648533343, -0.4041281444524501, 0.47100395437964926, 0.8103066877481467, -2.6693400486945348e-2, 0.8749126755011517, -0.36897341105638903, -0.2804800290406182, 0.28997177400718066, 0.9687545583523791, 0.9118709485045542, 0.5671448510090763, -2.0501314896196474e-2, 1.086902759262373, -0.3156455621378156, 1.0195274480255403, 0.6784586184444372, 0.8385983635737116, 0.8135834374951327, -0.6530764756479451, -1.2010018004480856, 0.6601199811465194, 0.40807513911172577, 0.5922969655097291, -0.29522498959310917, -0.5036236198168297, -1.9614006380012072, 1.2256398198360448, 0.1241308170372155, 1.109556980813212, -8.672337843114329e-2, -0.10799148721284167, -0.23195294146187517, -2.098976218714118, -1.4729347565415407, 0.838362823139831, 1.17325947215049, -0.4329248123511089, 1.5859945106973918, -0.2489434041780184, -0.1864314048806247, -0.1245309602803596, 1.2889497801161593)
