seed <- 890
log.wt <- -13.968555670627097
penalty <- 2.8115950178536287e-8
intervals.send <- c()
intervals.recv <- c(56, 112, 225, 450, 900, 1800, 3600, 7200, 14400, 28800, 57600, 115200, 230400, 460800, 921600, 1843200, 3686400, 7372800, 14745600, 29491200, 58982400)
dev.null <- 358759.0022669336
df.null <- 35567
dev.resid <- 226174.85775653107
df.resid <- 35402
df <- 165
coefs <- c(6.764702510328753, 5.76191260705328, 5.760174753200904, 5.4139060794440566, 5.058940944175658, 4.890921999777053, 4.7991142293376035, 4.60732171248199, 4.4170640667111085, 4.284810372796421, 4.361039574856681, 4.140543879303489, 4.010914543844265, 3.9798479051084286, 3.7918626812102887, 3.5460264894724682, 3.249589278457191, 2.969747920696486, 2.496839867155912, 2.089267102393612, 1.5218699251833334, 0.8865586284265778, 0.960011645458911, 0.2467757424528636, 0.43536764310949105, -1.3537906123629249, -0.22583509510556873, 1.0300220288005466, 1.1295147963089254, -1.2405802274931725, -1.953055761723925, -2.675611166703232, -0.36817084204138817, 0.7864289869169435, 1.3215043729034182, -1.3276566838345665, -0.13835638577217996, -1.4629736611717554, 0.27503922010087484, -0.8512942769602984, 0.9366152113818522, 0.8132705336207336, -0.6883569608513482, -2.3256987901414887, -0.7428018368966357, -0.8811102629389085, -0.19726965644175684, 0.5728194928273049, 0.5987973020692604, -1.1699126627100598, -0.1834598535075854, 0.9209246372877635, -3.183682296720477, 1.6694262214197075, 0.7346884036663331, 1.0936053619956076, -2.071429238331321, -3.8661628190680794e-2, -0.23031893920936003, 1.315882442916821, 1.1274483369244952, 0.9814624378648019, -2.1605650641511183, -1.1505544693052945, -0.6169647412124076, 0.40453200322090394, 0.4471328943182846, -0.2894194688840154, -1.0095417962450512, -0.7158498646707379, -2.4953772218030323, -0.4125252760649351, 0.4437995591962163, 1.0439544358212594, 0.6744975529659746, -0.9421840811130179, -1.4268372287143691, -1.1732940893062458, -9.182744180050816e-2, 0.658558102742629, 1.1029632631342585, 0.13926561281542185, 0.14444110163669172, -2.3861552948166387, -1.3259777302403886, 0.37833000528119626, 1.2071716035315285, 0.6289330794714388, 0.976395117978346, -1.8071702301136192, 0.43963228833007667, 0.9669599710523884, 0.751838133471648, 0.30412253675176915, -0.11661232798906186, 1.3705531885932205, -0.38978388802812697, 0.5385405956288241, 0.13472095044212448, -0.1331076830347742, 0.5740150495570225, -0.43188664650890346, 0.783084851895068, 6.984159850215468e-2, 0.5701985556568165, 0.8224183642970626, 1.0579737831276443, 1.7967772780088157e-3, -0.38525096958058924, -0.6204322176506432, 0.536303899399661, 0.6691663317550125, 1.6591376579840154, -0.7629094607526183, -0.19442764243402577, -0.7793649343498502, 0.7847397184224472, -0.394066295335442, 0.4509165201994887, 0.5526577198061001, -0.5412375844381978, -0.24659864260685516, -1.1955999266907245, -0.5871062291242192, 0.4572689117728778, 0.6697383172715347, -6.577698075269518e-2, 1.0051295174724686, -0.660896822077857, -0.3315464786934002, 0.2958343246517396, 0.8011610347901575, 0.8427193824651008, 0.5055025643553948, -1.683512286737957e-2, 1.069267973058198, -0.32518688639750964, 0.9908968711405861, 0.6338746813043911, 0.9678617941481379, 0.7083392371057157, -0.5040488812050028, -1.1939663332490045, 0.5939226089386234, 0.4543349351696752, 0.6007931068163188, -0.18148950600557168, -0.3753778930757886, -1.751307692280318, 1.2462029821802214, 0.1081232856058102, 1.11944032003823, -0.18038011838978385, -7.351071817357592e-2, 2.862730714285766e-3, -1.3292317528870174, -1.1218606008747531, 0.8051246507343836, 1.1360513418876854, -0.27868941775954503, 1.5710321003418415, -0.37822627467923936, -0.15309161755762885, 0.18869769412697282, 1.1151417461911974)
