seed <- 297
log.wt <- -15.880052283050524
penalty <- 2.8115950178536287e-8
intervals.send <- c()
intervals.recv <- c(56, 112, 225, 450, 900, 1800, 3600, 7200, 14400, 28800, 57600, 115200, 230400, 460800, 921600, 1843200, 3686400, 7372800, 14745600, 29491200, 58982400)
dev.null <- 358759.0022669336
df.null <- 35567
dev.resid <- 224836.03481261994
df.resid <- 35402
df <- 165
coefs <- c(6.556092647343372, 5.873664738165305, 5.746758085026806, 5.267785970659694, 5.065325373913719, 4.864479851043861, 4.8865635275061035, 4.730672509727444, 4.41687815816168, 4.312061310839142, 4.344953864383151, 4.217749440370715, 4.078168279757646, 4.01037395589626, 3.8154181296840273, 3.5769337750792953, 3.253802179351553, 2.941069558129111, 2.525114826101958, 2.0542118136282945, 1.5903025716532353, 0.9180560804297734, 1.079344041237656, 0.5409525631203811, -8.940310268901389e-2, -1.1749394248181904, -0.17779810649245822, 0.9202980652570006, 1.084930877992205, -1.3748861874141736, -2.2537930989557933, -1.9679274767202144, -0.4443537335237262, 0.7862980741423884, 1.314384393229879, -1.3553088215622893, -0.4348759270772289, -0.6804062777514844, -4.7759392935494874e-2, -1.3035423438994047, 0.9326179200048146, 0.7786848041028309, -0.7810509225511716, -2.095104763500933, -0.5967999583517112, -0.9148671736560635, -0.8103236248655111, 0.3884846243619865, 0.3107814602036042, -0.6220199606627798, 0.1591134292391201, 0.7673449983297396, -2.274548339245195, 1.5805905910452225, 0.843502319221275, 1.0352547732041801, -2.3585407695486573, -0.36338636517267797, -0.11438951597040777, 0.8263449785730957, 0.8739029917148388, 0.6440577870387166, -1.6536416466196384, -0.3934458693788056, -0.4926403179953006, 0.33569240986425836, 0.7483227374308016, -0.5449070438925224, -1.6270145497493123, -0.6299599664766805, -2.3668203434872472, -0.7786580165683943, 0.4588524320927883, 0.9066264580711245, 0.5780574337707749, -0.509260769025147, -1.4088197062726031, -1.0086964898034507, -5.542109461339342e-2, 0.699247827505151, 1.174840492525182, 0.13282235433919587, 0.2452954317865887, -1.1434145793223562, -0.7969353044726911, 8.013740644234596e-2, 1.1323283861370974, 0.40649214998349326, 0.9156604570782129, -1.8462925405368582, 0.4879220347229861, 0.6371170349166757, 0.7549580552607109, 0.2638022703349327, 0.21860110926388893, 1.1891800178183258, -0.1718441766492694, 7.739062928070282e-2, -3.323007696846725e-2, -0.12794237160354066, 0.2513371773040777, -0.4877750427638944, 0.7244987891199258, -0.2885082109301127, 0.8903649506426061, 0.8720429438759906, 1.100806493113433, -0.24955107105318458, -0.19333723852294463, -0.5520927832661674, 0.2802022405892505, 0.44647597807453243, 1.5601650788043282, -0.4884751964632686, -0.2805587051990236, -0.809061920197553, 0.7325413417724383, -0.2208364165104618, 0.5833082878912725, 0.6377863692557459, -0.1672981979472496, -0.5211664055038715, -1.0288072453634538, -0.6906562273303991, 0.12114863113570161, 0.8731722628887238, -6.64104069165426e-2, 1.0701202202795344, -0.37030995027066144, -0.2753714291700938, 0.36545925557701836, 0.8795263201383857, 0.5531104248210709, 0.4428110553190892, -7.1586301544039e-2, 1.0344477908997571, -0.3464354786953976, 0.8867485403100479, 0.6648274298111454, 0.9605762057242838, 0.7689999455499474, -0.546668784212606, -1.3880347584859276, 0.6924236128794315, 0.2290488252886962, 0.5583592077289389, -0.2336362430511839, -0.36766335568284914, -1.8785036292597481, 1.1583767142787291, 0.15895294988341555, 1.2244268501563744, -0.10267518669434207, -2.193158792379313e-2, -0.2276307692906111, -1.627765997641149, -0.5720021867626116, 0.8412423081215514, 1.0967575232384423, -0.18254804562437665, 1.5350873291492992, -0.40713986550821746, -0.19079203195368474, 7.876650345508729e-2, 1.1779893623875213)
