seed <- 959
log.wt <- -14.55291659024789
penalty <- 2.8115950178536287e-8
intervals.send <- c()
intervals.recv <- c(56, 112, 225, 450, 900, 1800, 3600, 7200, 14400, 28800, 57600, 115200, 230400, 460800, 921600, 1843200, 3686400, 7372800, 14745600, 29491200, 58982400)
dev.null <- 358759.0022669336
df.null <- 35567
dev.resid <- 226367.8794750668
df.resid <- 35402
df <- 165
coefs <- c(6.620490272189204, 5.59555979422564, 5.507112484516752, 5.227516228683082, 5.068860303227812, 4.881064088601253, 4.762775945922135, 4.604413771783598, 4.325648358969554, 4.292255790547556, 4.307049189231104, 4.166223714304603, 3.999968442782781, 3.969923265864953, 3.7307789729468706, 3.498551072088124, 3.2526950163967108, 2.9516696676689347, 2.530689432467228, 2.0777072824007705, 1.592048197476339, 0.9284433164994088, 1.0364482478726178, 0.512602088128942, 0.6416084069813087, -1.2478542977547609, 5.2087535093236995e-3, 1.0202318468386908, 1.060072303208834, -1.5317357601533284, -2.233549402199994, -2.535611906012783, -0.5029970332414937, 0.7576968950168633, 1.3089050231343151, -1.173335367983407, -0.8631891856465542, -1.3309145019805642, 0.21937824220742327, -1.0882780371049408, 0.8139918386108405, 0.9177034146730807, -0.8988611655063662, -1.6940942598839466, -0.6406399391211384, -0.6731531605146267, -0.520258832619446, -3.437089024102052e-2, 0.8684402035315388, -0.5072878705676047, -0.6375557748598009, 0.978292833134384, -2.411845045958456, 1.6920209465282259, 0.7566647517388791, 1.0238538281778813, -2.4097976079850723, -0.16405368668746775, -0.6160789029726751, 1.5080166055106405, 0.8628445048745856, 0.6099758033571973, -2.0089836010608098, -1.3683454773766548, -0.4437597063763884, 0.23137550831160114, 0.6602435792042883, -0.595929657293878, -1.5914928275770992, -0.62833121530968, -2.050777332781556, -0.25596506927376506, 0.5500861336990308, 0.9876462237946122, 0.7998939094689598, -1.1305382300732625, -1.379711157579415, -0.8373781660318717, 0.10235706491512168, 0.8547773666482068, 1.2503118568848204, -2.287231712851744e-3, 0.14987759581729218, -2.163914196656544, -0.7403238398347823, 0.34532735849605656, 1.3301889903167077, 0.7792864498528053, 0.883879554963254, -1.6667441692915888, 0.4692898131677047, 0.6648121077555712, 0.8001717766050681, 0.3528621950735746, -0.152861054206607, 1.548832012009123, -0.37888708555995915, 0.5232420620713858, 6.810012441818905e-2, 0.15699503403723897, 0.3698088978814277, -0.4364734001567856, 0.6478677935113254, 0.15390061683040204, 0.7299825406991752, 0.8486394418312795, 1.1201603668690472, -0.2682707207762645, -0.30045921076264653, -0.7420496848603666, 0.47036880179960616, 0.43719099193071215, 1.538139113703504, -0.9098012728084093, -0.21457404012033415, -1.3113643615630324, 0.9586326241457315, -0.32063831981622565, 0.5802425352367651, 0.6361141500632839, -0.6045979371680499, -0.3748624227140641, -1.4283934079372684, -0.4906457032962612, 0.2663923746726206, 0.7913816285783857, 1.827797474636241e-2, 1.0495235799072964, -0.5545512315041295, -0.36382749303170425, 0.31285030838663774, 0.9005671774155923, 0.8566006897655629, 0.34870319686594486, 7.37758461850845e-2, 1.0872309946950474, -0.39837869056787495, 0.9801646955850808, 0.6990110598310363, 1.0009731614658868, 0.8194927206928418, -0.619653445445327, -1.1074801223850053, 0.7578542985407994, 0.2862324745240397, 0.5106118522921257, -0.1562938723593354, -0.27982585961170847, -1.7832039026457045, 1.2155184534346326, 0.16651063295980503, 1.3086136630374225, -0.13198304146979814, -0.1156972959031908, -6.102783235134664e-2, -1.968130086737349, -1.1783551544040882, 0.8774622810000269, 1.264311988311835, -0.10159484302605125, 1.4846144200874638, -0.44603187866917404, -0.17323806224769034, 8.054586093095377e-2, 1.2728701618710667)
