seed <- 709
log.wt <- 0.0
penalty <- 2.8115950178536287e-8
intervals.send <- c()
intervals.recv <- c(56, 112, 225, 450, 900, 1800, 3600, 7200, 14400, 28800, 57600, 115200, 230400, 460800, 921600, 1843200, 3686400, 7372800, 14745600, 29491200, 58982400)
dev.null <- 358759.0022669336
df.null <- 35567
dev.resid <- 226514.17633495745
df.resid <- 35402
df <- 165
coefs <- c(6.487404388814623, 5.804618580362296, 5.71947956265756, 5.283409566867341, 5.016994712614948, 4.891407384290486, 4.838919720585589, 4.665796052652495, 4.320621288714485, 4.2312974531417105, 4.329364916700966, 4.184468130373364, 3.993285958436982, 3.9284975864305802, 3.7334609860774832, 3.506496639505594, 3.2372006251671994, 2.9302288147454423, 2.495401614267462, 2.046986944753634, 1.4859756265571553, 0.8682775516985073, 1.0614094571496324, 0.45122694598736984, 0.24661917651218185, -0.9281495857270926, -0.17623781695510743, 1.0636876527557368, 1.0436430205666691, -1.5914407737640701, -2.462540307306497, -2.6888434530139933, -0.16229919292256473, 0.6923786956725131, 1.2369838340900179, -1.0848931867429081, -0.5227932792520162, -0.8629652891056988, 4.113127851372548e-2, -0.779350757968874, 1.0094303900725152, 1.085653498417092, -0.7329297632399538, -1.6785247297209673, -0.8951186936749478, -0.5758984618907471, -0.795730898065816, 0.3788875061690176, 0.3781509165734671, -0.5683961901268929, -0.5469770054441253, 1.0174170899518717, -2.8539036411212564, 1.661168199560176, 0.7980420701465394, 1.140329239076884, -2.0043755979178868, -0.20290792119355677, -0.8944388400836163, 1.0524522747475022, 1.129097343571612, 0.7086261093970683, -1.3732728664488096, -0.8521553646296607, -0.7314235454641498, -0.11824292440479793, 0.654957553358765, -0.5772254212236846, -1.6976772076269586, -0.6637155428084685, -1.8264336114192081, -0.7010315037502465, 0.6613202374401469, 0.9539194847865952, 0.7251643405843442, -0.8210736557985803, -1.366223733026345, -0.8509542077170015, 8.10699830602481e-3, 0.7794339692755242, 1.3057723749799302, 7.027056926246174e-2, 0.21874387667217027, -1.385452655058588, -0.4646566502545405, 0.3782643625864485, 1.212581446532752, 0.12323062267353328, 0.8588569176558408, -1.579629412902049, 0.44930267617847414, 0.7342237634445001, 0.9476757988877919, 0.43264092362530293, 0.1096497342904452, 1.3794504840286606, -8.995123786041473e-2, 6.699187257696297e-2, 5.5999572061390425e-2, 0.15286569716836398, 0.4713378380951565, -0.7323068282847891, 0.7848838946234341, 0.3473477015337624, 0.5165189708670048, 0.8379222773574091, 1.1762520728435009, -0.6674529825502825, -0.6812422715692337, -0.7302986757169253, 0.36724937207509695, 0.6265594037816469, 1.6102496021816506, -0.5771703195987073, -0.13008307050579795, -1.3801477812464151, 0.7882818466126773, -0.351157928652136, 0.5269835541784907, 0.4881703410311144, -0.5040683589745621, -0.4212501187161107, -1.2633175695427623, -0.5719826812160459, 0.4505919759143544, 0.932681337277228, -7.03109704351485e-2, 1.0004053554163652, -0.8590707130879915, -0.4059839171919033, 0.3690197058100765, 0.9145992532791868, 0.8573496276734636, 0.2718013979800487, 3.991368747336701e-2, 1.0413607439781387, -0.37979685874859825, 1.0487022872158775, 0.7152120959219959, 0.9601833270486242, 0.8340737209249586, -0.6214898625220083, -1.1639304357098263, 0.42795154096128224, 0.2630438307281105, 0.4445011549506828, -0.29190989085261765, -0.676635202134181, -1.702000997534432, 1.2755446776308264, 0.13112221683883749, 1.208764835248424, -3.8279106925847906e-2, -8.033638335749928e-2, -1.8508449755862768e-2, -1.2539080181021183, -1.2728693345882132, 0.6869554771149813, 1.2096754520027477, -0.32392354856190814, 1.5892390314085922, -0.5540055334298365, -0.14576339388659848, 0.15405319416093846, 1.2644977998838263)
