seed <- 981
log.wt <- -15.241928035735066
penalty <- 2.8115950178536287e-8
intervals.send <- c()
intervals.recv <- c(56, 112, 225, 450, 900, 1800, 3600, 7200, 14400, 28800, 57600, 115200, 230400, 460800, 921600, 1843200, 3686400, 7372800, 14745600, 29491200, 58982400)
dev.null <- 358759.0022669336
df.null <- 35567
dev.resid <- 226640.12727035565
df.resid <- 35402
df <- 165
coefs <- c(6.599122724937201, 5.761099460228562, 5.747385431622529, 5.305466404690261, 5.0600109472921115, 4.834274922100403, 4.7641344365296066, 4.601980641863413, 4.3523669964017735, 4.278891883629661, 4.285346839011742, 4.160616587045902, 3.962116739797983, 3.9325669016557674, 3.749758808770553, 3.5435282790424694, 3.2218987349966453, 2.9213191410234076, 2.443836372402534, 2.105536954663541, 1.5438295260462487, 0.87938573139021, 0.931788326909693, 0.25739489334043303, 5.9989943469429596e-2, -0.935813925868064, -0.3860262715304159, 1.004321025062362, 1.0182265388630847, -1.7372465054837312, -2.3539960972400027, -1.9979630702371138, -0.5249956470611205, 0.7189862018938064, 1.1692571797014641, -1.0837124219105971, -0.29702788921363316, -1.085903671979259, 1.0876890640971458e-2, -0.9039842238882441, 0.8747335163119286, 0.7136591737738813, -0.901849341387358, -1.3717630562499283, -0.7445917125311923, -0.6500530476937862, -0.24061804092340353, 0.4190367754036703, 0.23346025839776857, -0.8542110331047984, 1.1783727336352986e-2, 1.1741834448907167, -2.057500180501662, 1.9343446819395276, 0.9295741442966301, 0.9468275144003124, -1.4708309352564206, -3.733744525774352e-2, -0.4694795082517861, 1.4331594235154825, 0.8484214675538437, 0.9354527614952574, -1.392782589364634, -0.7653370939708461, -0.5124337475102948, 0.5435955699892671, 0.6393763449288358, -0.2659227308626529, -1.600239395520599, -0.5982574326882213, -1.6395636181429865, -0.6021775373033519, 0.582819556197131, 0.9332604004556023, 0.7378111676948255, -1.2953779709526905, -1.5823793625561953, -1.4900114932472452, -0.27059780537043926, 0.6710673525268895, 1.1105054052794774, 7.686782313972725e-2, -3.515859964389136e-2, -1.5525152616168791, -0.25248096612014265, 0.34331843151676206, 1.1873626636719654, 0.5616258044740451, 0.8350745462321002, -2.4297093608404565, 0.5626660648993446, 0.5984939235564746, 0.7003921398722073, 0.3067328029264655, -8.443770472681103e-2, 1.4804069679127343, -0.5526339554552688, 0.3366631553462053, -9.666075546577643e-2, 1.8224541146467363e-2, 0.5633406436373656, -0.3611179991138932, 0.9059951973372001, -0.38063727551652987, 0.7085012367684657, 0.8359665432751622, 1.0771984597266275, -0.6947482763422429, -0.7929940741237035, -0.8749936624134748, 0.3064937712968143, 0.49389481678187247, 1.5579447581532235, -0.37752800942937603, -0.3247376044144307, -1.0997433080179, 0.6750561520373705, -0.2483836878083222, 0.570061718938825, 0.654008408336924, -0.4179781455887811, -0.5119378413018179, -1.1933356757694222, -0.9052795230052155, 0.27017636313665705, 0.9567866467997556, -1.4581142103610547e-2, 0.8943491438541824, -0.568459797355073, -0.4166365156487416, 0.27594267012055274, 0.6969637341084814, 0.8859497594565554, 0.5069199463229118, -2.2125129752470333e-2, 1.2506501336471112, -0.42014957629976935, 1.2184319710088836, 0.7380989588143639, 0.9385567845979237, 0.6984340917201115, -0.7564405605637855, -1.3235286670160702, 0.6273723551003212, 0.3085390673869075, 0.4594670656586926, -0.28493873214407334, -0.38254175548393443, -2.040465232770829, 1.3812882929020556, 0.16294918245310488, 1.094211376971104, -0.1294942934299887, -0.11083041296479305, -0.23146221669217323, -1.635189060544997, -0.6060650219601238, 0.7477783738719946, 1.1215409333858422, -0.25037919870166253, 1.493431733304309, -0.35249296829858373, -7.289790221361511e-2, -2.7476655022722445e-2, 1.145722755476698)
