seed <- 1015
log.wt <- 0.0
penalty <- 2.8115950178536287e-8
intervals.send <- c()
intervals.recv <- c(56, 112, 225, 450, 900, 1800, 3600, 7200, 14400, 28800, 57600, 115200, 230400, 460800, 921600, 1843200, 3686400, 7372800, 14745600, 29491200, 58982400)
dev.null <- 358759.0022669336
df.null <- 35567
dev.resid <- 225909.24895515136
df.resid <- 35402
df <- 165
coefs <- c(6.323740478595447, 5.869812837636289, 5.705797407420473, 5.337425816972888, 5.125123807254445, 4.915710397546511, 4.723653778503755, 4.619743125778235, 4.3377841258275955, 4.283846937019126, 4.295762372817687, 4.173601348008595, 4.029156448090218, 3.981376121330198, 3.765676380095008, 3.5230779166580524, 3.248839813276927, 2.979197839218927, 2.517955371390953, 2.0779891078924586, 1.7046997997756541, 0.8771682640932305, 1.008322168023699, 0.2806149597088768, 0.38270424130717756, -0.880371526595931, -0.18944136872265616, 0.9401888927040853, 1.033801502220144, -1.6417806475388284, -2.2923708161920167, -2.2984502989840894, -0.39374311894810854, 0.7040298608425918, 1.223210073083014, -0.9199537646001062, -0.7026732549832736, -1.1519600963098897, 0.10459002054122042, -1.0458230206869785, 0.8711199009072225, 1.0117411104791123, -0.8825953862873636, -2.054584663193363, -0.9100289470787816, -0.7176586835133465, -0.8425283901804849, 7.87951730055586e-3, 0.3260272837151401, -0.8329893030498845, 6.630421697825094e-3, 0.8691924668321116, -2.0852335569927365, 1.70239735356778, 0.8573722546907098, 1.032625534650256, -2.063865495412955, 2.23435295894288e-2, -0.2980520053965736, 1.345077753826958, 1.1985123835273552, 0.7813100526292398, -1.3650797628675428, -0.913977899863231, -0.6928614346360731, 0.11239971110636052, 0.5796065093040476, -3.8039973846905294e-2, -1.2761003830331132, -0.8337760285531997, -2.1880963736602808, -0.5436953925844609, 0.22668679432117103, 1.0687492785146762, 0.5873811023838104, -0.40127645440645177, -1.2023226136085408, -1.3367414608959522, -0.13660757212535757, 0.7843855650870823, 1.0672516113475956, 8.004106913217542e-2, 0.25693170587470915, -1.6489430382262538, -0.41711231927085735, 0.4753688802160636, 1.1946924479324181, 0.47076375034384627, 0.8248480822081095, -2.1413597829911404, 0.44764411857824526, 0.6201421673600996, 0.7876988752292039, 0.4462169928575263, 0.41644061860123743, 1.326526526885701, 3.7658262009923456e-2, 6.814406236241088e-2, -0.5669430730872207, -0.15560137905501237, 0.25765325623156704, -0.5465603948463381, 0.9671301366490808, 9.513016506624998e-2, 0.8189243982473272, 0.8451284781957836, 1.103973816743022, 0.3354636942861579, -0.23092912952835545, -1.009698222511351, 0.498671942613689, 0.460560499019697, 1.5551628430232665, -0.4875593024912134, -0.19543029134418718, -1.2591411648537032, 0.7497854057169742, -0.2722893834885045, 0.5635406100354866, 0.5215221697297976, -0.5044048524235187, -0.6516452288183529, -1.1915697098339433, -0.37477553816554443, 0.19807558622481725, 0.9263296257723197, -2.865785960124252e-2, 1.0017979764216878, -0.5608335436667323, -0.3816957316139554, 0.34168707178851454, 0.6829976030691368, 0.5895379481285183, 0.5826341402292368, 9.737072746066387e-2, 0.98830655073034, -0.36202964182752934, 1.1693663678853634, 0.69877155326898, 0.9716455644155165, 0.6754779059644851, -0.7207986673091553, -1.3241931376450897, 0.5340117100155256, 2.895984267365703e-2, 0.599756126706691, -0.34552622450749637, -0.5859441587977223, -1.9202886700358532, 1.3327445820059831, 0.16405471514673103, 1.2361341462164221, -7.905586129155882e-2, -4.8709700232851046e-2, -0.2612361572673058, -1.9215017394119067, -0.9349671994769674, 0.9507018366270622, 1.1692234763891503, -0.25161370865511634, 1.5220747462856208, -0.10097716205348438, -0.17891736208758802, -9.164501833925989e-2, 1.1844891529256432)
