seed <- 828
log.wt <- 0.0
penalty <- 2.8115950178536287e-8
intervals.send <- c()
intervals.recv <- c(56, 112, 225, 450, 900, 1800, 3600, 7200, 14400, 28800, 57600, 115200, 230400, 460800, 921600, 1843200, 3686400, 7372800, 14745600, 29491200, 58982400)
dev.null <- 358759.0022669336
df.null <- 35567
dev.resid <- 226241.9485922403
df.resid <- 35402
df <- 165
coefs <- c(6.442320874902855, 5.913640705034176, 5.662413314943108, 5.368733710746504, 5.065424395763989, 4.856096549332879, 4.694882727296965, 4.698618515873688, 4.397260174990817, 4.308615197834967, 4.27277048999341, 4.131326556764151, 3.9969050703328937, 3.972007740656022, 3.7461455174203286, 3.547785487480181, 3.2530667187532547, 2.915284902038304, 2.516453835552885, 2.084827910099639, 1.5666186941026585, 0.8996087337716564, 0.9495534398669141, 0.17485505066017867, -3.72217144279616e-2, -0.9704857458715319, -0.32611586025968525, 0.9795035883245526, 1.1110242307915474, -0.828343590782316, -2.6260764062079995, -1.671126182057004, -0.15753412222344113, 0.7677235476232585, 1.166634250022541, -1.189372746278521, -0.3248408083825088, -1.6297795327620315, 0.3146594688286997, -0.564668887467663, 0.9666683273608239, 0.9250993079728764, -0.7717630762150709, -2.2717328465265996, -1.3283458250780091, -0.7469709957563283, -0.591005860383582, 0.4842807761986985, 0.6430049138437453, -0.7768973881989565, 3.1002086829679976e-2, 0.86360298457486, -2.7511508629170636, 1.77220989613521, 0.855553656492357, 0.8928348219831305, -1.5409023977805048, -0.11089460387489526, -0.5282214124843543, 1.2827501691639527, 0.9126850379336158, 0.7265026480099269, -2.237098786488247, -1.2990084291531288, -0.44318849668484334, -0.11625802071884439, 0.7165555043213488, -0.37396934635592793, -1.1790984044247748, -0.7478032707072318, -1.5425168993492278, -0.25268664599117896, 0.6615919374902903, 0.9999516899462779, 0.6866735067719649, -1.0265874973672036, -1.3585935555283046, -1.3420451221262812, 0.14683167084486531, 0.5762126478648543, 1.0898752803806782, 0.13280633354813165, 5.0949735732132614e-2, -1.8901454752916658, -0.26551190459378315, 0.6682318209616509, 1.2604173913502805, 0.3738124021412283, 0.8315284199332468, -2.098347607573295, 0.5242630936717515, 0.6551082329234513, 0.7704580726699027, 0.35567503475956075, -6.869745903400366e-2, 1.2822087660875818, -0.9258416245004998, 0.2486439387526449, 1.6717024982789458e-2, -0.44821529438138746, 0.34625043043139475, -0.5061188800873468, 0.8481359719368351, 0.6003125416270434, 0.8932024920211947, 0.8541703110202244, 1.034817945158893, -0.5195307301958901, -0.18348659989767407, -0.757986021592894, 0.4125970624408754, 0.5906401863106004, 1.6213187558709232, -0.5716000560447329, -0.3218903646436338, -1.06676266469275, 0.620098210746661, -0.3602372112526909, 0.4691698652845821, 0.6698149517428983, -0.31743804860000707, -0.53141644826337, -1.3984443110054325, -0.326606837419054, 0.19675411202823934, 0.8044367981359295, -0.13434301898930065, 0.8700659903465721, -0.8057583326974119, -0.29554342342238743, 0.3969577287078388, 0.8418259256178441, 0.9372716439301939, 0.5673421231363922, 2.3581078807087246e-2, 1.1996990410919814, -0.30788552715617173, 1.0484676823667476, 0.7620171808182737, 0.7887152971796726, 0.7477677579844716, -0.6892475826157174, -1.026422288882449, 0.6271857132875815, 0.18948611241480523, 0.5956249163223376, 1.9068714510374625e-2, -0.11002654466392027, -1.755995372103226, 1.2598785659542935, 7.003992892792216e-2, 1.1255258715365368, -0.23561949753830916, -5.92868730937759e-2, -0.3112190446392435, -1.5111857550014909, -1.2896989452102054, 0.8602679995594992, 1.196942623231528, -0.23214471199088038, 1.5432695379733095, -0.34737897323225364, -6.93241409573785e-2, -0.12518436382910061, 1.125856765939522)
