seed <- 772
log.wt <- -12.364005770614321
penalty <- 2.8115950178536287e-8
intervals.send <- c()
intervals.recv <- c(56, 112, 225, 450, 900, 1800, 3600, 7200, 14400, 28800, 57600, 115200, 230400, 460800, 921600, 1843200, 3686400, 7372800, 14745600, 29491200, 58982400)
dev.null <- 358759.0022669336
df.null <- 35567
dev.resid <- 226920.3904810271
df.resid <- 35402
df <- 165
coefs <- c(6.324430667222186, 5.875021399367798, 5.787015510778748, 5.270665921188171, 4.961351313561008, 4.836744926465284, 4.73681500720415, 4.658722738808492, 4.326093458417938, 4.253864333604099, 4.257189546545826, 4.186713636901111, 3.9990451040586965, 3.9248270330563084, 3.7608285413659988, 3.487938380379332, 3.197557835063244, 2.931457668602312, 2.4754689123330933, 2.076978989206963, 1.5209054079822442, 0.8070543354448827, 1.103379828898959, 0.3693710415606774, 0.2900459284073069, -0.7082351581868552, -0.23936351571423414, 1.1179795173785936, 1.147195914815478, -1.1885340551189039, -2.3997745115567772, -2.017408551094036, -0.3481725197270314, 0.7307289298151327, 1.3297827612719955, -1.5415563396655976, 0.1466519561924179, -0.9288595428136065, 0.28940077101280637, -1.0756947356309585, 0.9400664638529067, 1.222100169201073, -0.905906733242436, -2.7207959098481584, -0.6913374686154685, -0.6014155629696181, -0.6589641731301967, 6.328417632473725e-2, 5.161417465032592e-2, -0.7739268412859145, -0.32932787324729806, 1.0692857369553372, -2.842010263520854, 1.5962832556528541, 0.8860909762499065, 1.0320888056795288, -2.211330031535, 1.91504251140553e-2, -0.49793022500082135, 1.4631124373128843, 1.1303055083201659, 0.9007014946162392, -2.143408510856834, -1.6100753275654858, -0.7469520657024252, -0.12553690687919405, 0.5330559290193038, -0.4714248956072767, -1.8291022651523992, -0.49948245567377786, -2.649562069123584, -6.353404344998151e-2, 0.2669105077536699, 0.8379657560003204, 0.5793621457669236, -0.7719069719221251, -1.0780230479521133, -1.0262886080611364, -0.10347852579737779, 0.7031286999180786, 1.287806588620459, -3.21397138780447e-3, 0.351719801227293, -1.77309903017306, -0.8156016506907715, 0.38304356647226007, 1.288849387872938, 0.18523915614750203, 0.9807099005385564, -2.5758098655738246, 0.3629313701994989, 0.7042191726760387, 0.9186982144372662, 0.3715394716611241, 0.14124606523716937, 1.3767608221832779, -0.4234204503996369, 0.457857769577412, 8.545777955721454e-2, 9.607674430169766e-2, 0.5062556678246096, -0.3010414726853114, 0.894463173949469, 0.13926333114993578, 0.5650946985617835, 0.7852794994183463, 1.1752171783316478, 0.10489890753036622, -0.11968782612550516, -0.9626113689972191, 0.4202504892684442, 0.6742683782071324, 1.6490581547305647, -0.38871286614092143, -0.19667287224934696, -0.8995172313334122, 0.8373949206070033, -0.3602853630460393, 0.6363416876243789, 0.6546756405949632, 1.9653174554372186e-2, -0.7353701369342054, -0.9237051597753708, -0.5208555289633681, 0.38997971909783147, 0.862811836810976, 0.11123001666850577, 1.0399849878534153, -0.534364627854763, -0.41644753703008247, 0.36019868483805145, 0.8612657353295633, 0.7374748001429795, 0.2772941509077037, 1.3176139156940464e-2, 1.1478131209649152, -0.3683279721265597, 1.0440183705232373, 0.816205108214325, 1.0398937581533338, 0.8221161875352463, -0.7161152059512871, -1.362905961438987, 0.5719678885423497, 0.35582288518670113, 0.4255111786305366, -0.187345019640713, -0.35143301608126526, -2.162290463801865, 1.2896335129223115, 0.1310784462237689, 1.295715005392371, -0.11580335172174083, -0.11679256539522474, 7.147642126404122e-2, -2.087147236090197, -1.6397690079920273, 0.8266291320133357, 1.1466533665990246, 3.930292620799863e-2, 1.5843379922438876, -0.40892337065116086, -0.12922237767887945, 0.1548528270601243, 1.2989996548445626)
