seed <- 856
log.wt <- 0.0
penalty <- 2.8115950178536287e-8
intervals.send <- c()
intervals.recv <- c(56, 112, 225, 450, 900, 1800, 3600, 7200, 14400, 28800, 57600, 115200, 230400, 460800, 921600, 1843200, 3686400, 7372800, 14745600, 29491200, 58982400)
dev.null <- 358759.0022669336
df.null <- 35567
dev.resid <- 225947.2412114313
df.resid <- 35402
df <- 165
coefs <- c(6.5211231241084455, 6.110258604664416, 5.622435154319235, 5.321077065508632, 5.108270178846563, 4.825834223591243, 4.788876753975287, 4.615251713722139, 4.375640364337482, 4.2664831884687615, 4.324180616172499, 4.188081935042481, 4.0708873348742705, 3.975671451219838, 3.7923604693131274, 3.54099361664903, 3.2595244441947697, 2.987974205913982, 2.5252998030766802, 2.0766021700943913, 1.6397355538371623, 0.8680053396039913, 0.9509635694429336, 0.33543016173961887, 0.49537917716211005, -0.720258859953676, -0.21117816610691753, 0.8865618915952349, 1.0077419717062084, -1.3656520653076474, -2.235884478242029, -1.6593563787722712, -0.5701271507440255, 0.738317892431913, 1.2356583590153736, -0.7242284262368296, -0.6406379381843664, -1.0512584182983038, 7.336167473682356e-2, 8.322796424166316e-2, 0.9097382275190752, 0.8970613901120702, -0.8891148365945555, -1.3159640198428721, -1.009296363281171, -0.6303807384465201, -6.0514906914630434e-2, -0.14420406180549755, 0.4420098825890741, -0.8719782364720302, 6.878064396373615e-2, 0.8272167578397485, -2.333776402621622, 1.6805683548992054, 0.75824112475414, 0.8749260426415828, -2.3225476426693707, 0.10914671816756075, -0.3376909623808116, 1.4000748654753614, 1.314249834985618, 0.9011403876522428, -1.8205379568862494, -1.3518690044614303, -0.5800501285876699, 0.3897753385107975, 0.605922285765285, -0.5380046087943212, -0.9640048110170989, -0.6649960214138935, -2.3930156847202944, -0.22139467023675977, 0.5045363093933726, 0.9562263867666948, 0.6135872392286285, -0.8316998201236023, -0.8765393818444521, -1.6133223509661638, 0.1322954560900755, 0.5512353731589271, 1.2040120024546417, 9.396348418819941e-2, -6.08742226474129e-2, -1.9059327652500595, 1.121700100528712e-2, 0.33494024358886976, 1.1187599743436976, 0.43774714686950106, 0.8816563560845675, -1.9139157962547837, 0.42582126135501924, 0.552485095021221, 0.8130084684096639, 0.3599423968028988, -0.2914811054746643, 0.9997477807817681, -0.6755828291030217, 0.39950461115038655, -9.01578083252155e-2, -0.14419704794781593, 4.4983508353957806e-2, -0.29074898638093366, 0.7920906052909049, -0.3163293310409382, 0.745082491049343, 0.7690167956365188, 1.1397215508889162, 0.27187456951716893, -0.41880045449827863, -1.4466086238473015, 0.394765311096121, 0.463103557455727, 1.5515731832881328, -0.6024594342559858, -0.1529189061921699, -0.8076446542505541, 0.7786283193649887, -0.32808226804661655, 0.4299816609896583, 0.649403574783901, -1.1585472829900834, -0.593424388379958, -1.1468226545460498, -0.5653175364890215, 0.25705275580291476, 0.8493787844258692, 9.779131517097094e-3, 0.8305502220398043, -0.6251610228347447, -0.4468229057373937, 0.3696408982568119, 0.6975879179349189, 0.7385549523155536, 0.5575151350439053, -3.361952478641269e-2, 1.0613093536791869, -0.43544721196345293, 1.057406173897622, 0.6826878784202761, 0.8803446971956945, 0.8521505376382376, -0.773667593522326, -0.8124198712715615, 0.6088554912473492, 0.11076084612272519, 0.6016303803624822, -0.14182844619594676, -0.4873963466949272, -1.912761834870897, 1.237229231899982, 6.627780632629585e-2, 1.0659528599628671, -0.10976776812070782, -9.44430996642875e-2, -0.16996928518427742, -1.9672144379509526, -0.7231394987980018, 0.9325713823866573, 1.1748897134776952, -0.378686915964247, 1.485828957133341, -0.3253206405801696, -0.19519732849030016, -0.11819529731917658, 1.2080229397502245)
