seed <- 869
log.wt <- -10.466042218348935
penalty <- 2.8115950178536287e-8
intervals.send <- c()
intervals.recv <- c(56, 112, 225, 450, 900, 1800, 3600, 7200, 14400, 28800, 57600, 115200, 230400, 460800, 921600, 1843200, 3686400, 7372800, 14745600, 29491200, 58982400)
dev.null <- 358759.0022669336
df.null <- 35567
dev.resid <- 225292.99168440193
df.resid <- 35402
df <- 165
coefs <- c(6.704624626206201, 6.019881327319159, 5.690282745883171, 5.256566055202097, 5.035636343337673, 4.924128379350209, 4.762931513429917, 4.589410032424885, 4.411170300627799, 4.304574739583989, 4.290204755311587, 4.137850194200132, 4.03008289980971, 3.9773802677753087, 3.7766220928846606, 3.565419512128296, 3.2770851948332247, 2.9635849034737656, 2.507530627651581, 2.0877284253077733, 1.665428710962104, 0.8949645381426631, 0.9761296117330174, 0.533175889606349, 0.39497578174816106, -0.7635630581562268, -4.5104119390242e-2, 0.8921074689025653, 1.2085072884678594, -0.4798489453823534, -3.404949857241353, -2.300898516788599, -0.26102215442107546, 0.8026093103513571, 1.224313497671313, -1.3910442597650643, -0.9080153033770657, -2.0612640733513405, 8.336537201834933e-2, -0.98020876015288, 1.0164503420760351, 0.8345990697535154, -0.7654535021842495, -3.029197613809296, -0.7060834172452166, -0.958169762683429, -0.3012996321396412, 0.46695794654658057, 0.5300437655165503, -0.5321155312892258, 6.702869790286015e-2, 0.7296791462202314, -3.4340369770402055, 1.8855907110328645, 0.9353955953599603, 1.1959902297895393, -2.4903170815356437, -0.29665905950436794, -0.19628698970782094, 1.2459604115556284, 1.0812974412777467, 1.0127155082604329, -2.486453315872346, -0.757568202918127, -0.5515089478056465, 0.187270530155699, 0.6556014173421146, -9.089157218597547e-3, -1.1822174898105928, -0.6938754753370348, -2.060783726834166, -4.699442562518535e-2, 0.7031282920785523, 1.0619675793318868, 0.844886454321256, -0.6726606143292857, -1.180735884818953, -1.9692068863313055, 4.235407089873253e-2, 0.9370668947458841, 1.205996068736834, 0.14851002851334505, 7.70522180280541e-2, -2.573594135433325, -1.411359986474275, 0.6380413122507447, 1.4399275336545179, 0.3909017648809951, 1.0609539707825313, -2.5511744592160084, 0.6719780718424058, 0.9985135541877502, 0.7599612408672377, 0.3934831193660336, 0.19031223878443165, 1.4516272650921525, -0.37593961113434127, 0.10480497686636603, -9.130814723254066e-2, -0.18780736411014134, 0.471312104627208, -0.6058184675208218, 0.8113600943405586, -0.1316765377832626, 0.5778552844576418, 0.8631712596297377, 1.05591563131563, -0.3054903737148992, 0.2776783780206043, -1.2168136328691832, 0.6023617591287065, 0.49096306623679037, 1.6963197968822883, -0.6111921698306048, -9.970661824091892e-2, -1.032411675781193, 0.7662163902016551, -0.1912401786901139, 0.19353435375249753, 0.7212665952135333, -0.2788058898752914, -0.34115489479913563, -1.8967100633605607, -0.25435292521385805, 0.3658286460471737, 0.9536977799349311, 7.728285945479849e-2, 1.0096293168899544, -0.677551790010746, -0.4102533711487387, 0.3805464439632184, 0.9772663840152888, 1.1138121623338268, 0.5236637409344342, 0.16861575426347059, 0.985601321572227, -0.337332902087589, 1.158850802577226, 0.8371789476670538, 1.095190584013969, 0.8076081689015167, -0.47343133054836734, -1.3372822847586316, 0.7691356283019919, 0.246920152333793, 0.6175315842270628, -8.04285717333113e-3, -0.5558549148925138, -1.9670018796923032, 1.3106201469884775, 0.25775383833531423, 1.3435783220212791, -1.6323779606975883e-2, -7.910907809118087e-2, -0.20215136180785714, -1.8482669257930553, -1.3737351824482662, 0.9561864885942796, 1.3214329317397278, -8.07999861959691e-2, 1.65124444256169, -0.11338811216189014, -1.8794917574264297e-2, -7.669540026752353e-2, 1.2158785594652703)
