seed <- 174
log.wt <- -12.736235774046646
penalty <- 2.8115950178536287e-8
intervals.send <- c()
intervals.recv <- c(56, 112, 225, 450, 900, 1800, 3600, 7200, 14400, 28800, 57600, 115200, 230400, 460800, 921600, 1843200, 3686400, 7372800, 14745600, 29491200, 58982400)
dev.null <- 358759.0022669336
df.null <- 35567
dev.resid <- 225992.62841192927
df.resid <- 35402
df <- 165
coefs <- c(6.371909812377027, 5.700751606833638, 5.624557231797953, 5.525839308419793, 5.047877770215621, 4.772716942380773, 4.738902892769438, 4.6542111891209546, 4.437333707346627, 4.309487401467326, 4.309593428010707, 4.14603504419946, 4.011095302853909, 3.944933310341519, 3.7792209621727344, 3.514121463999764, 3.2444922380878802, 2.9160875223082656, 2.456565680225237, 2.003532357202183, 1.649886363500261, 0.8337938221594988, 0.985449107431601, 0.2764259862043877, -0.26179483184572905, -0.9327242530358885, -7.506039487879809e-2, 0.9082868529296512, 1.1448348115651195, -1.0232420765517642, -2.8224288068658057, -1.6232972179166407, -0.45279226210745854, 0.7991912096703797, 1.1331186076165842, -1.1773691776740227, -0.14380184204163693, -0.9020268083803562, 2.5147394050018673e-2, -0.8631083122302313, 0.9952013666322664, 0.819088921601806, -0.8859436182005385, -1.6123563349730718, -1.139199079086719, -0.49005629874554224, -3.513211421032046e-2, 7.881997446977419e-2, 0.3122254895643207, -0.47113659767353366, 0.24813911021689508, 0.8411750742750227, -2.4957864980609465, 1.8118881445350095, 0.9454343083586896, 0.9915594799098928, -2.091707839125116, -0.27306338494452975, -0.7017358182304494, 1.3828543296438056, 0.7092728035112622, 0.6957597894781259, -2.2640096806890555, -0.7434248506980059, -0.8728879212482537, 0.17206078350917592, 0.5416883710372358, -0.5079846265432422, -1.5261024786665476, -0.7454299832882456, -2.125707341285286, -5.6240783621052524e-2, 0.6165636043903516, 0.879477867091479, 0.735989379147897, -0.7423230405762413, -1.408115767362698, -1.4447804222533898, 0.1318545898791359, 0.644559652650331, 1.3492284526493845, -4.680105798949323e-2, 7.84524852676755e-2, -1.6835867006649123, 2.5108855367075272e-2, 0.31157941796427846, 1.2413560722042838, 0.29817829311912764, 0.9571322770302777, -2.4333801840300175, 0.3901301064781958, 0.5800977536492409, 0.9617363063534518, 0.3955742851510221, 5.443954448247857e-2, 1.3906328241977015, -0.13409465527954478, 0.32305981440318676, -0.1441740673903769, -0.1761106795029849, 0.4657995996109678, -0.3176236085021132, 0.8748432644234062, -0.17648942048631808, 0.6048970912622388, 0.8113042539950688, 1.0514279782736295, -8.193552636568251e-3, -0.7712492427923454, -0.9847595640916921, 0.47651929377894886, 0.5612820107957677, 1.6597131979745268, -0.7865636993257147, -8.826613957026261e-2, -1.0363457100368092, 0.9007643306983191, -0.2387614356435514, 0.4613957917174662, 0.44115681243501703, -0.4311534540094518, -0.34773922129898244, -1.2370967749549047, -0.4935225594960703, 0.383041918423892, 0.9347197162578645, 1.854345065412276e-2, 0.9316275545755224, -0.711888108501918, -0.3408138706015292, 0.23592372527291683, 0.9371132032739057, 0.7583441202352639, 0.2560052956221696, 1.707079916209549e-2, 1.086128625106726, -0.42631013719051036, 1.1702626906372287, 0.7920554306659704, 0.8053550500242199, 0.9145097679159792, -0.6459293197901845, -1.080429789258372, 0.6665012490636893, 0.13010918936824087, 0.43246549926840905, -0.27122338297776305, -0.38066378125656064, -2.0358012131073586, 1.2705727605978159, 0.1644155544995985, 1.1230675616358063, -0.1273572839300931, -5.900821997298895e-2, -5.7202177077874075e-2, -2.2481141646917386, -0.8095300364678205, 0.7400387606526637, 1.2473422523307007, -0.2958976324662129, 1.633178365732493, -0.1730030264760552, -6.232651135975474e-2, -0.11979374248908876, 1.317911102538492)
