seed <- 423
log.wt <- 0.0
penalty <- 2.8115950178536287e-8
intervals.send <- c()
intervals.recv <- c(56, 112, 225, 450, 900, 1800, 3600, 7200, 14400, 28800, 57600, 115200, 230400, 460800, 921600, 1843200, 3686400, 7372800, 14745600, 29491200, 58982400)
dev.null <- 358759.0022669336
df.null <- 35567
dev.resid <- 225628.38693445895
df.resid <- 35402
df <- 165
coefs <- c(6.527473632718885, 5.721781825993798, 5.69305051098769, 5.480587820144015, 5.140905698375173, 4.884973262969755, 4.720988610913637, 4.664587288736171, 4.364877367959813, 4.333293535818755, 4.317920212579052, 4.212868501078783, 4.053074304809405, 3.976862096504268, 3.7883338690929933, 3.529701491499574, 3.2900192461578244, 3.0105816559064102, 2.522861895244376, 2.098224527609855, 1.7034258410482657, 0.8418849404081968, 0.9852935218146405, 0.5659946853238927, -0.1286740101639405, -1.9325925044647647, -0.14983825457757816, 0.9553073171255763, 1.0807401992196963, -0.8761224169762494, -2.8560786204708677, -1.8691472728522636, -0.48680477143783285, 0.6750414250134088, 1.2542648829621963, -1.182905940222443, -0.2251973149988895, -1.8335894320433637, 6.755079021439522e-2, -0.8523430913281519, 0.8663048261124701, 0.9854539086273252, -0.5698180185439096, -2.208564313568451, -1.1164060950017942, -0.5337342995481119, -0.2846404765894452, 0.24829945533416095, 0.7975521761760034, -0.31084097689905715, -0.18703837656804995, 0.848091303877561, -2.343001383809844, 1.7954069301784925, 0.8295935978153363, 1.0566762223667336, -1.9289190957143125, -0.13404423346235317, -0.8731283888884714, 1.4915952075097652, 1.3601470806292064, 0.7594509800980968, -1.456663786654661, -0.7355109561719094, -0.5667079767903658, 0.1335038975712175, 0.5243592531475125, -0.550705986294164, -1.0012504291798303, -0.535224767847887, -1.5070394044584214, -0.5420278535628962, 0.33304566939457575, 1.1219845501364791, 0.6240528630063721, -1.107838774730886, -1.111397543923876, -1.1244545766375487, 0.10456678981822412, 0.6771525146068119, 1.2439692793942758, 4.761139623254513e-2, 0.1883359049561905, -1.900970108085758, -0.15173364422414679, 0.5223567700555872, 1.2132470622622253, 0.37928788340243, 0.7963188159020441, -2.8881000238877172, 0.4044747632983031, 0.6955843830323742, 0.7940485893018955, 0.29864117797293394, 8.653177807413991e-3, 1.0948949513844601, -0.4114459436216289, 0.5899033057039185, -8.649663311230466e-2, 3.3383886195151334e-2, 0.31563046478589046, -0.3341521399326172, 0.8592117360957511, 0.12895042104711293, 0.5120461537419079, 0.804918728820542, 1.0721563436902368, 0.15544226847848294, -0.4964859070213302, -0.7137818991912683, 0.34873309228950405, 0.5631734873381989, 1.5746020058682233, -0.7259707108901576, -0.2013207515499774, -0.9872120901617629, 0.7423988932622246, -0.3799188272751707, 0.47235337424498997, 0.737283638158858, -0.5484453094760338, -0.3843509424972855, -1.2699440090037861, -0.584598960552766, 0.2935469719638044, 0.9355153613083282, 2.9872495891124864e-2, 0.9398210569325237, -0.5663051854191903, -0.4273816041401286, 0.23142027421163877, 0.8683210218404211, 0.708493952677124, 0.601931926131781, -9.734514783065473e-2, 0.9943916546153706, -0.2944091220561114, 1.097782363942667, 0.7715644076766991, 0.9840425595322475, 0.7261838630440497, -0.5716947131370984, -1.32221676745866, 0.6739127465245306, 0.3372664748238682, 0.6119702348545907, -0.14426044701466326, -0.27335518355267585, -2.1272412656856012, 1.3482326880549795, 0.11764352772260733, 1.130670168231696, -4.5855990569813064e-2, -8.609922303680405e-2, -0.22545244229230535, -2.209840072683499, -1.5745232241948255, 0.9675579881152817, 1.1380028469891472, -0.21998856621787333, 1.5156140084139664, -0.34709528135886797, -1.4069180900881733e-2, 2.7323371270876746e-3, 1.1268947885783325)
