seed <- 937
log.wt <- 0.0
penalty <- 2.8115950178536287e-8
intervals.send <- c()
intervals.recv <- c(56, 112, 225, 450, 900, 1800, 3600, 7200, 14400, 28800, 57600, 115200, 230400, 460800, 921600, 1843200, 3686400, 7372800, 14745600, 29491200, 58982400)
dev.null <- 358759.0022669336
df.null <- 35567
dev.resid <- 226185.19492857298
df.resid <- 35402
df <- 165
coefs <- c(6.493631030800697, 5.786839380265386, 5.800353934352211, 5.310958689305748, 5.045934240851113, 4.873258635381241, 4.756295782895138, 4.635911920136846, 4.383715762588633, 4.313125233978536, 4.307850319812601, 4.178720515019315, 3.9981511542788395, 3.9584368889585093, 3.754338060101351, 3.5347633266738137, 3.252388365479186, 2.9620270086172686, 2.4944503431680483, 2.080706826447285, 1.6127066685227718, 0.922703631227105, 0.9236870914377018, 2.818706294460271e-2, 0.5755146374648831, -1.7160257836886723, -8.57297556555009e-2, 0.9942268942510528, 1.0455995710296875, -0.9873583739375364, -2.8227736870257107, -2.5769186348208404, -0.45725311411058106, 0.7387015059650429, 1.272858379194587, -0.6830852872207064, -0.28285275290203166, -1.1525600836473797, 4.744845467050211e-2, -0.7670106541040083, 0.9083729020392879, 0.5649087531414884, -0.8924595865004614, -1.950034428996407, -0.8580308405535896, -0.8025713067939154, -0.11512500610122545, 0.34772602203606023, 0.3971385004453896, -0.7148495805692305, -7.001117322851985e-2, 1.0444321325649508, -2.473614949610253, 1.7379795592930096, 0.8700245678748812, 1.1422916739984323, -2.3159945104070525, -0.3679480452348982, -0.3780776341323764, 1.2023888423358728, 0.5881021549563404, 0.7263322022411224, -1.7390318071029296, -1.4774247751565939, -0.5679112133129941, -5.292282438896195e-2, 0.6225622343357907, -0.29521373852750243, -0.6747268698016549, -0.4541111783346775, -2.003425186302247, -0.3978565563801418, 0.42624704583144335, 1.0738019049554237, 0.6415418703622822, -1.135787478285553, -1.2222106815235407, -1.3073275838634826, 0.16961343538432577, 0.6405597920211256, 1.1527468255900966, 0.18556720211451147, 1.7015988602356997e-2, -1.6182655743685512, -0.4160444827575152, 0.5443005159789884, 1.2589659770123338, 0.33712318611637576, 0.8698737107184304, -1.774637907685692, 0.48438272272308097, 0.775666619028329, 0.7875721940786957, 0.3386154661874405, 9.188472672935835e-2, 1.2796242275090093, -3.401197234698494e-2, 0.5977738591346109, -0.3752568537236297, -2.3460910498303143e-2, 0.3721704320110413, -0.4255770688963614, 0.7739832679129882, 0.17155689203657437, 0.7617318728078014, 0.8559657556433277, 0.8916050259956673, -0.3758910721528223, -6.210052925088795e-2, -1.1498597381671156, 0.5388861313152236, 0.539580455003326, 1.585591214855016, -0.561896139290388, -6.43894376249546e-2, -0.8294835639867935, 0.755088940280456, -0.3265089740836457, 0.5251336336337197, 0.5317764548674996, -1.322192727228056, -0.44360157563061475, -1.1136928161674566, -1.925337743728478e-2, 0.34477622826923865, 0.7887317067510417, -5.9119869299236204e-2, 0.8167706553066045, -0.9697554106671608, -0.4030893668567099, 0.21515091438192363, 0.8027769388786008, 0.8630776857301271, 0.5672542334221664, -3.952774914997608e-3, 1.1611066568884907, -0.34089796968488295, 1.0775052380243957, 0.8031477328641468, 0.938543978928943, 0.7947495639006745, -0.6424869989158307, -1.2661051801818515, 0.5798481420978483, 0.6587407257318391, 0.6506704998808491, -0.27451235284836856, -0.5786021966608306, -2.0636263056861495, 1.1672468801247147, 0.1585710803521022, 1.1625647820504457, -0.11987311534118271, -4.483769091777424e-2, -0.17460275325760824, -1.697229200547294, -1.391618285674557, 1.016763546089862, 1.1753451002810071, -7.492993268164372e-2, 1.5418770608951502, -0.22665223927229186, -4.354246099691471e-2, 3.6959729611040896e-3, 1.1437444642235326)
