seed <- 643
log.wt <- 0.0
penalty <- 2.8115950178536287e-8
intervals.send <- c()
intervals.recv <- c(56, 112, 225, 450, 900, 1800, 3600, 7200, 14400, 28800, 57600, 115200, 230400, 460800, 921600, 1843200, 3686400, 7372800, 14745600, 29491200, 58982400)
dev.null <- 358759.0022669336
df.null <- 35567
dev.resid <- 225315.36088572125
df.resid <- 35402
df <- 165
coefs <- c(6.484604033483982, 5.94680703384162, 5.785744387094118, 5.31647548579089, 5.134648191303689, 4.858370403959735, 4.780414338611185, 4.69706149880059, 4.386165677545131, 4.319503129167811, 4.337238021104309, 4.185900928191302, 3.987102941952729, 3.986724089789099, 3.7566999985172407, 3.537522638152857, 3.249770793471501, 2.9518936566621337, 2.4617666143917543, 2.039413069778947, 1.7659079526909964, 0.9286432543331141, 1.1586191301515463, 0.5341307863756241, 0.34570059803724495, -0.8617443945676639, -0.45495666010610875, 1.0611807874166432, 1.079415243700317, -1.001917760936368, -2.5423393414212074, -2.61417432624422, -0.429590305860402, 0.7288495892652974, 1.4373533185631315, -1.475501939746045, -0.5440268762414194, -1.1694940936742069, 0.25551538111424915, -1.3272122252102756, 0.9060213659683264, 0.8625757210850652, -0.7134378464685538, -2.196403250393038, -0.7395416526718644, -0.9217835431101407, -1.1469562577104877, 0.36202179203052903, 0.34557200505434493, -0.6146280233160842, -4.0543377157741436e-2, 1.0405713584444303, -2.601848381039299, 1.6207517027252096, 0.7934315850896728, 1.0992463676716284, -2.421754603937316, -7.738311449101179e-2, -0.41564009164864185, 1.3146736775559327, 1.039961381645472, 0.7336914331619823, -2.065512145009121, -1.106529899339898, -0.6490126088556096, 0.32905971493735503, 0.7252575300541216, -0.22630015596264835, -1.598697611299528, -0.8080848414192782, -2.358723056837282, 6.132440852125922e-2, 0.39294916576543876, 0.9353233443649538, 0.7414815054950806, -0.9393177719210913, -1.0895290440863432, -1.5082997659589548, 0.1076476746600933, 0.7694791016805979, 1.3316134629920087, 0.2638189578991959, -2.6992382983969648e-2, -2.209956536194631, -0.4873099376536994, 0.24568750724924962, 1.2949045714848393, 0.4821128605443391, 0.8778670282990649, -2.1358003819883122, 0.5339359064700492, 0.67246020039361, 0.8842059887664919, 0.32479430245006746, -6.1816536499931546e-2, 1.330660712602259, 0.2575541034871767, 0.3943495999586776, -0.12307593952696166, -0.20536655309296248, 0.3818760970757438, -0.40203811028608644, 0.7334643148231517, 4.740229101930898e-2, 0.7112808530920763, 0.8270642947194389, 1.2662331588924518, -0.12205802958112989, -0.5807808656821055, -0.929107072596181, 0.4693192830693762, 0.6553933597095858, 1.6130351080310406, -0.6023122298376111, -0.36975187839660045, -0.8968084903560882, 0.8939389594857404, -0.22234046421058817, 0.5400040979521344, 0.6189222259998796, -0.28776813074110014, -0.526369790452076, -1.1536416003022953, -0.12259499739895806, 0.25005417606849656, 0.8768596088720777, 6.386725691982167e-2, 1.075279119509098, -0.7348351278646761, -0.4033063894742444, 0.4592213923461583, 0.9800906895389262, 0.5076497318540094, 0.5764147361817628, 1.773732634512242e-2, 1.1234155593483461, -0.2980260669307714, 1.0939795088896926, 0.72553017641011, 1.023663633766084, 0.8457886445623642, -0.5204417748602922, -0.971619106856283, 0.6187499016037363, -0.1064606020742802, 0.47544112367411984, -0.14935560985587928, -0.5121538105065179, -2.03542143500588, 1.2549193076869543, 0.14187071940771961, 1.2402993185455904, -2.6776699058492018e-2, -0.1198302711013697, 0.12031633463114373, -2.013057688706382, -0.8830405734511138, 0.7404356300154779, 1.208127264449403, -0.14949866799364037, 1.5655685167749607, -0.3877773151890133, -0.19947609754824067, 5.856190369975424e-3, 1.2843680917935103)
