seed <- 949
log.wt <- 0.0
penalty <- 2.8115950178536287e-8
intervals.send <- c()
intervals.recv <- c(56, 112, 225, 450, 900, 1800, 3600, 7200, 14400, 28800, 57600, 115200, 230400, 460800, 921600, 1843200, 3686400, 7372800, 14745600, 29491200, 58982400)
dev.null <- 358759.0022669336
df.null <- 35567
dev.resid <- 226283.2384907099
df.resid <- 35402
df <- 165
coefs <- c(6.544206099690008, 5.970398717013225, 5.648133679763779, 5.3648854886359745, 5.024123246824371, 4.95871570117749, 4.645536889643573, 4.604022409238158, 4.315224614385729, 4.189477281571734, 4.300622069193777, 4.165825069346886, 3.9669613203678336, 3.921643929829219, 3.72639517593779, 3.502949503551667, 3.2580270579421144, 2.943116765771868, 2.48187859274925, 2.001837353346589, 1.6680033452580931, 0.9369870014939259, 1.0817455006947867, 0.16685782731840448, 0.5694699538991792, -1.273509911694018, -0.3489113428308961, 0.9404838516895428, 1.0327452064281655, -1.0261481335674674, -3.249293609659083, -1.9761843384559172, -0.41662183159001315, 0.7680464082399237, 1.2547224170825244, -1.1073543520313425, 0.2693356646072705, -1.2171395251631774, 3.948818578135033e-2, -1.006913316246534, 0.8757435681460464, 0.9331536415017105, -0.84534331631007, -1.69256084934614, -0.8410737505162417, -0.7254654907100188, -1.3760584620437126, 6.49458042394534e-2, 0.46042096562896145, -0.7898131823201354, 0.210856406945233, 0.8811972906909222, -2.5215572742123755, 1.6249927939882725, 0.8706744664901359, 1.2038441319966335, -1.695439448809474, -0.29633830924964943, -0.21045925207940408, 1.1761836968582555, 0.9895077140271155, 1.0128805060369792, -1.1352174123642955, -0.8698743759831873, -0.3158185293995347, 0.22638846795818096, 0.6695896184800059, -0.4058002785963531, -1.0480402547595717, -0.6222014672633106, -2.017682605843307, 8.562199218929502e-2, 0.7437990632758471, 1.0002592370092218, 0.7043736787581845, -1.01087747600202, -1.2370038153713956, -1.42240420627225, 6.365471348401308e-2, 0.5902582631554188, 0.9960757977199887, 0.11060107635356915, 0.27052006556650926, -1.6157482844122422, -1.1300350247856634, 0.521918356723163, 1.1846731042100431, 0.32193023844643476, 0.8270859954112282, -1.2106613363439838, 0.6234647235569137, 0.6702614502795385, 0.7812932545852028, 0.5242468596007424, 0.2316543895228169, 1.4497902008825498, -8.769975276252001e-2, 0.634280495959255, -3.6799605092337984e-2, 0.10090711541288243, 0.395618988892089, -0.37941033533784524, 1.064137046976289, 0.27080284253520676, 0.9257692937573071, 0.8932935944221662, 1.1253597658980856, -7.119943729031858e-2, -0.4296993348104476, -1.3220039909452983, 0.31541131253234367, 0.6392866826924879, 1.52286384046984, -1.2945712580063797, -8.655310635679239e-2, -1.7661611979906249, 0.7251134232515882, -0.17944545749879592, 0.5517844084807313, 0.6296405985812333, -1.2173645291243285, -0.4726585181622589, -1.5852428756923969, -0.2507677973587227, 0.24989535526637577, 0.7553509589086779, 0.12341933847337024, 0.998610564036538, -1.0534746829998405, -0.4885343350978381, 0.45263166774721675, 0.8663579422551957, 0.8483866625247611, 0.43270129871990404, -0.13562015794744414, 1.1272363074816965, -0.5362265681575397, 0.9574906717745606, 0.7457269063165679, 0.9716889001813815, 0.7025571804343269, -0.781796116605597, -1.1787335615472054, 0.488078889889735, 0.2627510795267387, 0.5276710024966628, -0.35377503063575694, -0.4219706591389481, -1.8105246582791605, 1.164252636451353, 0.14161089461235718, 1.2199195836695054, -0.20510742934394025, -0.1393937636851372, -0.18548433347903498, -2.1331748784802746, -1.2788724620069227, 0.9454142313397188, 1.140763736335888, -0.4506378616845522, 1.5171778908060227, -0.3284339010549661, -0.12108767606367066, -8.46790714653253e-2, 1.128948448270642)
