seed <- 632
log.wt <- -15.483005158357859
penalty <- 2.8115950178536287e-8
intervals.send <- c()
intervals.recv <- c(56, 112, 225, 450, 900, 1800, 3600, 7200, 14400, 28800, 57600, 115200, 230400, 460800, 921600, 1843200, 3686400, 7372800, 14745600, 29491200, 58982400)
dev.null <- 358759.0022669336
df.null <- 35567
dev.resid <- 225743.4827926052
df.resid <- 35402
df <- 165
coefs <- c(6.561601108781682, 5.692286194962533, 5.611216418468971, 5.305156761984452, 5.083161096023985, 4.9207425219166305, 4.808159350973929, 4.632354360199965, 4.401926575855613, 4.263575712235025, 4.295816544419551, 4.17265729512592, 4.033705880353384, 3.990617975611951, 3.7663360620493296, 3.5090612902882827, 3.2367820834716774, 2.9369080195136488, 2.483856084455212, 2.0484988368980006, 1.6622211850273756, 0.896725233800481, 1.1428175600258923, 0.4850193416388213, 0.13513457739399992, -1.8009719682160883, -5.275664822019142e-2, 0.9439114405896787, 0.9676010507572111, -1.1294305220592902, -2.1536655035496346, -1.948750631982577, -0.46333721007521506, 0.7438791535619269, 1.4110784942732397, -1.0315962840827562, -0.7892038032649282, -1.882237868891173, 0.11327822754948152, -0.3791628666651739, 0.8422765880968877, 0.9863937768230643, -0.6779392446401028, -1.633251997037022, -0.987731259702895, -0.6698631266120417, -1.109795045233353, 0.23538346309194402, 0.7087860032068704, -1.0599241961109616, -0.14448569036572953, 0.7715390222013276, -2.153574564822776, 1.7492209247735622, 0.772862252511634, 0.9819474853755433, -1.8737729130916176, -0.4297865554087096, -0.4842669812112393, 1.0519196850603365, 1.2693915859742995, 0.9396916920488941, -2.1222325623127207, -0.501104717718663, -0.5727261406527119, 0.2997929634332118, 0.600738892799249, -0.6913738864080338, -0.8963328227405004, -0.6027469902435383, -1.9514202112302295, -0.7204841702255224, 0.5397023745698826, 1.1836785711865951, 0.746872667679216, -1.1207920855047615, -0.9954449091401891, -1.3758217348480835, -2.5803387061862863e-2, 0.5662352511231188, 1.01850045758547, 8.162788385182455e-2, -0.22961506791192574, -1.495152036027644, -0.4910701642483345, 0.6735290467609047, 1.309776224687933, 0.22706531706780872, 0.8535719515004335, -2.1914842833252988, 0.45156174408325606, 0.6560046511559908, 0.7677044668742599, 0.3636796323354961, 0.1267804310804812, 1.5930967214737533, -0.618176973186433, 0.3267504242262122, -1.3000523062402595e-2, 0.1556854753812824, 0.3384823511036273, -1.1820466862392847, 0.735883019637453, 0.4111644947709934, 0.8514311412190936, 0.8590430308042541, 1.1900187359591872, -0.7670199283556882, -0.22396536040874812, -0.5559218254178967, 0.43130010007338465, 0.6367405821859149, 1.5027862461664945, -0.39561806175927594, -0.19127720718008942, -0.7917873577255182, 0.7213029427973486, -0.18084358288168093, 0.49215259449479637, 0.740349923855704, -1.0796807495646394, -0.26322882409790793, -1.3791833705564196, -0.49642390032220823, 0.19217394598170448, 0.9384661618397829, -0.12336846388828035, 0.8035556302661475, -0.8718387934578796, -0.4451299520366683, 0.36260763446003796, 0.9453553888700752, 0.7882597927457972, 0.5905833781457791, 0.14469074554648242, 1.110615853917931, -0.43355860052164846, 1.1165881311161645, 0.6646705945542978, 0.8354515557065769, 0.7656233138299582, -0.6815596734532157, -1.0333251989745553, 0.7589098664910476, 0.39600487763544207, 0.7545624164810312, -0.23064231025052456, -0.8622017299932935, -1.9719075248637283, 1.2804431852385407, 7.83124493074174e-2, 1.0776948731616423, -0.1774225281740584, 6.497494628169002e-2, 8.296705426765554e-2, -1.7957819717900885, -0.6351821608532154, 1.0934891538846487, 1.1963831392314725, -0.48587239113982306, 1.430319606394626, -9.650385499323764e-2, -0.13197514657341342, -0.2668900684068164, 1.1458732049360814)
