seed <- 1042
log.wt <- -15.32711015057576
penalty <- 2.8115950178536287e-8
intervals.send <- c()
intervals.recv <- c(56, 112, 225, 450, 900, 1800, 3600, 7200, 14400, 28800, 57600, 115200, 230400, 460800, 921600, 1843200, 3686400, 7372800, 14745600, 29491200, 58982400)
dev.null <- 358759.0022669336
df.null <- 35567
dev.resid <- 226478.60933159164
df.resid <- 35402
df <- 165
coefs <- c(6.576605569329748, 5.743237509661553, 5.575856779902872, 5.269989323344626, 5.1520140382507496, 4.795525250851152, 4.765126237720276, 4.671718317588476, 4.348145976777987, 4.293165236848235, 4.287357102165403, 4.1648022297927785, 4.003011032738906, 3.943565111789886, 3.7556555418074096, 3.5276882810382144, 3.245387109377647, 2.9431964395611816, 2.4643892326998467, 2.0739324375552743, 1.5367494682779768, 0.8949927041763464, 0.9169960480948302, 0.48691589842402805, 0.1369693303962461, -1.8313465433468386, -7.427100809819417e-2, 0.9472001063010101, 1.0981637689696284, -1.162630598825679, -2.0340655369839524, -2.565026894483743, -3.539307034925895e-2, 0.7645833959487228, 1.2030296198936121, -0.7016210253187889, -0.5822881528859613, -0.7899760508868473, 0.19156269420887215, -0.7957569891087557, 0.9364116946186909, 0.8899015019491032, -0.644324970687761, -1.3927170764049879, -1.0640953016858095, -0.66237735016782, 0.12904379949226566, 0.24844846663987014, 0.4624307731789995, -0.421993847616628, 7.203191985697728e-2, 0.9758937558904315, -2.7066406029487524, 1.5811029678884803, 0.7666470238873395, 0.7965434094740279, -2.3876136684487843, -7.05524412553109e-2, -0.6662517329264341, 1.213662276561558, 1.1766257034230598, 0.6721042392531283, -1.7837575875478227, -0.873735554587307, -0.5146709377533917, -7.258476941483186e-2, 0.5922808037455686, -0.3001521721557103, -0.7066481778353234, -0.7678759724043717, -1.8345974926035231, -0.4270358976469374, 0.3986656043132149, 1.0265752556239447, 0.6147193231636326, -0.8403408799976085, -1.2047865133607811, -1.0270234844065793, 1.163730525720824e-2, 0.612187777219027, 1.1128565692594998, 0.10423159548593122, 0.3031928747517393, -1.475280858621795, -0.49591743997085547, 0.500246731329628, 1.2734789630545047, 0.5028809058722311, 0.9079912307979744, -1.7376824053472169, 0.33045883453388025, 0.7777288677280789, 0.7487760899274775, 0.312707812289958, 7.564518938687627e-2, 1.10107799544096, -0.35669520676494604, 0.3895478770698222, -0.20451617814737297, 0.164811673086642, 0.2435576567706983, -0.5323381248136528, 0.7215756184559677, 4.986586988595734e-2, 0.723971649489402, 0.8275905979883522, 1.0080926228934948, -9.632691239964153e-2, -0.33381021679764433, -0.7664051364262929, 0.35473208251384897, 0.42157351498150175, 1.6007875361930228, -0.34434188549873607, -0.2613762491472654, -1.1367675737368896, 0.7470388774012245, -0.3366927147916064, 0.35086848713290947, 0.33774680833753024, -0.8309242957162106, -0.6073966487636452, -1.2024264918663663, -0.6543986985510636, 0.21084838602986683, 0.6831545678619105, -8.571879859274491e-2, 0.9749308166113131, -0.7240081599419532, -0.4408110850671172, 0.29029015173518674, 0.7572635743072286, 0.8627186073331314, 0.4524497410950542, -3.611658071160504e-2, 1.1645101884959084, -0.34374820006573614, 0.8650770042001723, 0.6184523084887786, 0.9087128418592094, 0.7033027181962808, -0.5705858018317314, -1.5019006363156135, 0.5314037714630998, 0.32611611393313605, 0.5102613313038775, -0.3995118599677027, -0.7659076568901486, -1.7882123812605857, 1.160626721804381, 7.558743460682316e-2, 1.1709838760394429, -0.23845933842275127, -5.5210740371303586e-2, -0.27440893153528706, -1.9762540971871092, -0.7638908204421763, 0.8659330513648195, 1.194074723541154, -0.2467303654928134, 1.5602983620093966, -0.3032614953974781, -9.115377356383735e-2, 0.10371025796438467, 1.1202718124099538)
