seed <- 1084
log.wt <- 0.0
penalty <- 2.8115950178536287e-8
intervals.send <- c()
intervals.recv <- c(56, 112, 225, 450, 900, 1800, 3600, 7200, 14400, 28800, 57600, 115200, 230400, 460800, 921600, 1843200, 3686400, 7372800, 14745600, 29491200, 58982400)
dev.null <- 358759.0022669336
df.null <- 35567
dev.resid <- 226108.2166881582
df.resid <- 35402
df <- 165
coefs <- c(6.586196685296025, 5.914667583733185, 5.684677071739273, 5.348711665020406, 5.081067443721075, 4.778349120970407, 4.78971592519337, 4.662946147003012, 4.355921137880722, 4.279942991717387, 4.316578635043091, 4.158811675662816, 4.055849821437809, 3.9508347744724484, 3.7313799526008697, 3.5330805553979188, 3.2339273977081433, 2.948391582864027, 2.5235633046006565, 2.069175601332688, 1.6996617986962752, 0.9216700305023988, 1.0196344213611166, 0.3160985126229345, -0.1360886766929061, -1.8010750461442984, -0.22612208676812248, 0.8148485676993023, 1.1041681405123105, -0.9121245694073683, -2.413344243734118, -1.9929593630114688, -0.4010122861169359, 0.7915950482388285, 1.2938060787506125, -1.4427383697143452, 0.17401137670932956, -0.7337283763645314, 6.419128736727095e-2, -1.0705663229287776, 0.9836399254452652, 0.8740762572646896, -1.0236588189034126, -1.9353292553725598, -1.206600036961798, -0.6364735730376224, -0.2856240112727588, 0.33158357235066, -4.353728036160075e-2, -0.965972128646289, -0.3916114261060548, 1.0921941257446985, -2.945366922448357, 1.7188460486000265, 0.7767538019565986, 0.980958034957075, -1.919381561691594, -0.47893794521960636, -0.7552854584850743, 1.2761390728227013, 0.5155205493602631, 0.8328203499184721, -1.7813640789315557, -0.5552065924884281, -0.4436873119501807, -1.529634772776793e-2, 0.7396578611837092, -0.19759787433374637, -0.8862661713077079, -0.46635529109614965, -1.5034703962012468, 0.17442594445509718, 0.3441117849170071, 1.0881543858429705, 0.715934896557106, -0.5585935637775612, -1.3292172038654593, -0.9692115900946525, 9.202258139917381e-2, 0.7142106549796075, 1.1062549926424783, 1.1626954339351504e-2, 0.12554186333049752, -1.8936129383111728, -0.3335200167343069, 0.26889489266867994, 1.2601182724224387, 0.5458359571232472, 0.9992626557716979, -1.820428286268842, 0.3706167545671733, 0.7980762754400417, 0.7519977849950826, 0.29765694889008393, -0.2940589437065074, 1.2046022777253405, -0.12941309177522634, 0.5302402346381744, 0.2060995981597495, -0.6950877831554281, 0.21019884531094607, -1.3547013390140474, 0.898080401405624, -8.60432560695398e-2, 0.5645653420824812, 0.8562504654650129, 1.0820999805978877, -0.5258459802411741, -0.216371584070134, -0.7674003243897828, 0.3813817220384692, 0.5041709711862589, 1.6381492647262215, -0.8398664494560991, -0.23425840246012702, -1.274616510927271, 0.7457413082809342, -0.30280479960781265, 0.5118101921967847, 0.6191848987646932, -0.44030709367321785, -0.453715197162208, -1.3930127877850085, -0.6380674473705263, 0.3487803454815087, 0.8879516903403316, -2.2398744564317986e-2, 0.9770555217347416, -0.4961573194662439, -0.2886038171869004, 0.2970861103787338, 0.9006946826848147, 0.8386588387328305, 0.43853017197734945, 0.11061114110783048, 1.0859109097763209, -0.3319688426250631, 1.180233174376491, 0.7706487452338928, 0.997262956199248, 0.6914221085369422, -0.6624205060752297, -1.0129085618777474, 0.5511157767975622, 5.279732863284781e-2, 0.5925311388651512, -0.1499034942264982, -0.3596494927231763, -1.8156931804752046, 1.4015406109919646, 0.1536335561206851, 1.1881786374058831, -0.1382499327214796, -4.3203515212569064e-2, -0.4786312750722808, -1.5116474499571184, -0.625862135044884, 0.97071989879629, 1.2036769561643175, -0.16578932908590827, 1.5817342841161024, -0.15101919960474813, -0.10775349220486666, -0.16919582100201783, 1.1876857717277942)
