seed <- 446
log.wt <- 0.0
penalty <- 2.8115950178536287e-8
intervals.send <- c()
intervals.recv <- c(56, 112, 225, 450, 900, 1800, 3600, 7200, 14400, 28800, 57600, 115200, 230400, 460800, 921600, 1843200, 3686400, 7372800, 14745600, 29491200, 58982400)
dev.null <- 358759.0022669336
df.null <- 35567
dev.resid <- 225730.18442462818
df.resid <- 35402
df <- 165
coefs <- c(6.301778855717153, 5.938877247690058, 5.718729939998574, 5.166171626044088, 5.0206079457342385, 4.852910623169287, 4.727743205464402, 4.664425128266285, 4.37272929621487, 4.267024498993954, 4.307154533981807, 4.15503453699563, 3.9671226437255207, 3.9294406123602736, 3.7554792740639424, 3.5350325295565557, 3.2780859322217992, 2.942833796451282, 2.49857875973609, 2.0610190743224095, 1.643407909238669, 0.9625688581713518, 1.0533844979039673, 0.315880787598027, 0.42909000024677046, -1.2060688436142615, -0.34721441339567594, 0.8844243044350796, 1.1244263285446199, -1.5114899700468096, -2.354400576123058, -2.3168648596071106, -0.13208341646210287, 0.8731419886558272, 1.386123770396689, -0.893711772589765, -0.5324591425968026, -1.2871041614772742, 4.1510001554276976e-2, -1.076229700368494, 0.9713120880554147, 1.104358249499576, -0.7538333780188743, -2.1167611937606563, -1.7344560429921627, -0.690853570071328, -0.5487230991636469, 0.19918856259238804, 0.6307279749304204, -0.46705678714615406, -0.19077954293684607, 0.5200644057333632, -2.7096299788913245, 1.759542144334558, 0.6906159336443501, 1.0562695164576208, -2.301177326905511, -0.2478372969597741, -0.49031736292877137, 1.4709090579118578, 1.0162358836587955, 0.7515971924487231, -2.035033600753493, -1.1385323326073293, -0.6438629552085352, 0.5007795231034924, 0.643597915376394, -0.32173220312912293, -1.6981130744065898, -0.7317203281586052, -2.4290028061119173, -0.6833155615378074, 0.5624363965512068, 0.8966240635355911, 0.6939044904753823, -0.9720822753424032, -1.657506682458571, -1.2277804242224726, 6.230241049303829e-2, 0.719224687726663, 1.361852419558615, -7.990486268318385e-2, 0.18929370333685208, -1.4309678281876719, -0.9087213879351722, 0.4661267646443989, 1.2226397406663168, 0.6703416014883207, 0.9879552193348905, -2.401341064423463, 0.4657354911065563, 0.6905593081199977, 0.9073901150367636, 0.3015429772265785, 0.2801194783796976, 1.495583077743858, -0.606819055631835, 0.39745975276668105, 0.29455479397661155, 0.314935323928889, 0.43145495791242194, -0.1872829034586934, 0.8030688121388257, -2.639451597216715e-2, 0.9131371212365714, 0.8845616878236663, 1.103482910751153, -0.30769087597869393, -4.607637137901317e-2, -1.008302595161214, 0.5778415419739859, 0.7386969792136308, 1.650705308712922, -1.2314708027233243, -0.2902893808148555, -1.2202234373423106, 0.9413862332594982, -0.18755666132198962, 0.3917066622663554, 0.4430396375905993, -0.5401195253424196, -0.49702581718067795, -1.1225695845298556, -0.6055361928292808, 0.31967371618585005, 0.9214947302613082, -8.618672828558345e-2, 1.1285627212825662, -0.47853281909152734, -0.38710199890654107, 0.2592577669046386, 0.9184071485706414, 0.9161405596033185, 0.5600990123689035, -0.14925803553827002, 1.0500140321188236, -0.3279867402013386, 1.155301087014913, 0.7329370719745858, 1.1036598858375521, 0.8741621720968599, -0.7130090800674842, -0.9676337268614886, 0.6657222175167203, 0.5182155691171758, 0.5352375867149557, -0.15555712638602895, -0.3527266485817921, -1.753071513680277, 1.3448347271574619, 0.2024755140771133, 1.2366190035479272, -4.265444577882995e-2, 1.6168286291362337e-2, -0.22769179487360605, -2.193044451230148, -1.4386509012224797, 0.8584138321003811, 1.169961734893558, -3.336949718880733e-2, 1.6065302516939028, -0.22694529649665032, -0.11602308556851337, 6.708108683895966e-2, 1.38908906444844)
