seed <- 1035
log.wt <- 0.0
penalty <- 2.8115950178536287e-8
intervals.send <- c()
intervals.recv <- c(56, 112, 225, 450, 900, 1800, 3600, 7200, 14400, 28800, 57600, 115200, 230400, 460800, 921600, 1843200, 3686400, 7372800, 14745600, 29491200, 58982400)
dev.null <- 358759.0022669336
df.null <- 35567
dev.resid <- 226028.64405767532
df.resid <- 35402
df <- 165
coefs <- c(6.27476431570437, 5.882128042066917, 5.602366202903722, 5.357534752590517, 5.031375460017133, 4.799368013605542, 4.728607479003414, 4.517062358579086, 4.387420708547198, 4.267354608991241, 4.300250557639221, 4.139568077796268, 4.00322102432088, 3.9363981019833463, 3.7597409748206916, 3.5447263417723467, 3.251674556938071, 2.9919233507826135, 2.515975006546161, 2.0503550738348495, 1.5300620399390172, 0.8922424544246057, 1.077057772055151, 0.3987761468784465, 7.271120192880436e-2, -0.8972803600065677, -0.27684532717314303, 0.9123468883140434, 1.0741792605914593, -1.0670154762497093, -2.4161089089607635, -2.918380586163898, -0.3079995825530112, 0.7466308956354843, 1.3678827115458172, -1.1094281002599538, -0.5416793397361133, -1.2537148603384167, 7.092106241496657e-2, -0.2806408749803435, 0.9403724669799283, 0.6870535492639522, -0.9236900513107249, -1.8810469969839565, -0.6832311906830478, -0.5760586696056521, -0.9241148353212445, 3.1145893504936135e-2, 0.6169287809262998, -0.6691841410612245, 7.904115101765698e-2, 0.8757981096472649, -2.275214351332602, 1.6024990760094011, 0.8338046683411364, 1.1708584492715044, -2.3003250987944273, -5.731345641312352e-2, -0.31739717724513195, 1.5296568362613165, 1.152292473113402, 0.8125752489618173, -1.4131373845505282, -1.1480633159854237, -0.706675448957083, 0.43582407940483975, 0.6502186905294641, -0.41634172609630954, -1.57416834476205, -0.6244914048652269, -1.6444042913102868, 4.448556167983564e-2, 0.5930317883081441, 1.0066712219980456, 0.6758474575183131, -0.6451626225204253, -1.2947679367646, -1.1792294961223304, -2.31766833243021e-2, 0.7240007321280368, 1.2920694246833893, 0.18747490912195583, 0.21045509299028786, -1.6068310401893346, -0.6881312287701348, 0.4637503397066877, 1.1912597915762788, 0.4808815034304279, 0.842584979722945, -2.302473886227906, 0.534695514119874, 0.7523118935646655, 0.8158717039083487, 0.31555379323986255, -0.376632427503333, 1.2726570452115977, -0.3449950958398961, 0.5414125238117344, 7.252462128943737e-2, -1.816005275992487e-2, 0.31151869883675665, -0.5593040522655843, 0.9495534459487729, 0.1379300012627769, 0.5322518092759692, 0.8351832870878733, 1.2169734101362002, -0.8668818252140396, -0.30667783274979976, -1.1976850734886708, 0.4142603135262204, 0.438026161169838, 1.6024834372035106, -0.37357242744442537, -0.27715674731093926, -1.0562875816470918, 0.8372008407019899, -0.33477419713254525, 0.6289026446601178, 0.6090719079755135, -0.49494030927972427, -0.48233389461984555, -1.7357385352283217, -0.6404346733894959, 0.3059983171929464, 0.8102678247907857, -7.544725367148293e-2, 1.081932492694173, -0.5416409050932718, -0.4761844282155097, 0.3598890516638403, 0.9406187585515408, 0.8291872382552031, 0.3236837063482753, 2.7407852671753084e-2, 0.9818224028594066, -0.29826640024656303, 0.9780755372464137, 0.7834112314785883, 1.029716246284682, 0.8081749594791421, -0.8149180124104094, -1.6083857644243489, 0.645120358916855, 0.39933794241131726, 0.5989762515729556, -0.2893387946782242, -0.42772986295678816, -2.028639708846593, 1.219986017433125, 0.16427913565951177, 1.246182992180307, -0.1074866767827192, -9.334517086718053e-2, 9.77381275295039e-3, -1.8883915433167515, -1.2870656185675047, 0.7531290371151899, 1.1837977916156084, -0.5286836628285403, 1.5264266856199105, -0.2521107458387666, -0.20038304149908362, 0.12912408350505838, 1.2292830606196976)
