seed <- 178
log.wt <- 0.0
penalty <- 2.8115950178536287e-8
intervals.send <- c()
intervals.recv <- c(56, 112, 225, 450, 900, 1800, 3600, 7200, 14400, 28800, 57600, 115200, 230400, 460800, 921600, 1843200, 3686400, 7372800, 14745600, 29491200, 58982400)
dev.null <- 358759.0022669336
df.null <- 35567
dev.resid <- 226529.21300980056
df.resid <- 35402
df <- 165
coefs <- c(6.628010454880489, 5.850456542374633, 5.757833385938485, 5.263907775595148, 5.087332469332564, 4.764697781807254, 4.648564177748229, 4.596727748191223, 4.397969582800811, 4.291604644669264, 4.267273416662232, 4.150432027368862, 4.025886241522162, 3.9401538038053934, 3.7437547442540975, 3.518110453625205, 3.2368858993910696, 2.9566695249130133, 2.4777056875630348, 2.0294101851576536, 1.5266438018789321, 0.9390979940598048, 0.9570221458985729, 0.4033037299029643, 0.4342776833234966, -1.5472184705933276, -0.16332547458120789, 0.9041043772479715, 1.117267158704851, -1.445127544261773, -2.4980424363245, -1.7425697445785497, -0.5203099079229243, 0.7894434333299728, 1.39892423457586, -1.170188188718195, 0.2001645259549538, -1.4639896789740334, 0.3499943951787768, -0.6096893589394208, 0.9849648779913024, 1.0369406943584916, -1.0105224385013514, -1.9870356173224992, -0.7826284947113008, -0.8172065321068419, -0.5757216867323015, -0.6094197287471899, -5.50870452041481e-2, -0.3386277422482727, 4.549615168944502e-2, 0.9417000556560007, -2.7442237052225322, 1.7078716421696112, 0.9194754157067905, 1.0948717218576414, -2.4203210558203283, -0.11893711483695658, -0.25998032035507707, 1.3512903610065863, 0.8635081514199672, 0.7336676175833231, -2.4115901387793306, -1.348825852507673, -0.848669612006242, 0.28880114979209354, 0.6396354766715964, -0.4149846983872044, -0.8887558269398598, -0.7901927614857085, -2.096442149517842, -0.4790536398838182, 0.5187375398058325, 0.9436359801079363, 0.8613018771863831, -0.8007088556698989, -1.2205533523111955, -0.8135417009110923, 4.4444890417372616e-2, 0.6923923122618874, 1.2267730677979343, 7.7315461293448e-2, 0.1305799977430038, -1.4826320939449562, -0.5447594788128161, 0.4088124909228547, 1.3728640946545179, 0.5369877795183955, 0.9890132430180948, -2.1717016240458755, 0.48699337439307766, 0.6397525665638227, 0.7735227113939181, 0.38712949057816753, -3.400341591700882e-2, 1.273057122250457, -0.3923266229753715, 0.4556349082381385, -0.35168180283161193, -0.7909690467920354, 0.2541171336417017, -0.1810923140008744, 0.888977360079241, 2.592611354369865e-2, 0.6089324132935696, 0.8458752093342659, 1.096917206298878, 0.2026222521949489, -4.841148535519522e-2, -0.8668535409978753, 0.5676017729402066, 0.5810463131408843, 1.6112196038458766, -0.8603223589844838, -0.2573233293399392, -1.1556561610303948, 0.7773268534343986, -0.3185737945021844, 0.5803152314133532, 0.44397944549338986, -0.5837710500569405, -0.2840050288126298, -1.609511779590562, -0.29272583344059927, 0.35884555233921145, 0.7758848945752704, 6.004601992016471e-3, 0.9200441136986262, -0.4815635841963443, -0.2939118759055562, 0.1776669611558906, 0.8201779412230191, 0.7264864913113881, 0.5099560456592032, 2.4825660139189368e-2, 1.1242831357169527, -0.22406913800914657, 0.9762482316708609, 0.7841629884331224, 0.8331091345061696, 0.7949383427076032, -0.6414790137525934, -1.1122073117375109, 0.5663993662885651, 0.2719348515514899, 0.6014873555073466, -9.970089543504085e-3, 2.5186608119045664e-3, -1.864845170778775, 1.1703362950426026, 0.1204491698432527, 1.154331082773783, -0.2673441599340932, -5.856049600610404e-2, -0.2630708928257943, -1.3195365670657846, -1.3907535609626664, 0.8475000636074034, 1.3239953335376438, -0.24772137474246017, 1.586933408786864, -0.48429736540490786, -0.1242550733707419, -6.0180823887058824e-2, 1.1794296408973441)
