seed <- 634
log.wt <- 0.0
penalty <- 2.8115950178536287e-8
intervals.send <- c()
intervals.recv <- c(56, 112, 225, 450, 900, 1800, 3600, 7200, 14400, 28800, 57600, 115200, 230400, 460800, 921600, 1843200, 3686400, 7372800, 14745600, 29491200, 58982400)
dev.null <- 358759.0022669336
df.null <- 35567
dev.resid <- 226149.9403102566
df.resid <- 35402
df <- 165
coefs <- c(6.514555651560569, 5.908158285088625, 5.5209804609315825, 5.334716509947525, 5.1027022605206405, 4.831308017973945, 4.783033300019307, 4.681549321364636, 4.37027018774873, 4.297979142127688, 4.3129448989694525, 4.132974354744975, 4.011007407216745, 3.972144988978816, 3.7892989112347006, 3.5491265014542988, 3.2596766532656516, 2.9569482251261583, 2.4789564622570555, 2.0551086779828243, 1.5951589730052071, 0.8974089392610477, 0.9962594577995683, 0.41271709664229395, 8.312115911753487e-2, -0.9520426418996187, -0.1600150933443189, 0.9840478839143032, 0.9198067231212418, -1.0711504527108826, -2.5034034512958656, -2.0689377376176314, -0.41706540485885824, 0.7420468481990959, 1.2215737298342084, -1.3891743480461765, -0.5651778873777183, -1.798038052644389, 0.22704538525027002, -1.5199441319870686, 0.8936800932343785, 0.8067340097402237, -0.8327206893678608, -1.6159161884681017, -1.2812273344697513, -0.5962076476046358, -0.8834042851811593, 0.2567171324199606, -6.57568363788942e-2, -0.7515169471913719, -0.8986220933056089, 0.863023203048802, -1.8061575008024982, 1.7147524869533068, 0.7493467183295529, 0.7950155949781993, -1.4940556244699852, -0.38579078150258433, -0.26947556789012095, 1.416008669825178, 0.9752400172000969, 0.8014260041463944, -1.1200947618153874, -1.0771861669373537, -0.6982674858868644, 0.37025000927446994, 0.6233452248270122, -0.17833869558120474, -1.2919807152568406, -0.6153157791738587, -1.9254729586004804, -0.29733434117361746, 0.23241465571377537, 1.0329541558813287, 0.6434650335808655, -0.5168199352368318, -1.39522069444314, -1.116733635598842, 4.88646685611e-2, 0.5262733427329265, 1.1308396412409647, 0.11136382409261114, 0.18873010149101063, -1.4000360382357646, -6.954091997446125e-2, 0.5278743086533342, 1.182447451855002, 0.45312865058717006, 0.8851717574880801, -2.3031972107917564, 0.49696012913307097, 0.6905172906573592, 0.8363275820426672, 0.3414015675964543, 0.2872865838990163, 1.3543595073391668, -0.6041218445363122, 0.3873661558195808, 0.2163639360239898, 0.14473875232287817, 0.37340030132815394, -0.16373849658793105, 0.775944661128945, -8.964129670235696e-2, 0.7581097388417153, 0.8257893756723024, 1.0853888418325068, -0.4669619323812758, -2.659517276176964e-2, -0.9969973483153008, 0.38135444473784086, 0.49082721328847373, 1.5279118061162762, -0.9060197580876349, -0.20438105947227891, -0.8712522067050924, 0.7711445016244309, -0.28061160766542576, 0.28648919843669324, 0.7094903586193759, -0.18686699541011265, -0.4018162103441212, -1.2887240991669116, -0.37227931813667475, 0.3859083403079557, 0.7029823949543307, -2.9708468561060884e-2, 0.8802157056789655, -0.5738202533630359, -0.34793071589880753, 0.2541846377117864, 0.9316725122834667, 0.891939637049421, 0.5639307735871605, -6.050859543951354e-2, 1.2444204998475819, -0.5453546490109968, 0.9570235285652605, 0.7825544636362306, 0.9437262212994859, 0.6694856274021618, -0.5866700204745176, -1.1703643730238522, 0.6260579029433079, 0.47429939262030657, 0.5701824403843684, -0.2277323877096414, -0.3236280828127996, -2.023320426099898, 1.2604540282384713, 0.2434856943102031, 1.0860478374599503, -0.2439066345319487, -0.10548400250176995, -7.11953663091403e-2, -2.153516520235905, -1.1389552052618857, 1.0166773619226304, 1.10502077933336, -0.3703285678984959, 1.4824417346473757, -0.2513569039491153, -0.15028789122913952, -9.770986773247835e-2, 1.136148875798404)
