seed <- 695
log.wt <- 0.0
penalty <- 2.8115950178536287e-8
intervals.send <- c()
intervals.recv <- c(56, 112, 225, 450, 900, 1800, 3600, 7200, 14400, 28800, 57600, 115200, 230400, 460800, 921600, 1843200, 3686400, 7372800, 14745600, 29491200, 58982400)
dev.null <- 358759.0022669336
df.null <- 35567
dev.resid <- 226140.43193880926
df.resid <- 35402
df <- 165
coefs <- c(6.551241251728751, 5.93942775466648, 5.78810767063551, 5.473649868683732, 5.078647035494171, 4.852214998890119, 4.780503485799129, 4.632662153983453, 4.395582744519725, 4.280002836362558, 4.299386740674319, 4.175357919752256, 4.013680632080589, 3.931602774889486, 3.7594021499019443, 3.50057058056892, 3.2577341016012893, 2.9258299259878235, 2.521855273059016, 2.018804130303487, 1.5588359573848463, 0.9067183308713628, 0.9790282656630467, 7.132741966926837e-2, 0.453178143537789, -1.2002050251117198, -0.11409313567944422, 1.1498699909081136, 1.1440209331655609, -0.9777254330201035, -2.1937593032640983, -2.171786927571035, -0.4124351123383424, 0.7860313951538178, 1.2349246994156367, -1.4450324334329194, 1.4256558740246878e-2, -0.6476140407443769, -0.17422870830032436, -1.1102981969061374, 0.9844380547274266, 0.9020269078966012, -0.825697460252521, -2.3849805193785754, -1.111248341504825, -0.7163061348638285, -1.2869628454018467, 0.44600953009482325, 0.15525730690703898, -1.2199413841072777, -4.878096893524832e-2, 1.1794269310760153, -3.456660606194989, 1.8181162746333395, 0.6950400860170384, 1.0438887757527484, -2.726825544349684, -0.34685133856306827, -0.29377250130486904, 1.3098873772962063, 0.6793808316981961, 0.726639488236307, -2.8544791982435145, -1.4085529832539239, -0.2229924670721882, 0.1448575658697284, 0.6352289289836356, -0.2117267009111708, -1.4670724072517358, -0.5669965673795354, -2.014998550438323, -0.333992199999697, 0.5975716356066133, 0.8774374303317654, 0.8487637477791613, -0.9565984485791613, -1.4558969261024133, -1.29744007200008, 6.476598759216734e-2, 0.7129825735667339, 1.270052509918132, 0.2032578442598113, 0.4877037035941637, -1.5292385755756615, -0.614025651049518, 0.35310922696731095, 1.3395379619659211, 0.45431037183253314, 0.9125721679420901, -2.290809730898434, 0.42473565997605434, 0.7383156867088927, 0.9129851751545055, 0.38021418209390473, 9.272535218791067e-2, 1.3952552784708987, 0.3953940406902259, 0.7843732298064753, 0.3761001265075989, -0.5758067473106295, 0.5225862083522804, -0.8136455807290848, 0.8111853787391393, 0.21376578473171587, 0.6630983269390899, 0.8092338236076713, 1.1432970632833348, 0.3596733432884021, -0.3008489347281971, -1.1164724943264488, 0.6047494248020195, 0.7535399954392988, 1.633383880284606, -0.45934432106183015, -0.3382509980752443, -1.1061274261824607, 0.9737264079822082, -0.2955419981017289, 0.3990183162266493, 0.4031604160489897, -0.5823643723358948, -0.36676670631833064, -1.5272488255450252, -0.24406890391435526, 0.4585299781566617, 0.9248622548060894, 1.744716540159343e-2, 1.0382843022366195, -0.4858247429040248, -0.4302877656069117, 0.2697874042982337, 0.8482059929593322, 0.622685710161407, 0.49434247827028643, 0.21371437491996523, 1.2130843669200593, -0.28906330145374426, 1.1273259225853733, 0.7179899293456714, 0.9274903088041399, 0.9470851304491879, -0.6853339891014593, -0.879077924529606, 0.7483524519490223, 0.1861152626157533, 0.43622409844494003, 2.4574118712083885e-3, -0.47006914966393576, -1.7999518956110139, 1.2848999258295597, 7.252097209936502e-2, 1.207118716031602, 7.934051486390951e-2, -4.413778237006085e-2, -0.13167298299431127, -2.2736086007687333, -1.606600531843679, 0.8788736985510929, 1.3335077888575178, 1.5162773452123666e-2, 1.5690339738056678, -0.36312371391130177, -8.12063465626497e-2, -7.224573789194214e-3, 1.357118083041587)
