seed <- 153
log.wt <- 0.0
penalty <- 2.8115950178536287e-8
intervals.send <- c()
intervals.recv <- c(56, 112, 225, 450, 900, 1800, 3600, 7200, 14400, 28800, 57600, 115200, 230400, 460800, 921600, 1843200, 3686400, 7372800, 14745600, 29491200, 58982400)
dev.null <- 358759.0022669336
df.null <- 35567
dev.resid <- 227186.42628323578
df.resid <- 35402
df <- 165
coefs <- c(6.471132178249562, 5.8340691648138465, 5.530818531244029, 5.2929214226235715, 5.107566001644962, 4.813679458630857, 4.72028075187513, 4.538245144825384, 4.313334462063589, 4.18560494841649, 4.213041635486022, 4.152379544854994, 3.95463240777568, 3.916970369527791, 3.732107988847039, 3.520746385776677, 3.1998521444049244, 2.9067410954074013, 2.460324861610821, 2.0283532241274913, 1.5473646405779626, 0.9403417119990116, 0.9874650703311623, 0.5743902485019308, 0.3748649443615312, -1.2261344633242608, -0.3183222275479885, 0.9888293333310336, 1.0068907667816214, -2.579064279424591, -2.306498444539292, -2.1720459953464553, -0.33609127595782523, 0.8247070581456943, 1.2517389842935136, -1.175657851406343, -0.5887839207191787, -1.143149575725722, 0.31680772808424174, -0.647020289520668, 0.9635100820025884, 0.7968940184900127, -0.6842273281356107, -2.406151530910119, -0.9860342104507362, -0.949726307580773, -0.36017363339121583, 0.5551194101761181, 0.4234684620959104, -1.0431542520516512, -0.46753168036748916, 0.8781114258613065, -2.61865334639772, 1.7975814871998625, 0.7746677911471345, 1.1432288835093245, -2.4444522765335477, -0.12040168666804435, -0.41084650884948937, 1.156128091058891, 1.3255886628174112, 0.8295779710701461, -1.6608531460896148, -0.744498437254183, -0.6348742787637532, 0.10549638943896639, 0.5577233048837926, -0.20662919645120406, -1.2971050162314504, -0.5529867776207139, -2.3210497199375073, -0.41733830177550263, 0.5504296132978955, 0.930571052236949, 0.47370940374726567, -0.8145353271424186, -1.0623184343890097, -0.8920874188460962, -7.480662723745117e-2, 0.8293839020859886, 1.2022165365189599, 0.25031066498825894, 0.28946217103432503, -1.6412671988957497, -0.9758811790325794, 0.4872622424225418, 1.2666744896027295, 0.48711162296254357, 0.8608140775218539, -1.4046233844553255, 0.5516444966525392, 0.9111945139701235, 0.8610656526840232, 0.35681162086185353, -6.778424144326761e-2, 1.1369234909373853, 0.4081469323500765, 0.47354887271945495, 0.10830404201187051, -0.4104909300493299, 0.6340490619394641, -0.20336192946695866, 0.779455563178386, -0.26855395177701885, 0.8319718215459467, 0.9068282045355908, 1.0174222798047494, -0.13874897114663806, -0.105501242471519, -0.7569743961732373, 0.41913187684282366, 0.6126976527967505, 1.5913817892213462, -0.9461260155515518, -0.2032685081865615, -1.1362885652786612, 0.8231442331814205, -0.4337166113905611, 0.5805703662018509, 0.5266606629683976, -0.5851178318961406, -0.35605813677184966, -0.9910110061040683, -0.4303006763996864, 0.37349566739555495, 0.975398356651634, 5.6859297804316915e-2, 1.0123692716953923, -0.5311663403159775, -0.5090924544390938, 0.26799948946917296, 0.8676234988531133, 0.8350286172140989, 0.4294864195855212, 1.1290121687661617e-2, 1.0049291910261748, -0.3622430270492597, 1.1008554332115157, 0.7046706289478272, 1.0126867210899986, 0.7264064316431724, -0.6990485292472702, -1.0998479632563571, 0.7959079621580477, 0.4635499724761206, 0.46627088669488886, -0.34167285846263307, -0.4955364305570213, -2.247207203609615, 1.362120420219556, 4.617177694641204e-2, 1.20454892658847, -7.690903250015538e-2, -1.402689358388751e-2, -0.13495629425703676, -2.2397410414296766, -2.1257930304936346, 0.9087533793172577, 1.183473256595167, -0.42929713505447914, 1.4951548453467751, -0.11308307746700545, -0.20239195146154654, 7.625702082417957e-2, 1.226953476416225)
