seed <- 622
log.wt <- 0.0
penalty <- 2.8115950178536287e-8
intervals.send <- c()
intervals.recv <- c(56, 112, 225, 450, 900, 1800, 3600, 7200, 14400, 28800, 57600, 115200, 230400, 460800, 921600, 1843200, 3686400, 7372800, 14745600, 29491200, 58982400)
dev.null <- 358759.0022669336
df.null <- 35567
dev.resid <- 226609.72848691672
df.resid <- 35402
df <- 165
coefs <- c(6.539038728184864, 5.742676693554602, 5.688702864250834, 5.368386383704489, 5.072296378839793, 4.883955322449378, 4.743961184841065, 4.5869006003791695, 4.34248207242945, 4.172942461428786, 4.29263366389297, 4.153570743221672, 3.9880237669370056, 3.9342942008712916, 3.73183559685316, 3.5122723540913308, 3.2290196650941696, 2.9520382270391257, 2.5098558718807364, 2.041529497431026, 1.5973773946116854, 0.8941833135061074, 1.0298655126576957, 4.426449736313289e-2, -0.29405567591393833, -0.9567769976288403, -0.5617518235926517, 0.8404300444406394, 1.1577573835735546, -1.1325080938036123, -3.3680944768856333, -1.9473275631443983, -0.3575201009138102, 0.7873989947677943, 1.290101474657958, -1.1553714306586753, -0.9912945517291529, -1.1467291249769527, 0.27496221880769717, -0.7941617905714221, 0.9120517631625408, 1.0104873051000984, -0.7921514095073792, -1.4779051340613973, -1.1893476346761191, -0.9240677412920684, -0.6839445554277671, 0.31824610690572963, 0.3429457646660102, -0.5444329620859456, -0.11955273020722242, 0.8317352844141109, -2.4037250123483176, 1.6994153621749528, 0.8045332175783688, 0.8894309561615285, -2.011450961180447, 6.536821108590993e-2, -0.5606978777205524, 1.365672158869487, 0.9614979785380724, 0.8350703021181477, -1.891487251535003, -1.2947225365967663, -0.6650697514035377, -6.428723550467622e-2, 0.810321649278749, -0.5994682040727711, -1.5152106602960445, -0.8747148348594096, -2.025160956567194, -0.408721010966407, 0.426139426250043, 0.9181455801449517, 0.7602517774043734, -0.8051145851890461, -1.2959000906436724, -1.2419933513274453, 5.180665758776201e-2, 0.5915605555936679, 1.2473147283431274, 7.970946957446397e-2, 0.15600559992594074, -1.4014801080710422, -0.25571577889252, 0.3692706503339562, 1.3575219589600025, 0.8737358363668292, 0.9024804698916575, -2.4440809059916013, 0.4719292321373617, 0.5595099428757402, 0.9276892451037695, 0.3685324736389547, 0.31381078212036706, 1.1406637884909296, 0.16533082285624287, 0.4023926842307114, -4.457623730794166e-3, -0.1960596093014538, 0.4872409390941352, -0.15932258724799547, 0.8278826602592484, 0.4109401901506007, 0.8989443486431193, 0.8403470943209932, 1.1289816921330784, -0.2413832084263429, -0.29550014232046146, -1.085555166015132, 0.5036965332245695, 0.7968165101502672, 1.6580205466262004, -0.5323463509156692, -0.1309692212579401, -1.0450309839904144, 0.8274849566181015, -0.1434891966935848, 0.47384945947288876, 0.36783177580397886, -0.40748430041704276, -0.3759093778817139, -1.5503886791217718, -0.44467457872830146, 0.3543234467793392, 0.8106058374445223, 0.18592899400905866, 0.8831970409554367, -0.9050069566665161, -0.2984946134164836, 0.34445366718034265, 0.7887405224101682, 0.901420790997366, 0.40579013704632794, 0.10747556496984635, 1.0485270110095097, -0.2718018118786816, 0.987742603190772, 0.8655233686040751, 0.8279629227939511, 0.8179703890039857, -0.6980435101798218, -1.3672916755829565, 0.6785923374579163, 0.4180309624009115, 0.39693005680421733, -0.13781538384929404, -0.7350096827008351, -2.4414786988692074, 1.2463797400418668, 0.27738465675534485, 1.0622915924974274, -3.791995782336544e-2, -9.672966045262696e-2, -9.99731228498466e-2, -1.497055429178893, -0.9713152964355367, 0.7818042179103095, 1.261545438670249, -0.12150190329353786, 1.6061008160160035, -0.18009232316132162, -4.095328559104955e-3, -0.1551613157594209, 1.2970526038440782)
