seed <- 277
log.wt <- -16.37012007772315
penalty <- 2.8115950178536287e-8
intervals.send <- c()
intervals.recv <- c(56, 112, 225, 450, 900, 1800, 3600, 7200, 14400, 28800, 57600, 115200, 230400, 460800, 921600, 1843200, 3686400, 7372800, 14745600, 29491200, 58982400)
dev.null <- 358759.0022669336
df.null <- 35567
dev.resid <- 225073.0000446436
df.resid <- 35402
df <- 165
coefs <- c(6.739956593852699, 5.843164974605122, 5.746610044903089, 5.2574034538771945, 5.057103904394173, 4.93069925754606, 4.73147437418951, 4.662083218164728, 4.393915700664643, 4.303878736157844, 4.364737620944607, 4.200941057014902, 4.036370558805224, 3.9596893723909097, 3.7558266441391193, 3.5551219197310546, 3.2855805169512786, 2.952817028857897, 2.531904395763441, 2.0349756740233227, 1.5515701795181733, 0.9242966210484393, 1.09049730804111, 0.42499860654958527, 0.42969582597229744, -0.7106186975453556, -0.29365275126493706, 0.889058983773582, 1.0651073242532416, -0.8968413316677071, -2.1130538986737273, -2.7418411838340764, -0.2973595583747439, 0.7663452424162804, 1.276100281995223, -1.1679692073678436, -0.47185220671303785, -0.9472842461660708, 7.814276954226505e-2, -1.3612579381071357, 0.9272444296754047, 0.9483275724722683, -0.7215305891758371, -1.6821072985842278, -0.5535855663674114, -0.6173246046203993, -0.4707159300840489, 0.2963876662195826, 0.22192617247790902, -0.7398733177691199, -2.422095054902424e-2, 0.9613355812573368, -2.57816153649057, 1.613294844965599, 0.748947180109571, 1.1485512931739306, -2.138663653348665, -0.32970799690684666, -0.6657797498216986, 1.3728934877235082, 1.198479104707041, 0.7307666142658406, -1.8711072264439081, -1.1651420802704857, -0.378826750764039, 0.15197297220732808, 0.7163514238670154, -0.4123013872374218, -1.9926806256641643, -0.8649408703526362, -2.5860531303278864, -0.19984706585475912, 0.36142030644486756, 0.969736288144289, 0.6300815166916831, -0.6567796401415916, -1.379127374248376, -0.9199754161182387, -0.1241359589735811, 0.7349237922903125, 1.1859636447156796, 0.12800408454717974, 0.1791893082411434, -2.1589259881236673, -0.8265326133172751, 0.2867606803005407, 1.1846877153530602, 0.5086070141757939, 0.8975220701734588, -2.3859920176533285, 0.2928109950477969, 0.855302203278134, 0.8339381218083715, 0.4033033058063823, 7.209592680545329e-2, 1.2131612254023225, 0.5281492195659464, 0.4730043095890448, -8.69748664270402e-2, -0.10791313289181953, 0.44898415942853054, -0.47435761394586956, 0.8277367699916123, 0.11209626660219595, 0.7636689379927777, 0.8526162325729947, 1.1932976431780267, 1.7543671129459187e-2, -0.4836581574348693, -1.3877409519755637, 0.46947675734678695, 0.5506744211674557, 1.5792787236528443, -0.692476658562541, -0.1332668796373072, -1.543869977275387, 0.8804259429375415, -0.19656043685424127, 0.48110010426183664, 0.5204978121834801, -0.635364006870507, -0.5975478875669966, -0.858825581281476, -0.18827513260166298, 0.26464266516308765, 0.8351796197874022, -3.717878080473692e-2, 1.0681277195448582, -0.8047810913766863, -0.4586292702951315, 0.42080192818122614, 0.963453930491234, 0.6734754016663049, 0.5036277300763149, -4.979460962274558e-2, 1.058735316384272, -0.4659496580350115, 0.9927967971869358, 0.6353259748488389, 1.1372459217052802, 0.812029164053424, -0.6644244310438104, -0.9497715263650907, 0.6871471224102329, 3.913907979868075e-2, 0.5597904694282606, -0.3309149082150985, -0.33362066481109426, -1.8975599885007122, 1.170127684050254, 6.857995367714691e-2, 1.2932421111241221, 1.570404486638862e-2, 5.702212368155499e-2, -4.076216410529867e-2, -1.9693412607631522, -1.0348781262973836, 0.8593790092187599, 1.1531021348703292, -0.15542272793462406, 1.5168459356921862, -0.34205645272225443, -0.16058619027678697, 3.063053921216716e-2, 1.2953406387575013)
