seed <- 471
log.wt <- 0.0
penalty <- 2.8115950178536287e-8
intervals.send <- c()
intervals.recv <- c(56, 112, 225, 450, 900, 1800, 3600, 7200, 14400, 28800, 57600, 115200, 230400, 460800, 921600, 1843200, 3686400, 7372800, 14745600, 29491200, 58982400)
dev.null <- 358759.0022669336
df.null <- 35567
dev.resid <- 226748.26625363363
df.resid <- 35402
df <- 165
coefs <- c(6.583284471767526, 5.815796831727289, 5.629382590608986, 5.4402623180428265, 4.974620071262127, 4.781498470832193, 4.775027436817578, 4.560717277285829, 4.417734590112019, 4.216234496524122, 4.3192087131210295, 4.137853459910801, 3.996666341209516, 3.94321878803109, 3.7585110702477613, 3.527732887270998, 3.266735149415234, 2.9134809212949206, 2.4995281719848226, 2.0454441597252204, 1.5643218266721917, 0.8958182185308219, 1.013825588007268, 0.4834732740336837, 0.42831476778941213, -0.9277852892697497, -0.2786068891098118, 0.9046898130827103, 1.0785301947115098, -0.9530787164882336, -2.3473412874283803, -1.9281371745063765, -0.33687934984967216, 0.7705046018736618, 1.3539155314285365, -1.4230812103896877, -1.4349503555725842e-2, -1.5222641075537204, 0.4194404294877197, -0.9576510073364058, 0.9866272807353325, 0.7822692735119392, -0.6043785087679369, -2.653442145759308, -0.872659232370299, -0.9466259708967214, -1.2368349216187065, 0.5711623665196918, -0.260845204054533, -0.7592127200529385, -8.870030889248667e-2, 1.122831957556237, -2.8154008584740122, 1.628796217830987, 0.7807702371026469, 1.0303423656903015, -2.847285679768304, -1.8316394361985178e-2, -0.4392620135570481, 1.5764923055240543, 1.1739830507266544, 0.960100336501387, -2.6273520558037182, -1.576691795453502, -0.6226789500939737, 5.9659205253125664e-3, 0.696977506216822, -0.5717101850608207, -0.9419486920628336, -0.5758058376735451, -1.4772276081418878, 5.9778591687836974e-2, 0.8212069756590052, 1.0938140161225034, 0.7509750964780224, -0.6481253619970904, -1.169422946607546, -1.4575178858320605, 0.12579328024489092, 0.8629119854900303, 1.1571524725112652, 0.12671912513537234, 0.4436859000084417, -2.2003765008112746, -0.7385898488447409, 0.4389629835732708, 1.2850449575302028, 0.5688303032510428, 0.883484825436015, -1.7924921471284203, 0.4448860083791971, 0.7833386960018128, 0.8106344959671679, 0.28140847962838444, -0.9817742184977638, 0.9937160788424425, -1.1798211120387319, 0.29325803530068006, 0.1257598817886077, 0.22637450257177016, 0.35503921917239345, -0.31725367963812967, 0.7251784039550959, 0.2031056221396499, 0.8796458594648051, 0.8487897948715739, 1.2205574796529426, 0.1208425891483328, -1.896695163843333e-2, -0.9871694314893388, 0.45755506830638454, 0.5439309689600439, 1.6010507950166313, -0.7465734782312631, -0.42787582401413254, -1.266209007925571, 0.8125949011777783, -0.2487971936555688, 0.6839279447205288, 0.741460967487698, -0.6737602019616442, -0.4393895575183727, -1.1974196855552794, -0.41354462928394553, 0.3230987092822903, 0.8762484599380024, -7.54941500524952e-2, 1.0720523793153687, -0.49368823932329214, -0.3913019590864323, 0.35763917248549415, 1.0620436591798113, 0.9424017772316642, 0.3721705189070454, 0.1214889186424731, 1.0977335271386452, -0.3126952561801601, 1.0147360731986619, 0.7081180117027605, 0.9847859054950503, 0.7850237001415491, -0.7075652315861933, -1.0776197907637994, 0.638640063413642, 0.39879380211454407, 0.6474121986951459, -7.267813363158557e-2, -0.6705386945201067, -1.8673211273726562, 1.2501296556438224, 6.2000763878421544e-2, 1.3309425130994508, -0.18926976991601974, -3.4827632779538764e-2, 0.13916693627598867, -2.624152184636232, -0.8783675514274805, 0.8301030167841472, 1.1044927207594306, -0.19783958396934068, 1.559688114374285, -0.29122969333069426, -8.863444121693659e-2, 0.15201904602035102, 1.2366795340277899)
