seed <- 238
log.wt <- 0.0
penalty <- 2.8115950178536287e-8
intervals.send <- c()
intervals.recv <- c(56, 112, 225, 450, 900, 1800, 3600, 7200, 14400, 28800, 57600, 115200, 230400, 460800, 921600, 1843200, 3686400, 7372800, 14745600, 29491200, 58982400)
dev.null <- 358759.0022669336
df.null <- 35567
dev.resid <- 226471.75999398594
df.resid <- 35402
df <- 165
coefs <- c(6.694848996245639, 5.765644228179385, 5.5606585200353695, 5.42857535405966, 5.121752964442382, 4.8176076936352805, 4.727608142322569, 4.652380429136286, 4.407649784065595, 4.244005053731013, 4.265156305215227, 4.167777310569003, 4.021075154875849, 3.9604454966365537, 3.72790590176077, 3.503842693475833, 3.213955733603221, 2.941109632512947, 2.445416577418296, 2.0283736931451926, 1.5971485418108742, 0.9203307357811837, 1.0297230246396352, 0.32406102172801904, 0.26047642663671455, -0.9788945036999415, -8.328576915491863e-2, 0.925174650282538, 1.0540666148258289, -1.0371445245122342, -2.2452778157028885, -1.7146995858811263, -0.36660351335673064, 0.8336055098472486, 1.352521383815536, -1.448673295971217, -0.20523036457741048, -0.8038552551822876, -0.2056460474576253, -0.2276565982554092, 0.9698602314123785, 0.7649694428177353, -0.625017556592369, -2.437751730574894, -1.2188862412427452, -0.8090607427588788, -0.2753385083787882, 0.354830090625277, 0.44455439324860674, -0.8384243413372523, -0.5246500602715176, 0.819571576331971, -2.5335821295165375, 1.5212891642596336, 0.7472012930492975, 1.135468089729693, -2.1678503569394723, -9.87553933346013e-2, -0.836973884082715, 1.0900946225774177, 1.1883202645413593, 0.9096575413024937, -1.7956031228086329, -0.9268766576747793, -0.5854697861608417, 0.36433122781304855, 0.5086682663323682, -0.38183265738531724, -1.4371448779528826, -0.6172263875962413, -2.0658540025695586, 0.17251404080578475, 0.5161457625050149, 0.9663590347737956, 0.682243040515235, -0.7502954373649026, -1.3671516482125234, -1.2777500549314433, -4.218079128635601e-2, 0.5853457484944946, 1.1267688065147845, 0.1260936829430655, 0.24841663012267973, -1.8563607750325049, -0.36393768689556283, 0.4728534759629455, 1.2712945774496747, 0.23337882690546552, 0.9233127978096182, -1.5618483347798677, 0.5717636593548867, 0.7350712254870225, 0.7902418508125296, 0.278389024954097, 6.53635887849421e-2, 1.0813222913410745, -0.696281597880225, 0.2831874749591915, -5.6436176921923924e-2, -0.39067300560199186, 0.4654939859537054, -0.7227979086323647, 0.7959040786069769, 0.42304876269570424, 0.9151450700315008, 0.8117824226716679, 1.134727320363399, -0.15810585187284934, -0.6574378397014665, -1.0149500464349563, 0.48365546640648804, 0.5184617110270396, 1.6122732939306255, -0.5312611161002327, -0.3297873749142741, -1.6608967506972838, 0.8454946214976962, -0.3838305298544865, 0.5435831283508223, 0.778545606397925, -0.1448433316633656, -0.7846358833998488, -0.9307544624931882, -0.32052681050546994, 0.4099823013711685, 0.7171218338733375, -0.13785755131560945, 1.0176638345453022, -0.340598469807979, -0.35489114350063067, 0.10215655826338844, 0.815135986209424, 0.7255932330663679, 0.33725069560230053, -4.251569967502729e-3, 1.0894947817285143, -0.2123882185466757, 0.9894019167935639, 0.6974694017769149, 0.9541031212150558, 0.7730694347167325, -0.6413978341695494, -1.3622700860825396, 0.8142333985144032, 0.1859925664017778, 0.5244287255378572, -8.089616135393417e-2, -0.8028902412823669, -2.3135252456675706, 1.1970006927984145, 0.12379793575487881, 1.1721943361120137, -0.1655557095905617, -6.50393449827117e-2, 6.394484677324629e-2, -1.967597135322744, -1.2533518256818008, 0.927023081915736, 1.244330286057745, -0.1671627955906138, 1.5771278028006186, -0.42331233939964324, -6.468354506385397e-2, 0.17228560625927714, 1.2459193853169803)
