seed <- 715
log.wt <- 0.0
penalty <- 2.8115950178536287e-8
intervals.send <- c()
intervals.recv <- c(56, 112, 225, 450, 900, 1800, 3600, 7200, 14400, 28800, 57600, 115200, 230400, 460800, 921600, 1843200, 3686400, 7372800, 14745600, 29491200, 58982400)
dev.null <- 358759.0022669336
df.null <- 35567
dev.resid <- 225807.63596944654
df.resid <- 35402
df <- 165
coefs <- c(6.339849097131671, 5.875774393902266, 5.464427574304057, 5.38420944124254, 5.052797605298161, 4.873993967575594, 4.823381340715197, 4.712137040502123, 4.393091345576491, 4.295909324097606, 4.339012823322065, 4.169485799452745, 4.0267316386380445, 3.9568368474248774, 3.7471739758088574, 3.5413004505269927, 3.251447867373129, 2.9423999208055145, 2.4508529367096226, 2.032205637463286, 1.605582598350407, 0.8854296651400086, 0.9007311559256281, 0.4407580658087256, 0.6794204549441172, -0.8498858760188904, -0.17044352486574615, 1.0401808463682343, 1.0407716287934088, -1.2763215183867458, -2.6835521170991274, -2.6434375973487616, -0.31256043998056515, 0.7329908810758126, 1.165619078434946, -0.8693990402714722, -0.5351359423026508, -0.5005876743484681, -0.11197539526110814, -1.4878729457390678, 0.9547334528684583, 0.9298076148050424, -0.9235487305870604, -2.2269166245796326, -0.804473917449529, -0.6363588316491418, 0.16953407774093002, 0.19648435187918464, 0.4654307834290542, -0.497243393834107, 0.12370796581915686, 0.94741547636664, -2.2671800264649615, 1.7057228593520783, 0.7299862920579349, 1.2254968077342818, -1.8430922528206262, 1.995547294762822e-2, -0.41552894226644843, 1.1465790375319485, 0.6495806815069122, 0.5504302630647759, -1.7837917997920816, -1.0640826607185314, -0.7548148731423993, 0.10482664068581964, 0.5560562197495953, -0.5055413504748746, -1.4036036199872028, -0.7135197133997622, -1.9958432264178672, -0.3501918872801094, 0.5275279081939679, 0.9240402453697076, 0.5881300640660361, -0.6792650175750861, -1.4267053471380675, -1.5124826829864109, -5.466874746334051e-3, 0.8749026776983191, 1.132503061321714, 0.13050213744112452, 8.971456670575452e-2, -1.2009334553395894, -0.46983312049586384, 0.284012041522066, 1.2283899209499152, 0.6325869831777721, 0.8953021015940921, -2.052154590294424, 0.6099386680929767, 0.8577217664903027, 0.8937849473538408, 0.3544534659517889, -1.2631933514453696e-2, 1.4111865522512717, -0.33109036154395544, 0.2603249084225402, -0.20098875327239246, -4.278289331698706e-2, 0.29416122455959304, -4.184901220064206e-2, 0.9116937323993658, -0.475880305995801, 0.5004216755719555, 0.8117742633432472, 0.9455673190265472, -1.0824695553862598, -0.6836451406688675, -1.255547185621796, 0.41448260526714803, 0.6211864093768381, 1.5675466883622045, -0.6764704266934161, -0.25538570714569403, -0.7731736145844958, 0.8304718298028124, -0.3166469887908883, 0.49477036771102434, 0.6111351005823337, -0.6167958981622298, -0.5238228084940922, -1.101402929253, -0.5157583951312888, 0.3386970765253405, 0.8743315584257177, 6.136561280579398e-2, 1.047971609277736, -0.8452414100599688, -0.4648320608637998, 0.302343779061262, 0.7526817389153346, 0.8365691609512964, 0.3716575129167421, -2.0897950688102268e-2, 1.0857631960948615, -0.37859039473328604, 1.01893536310897, 0.8084163753617692, 1.076254032111279, 0.7130740910669795, -0.6938280413266802, -1.254304868456597, 0.6194999257814011, 0.3409981178945527, 0.43017885796193484, -8.34729356259447e-2, -0.24523574169295453, -1.810095151770178, 1.2756873730582272, 0.21849155706889317, 1.3186872174377557, -7.312123913849021e-2, -0.1099202498694237, -0.38997137395073844, -1.6753308344728026, -0.8630266437463402, 0.8064431090595734, 1.118262732656024, -0.29213525721041783, 1.5461736205457421, -0.350033178874365, -2.7995027958120935e-2, 0.22391538223393784, 1.2118372743189703)
