seed <- 412
log.wt <- 0.0
penalty <- 2.8115950178536287e-8
intervals.send <- c()
intervals.recv <- c(56, 112, 225, 450, 900, 1800, 3600, 7200, 14400, 28800, 57600, 115200, 230400, 460800, 921600, 1843200, 3686400, 7372800, 14745600, 29491200, 58982400)
dev.null <- 358759.0022669336
df.null <- 35567
dev.resid <- 225681.98264702957
df.resid <- 35402
df <- 165
coefs <- c(6.523915792818949, 5.835010355413274, 5.7004928824810985, 5.42522402641501, 5.007538444984054, 4.820118854274221, 4.695091327046567, 4.691762259380114, 4.409149569522834, 4.252856025771279, 4.215677774817204, 4.176748598255649, 3.9892801172555092, 3.9774517141080956, 3.7592323372177554, 3.541712236451767, 3.2417923111339073, 2.9577847111340128, 2.48394905286788, 2.093388936526048, 1.6835922136342365, 0.928212596098062, 0.9577925491595499, 0.5917471956277965, 0.7139381393340363, -0.751487791749074, -7.591859434573331e-2, 1.097977367082799, 1.1054924795231662, -0.9126599133428274, -2.6177647751914046, -2.4395930352545765, -1.2238052604207183e-3, 0.7692264783019066, 1.1891423582235114, -1.5045592207717975, -0.7606342185362112, -1.4379974193504452, 0.23446709227789458, -1.3256705155040855, 0.9653859923837755, 0.6847793444764102, -0.6548577212527451, -2.2544399322511954, -1.0394946178372546, -0.855842495291152, -0.25318689726026056, 0.4336034404139557, 0.13235323908675997, -1.1891959218932888, -5.8418543449674655e-2, 1.0932285559118295, -3.068824027214238, 1.6684969711947542, 0.761809250585705, 1.0815104350432159, -2.217976038680125, -0.14998389659414474, -0.572287384228713, 1.4592814900676803, 1.08547243596398, 0.9083659028069824, -1.8543581888721947, -1.1096590774711637, -0.5564722100617955, 0.15750061359758488, 0.6492206420478587, -0.38701983603861906, -2.059051818381021, -0.4691487957009038, -1.8635753461473628, -0.2419447993380673, 0.730640648970755, 1.0847355979641558, 0.6316042585517118, -0.7399753570280438, -1.1381303173623019, -1.36478502978569, -7.378393827028969e-2, 0.6197922561013506, 1.2035507917695996, 0.10265089965737755, 6.679371226887694e-3, -1.774774870951099, -0.18714382539775656, 0.34095161313674227, 1.2547553878090723, 0.3374202878162576, 0.9133176079784597, -2.367527425934073, 0.41604876266423185, 0.8174125626153856, 0.8594581421210545, 0.34718736697182734, 0.35038208875291593, 1.526832094864835, 0.25077934525074413, 0.463531589554212, -0.36863359145218577, -1.562959404103437e-2, 0.4551004714317818, -4.220335434925725e-3, 0.7492303838403039, 0.22507747794833835, 1.1056626100608347, 0.881128309573144, 1.0296741402700629, -3.7710191658178994e-3, -0.7794237246516611, -1.1151064868839704, 0.44330363283722385, 0.7223217526188901, 1.6372540441372296, -0.6985572978876685, -0.15434624975567895, -0.7313094124446958, 0.8521684836550203, -0.3862733608776693, 0.24588405344089853, 0.3604429324277855, -0.6011678246878622, -0.30980888525378697, -1.1693984848204477, -0.4553267438268452, 0.5063559497938515, 0.7112028552986815, 5.540711329585928e-2, 1.0076474033590985, -0.5968272622521799, -0.5002886476206684, 0.20171726639319257, 0.9165290866596977, 0.9924767807454064, 0.47465708093110337, -3.916114882296617e-2, 1.1183569066009356, -0.2966242091803428, 1.0543886644174243, 0.8132610251509161, 1.01080208025804, 0.7688183372017472, -0.602655023271455, -1.1882912756016737, 0.5533289913711871, 0.48077048438363257, 0.6534380432259634, -0.19407803844810678, -0.3371449630401331, -2.1205736141244604, 1.2733975666719193, 0.15454090101850923, 1.2149379926643369, -0.11273486280941376, -6.421343124630975e-2, -0.10393092422897585, -2.3167153212061593, -2.0580614804618396, 0.8779166775113794, 1.1958362187353329, -0.38589861911942164, 1.5977178326950616, -0.2020160132716153, -9.87653941332634e-2, -0.16481799200066466, 1.2376500404121629)
