seed <- 698
log.wt <- 0.0
penalty <- 2.8115950178536287e-8
intervals.send <- c()
intervals.recv <- c(56, 112, 225, 450, 900, 1800, 3600, 7200, 14400, 28800, 57600, 115200, 230400, 460800, 921600, 1843200, 3686400, 7372800, 14745600, 29491200, 58982400)
dev.null <- 358759.0022669336
df.null <- 35567
dev.resid <- 226204.30577686735
df.resid <- 35402
df <- 165
coefs <- c(6.541073025077655, 5.56605242962225, 5.851776232689147, 5.213055024351971, 5.037989451432056, 4.859814772095555, 4.83574018131578, 4.608588917200203, 4.330948528676328, 4.272857975562107, 4.235404601178566, 4.166158010529703, 3.994206494857304, 3.942583297896567, 3.7151601150871794, 3.5263590813174113, 3.2453551861349115, 2.9452759081401076, 2.4875580038186365, 2.0741721763100163, 1.5554723271558621, 0.8994543003409123, 1.0658883677385027, 0.45468808238526187, 0.6932313695782746, -1.3326262470207129, -0.35500316844330326, 1.060706271362789, 1.1319869513475849, -1.2165338621277244, -2.451191010642099, -2.145348721286212, -0.4599743214082028, 0.7302681685206639, 1.2232284248967706, -1.2104913880785015, -1.0595195908588395, -0.9707257313464714, 0.11938404639143514, -1.3038032469207776, 0.971263039233956, 0.9557240463993442, -0.7419616539564308, -1.7062711195486397, -0.9714752316139569, -0.7290741772302902, -0.6912915175524672, 3.9836423690407186e-2, 0.7859427689111834, -0.5542094168130296, -8.918343812529629e-2, 1.0572232391661167, -3.0232725761835906, 1.6942029190145225, 0.8878001499738284, 1.0336748223090715, -2.027458150608466, 7.232025436314006e-2, -0.4020035264385986, 1.4117428295295038, 1.537666169079928, 0.7397698056843118, -2.0578707263882516, -0.8797818715140145, -0.45102389613801214, 0.3083349579619749, 0.5012939129242793, -0.4300929386314201, -0.6482409649918391, -0.5479870210262302, -1.9038775291547028, -0.16638540514383263, 0.7648635739543946, 0.9495806889255322, 0.6583097042156166, -0.8174245308085218, -1.2547439922800299, -1.1208567859553344, -4.5603211538129594e-2, 0.8120896019493309, 1.0840480479950212, 0.11374372204116745, 0.12028174861159348, -1.4943322904213145, -0.9284712532348145, 0.5640770878465045, 1.1781831142633512, 0.375187442241771, 0.9165141009408637, -2.550549377533452, 0.45332290696579297, 0.7255971972333141, 0.7519057221996083, 0.2815012025354565, 0.18287395965362727, 1.2641136896665517, -0.6283670106413929, 0.1616635800889782, 5.629699095593419e-2, -2.55364588556835e-2, 0.3767251977613699, -0.15196527276616686, 0.7577669176711092, -0.14442435165447887, 0.6961453507821702, 0.8531424303289887, 1.1467354922693218, -0.18556500528958944, -0.34287015505714474, -0.8337085555367156, 0.5117078637595289, 0.631067060780299, 1.643433864154018, -0.7138539992548456, -0.12152714634280228, -1.3351640079923053, 0.6734986846940877, -0.2503908899195582, 0.42763042921485345, 0.48194728438972656, -0.9965529738644039, -0.4499605758612115, -1.125108190924361, -0.47738036957815777, 0.3307649871910113, 0.7608788252745302, 2.682521780233592e-2, 1.067985813496499, -0.5285903268881509, -0.44978939597024964, 0.27561045873488754, 0.8903276076031837, 0.9428915693002792, 0.40742810972453253, 8.04858228634101e-2, 1.1388208012506993, -0.4246016053433777, 1.0536566821532107, 0.6957071658967028, 0.9865547435586592, 0.6535780319111714, -0.7354250416486212, -1.2971711670934314, 0.5335488089007613, 0.48667043660194126, 0.4979606463557856, -0.1842019471819284, -0.32920070081131175, -1.8217241337674632, 1.1952171132146001, 0.13675868406633837, 1.2509929990518027, -0.31077240837874215, -0.23776355233532318, -0.1479051408803701, -2.0194306372321615, -1.2554849037693936, 0.820750607952513, 1.206999928613808, -0.4298776363132156, 1.6046780630835242, -0.21425524638063234, -9.919193282096153e-2, -0.11559403848566, 1.0873355663072568)
