seed <- 475
log.wt <- -13.209892221166296
penalty <- 2.8115950178536287e-8
intervals.send <- c()
intervals.recv <- c(56, 112, 225, 450, 900, 1800, 3600, 7200, 14400, 28800, 57600, 115200, 230400, 460800, 921600, 1843200, 3686400, 7372800, 14745600, 29491200, 58982400)
dev.null <- 358759.0022669336
df.null <- 35567
dev.resid <- 225819.8907849078
df.resid <- 35402
df <- 165
coefs <- c(6.795550630992653, 5.9598832585492785, 5.8403857318265615, 5.311004794604564, 5.030091491105238, 4.828554852684855, 4.714142139899895, 4.643817796744809, 4.387148478374939, 4.265537597944946, 4.225757356085956, 4.187558722370789, 4.012373683415142, 3.9491857421390875, 3.7731787882837895, 3.543440576487961, 3.263507637361678, 2.9499983384197646, 2.4986285310760334, 2.0674136487701524, 1.6543603504525477, 0.9228895050049523, 1.2165398520867348, 0.26387145185107447, 0.5898946130398053, -1.1528039965284103, -0.2103989201001249, 1.003250385387556, 1.0251867744639331, -1.2233433022932148, -2.156081081361798, -2.755636953409116, -0.4308481434717443, 0.7370645920262648, 1.4151555059086274, -0.9122983919723553, -0.37646811603738617, -0.8599667586255981, 8.584601978361578e-3, -0.5842746143375319, 0.8929490975561734, 0.6714932370159923, -0.6137656996444759, -2.1329441932957343, -1.0981899351098758, -0.7579006465185324, -0.7221733213653064, 0.3403465491858901, 0.555792957389087, -1.1759615695744061, -0.5191382328015947, 1.078169745685184, -2.326080046732153, 1.627081293281645, 0.7813392677512239, 1.0255923709472108, -2.091685183701952, -0.1827666998428373, -0.43043607907876336, 1.619896470466612, 0.9656977695711944, 0.7713930829984057, -2.1851620401655003, -1.2933461771695363, -0.6248954695903617, 0.5396194780824425, 0.54169774901345, -0.2207787058852623, -0.8549358605458786, -0.6227632239470654, -2.6768867537191054, -8.001904382997936e-2, 0.4816855195561199, 1.0253064312774742, 0.836115070274275, -0.6783313125766357, -1.1716139990005476, -0.8756335000350491, 9.312750371793524e-2, 0.6544223789956028, 1.1009525037674135, 0.16629261445921678, 0.28126632207957675, -1.653275096230701, -0.7260499547797041, 0.30645431435311876, 1.2258655664560225, 0.4524100642620926, 0.7876170987115931, -2.1285754394918017, 0.42457591627594005, 0.680675922176651, 0.8449126576388751, 0.3838219825630304, -0.13036337922175398, 1.2587131042819635, -0.36960734572087894, 0.11725667755562648, 0.24295690625449545, 1.699258482038589e-2, 0.3154603822934612, -0.6819744964333248, 0.740802999747512, 0.3046202993968411, 0.5608000285507693, 0.8443499466943399, 1.2808567927206784, -1.340806365481683, -0.7403257602811786, -0.8865743021268713, 0.5181237460993029, 0.5536273141015853, 1.5604467509009878, -0.605690037300471, -0.35349562124790707, -1.0117789159821298, 0.7771465942767317, -0.34502562358060923, 0.48906082056233957, 0.5192371095790037, -0.7526446063727742, -0.19639290798098005, -1.081274942881459, -0.4723229300149614, 0.32770632621485063, 0.8724506927495639, -2.960463588807852e-2, 1.0110860332395741, -0.6263306298058553, -0.38157827871435596, 0.34494315630818095, 0.9073643731710924, 0.8145140145531726, 0.5496590449689337, 7.273775864582288e-2, 1.1144526911006485, -0.35383893582846926, 1.0271907332031196, 0.6735998153061882, 1.0660454676299131, 0.8148058639265087, -0.7254130032084668, -0.9663748002207151, 0.5715407587724108, 0.23382907196588507, 0.6021025377437412, -0.11973698058202, -0.6786620337164077, -1.9546607060725956, 1.1862080181202976, 5.4379838603494546e-2, 1.2248251346169803, -0.19899944444322887, -3.897116493617442e-2, -0.10158811606041578, -1.4945709197933514, -0.6763181628833478, 0.8995274459390044, 1.2113274668223377, -0.5119657175424023, 1.521722727083132, -0.4088266768993411, -0.15657605227356355, 0.15387116156942626, 1.2023715489182143)
