seed <- 359
log.wt <- -15.26967715826364
penalty <- 2.8115950178536287e-8
intervals.send <- c()
intervals.recv <- c(56, 112, 225, 450, 900, 1800, 3600, 7200, 14400, 28800, 57600, 115200, 230400, 460800, 921600, 1843200, 3686400, 7372800, 14745600, 29491200, 58982400)
dev.null <- 358759.0022669336
df.null <- 35567
dev.resid <- 227001.96510537522
df.resid <- 35402
df <- 165
coefs <- c(6.600113491244697, 5.816609583781316, 5.884732069701085, 5.358641701835347, 4.905340185119943, 4.805990989856373, 4.791081870460157, 4.680500735373548, 4.36612333633795, 4.268500045608206, 4.294219988692354, 4.140516395217396, 4.019501271466759, 3.930723779367132, 3.729388946328879, 3.534114514757848, 3.221024015832839, 2.9534990821682268, 2.4912770915704674, 2.0561161434170954, 1.5546069029318828, 0.8854759847743697, 0.8796670965808068, 0.2967944764902675, 0.41466097546251063, -1.017303856023841, -0.44813178233827305, 1.253670418621681, 0.9752477606250163, -1.014412969663715, -2.732873528645035, -2.3554319191975783, -0.27819379964870355, 0.7723041100486115, 1.2357872131588277, -0.6538553983653613, -0.587449895734135, -0.4343667824678042, 2.676896813363335e-2, -0.6736485919150788, 0.8766281162551945, 0.6992323062361188, -0.7366422002524486, -1.905625258815596, -0.7911560783061642, -0.615336212369154, 0.19677925947977035, -5.654351628885266e-2, 0.5218761343360577, -0.5832567149279744, 6.45708830623351e-2, 0.9088619595002154, -2.0566730299290312, 1.6714604792589485, 0.7783308069264292, 1.0956831737365509, -1.9845451155781317, -0.19872602889248894, -0.7211859856490791, 1.514176492648384, 1.121626280765289, 0.802659480650568, -1.1147358906546534, -0.9309947802845865, -0.546092779257857, -3.214602736680185e-2, 0.6296313980881443, -0.3806225316407093, -1.3991714562402502, -0.7075855540918569, -2.2087430134046877, -0.7661878069240533, 0.2649314855249537, 0.8905650598135808, 0.6024014028247816, -0.5390719912707908, -1.2350953236076183, -1.087195572091978, -2.057104311757202e-2, 0.599662720750923, 1.1612641980952187, 0.10568762958801291, -3.590937836824711e-3, -1.3986790368402948, -0.5006959314574206, 0.11348670560929427, 1.1510631091684633, -7.866746336790502e-2, 0.8701777089210114, -2.047178048498902, 0.5477425272159816, 0.6468412774422511, 0.8195075695719645, 0.3835644647773328, 0.13262508047095975, 1.218553788462519, 0.3064561364347519, 0.46584788770615826, -8.829103311397672e-2, -0.2623687468607014, 0.47180499350034333, -0.3479027460119837, 0.9940580961772797, 0.28506031645498214, 0.4379690524927439, 0.7935331534697986, 1.033366288276382, -0.3936135146072682, -0.38354498729840636, -1.1494322071264016, 0.30468361755491224, 0.7844420440502562, 1.549116843155184, -0.684238281179821, -0.21878437194424097, -0.743646265727118, 0.790134615206462, -0.28904983713225707, 0.19080570123439025, 0.520148775357672, -0.33444144023445943, -0.532913137728665, -1.3471690070827742, -0.3989119106060759, 0.15875022309391534, 0.7956345212833904, -0.10451325764810686, 0.8804222428922928, -0.49060653824396194, -0.34340074447143554, 0.5321923207441694, 0.7818677421003245, 0.8383874853310559, 0.29576549612392805, -1.428321004045734e-2, 1.106471973968197, -0.3857160524492583, 0.9848345845159935, 0.7214861100068759, 0.8746472083072859, 0.7413461540927065, -0.7082424829978587, -1.1035061316426404, 0.3903277405623471, 0.14723387551376696, 0.41807722340739417, -0.24022797868925683, -0.845347496595366, -2.183642030642391, 1.2126197962582232, 0.24057407277331563, 1.1200767405493688, -0.1714325726351929, -7.822448270298128e-2, -0.1641968914120641, -1.4529897425956835, -1.809040118643967, 0.7308708449637519, 1.1033509211751413, -0.3244354152398789, 1.5054935703354526, -0.15070804273960375, -9.843860958060983e-2, -0.11706770475286309, 1.1648839711932695)
