seed <- 859
log.wt <- -13.875113147013703
penalty <- 2.8115950178536287e-8
intervals.send <- c()
intervals.recv <- c(56, 112, 225, 450, 900, 1800, 3600, 7200, 14400, 28800, 57600, 115200, 230400, 460800, 921600, 1843200, 3686400, 7372800, 14745600, 29491200, 58982400)
dev.null <- 358759.0022669336
df.null <- 35567
dev.resid <- 226290.65103756497
df.resid <- 35402
df <- 165
coefs <- c(6.54416100530443, 5.886665341617889, 5.749282380670782, 5.321230142332615, 5.178205518629616, 4.902448918639291, 4.748059375833722, 4.654877087009055, 4.365269128519338, 4.309533701493619, 4.368100535760972, 4.177477442365597, 4.023822158768435, 3.948752954509117, 3.739356854024494, 3.542057549098982, 3.2480263626207377, 2.9402774370469715, 2.4877414724627656, 2.0710318184860026, 1.542020992680018, 0.874018202838863, 0.9365201223036651, 0.2658591928618237, 0.16418211171516114, -1.4314656025097654, -0.30505423919921876, 0.924036894684283, 1.0147454074692719, -1.6730845722481702, -2.0856285604888867, -2.1740115263963267, -0.2353902878812564, 0.7484743811633354, 1.1773710844346372, -0.8366758641656399, -0.3788457372205948, -0.9414376647850462, 1.3264650506810876e-2, -1.2060825695459314, 0.8675374401158661, 1.114920444214882, -1.5330680814157918, -1.5563660188972825, -0.9370494936024648, -0.6528602213097164, -0.8661228108556522, 4.7803426603495076e-2, 0.5762731250342308, -0.5609959240966198, -0.24409300069964723, 0.8602098651067899, -2.2874377310169707, 1.8080586466407238, 0.8159550910745749, 0.9165060677673098, -1.8182470840483127, -0.14643629130404473, -0.5993321541746556, 1.1512889474382095, 0.7565123662843283, 0.6191848355338182, -1.664491330877879, -0.6764086558794437, -0.7442688957727533, 7.206030208828722e-2, 0.6209758826564699, -0.2887321032162358, -1.918693235578913, -0.603795042810184, -1.63790754017903, -0.5958101053414916, 0.4445218565203783, 0.8678227470592841, 0.7491539201929094, -0.5490066983575669, -1.1462198912682822, -1.1545754532918433, -4.3866958588930395e-2, 0.5824627903130476, 1.1393713446708749, 0.1373678869458403, 0.2669719655198962, -1.7861762143237212, -0.7134348985022192, 0.43149258361519516, 1.3181873496727046, 0.46748961830107766, 0.8479756108587756, -2.154400349004237, 0.5291683917848352, 0.7544830326118114, 0.8582061286311135, 0.3443731511623817, 6.711692690568324e-2, 1.4213258381865286, -0.1278121776581135, 0.3271838939586049, 3.3728432537600744e-2, -0.4996968957195381, 0.5215214187010524, -0.5659629477803011, 0.875286331787952, 0.4237945463431869, 0.7863634370075968, 0.848640195223085, 1.0559260403494322, -5.057521523353762e-2, -0.19631737529620097, -0.7315984205401415, 0.4695004390764986, 0.6186986518866954, 1.497108068081733, -0.5764365956958412, -4.30962912704343e-2, -1.678068041562977, 0.8336543545429096, -0.30472584131714636, 0.4715043466856285, 0.4738603880170771, -0.5074709620956999, -0.48944960830836093, -1.5580136862602094, -0.5111884183946476, 0.2580784183364438, 0.9306020185727478, 0.10183870960848648, 0.9603485169499636, -0.470482727290653, -0.4428139136386477, 0.28889640739690853, 0.8802246897355649, 0.7763161478745481, 0.5307670295272021, 0.14674080732810715, 1.0890041309400853, -0.48740428241812017, 1.080577183351079, 0.6765003100067518, 0.9145139597564823, 0.7248984036966613, -0.6802322138086255, -1.075014064339696, 0.4633967414243725, 0.13425247797049347, 0.4906546324856842, -0.16015303034289183, -0.3662925803859392, -1.7871620063548102, 1.2840217552238118, 0.15808802021564047, 1.1173725211254955, -0.13818583390871828, -0.12201029314531794, -8.593032404677453e-2, -1.4345218252027168, -0.9281769346263229, 0.8878414980601701, 1.2012296880651072, -0.15076334263587013, 1.4455264432676762, -0.16578043207121565, -7.215284537054513e-2, 2.7696255205453855e-2, 1.175554993761174)
