seed <- 493
log.wt <- -14.492157499461538
penalty <- 2.8115950178536287e-8
intervals.send <- c()
intervals.recv <- c(56, 112, 225, 450, 900, 1800, 3600, 7200, 14400, 28800, 57600, 115200, 230400, 460800, 921600, 1843200, 3686400, 7372800, 14745600, 29491200, 58982400)
dev.null <- 358759.0022669336
df.null <- 35567
dev.resid <- 224882.40801569246
df.resid <- 35402
df <- 165
coefs <- c(6.532972435250614, 5.691529101371136, 5.822436041032498, 5.382181491166103, 5.067269338152837, 4.877167503702275, 4.787789981042452, 4.604307847873181, 4.358491751613203, 4.314883443842211, 4.333895759638863, 4.197426561818724, 3.9850469319631645, 3.99346802505144, 3.8099055826041472, 3.553035743354695, 3.2779620322538405, 2.953179036482829, 2.5043054861465377, 2.0814695849197156, 1.5615470300197323, 0.8732980140143238, 1.047687747299555, 0.6387986758185948, -4.256041653443647e-2, -1.113034830758384, -0.1775486115670438, 0.9360224347695134, 1.1588937181599823, -0.9945114398835262, -2.3223878656089987, -1.384137281217221, -0.4071342614087371, 0.7890315015584194, 1.4252303427269328, -1.2888276398668197, 0.27491432080448003, -0.4760824377861123, -7.956984587429188e-2, -0.22366576396602597, 0.9945585301751075, 0.7214952522616468, -0.9498435097047542, -3.015655303929119, -0.8355738134154513, -0.7824139955219449, -0.5122233787070303, 0.20718427272459455, 0.7607522684667685, -0.5020271761237062, 3.938921864554179e-2, 0.746170614931336, -2.428347579501282, 1.7963014731299476, 0.72259085274946, 1.0269953121279785, -2.7025619895540487, -1.8264761168588522e-2, -0.21126674627377465, 1.1991228289898785, 1.231961529346544, 0.8844712693539905, -2.236285380803423, -0.21189357768580044, -0.4760564361382638, 0.3680823149395502, 0.5499973967298308, -0.28015823976140614, -1.5907848181399782, -0.6171658849539048, -1.3399574978179682, 3.849049862791781e-2, 0.634722662310939, 0.8870249788272728, 0.7539560289350862, -1.2952030314701772, -1.724106062546485, -1.1272699950313376, 3.317452892299654e-2, 0.7961407266390125, 1.3079852471309434, 0.11024291100017028, 4.4286977070147227e-2, -2.093721921219874, -1.456762668106485, 0.19538531096380585, 1.228535182839751, 0.3554607392278503, 0.9121020249830706, -2.63120996818862, 0.5849117506674977, 0.7996973256440219, 0.9439580940155462, 0.3668514941676161, -1.0546725086406854, 1.485048443717487, -0.819134243276615, 1.8550827213069655e-2, -8.823848041263002e-2, -0.19470346647534503, 0.46932485662425555, -7.192181054207686e-3, 0.8966642473726019, -0.1662110531588482, 0.8858393391569646, 0.7857071095326721, 1.0620619019032822, -0.33104683652113526, -7.566973265620086e-2, -1.1054259157311246, 0.48785779200374074, 0.4684709056472293, 1.615688828162152, -1.2720731755809283, -0.2781245843021595, -0.9621943342043275, 0.8812836996962885, -0.19476277116492394, 0.451467364518608, 0.7963555799449692, -0.28702217864310553, -0.4739853407214947, -0.9398280170821433, -0.666571841169296, 0.3660833086603654, 0.9923308433876713, 1.3231039224450968e-2, 0.9084199096839315, -0.590696093245307, -0.5119072589301508, 0.2217368855915613, 1.1078622768143285, 0.8102128143733719, 0.4695729347028819, -3.1843429932309986e-2, 1.0816417945365673, -0.36555665883967065, 1.099228307860809, 0.7258258394531231, 0.9430990147978723, 0.8831956354123947, -0.7011388172839594, -0.9588266449999736, 0.7162970316076664, 0.31342448631405156, 0.48878386533475265, -0.21434645345957679, -0.789058651347293, -2.1264921236881897, 1.2696936113671022, 0.15227628627221512, 1.213046876513403, -7.514687438047567e-2, -9.947754124960002e-2, -0.17552444267054795, -2.475563210637659, -1.3448388423993434, 0.7267665147251003, 1.2579219967072366, -0.20667015699848873, 1.6039075939492464, -0.21487504320824358, -0.12831598177632778, 0.12095704686440438, 1.2996358347317627)
