seed <- 317
log.wt <- -14.543669654417839
penalty <- 2.8115950178536287e-8
intervals.send <- c()
intervals.recv <- c(56, 112, 225, 450, 900, 1800, 3600, 7200, 14400, 28800, 57600, 115200, 230400, 460800, 921600, 1843200, 3686400, 7372800, 14745600, 29491200, 58982400)
dev.null <- 358759.0022669336
df.null <- 35567
dev.resid <- 225095.0628381519
df.resid <- 35402
df <- 165
coefs <- c(6.641360634682839, 5.900652173450497, 5.760161930337592, 5.47732054999377, 5.063367998756933, 4.893048998458475, 4.816638818074741, 4.597926105925102, 4.401912977404797, 4.331855215323469, 4.283050913238235, 4.184648721339867, 4.030955969738035, 3.9712469001283424, 3.772587928393391, 3.5517647204326557, 3.289186592942708, 2.960632458019124, 2.5030895834409255, 2.0903229106014267, 1.5941204529649897, 0.8737370692085118, 1.0971937204749422, 3.9516097602625845e-2, 0.3563324269499819, -1.0157402306880547, -0.31019557754037236, 1.1106024482329886, 1.0813963835265652, -1.462418247417168, -2.3566787432502347, -1.8078162710674344, -0.564401736536546, 0.6803951167108744, 1.328338438217882, -0.6498751281219588, -5.332809034742936e-2, -0.8968555679670577, 0.3868340116863583, -1.5271540426688401, 0.9819530460403117, 1.00930684620464, -1.0448027687351067, -1.7097515400526488, -0.5704070050350364, -0.8225597329797681, -6.01281862318088e-2, -0.21383841316625157, 0.22803623351732308, -0.5571087028265873, -5.234873599341074e-2, 1.1905485314191806, -2.683196029064947, 1.7026610930593176, 0.8778948789447731, 1.1738135604517834, -2.400656471649935, -1.0725330069151209e-2, -0.7646855219809112, 1.0449208465125044, 0.3873687119239752, 0.7243485915865598, -1.4022801751527225, -1.2893162676619825, -1.1194421684615792, -0.14961357767301867, 0.7590062092215232, -0.6582509203799765, -1.3110067797427467, -0.6544724722110459, -2.4145675067224004, 0.2297324745271262, 0.5020995435167254, 1.1012439700923944, 0.7251020372836753, -1.0355793317267712, -1.3967492058441155, -1.0575823447491952, 0.10227959159998769, 0.6730500177918355, 1.1006444311177845, 0.12775114143952782, 0.23599048261531178, -1.3896216149395018, -0.8659859274982754, 0.29266795098178383, 1.2713826688312166, 0.4888889289995294, 0.833371714030996, -2.2523909636170605, 0.5109983783395794, 0.6146497239446128, 0.8004122043810807, 0.3908884692885856, 0.2872573526291241, 1.0726841401482992, -0.2945497124845096, 0.3690348169264773, -2.7156702762751127e-2, 7.655672639683468e-2, 0.47619741786296854, -1.5309598247149083e-2, 0.8056279283819067, 1.905071786984336e-2, 0.8264972285822171, 0.8187121283695004, 1.0714887387377985, -0.48397007990989777, -0.4801561783067452, -1.4665863113801192, 0.26777606146469324, 0.6241654858366424, 1.6613840324560214, -0.9160164516926039, -0.19664415794864248, -1.486452282541497, 0.773652072270972, -0.30074872390378865, 0.47415226288777906, 0.4102095650200355, -0.4457749600735385, -0.443260767940871, -1.830283170173197, -0.10601981300508823, 0.4405019616548672, 0.8241869567848282, -0.17613949444170338, 1.0504354325070369, -0.38762764934421745, -0.41179219835383674, 0.20070203919668728, 0.9650531488541441, 0.9637466314411961, 0.49476171593749063, -6.240920741647786e-3, 1.1161463397666131, -0.26163330870634677, 1.1028788406784653, 0.7368346188163724, 0.9740808856401205, 0.7077902880382116, -0.6349261320993576, -1.3943552809236728, 0.6561265972819972, 0.4837739184167013, 0.5198144526415577, -0.2282983241325157, -0.3382032034280819, -1.619440670131212, 1.2595345126201811, 0.13114327699657863, 1.1894748947268898, -0.15133258915550632, -5.6259335400303825e-2, -6.1386538900785964e-2, -1.6809376338091786, -0.7815625970554031, 0.8776800826363941, 1.2057088272305923, -0.3106358021609867, 1.605656826636458, -4.523706595133172e-2, -0.14951971792506627, -3.228421889047073e-2, 1.1764360070737432)
