seed <- 685
log.wt <- 0.0
penalty <- 2.8115950178536287e-8
intervals.send <- c()
intervals.recv <- c(56, 112, 225, 450, 900, 1800, 3600, 7200, 14400, 28800, 57600, 115200, 230400, 460800, 921600, 1843200, 3686400, 7372800, 14745600, 29491200, 58982400)
dev.null <- 358759.0022669336
df.null <- 35567
dev.resid <- 226097.03397024126
df.resid <- 35402
df <- 165
coefs <- c(6.588929249525238, 5.782891611579263, 5.640446274344308, 5.42400670887754, 5.098907959555476, 4.849764992359929, 4.741843524901391, 4.549139791515292, 4.34162365920837, 4.1925462902282025, 4.302729245412153, 4.177818169907074, 3.9961071498088203, 3.9533685848608555, 3.7100883316311206, 3.515514585739699, 3.233313685781956, 2.9235718392141092, 2.4946967971734706, 2.0646495758879575, 1.539060360515124, 0.9183955004281522, 1.1841369150031664, 0.3650273856097495, -0.3943702217083413, -1.3224616087666399, -0.11725128313589685, 0.9440816284241311, 1.077515766644, -1.5203161669127798, -2.1548583148501885, -2.504662309793728, -0.6032009968993951, 0.8185160646413884, 1.406249905529075, -1.1323065513169788, -0.7489558970927622, -0.7929786144094353, 0.14334690856172877, -0.8061780908784009, 0.937433361546995, 1.0720978974097777, -0.8751340601377589, -1.494986161492046, -1.327520251027049, -0.7833100836719441, -0.5978102832577253, 0.5023958056159804, 0.7655450569742547, -0.7340570992328096, -2.4463362514438164e-4, 1.2225779472356433, -2.5323116920908366, 1.6411062444810018, 0.7169698712439103, 1.0112524667234608, -1.8707483895823336, -0.46057414719087864, -1.2625408722792784, 1.437797175692034, 1.716958874163429, 0.5748981729679373, -1.9979452989344444, -1.0927228699800675, -0.4776764167504398, 0.156760261663439, 0.5696846112800419, -0.5148435397063391, -0.961386513623378, -0.5320790411729149, -1.9624405893840713, -0.5385086614862369, 0.673769882241363, 0.9652071953218352, 0.5925517052153797, -0.41304635621926594, -1.4436175217723513, -1.771352122470067, -0.17348854588124182, 0.7142913003917163, 1.253007017010631, 0.15825920879830888, 0.13833987011607188, -1.6166482625633922, -0.639030513538554, 0.31682085492032463, 1.2780816559049353, 0.2280781911636086, 0.8215579159710197, -2.1225314304828, 0.44579411994015644, 0.7517634910307177, 0.818164704360389, 0.38668686552624065, 0.23200479101975263, 1.4142576308630526, -0.88489609205516, 0.5754709497919747, -0.1953111366060495, -6.446938571315278e-2, 0.4104962472068061, 0.3137361974717084, 0.8736230370196759, 4.735065785263341e-2, 0.5403418519265603, 0.8500928877413302, 1.215395755818303, -0.29944156034175545, -0.305254736409627, -1.1886644937284259, 0.46492256562186635, 0.6650466520361547, 1.5912208713545597, -0.33000171379226245, -0.17017698149832577, -1.4513838854951417, 0.8314659639749507, -0.22587723431787965, 0.4715584856556759, 0.3941801165669502, -1.102787886237116, -0.22018552526830354, -1.1288734460193066, -0.7737308887347462, 0.2819285440861415, 0.798943829608114, 4.4654687135406525e-2, 1.0368997198887013, -0.566192031599926, -0.46670430935167745, 0.39976436826073847, 1.0021467921118004, 0.9958299947509265, 0.5094397043989647, -3.0387993247179803e-2, 1.1228604954870147, -0.4233235494185457, 1.040581272237809, 0.7610461122014851, 1.0120893828141846, 0.7880719579284313, -0.5950066502122393, -1.2388281611798106, 0.641741240035797, 0.5347140985692496, 0.5407901662490595, -0.20305787905087275, -0.5072292605036804, -1.7640457420697728, 1.2347153330047709, 4.496942939167056e-2, 1.2686815635107256, -0.11485016171741645, -6.839906121797756e-2, 1.416981469804956e-2, -2.1706411107870274, -0.6115225596576692, 0.7757202977554905, 1.1941688353149804, -0.525268062317219, 1.5208222152924997, -0.5137396022188909, -8.308396584474308e-2, 0.1235473142751076, 1.212846849248534)
