seed <- 246
log.wt <- 0.0
penalty <- 2.8115950178536287e-8
intervals.send <- c()
intervals.recv <- c(56, 112, 225, 450, 900, 1800, 3600, 7200, 14400, 28800, 57600, 115200, 230400, 460800, 921600, 1843200, 3686400, 7372800, 14745600, 29491200, 58982400)
dev.null <- 358759.0022669336
df.null <- 35567
dev.resid <- 226425.0182956277
df.resid <- 35402
df <- 165
coefs <- c(6.550477091401671, 5.919738582549764, 5.710215677029699, 5.3680788213635475, 5.053695309494171, 4.873332429632683, 4.709113860563232, 4.583395110297088, 4.350798425226108, 4.342139900226347, 4.3258894496802665, 4.165810021083847, 4.010557945090529, 3.953945379107007, 3.7643739355974986, 3.5498011205252853, 3.2886347589353497, 2.9538223405476685, 2.5254822759001527, 2.065079471798376, 1.6371294419047657, 0.909504732977286, 0.8847777021651114, 0.24950180364131258, 0.49922819874940694, -1.3586356339286465, -7.943668027373273e-2, 0.9660598173608688, 1.0327022782477626, -1.260932132565724, -2.2468881159950262, -2.0311975747062956, -0.4547591783531364, 0.7762210584819659, 1.220791547612435, -0.8907145560759281, -0.9975552678849444, -1.001802970171773, 5.2267036302458846e-2, 5.766961152786596e-2, 0.9010974820427021, 1.0255617133773467, -0.6212625514696797, -2.160618054295324, -1.1063865827612407, -0.8277119536366728, -0.4669435052421154, 1.9097433853729865e-2, 0.42887926494530076, -0.5114716759692247, -0.5409328373588032, 0.8561143408201964, -2.3002982486924433, 1.8034344212205728, 0.7346950909253743, 1.1232432522364568, -2.1526085156738866, -0.13192081705843312, -0.5352581337118975, 1.6562171722676917, 1.0556030469010584, 0.7589945287519336, -1.3883813645432428, -0.5705112834879675, -0.8124273560940145, 0.35325609050127266, 0.5078469286092461, -0.381020906367371, -0.6316657494746821, -0.8074427562502013, -2.262489339873604, -4.8782775316054725e-2, 0.6019323667050349, 1.1154826126313828, 0.6349336045998448, -0.6751128138176339, -1.4398621377750613, -1.1856592302986508, -6.920151385096097e-2, 0.6373504900195373, 1.037890852629583, 8.618478404667898e-2, 0.19021982178819996, -1.8293803559283195, -0.6602349471780709, 0.36478510314989, 1.187965399822073, 0.2520671894255018, 0.8518101841908662, -1.7540542142606574, 0.5253346031472609, 0.715849965882635, 0.6982557660212535, 0.30390987449518025, 0.292868622536565, 1.3112752644705736, 0.18942726470326826, 0.19694380018290408, -8.803635740169802e-2, -7.792886981990783e-2, 0.4344980955554405, -1.2336494560699192, 0.8613345784536216, 4.234286933733448e-2, 0.9154692739358768, 0.8709073199460596, 1.062832989337308, -0.5003237621389294, -0.6635878813605234, -1.0341834515957813, 0.48581774846694775, 0.40776332524070424, 1.5536153710436047, -0.6582691492470992, -0.2670862243034822, -0.9990202060212775, 0.68498786365149, -0.205096524085707, 0.45708705609770744, 0.5772309034974755, -0.22393658426547433, -0.6463874465169819, -1.1152322435150526, -1.0737481382021503, 0.4487116244184166, 0.8975035241512447, -7.763880468478017e-2, 0.917773402235065, -0.5193834278163143, -0.31821236627073046, 0.29823898582849684, 0.8453730796636093, 0.7987011735070794, 0.6270408895564937, 6.141348597376076e-2, 0.9871214890947313, -0.3950950134336292, 0.9855629090830572, 0.7054818224612445, 0.9072544125698093, 0.6752491055717086, -0.643435935419682, -1.0767992083160127, 0.7457110009670567, 0.5825721995547224, 0.595651037926673, -0.41657425376070256, -0.45275578582811904, -1.7726338240521422, 1.2369556077944035, 6.540135571706453e-2, 1.1338470539818362, -0.2570052327763522, -1.2907417225596945e-2, -6.532653822215731e-2, -2.135205208902232, -1.611028834376879, 0.8935832059831539, 1.2061964616880179, -0.6767388823140569, 1.4978815445484561, -0.20971008368599664, -0.11801716900985905, 9.419529512750491e-2, 1.1099558250456534)
