seed <- 647
log.wt <- 0.0
penalty <- 2.8115950178536287e-8
intervals.send <- c()
intervals.recv <- c(56, 112, 225, 450, 900, 1800, 3600, 7200, 14400, 28800, 57600, 115200, 230400, 460800, 921600, 1843200, 3686400, 7372800, 14745600, 29491200, 58982400)
dev.null <- 358759.0022669336
df.null <- 35567
dev.resid <- 226756.0649352407
df.resid <- 35402
df <- 165
coefs <- c(6.590079356237047, 5.641579902067258, 5.696845965901922, 5.307487451471459, 5.005620242517887, 4.87094980972038, 4.758787514348885, 4.5677824870099215, 4.354617626374937, 4.247703863431778, 4.267793288762425, 4.138679052432219, 3.9830453780865227, 3.925586454517677, 3.7444045064213696, 3.490586865615595, 3.2461615189463733, 2.9157293827930637, 2.4601506801082036, 2.07951081416594, 1.4269746945372388, 0.893330764191665, 1.1053279243218381, 0.5056365447335432, 0.3928766097856592, -1.120081905100965, 0.11407525783912452, 1.0181220572500111, 1.0967216152135375, -1.3810734243912068, -2.8251810049633184, -2.185605845833908, -0.34959659766964224, 0.7644157220476314, 1.3676045910104802, -0.9458660117806051, 0.43345519896814433, -1.9221217719315846, -9.275927239677605e-2, -1.1452145910556417, 0.9198372157204269, 1.0337660325437412, -0.7880849740992337, -2.2599484360167272, -0.7066824651151561, -0.6637738479236985, -6.219560466527686e-3, 0.15403432596568323, 0.3510294249325599, -0.6454455340291005, -8.261126030809333e-2, 0.8939272061693245, -2.4156836065078737, 1.8503460109899048, 0.8893490459166388, 1.1447813853369455, -2.338682341668115, -0.40858500002356835, -0.7411216504931089, 1.3321370153179084, 1.1696803631951729, 0.8632312645115372, -2.4104619555446023, -0.7156566488866828, -0.8045737602698154, -0.1744843220256441, 0.7496829579412865, -0.17088981997495264, -1.3002492833565078, -0.4844703627254253, -2.3949069773503506, -0.22249092109911367, 0.25865678327637714, 1.0825605369377191, 0.7070013598227375, -0.9037221448810248, -1.120014944024251, -0.9820564160904469, -2.890697119401031e-2, 0.725665713113611, 1.1754098835113158, 0.13345175037905194, -1.9252416085923055e-2, -2.290213150227125, -0.17252640829143767, 0.468355707640651, 1.289251798278976, 0.5567756734603128, 0.8512832022353212, -2.2414992694237474, 0.3957824963241854, 0.7170092684155754, 0.8506397124955573, 0.29557028443037586, -0.25311851716284306, 1.28587808770493, 0.12132706768685812, 0.3454217272629058, -3.506803734379653e-2, 2.01460608397551e-2, 0.5770077230122558, -0.7989745950026781, 0.8918934292546933, -7.69962251189799e-2, 0.7908902552494023, 0.8386524492474465, 1.2157142453348635, 8.21227362380509e-2, -0.6408696831498417, -0.8721606044761226, 0.3763533930287011, 0.5986257487098573, 1.6105763249913698, -0.674811667047929, -0.1627263431370123, -1.0853237162500031, 0.7580174185942475, -0.3115907515969382, 0.5635291716808454, 0.7705120445046088, -0.8783460202588412, -0.34057731148348674, -1.0217598787113644, -0.4759953133833742, 0.2157075875084639, 0.9680699016519271, 2.15972225102321e-2, 0.963081841736629, -0.7500468805828144, -0.415371833661532, 0.4676498799881185, 0.9824290358913778, 0.6965959897535723, 0.5213679952959589, 0.1963298201853743, 1.0823919963980115, -0.33925748941168304, 1.0903435427223434, 0.7769840677077164, 0.9488276057328073, 0.6990704895963286, -0.6164963422375388, -1.2056423481586382, 0.7160406238323168, 0.32856783124675043, 0.683640469376347, -0.21527029551632687, -0.6101753660885948, -2.1113696421140498, 1.3812958586508028, 0.16247195068938525, 1.2374091057793772, -1.0315995828445895e-2, -2.5132832127442738e-2, -9.956434261875141e-2, -2.37022033108158, -2.06044715714497, 0.9358094259961497, 1.1749190706660246, -0.3192246785319674, 1.5197657736464742, -7.09216525772525e-2, -8.286187695047914e-2, 4.198912307961513e-2, 1.1815458047737184)
