seed <- 816
log.wt <- 0.0
penalty <- 2.8115950178536287e-8
intervals.send <- c()
intervals.recv <- c(56, 112, 225, 450, 900, 1800, 3600, 7200, 14400, 28800, 57600, 115200, 230400, 460800, 921600, 1843200, 3686400, 7372800, 14745600, 29491200, 58982400)
dev.null <- 358759.0022669336
df.null <- 35567
dev.resid <- 225345.60384944532
df.resid <- 35402
df <- 165
coefs <- c(6.793152017631862, 6.0096001606834255, 5.755088007982564, 5.358055684377155, 5.191987433339084, 4.860711775522047, 4.798268675487965, 4.647684765785429, 4.416577118585383, 4.235348390131918, 4.338123279720233, 4.161045439101446, 4.038155493114666, 3.9766005873600294, 3.7577815580501595, 3.552744520342726, 3.2748582957863506, 2.97080851821432, 2.524626399921857, 2.052231567540374, 1.5750527079953842, 0.8663529979966718, 1.0579266681601545, 0.5104843627611798, 0.6186153273315704, -1.040438365485278, -0.3767301053621492, 0.981734816369052, 1.0760615440916639, -1.2010320317704166, -2.7450819498234464, -1.7434513067362165, -0.17747805552749596, 0.7198286259877349, 1.260817073872693, -0.8059801868637316, -0.2859887441420777, -1.2309800851938015, 0.20737144923072204, -0.3896988006866304, 0.9096633738288529, 1.0054929074634131, -0.6727732465041827, -1.9264690928642327, -1.1195146787308994, -0.8009183666932681, -0.5233074546316457, 0.1695989128881218, 0.8025610395257192, -1.1330159566353593, -0.35406670998839457, 0.6099175883252995, -2.191152690365112, 1.7715173378108333, 0.8245291098481558, 1.0061138331528001, -1.574989810408771, 0.1673073860405771, -0.6487982803085806, 0.6566705774914925, 1.016800771039439, 0.7914140907131452, -1.1118381664196484, -0.8643566537081181, -0.8124570796427462, 0.4626910741147744, 0.6153915942711188, -0.658258256868409, -2.275083354428721, -0.5952520313219035, -2.1661095698425714, -0.652572116843827, 0.6875720009557793, 1.0172317163730416, 0.5340076788465802, -1.0426953860796198, -1.3956497448818526, -1.223315550123346, -8.633579228664591e-2, 0.5415297857698258, 1.2374597995335896, 3.957369244453655e-2, 0.307314664634488, -1.497436995580317, -0.8590287508646447, 0.3933223805826841, 1.149335397049317, 0.19257792934822213, 0.8674208618174454, -2.60521804086932, 0.528420700633084, 0.8281363392216955, 0.840259050432287, 0.32654622879528306, 0.12471242967755049, 0.9669019788126056, -0.5660096588034899, 0.4715084863425357, -8.998335379088926e-2, -0.10612671403754405, 0.22441639487229695, -0.4196528718149996, 0.8812112419489155, 0.2530785815792881, 0.7531676970612922, 0.7897245800224133, 1.1007426106220348, -0.43434017370243255, -0.7869468497172095, -0.7246017901646237, 0.4209554500375015, 0.7558165032207002, 1.6046048027444315, -0.584900818963635, -5.3766310772115244e-2, -1.053503748124626, 0.8769718964228924, -0.41311723006600193, 0.2923621407348274, 0.5074587856010765, -0.5670026455588784, -0.28979192225646627, -1.0775008641387753, -0.5372971632594133, 0.31126202050632107, 0.8095721522514545, -7.397511678904922e-2, 0.8511957525783523, -0.42846975099947904, -0.38223603510423687, 0.26676661996908035, 0.8750106299495435, 0.811261827350218, 0.46363270994960826, -4.2406698770400444e-2, 0.9691633092603061, -0.3826914558934266, 1.0281847253989997, 0.7256574702150358, 0.8941230998901606, 0.7643387658902674, -0.6639444536669916, -1.1073224048120351, 0.7003189708229026, 0.524430682520194, 0.45910099862589343, -0.36549627857011624, -8.857197594980222e-2, -1.8075521413573614, 1.1976580888093955, 0.16062222670343645, 1.1157756332215916, -0.1691176679125322, -5.386539443494351e-2, 3.489550192402411e-2, -0.996114745336607, -1.3962649996366323, 0.8226177371486164, 1.1063522018761807, -0.48046345280246344, 1.596074114279662, -0.2409969723072218, -0.10389992744428066, -0.10827062082014817, 1.2724561086675787)
