seed <- 410
log.wt <- -13.47278644992253
penalty <- 2.8115950178536287e-8
intervals.send <- c()
intervals.recv <- c(56, 112, 225, 450, 900, 1800, 3600, 7200, 14400, 28800, 57600, 115200, 230400, 460800, 921600, 1843200, 3686400, 7372800, 14745600, 29491200, 58982400)
dev.null <- 358759.0022669336
df.null <- 35567
dev.resid <- 226853.76958993103
df.resid <- 35402
df <- 165
coefs <- c(6.712914288302939, 5.746325697513494, 5.540070512987105, 5.33938465386294, 5.045940868140396, 4.80970242810451, 4.730970291109846, 4.565341314096506, 4.309399354363528, 4.18472438980397, 4.2045520916572725, 4.136178851254499, 3.9864530022660043, 3.9191549238518903, 3.7454780025833854, 3.50634392668137, 3.236519431024785, 2.9233295089138194, 2.4500704683184695, 2.048131309790107, 1.5094352683523566, 1.0051896063552912, 1.138037529269464, 0.244238272790155, 0.2089698366804603, -1.6032203061824617, -0.19490792606649543, 0.8901396906201322, 1.0192442577512677, -1.0197202912156258, -2.2522230742991245, -2.2621333613412524, -0.22251108957169125, 0.8221894069996919, 1.3650432844206735, -0.8915080174455212, -0.3951849412109211, -1.5634318529917544, 3.000237091712807e-2, -1.0810923133603014, 1.0437374873240128, 1.0387358317769597, -0.8238070995213083, -1.826249933917835, -1.3115052769365356, -0.8887226013074873, -5.326698239076681e-2, 0.4992396086970218, 0.717463000311425, -0.6383820612814232, -0.11458279664160281, 0.9383385928146254, -2.4974326315684627, 1.65073082437137, 0.7819427738422791, 1.10740596374552, -2.3443152799669855, -0.4475108586728067, -0.2675104004602179, 1.1536281826523087, 0.8053805488819892, 0.9604386090135761, -2.0048336923868995, -1.1420462503677236, -0.4977721776241991, -0.17744046526280446, 0.5973853583510306, -0.4864972692436482, -1.5927369851912654, -0.6449825782130288, -2.7574920199200497, -0.5692304927506514, 0.25354945882217994, 1.0869219714171348, 0.7682821799065572, -0.7478120975734619, -1.2296596634476862, -1.0817662342066479, 7.159915274510092e-2, 0.5616431188137376, 1.2260480501671618, 0.18613273264097183, 0.2743890940979511, -1.1802752800272664, -0.32895512010519184, 0.5322502061159693, 1.182785978191253, 0.599806938525893, 0.8647247950395249, -2.638672201272584, 0.49521548826119915, 0.5463023771335073, 0.8650801027956423, 0.5243995520950073, -4.098781408142296e-2, 1.2215738383873782, -0.111257357457896, 0.3290125954326806, -6.49513702075843e-2, 0.2328882197917798, 0.43472476810792415, -0.11020696378370634, 0.8040185187395003, 0.1653359426196688, 1.1364381030445365, 0.9039480251546737, 1.1669583436255366, -0.6936259073506575, -1.1945601224346647, -0.9283350249153101, 0.47159616129071796, 0.5315836887369219, 1.641685695485198, -0.6823641712546856, -0.22355835931928342, -0.7633945263792571, 0.9081254903962476, -0.3577017699119511, 0.29369120405861665, 0.6086397466404038, -0.330532904740194, -0.2741160338147249, -1.151167751939904, -0.5964300374315705, 0.37893779752489454, 0.8734010916466184, -7.325470073582434e-2, 0.9995785061024198, -0.6861696293444952, -0.44355714749510317, 0.4105846282414297, 0.8546314947082222, 0.7831213835062599, 0.5977224010736912, 4.061095699303423e-2, 1.0456058242566122, -0.29167178628987095, 1.1012656542297117, 0.6946005232043108, 0.8805643283620747, 0.8483186547293747, -0.5796150896248163, -1.3022818346035765, 0.6789645987444423, 0.39526669267406817, 0.603317106085403, -0.11683640501533407, -0.32038929186887916, -2.3868607608130463, 1.276336000628298, 0.1811616435369596, 1.0607978985964304, -9.194135138734386e-3, -7.976927802062299e-2, -0.22716503225770784, -1.9262760450458478, -0.8032604749275176, 0.8978223900471185, 1.1540022949590434, -0.3505929641440159, 1.5203422185103754, -0.23029907565691302, -0.2530802248047369, 1.6646955508651546e-2, 1.1824219950167847)
