seed <- 127
log.wt <- 0.0
penalty <- 2.8115950178536287e-8
intervals.send <- c()
intervals.recv <- c(56, 112, 225, 450, 900, 1800, 3600, 7200, 14400, 28800, 57600, 115200, 230400, 460800, 921600, 1843200, 3686400, 7372800, 14745600, 29491200, 58982400)
dev.null <- 358759.0022669336
df.null <- 35567
dev.resid <- 225500.57466801014
df.resid <- 35402
df <- 165
coefs <- c(6.671613896539646, 5.651459415063426, 5.636639775802732, 5.306035454230017, 5.037974933682535, 4.905460449369486, 4.809305678262222, 4.665277410717417, 4.441653122301066, 4.269993057847537, 4.3580473665201716, 4.170892295979162, 4.074124885676921, 3.990308175397619, 3.7859392992484624, 3.552410182075522, 3.2722987154680565, 2.9594059018788363, 2.497265389612856, 2.097588013805806, 1.6200705982041128, 0.8761240340841308, 1.0056391292412874, 0.1369187357821234, 0.3374088487111001, -1.5917111697799387, -0.2746972569742666, 1.0033451005968663, 1.056510806845548, -1.0132338966398764, -2.743383571388528, -2.6965463806989054, -0.4043087063944382, 0.6813120546952416, 1.192900755120043, -1.2119786571386764, -8.669047716701679e-2, -0.6894961711856376, 0.10846979608195646, -0.35965304582861285, 0.953732500767226, 0.6729368752441572, -0.6175707890207354, -1.6729629220407984, -0.6811481409179627, -0.6677669280462681, -0.5331965829238573, 1.596130880233649e-2, -5.7772196980009696e-2, -0.45817979445270995, -4.338508279364686e-2, 0.981187265819798, -2.6711632862226846, 1.5760712590853978, 0.7079856189637099, 1.1236583095007748, -2.1381980492186496, 2.3710903189035692e-2, -0.35990125002198264, 1.515684155565002, 1.0769174672763269, 0.7548545997205761, -1.2652173269785991, -0.840191372153662, -0.37303044792645423, -0.12576936952266413, 0.6220233423705347, -0.3876548004651609, -0.6414895526386243, -0.6067680155004546, -1.7398479865194818, -0.1994104959367175, 0.25204685755397827, 0.9035560999541511, 0.5799023377475063, -0.9918790665137905, -1.5187752848727425, -1.1894844732261651, 1.9740749272204556e-2, 0.672439754089823, 1.0211968487055925, 8.326209011013538e-2, 8.487805159028856e-2, -0.9593287456435958, 0.24636273261222497, 0.2017594345050942, 1.177433098271504, 0.43672807449857504, 0.8559181798029742, -2.1069296812539733, 0.3779265800858153, 0.7481837497917275, 0.6760752213307492, 0.2323302766807142, -3.7088278371184946e-2, 1.3049212347785297, -0.16789107002268186, 0.29354419232816, -0.34956393992582724, -0.3602455249941999, 0.5259612338680895, 0.13608924973270922, 0.8433963835080287, 0.24556861373971653, 0.4967726022190729, 0.8556239223403139, 1.1181701669618322, -0.4480448007344256, -0.6025962088091794, -0.6726578930376872, 0.3560100700747758, 0.6684618605493294, 1.5793070353807637, -0.7944089946408388, -4.138579461500969e-2, -1.1611316392789082, 0.6945238665234987, -0.31988304513767585, 0.32738882500423244, 0.6039775610056, -0.8414917982998749, -0.53055733648545, -1.015264844867738, -0.39062786191408094, 0.554018289526876, 0.7816392933521874, -2.536368675420056e-2, 1.0193918353021716, -0.6150473373822085, -0.3965445444931819, 0.21831297374619985, 0.5726868683258186, 0.6802874892013941, 0.39316374120223524, -8.879940432866033e-2, 1.0644477409988713, -0.4423672011952781, 1.0391335417953051, 0.7117551760606325, 0.9581054530848847, 0.7290899719648435, -0.7386725331735595, -1.241385517092748, 0.42743992470393083, 6.512687150459223e-2, 0.5284424164870398, -0.3079873327754793, -0.861206659123471, -2.046969054161569, 1.2116751428524906, 0.19444334765420837, 1.273301180205336, -0.21611489332377587, -2.2728214748453934e-2, -3.587028673460171e-2, -1.7588270895099207, -0.9017085155808598, 0.8672818807441125, 1.1230998864684243, -0.35036651193560664, 1.5268572281874337, -0.18771894677879397, -4.956735613671654e-2, -0.12235315323078785, 1.0786481691318621)
