seed <- 844
log.wt <- 0.0
penalty <- 2.8115950178536287e-8
intervals.send <- c()
intervals.recv <- c(56, 112, 225, 450, 900, 1800, 3600, 7200, 14400, 28800, 57600, 115200, 230400, 460800, 921600, 1843200, 3686400, 7372800, 14745600, 29491200, 58982400)
dev.null <- 358759.0022669336
df.null <- 35567
dev.resid <- 225889.84256800165
df.resid <- 35402
df <- 165
coefs <- c(6.778118670735051, 5.888992227204469, 5.6932722315322195, 5.373122752354226, 5.004655187198775, 4.832038907042632, 4.864004647471673, 4.631648337770796, 4.369028268680992, 4.196341178649988, 4.279321575102124, 4.197000516179219, 4.001442946310171, 3.96966787287168, 3.7640348789102878, 3.5618620300753157, 3.2794434475438763, 2.9801140855437773, 2.4971513405307326, 2.0124874106167514, 1.6301354213136645, 0.8648894259199078, 0.9854458986673836, 0.12478498037775074, 0.3176338292085339, -1.4406120027403695, -0.4226050859395616, 1.0564887685318944, 0.9628173951469482, -2.1843260794893924, -2.457571537193298, -1.9998547322756353, -0.16385650659340947, 0.7568315235550336, 1.231753099632834, -0.2787274531503852, -0.3917032675255356, -1.299298460943313, 0.26173176989688535, -1.3217565193906207, 0.8215917497027464, 0.816683897608304, -0.7677511085671734, -1.9515707787458603, -0.7608798631616668, -0.504578999112378, -0.30738108113849805, 0.6307504606423905, 0.9610782704831233, -0.5215649774609646, -0.24333879959244478, 1.1216887858692162, -2.44706203695971, 1.9109743199539422, 0.6679028032653751, 1.0569794117861737, -2.4809416400172832, -0.2370648340600283, -0.21651702960064675, 1.2297846990169299, 1.0668130226058699, 0.7300136281181486, -2.2850674737528283, -1.3456361519220728, -0.7292025665853131, 0.2044610380274688, 0.5739539628276012, -0.5765627265193239, -1.3074862144988753, -0.6229665851947034, -1.7968807784859124, -0.11136723618309771, 0.48979951811717753, 1.0337563946544017, 0.7749964800265708, -0.7978851729886943, -1.1705538131815107, -1.3255036342965927, 0.15102287587894173, 0.6962332457308756, 1.0382020410450352, 6.026791504321435e-2, 4.8393189542572976e-2, -2.267155760617925, -0.12739331515380378, 0.47998622268032415, 1.2644976335232274, 0.4940470199886448, 0.8778828193105617, -2.042845419075885, 0.55091146248427, 0.7304531438086111, 0.8135386877013304, 0.3659958102199799, -0.30913379758800097, 1.373979107598848, -0.4044574503383026, 0.6027005024172386, 2.60784551214437e-3, 7.880255570990305e-2, 0.42546811914904176, -1.1688062046155101e-2, 0.8848525967166869, 0.25279225671017036, 0.7863366421159742, 0.7936031107065726, 1.0805122897603405, -0.22499756608147423, -1.2385404198102457, -0.8029454960636087, 0.5845888904640045, 0.6760536569241968, 1.5211385712764753, -0.6889707850296758, -0.25055339721130687, -1.3647731514994756, 0.7815550138040838, -0.3313837305128059, 0.5151671278044264, 0.5052247215662733, -0.4433413931699449, -0.5902418148904923, -0.9547046088561169, -0.363088592767443, 0.26598696178756404, 0.9469046445295198, -8.956530624716062e-2, 0.9552798645360544, -0.556727574793511, -0.4236206974094826, 0.24061150597206868, 0.8360315087415746, 0.8559367851834647, 0.3601161753057647, -8.31405514587584e-3, 1.1643555150798839, -0.3547787877393308, 1.114453177523706, 0.6967252765472451, 0.9868468174153303, 0.7943419552993148, -0.6304174891048938, -1.1146749356054784, 0.5111302647843771, 0.12770552585701173, 0.5578005830130216, -0.23549644034466352, -0.2579517068713473, -1.6162618441539918, 1.3416361430633537, 0.22157034673258755, 1.260370861258294, -0.15024227020449663, -9.155545005021434e-2, -0.3572954889611432, -2.329437726695245, -1.2135311054573477, 0.8902892459098618, 1.2611038442086417, -0.5051181581635404, 1.4429734322465015, -8.177924076856406e-2, -0.18149797523372307, -4.6194212205315006e-2, 1.206159729303571)
