seed <- 874
log.wt <- 0.0
penalty <- 2.8115950178536287e-8
intervals.send <- c()
intervals.recv <- c(56, 112, 225, 450, 900, 1800, 3600, 7200, 14400, 28800, 57600, 115200, 230400, 460800, 921600, 1843200, 3686400, 7372800, 14745600, 29491200, 58982400)
dev.null <- 358759.0022669336
df.null <- 35567
dev.resid <- 225535.74732456767
df.resid <- 35402
df <- 165
coefs <- c(6.42008721128965, 5.689661723655619, 5.7917029456791065, 5.490225217382889, 5.132245121897059, 4.850023341599489, 4.818125182078326, 4.590861303426995, 4.363400725506865, 4.3135174360154025, 4.23244301143044, 4.1641939967681765, 3.983319984278857, 3.944425720844981, 3.7731874230585456, 3.53882447595502, 3.2790142061561376, 2.9716548192451717, 2.531334811533007, 2.0777054503650394, 1.568930559922623, 0.8608991521616145, 1.0942917534253354, 0.510716662872569, 0.25244278605232173, -2.0446931727141244, -0.45587623305147446, 1.0274387150455555, 1.0355319377641163, -1.8866476328091317, -2.3653480323222205, -1.8778370797577864, -0.24307353122349037, 0.7451763759604625, 1.2911841905573904, -1.1158585800859058, 0.790504026080579, -0.9516402697626488, -0.19867854208516025, -0.7709406885411149, 0.8698603105015493, 0.876794262030311, -0.7323860658590634, -2.19514619900162, -0.8004706176326902, -0.7067012526622927, -0.24036478991709528, 0.28656818134915274, 0.18588861253375588, -0.8723150801021317, -0.3130287983585589, 0.7585975512030264, -2.313356579204789, 1.820213025071958, 0.7882759831499714, 1.0249409121705524, -1.8771851809079432, 1.4697084299556858e-2, -1.176859545548406, 1.509696642240413, 1.0221193697204667, 0.8908008505003117, -1.4976483360689925, -1.0612942338064404, -0.5484465171765289, 0.12954416406038696, 0.6228765652001431, -0.31438157361175456, -1.9695204763453662, -0.6008906850466771, -2.0030491914266135, -0.7654821348918287, 0.5592278139455111, 1.2304863525795726, 0.7409261387147253, -0.9371321665508044, -1.27659605158894, -1.5700382893555476, -0.15031685825673372, 0.5833482124221175, 1.2506385852474624, -1.5856782027443958e-3, 0.2123654615676704, -1.8216819030832112, -0.4900246152592625, 0.39516495900690557, 1.3613954449495724, 0.6003174711683412, 0.7978687144125879, -1.7502336837984966, 0.5141064882047409, 0.6643322875496425, 0.827814352171477, 0.3642315858598152, 0.15181228257511736, 1.2748666380867906, -0.9167146009849642, 0.4557201792843009, 0.20058378819940514, -0.342975696162802, 0.4984040929883585, -0.45473131374964026, 0.7578933440944446, 0.2783335099063671, 1.0147195038586876, 0.7878540493082951, 1.1322199920175082, -8.923022389241507e-2, -0.7184358213184138, -1.0625926109279116, 0.5449979692582952, 0.662462092641926, 1.581787701985187, -0.5801953913346856, -0.22101974184147652, -1.248199171396248, 0.8302419645928055, -0.3165466596533172, 0.4461337010415385, 0.6579483804923097, -0.6198482589723532, -0.12741276256135425, -1.5131415997835254, -0.3163271434332561, 0.35207155792815326, 1.0091965167012864, -5.601123379117694e-2, 0.9516542391568711, -0.8325117553070082, -0.42491990380680295, 0.3028885312170476, 1.0161720206802245, 0.7663474610638272, 0.5688178490708424, 0.1255804242628136, 1.1339316647275182, -0.5501146214012304, 1.2000594034755998, 0.7239936135089462, 0.8746316125003676, 0.7714284736818603, -0.5823446174358509, -1.2067825288143772, 0.6668957214930561, 0.47504307634158366, 0.620580238102575, -0.26760692570536654, -0.5366425014893533, -1.9790903170614, 1.4230591495980662, 0.162752517433837, 1.1353459605301104, -0.18334498554714507, -0.13986945078202512, -3.8398566950273603e-3, -2.13061140526114, -1.3065498492030507, 0.8970834675236717, 1.2724966696682214, -0.2174350648025829, 1.5320797708529574, -0.2170202098902137, -4.481657952130913e-2, 0.12297728953139697, 1.2112636674113044)
