seed <- 294
log.wt <- -14.889407293974992
penalty <- 2.8115950178536287e-8
intervals.send <- c()
intervals.recv <- c(56, 112, 225, 450, 900, 1800, 3600, 7200, 14400, 28800, 57600, 115200, 230400, 460800, 921600, 1843200, 3686400, 7372800, 14745600, 29491200, 58982400)
dev.null <- 358759.0022669336
df.null <- 35567
dev.resid <- 225259.20977887086
df.resid <- 35402
df <- 165
coefs <- c(6.680109398001356, 5.839471023796074, 5.813172416364247, 5.395510175208533, 5.078378066719711, 4.898684373219259, 4.829507955422656, 4.718299851283207, 4.357613187836318, 4.305386601752558, 4.337323014612922, 4.168321811318121, 4.030905689423222, 3.961415359611402, 3.761909891286984, 3.5357069649931505, 3.253671221345301, 2.95953891858011, 2.483659149445599, 2.0330503962898216, 1.5838845910664217, 0.9581655873658917, 0.995356413894666, 0.6064033786829093, 0.1806178125112154, -0.7669651195816247, -0.42971063555670913, 0.9719529050562736, 1.1182211014937868, -1.0086715552581407, -2.432003774455878, -1.977160374599852, -0.11374667872278253, 0.7880373753945714, 1.2728134272942675, -1.2557999277175336, -1.2375362463977968, -1.1592282989636478, 0.3343810349616757, -0.6426419874941599, 0.9429609398834452, 0.7695903237816857, -0.9616884829465797, -2.300969264241173, -0.7944618139336165, -0.8389907333353412, -0.5468316322929486, 0.42838986522746014, 0.5936047178099534, -0.9345662376417951, 3.581681491948331e-2, 0.8760906230827784, -2.3980372196661857, 1.6135767524903486, 0.7379452002136991, 1.0130707084744832, -2.7098634874003946, -0.1806709794244111, -0.33681002210294436, 1.1534148711388263, 0.6649733108328914, 0.8465282293020584, -1.9600462524500741, -1.4867679166124088, -0.6441576102160883, 0.36118451542448743, 0.5052342485283523, -0.47408847176498736, -1.1100801017479505, -0.5949941264079318, -1.6051696040470789, -0.26242938123872056, 0.32021759754416435, 0.8429238180506046, 0.6631542806786496, -0.9718366780248825, -1.5639082592041647, -1.450380858772011, 6.402452245352398e-2, 0.7298774939768978, 1.114462735863548, 0.15088610898548763, 0.17884862065868481, -2.333171849537825, -0.7621697753209782, 0.3156356083938765, 1.197372071170658, 0.3895299566615166, 0.9814038485121973, -1.7641715331834957, 0.5482135619207394, 0.9073927522617681, 0.7696725067996119, 0.3467023226923315, -0.4745108376852423, 1.2774359525476096, 0.7191547815397045, 0.5144647365374128, 0.13210117714993527, 0.33611979535316194, 0.3997965245479749, -0.4067096763068943, 0.7169126030790625, 0.26141125356719563, 0.5399897033559313, 0.8589693433136583, 1.0585161840432478, 1.3098085757550245e-2, -0.2627789860797917, -0.8261980262402623, 0.3634778205345057, 0.5023547304868174, 1.60997631434678, -0.913445401884541, -0.10501347634304004, -1.3385855904385535, 0.7725860069144379, -0.48090408694288894, 0.38531484527367466, 0.5378048574216597, -0.39094593600899163, -0.6264005777955376, -1.0587137092601475, -0.4682437253170275, 0.2725558912702999, 0.8884245754681996, 9.217336905960304e-2, 1.023940935494787, -0.3262440711969203, -0.46261411311023853, 0.22983069757354302, 1.0464830640448373, 0.9381444823862776, 0.47194873076763283, -6.253004517407272e-2, 1.1109066752164132, -0.20796946288782242, 1.0054400565096677, 0.771568630775718, 0.9779283960243834, 0.7926827830760574, -0.5111534105785979, -0.9477452833925959, 0.8671493637285633, 0.36824081017824234, 0.506083589019521, -0.4113405932386934, -0.4028092017481868, -2.0681075324974896, 1.2761890407473717, 0.13280557585003946, 1.1946356231998139, -0.11989270672108139, -3.343328795280478e-2, -0.20961280921716535, -2.0787782800553587, -1.1315225689949266, 0.8157735481517091, 1.196038036264742, -0.21465517666026873, 1.557265464417366, -0.3710262390168862, -7.017197813533148e-2, -1.7453461954812524e-2, 1.1848951237131122)
