seed <- 1086
log.wt <- 0.0
penalty <- 2.8115950178536287e-8
intervals.send <- c()
intervals.recv <- c(56, 112, 225, 450, 900, 1800, 3600, 7200, 14400, 28800, 57600, 115200, 230400, 460800, 921600, 1843200, 3686400, 7372800, 14745600, 29491200, 58982400)
dev.null <- 358759.0022669336
df.null <- 35567
dev.resid <- 226661.96980964456
df.resid <- 35402
df <- 165
coefs <- c(6.587375192801222, 5.792365981759027, 5.64131796596724, 5.19278557808777, 5.070857065976885, 4.809040227601113, 4.848564714685981, 4.616051909503935, 4.3611477240044465, 4.257104518582851, 4.296613599745843, 4.133566737655283, 4.015954795525756, 3.9563260788582184, 3.7391901429015917, 3.4917066685345386, 3.258284687880053, 2.958626746315063, 2.536262230404942, 2.0940888959034503, 1.6081120916206655, 0.8940697954761974, 0.8901250016916593, 0.3980913281987812, 0.4375298925918069, -0.800508095349005, -0.1224201408155951, 0.8670365572656417, 0.9975524876019575, -1.54816604447584, -2.061225058463659, -1.8068663787123536, -0.46494043046652755, 0.7819898638316783, 1.3227444646367736, -0.706244487384828, 0.2326610437577577, -0.9699532349269887, -4.8807542434270226e-2, 1.8067902551536626e-2, 0.9374797790511439, 0.6631395722345192, -0.707346713996111, -1.3334358794028938, -0.4013254075622994, -0.7299352452425334, -9.45909184431425e-2, -0.2834968488298497, -0.34243464187807393, -0.7617020383476399, -3.7577237209729886e-2, 0.9480015464483685, -1.962738906053144, 1.7571124761718568, 0.7080084563601184, 1.0439353369750843, -1.7590732899493564, -0.10811483963246542, -0.7398445061202357, 1.396791292866421, 0.980703533417296, 0.8995166220010982, -1.48219899265053, -0.8702926048942748, -0.9349554983640622, 1.0435675410287346e-2, 0.6392041382085819, -0.5089400209487301, -1.4012415162775125, -0.5564934897211269, -1.7790165798087678, -0.44440415217810864, 0.6001720222375704, 0.8575244119834576, 0.5798475001372079, -0.7223945404178118, -1.481217544107403, -1.5870347833463676, -6.886584388259911e-2, 0.600786047008734, 1.066908105104113, 4.662416504705141e-2, 0.22295253693747413, -1.4356418492891774, -6.826399426777383e-2, 0.2880378182252248, 1.1870135929090817, 0.32456852032976874, 0.9359532438208826, -1.7939005613530234, 0.425918044384706, 0.6750910597533154, 0.724382339738348, 0.31372359705641795, 5.7855879866597806e-2, 1.115054900389862, -0.2856919746211629, 0.38535921203277385, -0.11474798422229726, -0.29103560766645137, 0.3441134810900202, 4.6168892770761936e-2, 0.6427577724895304, -0.4736076048557979, 0.757480235943421, 0.8342604324237953, 0.9979390165453966, 2.2327201827244375e-2, -1.0718256579095937, -1.1028117174245586, 0.4733289994921711, 0.4983033668347919, 1.5969258718285355, -0.4110391517256056, -0.18650895804870618, -1.0897535154497417, 0.6994828028116246, -0.22647004387597797, 0.4946092057545103, 0.37598039399882777, -0.4095577459816635, -0.3363828316573974, -1.2267594010109864, -0.7275669991600854, 0.39088897809390105, 0.83866325930165, 3.955786853045671e-2, 0.9447881040964586, -0.7925559107701816, -0.4230147966124448, 0.18948553103444096, 0.5680364901281421, 0.8031175193873494, 0.3655557054858995, 1.4479110051087905e-2, 0.9303315200991502, -0.4076388571036915, 1.1146243721396227, 0.6607008035097519, 0.8521098142902255, 0.6853422573636627, -0.6879291836912976, -1.3267022835698057, 0.30685661478953746, 0.4754972982487735, 0.37613421199997005, -0.39271620572966065, -0.6257897796208748, -1.963367800546076, 1.2889531846081212, 6.440025876000582e-2, 1.1877419816465493, -0.30641428675475263, -0.13871025505931195, -0.23555734852493956, -1.313350884516888, -1.3519072949822906, 0.7992299359771886, 1.1705583014834962, -0.3492298817697623, 1.5470047646879266, -0.3789568917359747, -0.1566007678521307, -9.184894440084636e-2, 1.191955100819354)
