seed <- 893
log.wt <- -14.887913981160324
penalty <- 2.8115950178536287e-8
intervals.send <- c()
intervals.recv <- c(56, 112, 225, 450, 900, 1800, 3600, 7200, 14400, 28800, 57600, 115200, 230400, 460800, 921600, 1843200, 3686400, 7372800, 14745600, 29491200, 58982400)
dev.null <- 358759.0022669336
df.null <- 35567
dev.resid <- 225853.808436397
df.resid <- 35402
df <- 165
coefs <- c(6.595233133602695, 5.6197796846653105, 5.762711314940932, 5.415817826637919, 5.098907809542143, 4.771699546372251, 4.741800857759643, 4.649576113447538, 4.363142382704829, 4.283047971543611, 4.371815943857084, 4.149196208983585, 4.0106312598349, 3.9729200479438678, 3.7424319821329943, 3.5427750893819208, 3.2587154087861316, 2.973411273674341, 2.4953365412320268, 2.1080316060955893, 1.5776752508929501, 0.886380339932286, 1.0856898864616176, 0.6280951654167454, 0.2438966188953274, -1.2942311866573863, -0.22798393161473904, 1.1824300084288772, 1.079306152704526, -1.022777203763819, -2.2127486838792936, -1.5829466871245013, -0.44039471641078504, 0.7780463316256196, 1.265543288000016, -1.6460908747442524, 1.1223872343609716e-2, -1.343262925852389, -5.191940138270348e-2, -1.4631632034242896, 1.0030858198101629, 0.9492405186705603, -1.0551796398109634, -3.07764304714464, -0.4368147841593908, -0.6197702024634953, -0.24321859429810055, 0.23237166550916696, 0.45772937425331106, -0.7420426915798365, 5.632772855569815e-2, 1.1757322773529777, -3.0535135083332694, 1.7531778087222096, 0.879398817985021, 1.1256171703211615, -2.774896242193906, -9.294451284953432e-2, -0.3849237851413083, 1.1683795627528335, 0.8279592803273551, 0.853637221072559, -1.9959068838423724, -1.7520943652657353, -0.40202780952512623, 0.24030161410750173, 0.5147794066405875, -0.3255446951037113, -1.3032386702673195, -0.4942951367360428, -2.764320680186875, -0.6753885967358796, 0.6683137030593518, 1.0089145853496655, 0.7016469054958017, -0.7883122800572718, -1.2838255664738518, -1.21740193447915, -0.13725835941654282, 0.5806338942299847, 1.2192857114184388, 8.71796952324187e-2, 0.16792618465969936, -1.7424560017212136, 0.1790215683199384, 0.35375428935167474, 1.2584500970531236, 0.5501555634209517, 0.9199950626820512, -1.5930439057340535, 0.4442960784383708, 0.6902900075563435, 0.7981531412298516, 0.3131963351909106, 0.2824456661174221, 1.4066337952218684, -0.8365513799388005, 0.3643679334965758, -6.1259768565800225e-2, 0.12401147535599459, 0.19010864180974718, -0.7354153176485597, 0.9472691117014623, 0.44333177070692653, 0.8682705646576633, 0.8252012065772899, 1.1514839512196928, -0.15608429454810238, -0.5193346940296856, -0.7065504556122807, 0.3903553513483271, 0.7588349070803893, 1.6159088259509533, -1.1902431817072983, -0.12640737247711295, -1.026566348052723, 0.7722620269306293, -0.22708828897892994, 0.5899970971080158, 0.8061634421057123, -0.7802441632302248, -0.3163664373241543, -0.9983772634594602, -0.49568213416934653, 0.4041312280143454, 0.8803746587014369, -5.461698059914349e-2, 1.0119249997683348, -0.446653708573363, -0.5245247248432304, 0.31593689333423747, 0.9464507398223766, 0.6909233539517, 0.4722251684681112, 1.872099503084353e-2, 1.1368339566835421, -0.2590909700776105, 1.0456558283544513, 0.7221864651577328, 0.8575577547203028, 0.7158536351601841, -0.772067905408138, -1.2818397930134233, 0.8273581770483202, 0.14222058887911007, 0.45924867916635437, -0.2339186972889288, -0.36795399885857855, -1.7604122937008249, 1.2973900407676882, 0.19008262967875625, 1.1352948827202467, -0.18420553149769786, -0.15931313727892912, -0.18472011426098592, -1.7954327801276355, -1.0851581228309684, 0.8903058201210776, 1.1438648686701784, -6.079220654751598e-2, 1.5463344171390947, -0.4072589259911035, -0.11180147341885542, 0.1680502974022244, 1.2123785737056663)
