seed <- 292
log.wt <- 0.0
penalty <- 2.8115950178536287e-8
intervals.send <- c()
intervals.recv <- c(56, 112, 225, 450, 900, 1800, 3600, 7200, 14400, 28800, 57600, 115200, 230400, 460800, 921600, 1843200, 3686400, 7372800, 14745600, 29491200, 58982400)
dev.null <- 358759.0022669336
df.null <- 35567
dev.resid <- 227535.7757642533
df.resid <- 35402
df <- 165
coefs <- c(6.4032996969167195, 5.735991331523231, 5.5524441002065, 5.307133729950119, 5.096024539883488, 4.854288729316772, 4.750852231496909, 4.637387572276136, 4.316086507298097, 4.258910792286655, 4.290226442678521, 4.1193555101546355, 3.949982566125239, 3.908329839094023, 3.72772929803143, 3.5099443349209336, 3.225663909712717, 2.8960713140994794, 2.4499428347246317, 2.0108090232836657, 1.6128169569064208, 0.9453606948462417, 1.0164615755072828, 0.2625272719095265, 0.707592527074034, -1.0047833620706057, -4.6269790603478626e-2, 1.033305655453986, 0.995221095293037, -1.0345160099887978, -2.61192958492427, -2.308889716586107, -0.19218502408892116, 0.7744843467309569, 1.2027854939572464, -0.4893608584079608, -1.1455958029644169, -1.0040059305913518, 7.186463624675267e-2, 0.15567462216537417, 0.8841169985359155, 0.8706953479831051, -0.6312500394781511, -1.8770005384678152, -1.4245015971193535, -0.6210075537022047, -0.8902046657002528, 0.2509329368124153, 0.9144620922678908, -0.3381276892431691, -0.23653977909615168, 1.1343954486703383, -2.0274594121006935, 1.7582845053284322, 0.8361596958573834, 1.061049098077692, -2.4156167686409766, -0.17399303512192046, -0.4153539283932967, 1.1664804145147512, 1.0374182978411501, 0.8257630959905742, -2.2152515135400224, -1.0866231482371451, -0.7380453375756577, 0.29934266898750334, 0.5929761303661537, -0.15053134175152347, -0.8456247021985281, -0.8755311247060114, -1.7756496494371006, -0.4010719966042674, 0.4897480586770792, 0.9036049581584433, 0.8377647646042401, -1.0769776514350629, -1.4096834725866567, -1.0910347128684519, 4.7226750862055376e-2, 0.9115767696390114, 1.1252256534040204, 0.11168509935109053, 0.15745579693138262, -1.7041560329034076, -0.3587325045623559, 0.5367360130844718, 1.2735297743904925, 0.1175967292738699, 0.7868372177598877, -2.519569425986685, 0.3976580211007765, 0.7748971067177197, 0.9121152764866574, 0.24279757422224305, -0.11032703246217136, 1.1715945178326086, -0.6871716405752526, 6.679444002748224e-3, -0.25411214916658137, -0.5831907289679983, 0.27352733244586863, -0.6604445701343719, 0.7058196738298204, -9.928210813644645e-2, 0.750758124065993, 0.8808640414571607, 1.1082057110274186, 5.1561084953548365e-2, -0.35371194796148836, -1.0444472641354297, 0.5741284767949126, 0.4941066989007395, 1.5327793807356214, -0.4978086579134303, -0.3005825454141454, -1.8388404062597004, 0.866592552916978, -0.25577654989075477, 0.4534860136266901, 0.6077030358324105, -0.23312695933606653, -0.5381750849783778, -1.2700680874106216, -0.6907962907603442, 0.29326847187345234, 0.7950700132385325, 5.491585393708206e-2, 0.977503516287676, -0.6411072354648224, -0.4103543698575222, 0.2591279123178754, 0.8014077623431735, 0.7000578559315618, 0.34448324901306293, 0.10116245610583856, 1.1487079328501906, -0.39690453725246494, 1.0692162759875616, 0.76416431580366, 1.1200893979712854, 0.7777272694590319, -0.6244140949707575, -0.9471669060899632, 0.5639322235372891, 0.3298557154836553, 0.43566313189798245, -8.92599396184042e-2, -0.2841566989053972, -1.6607564130025736, 1.2170643040405176, 0.2293297000905888, 1.2754489497137949, -0.1276581646503097, 5.88497164161592e-3, -5.8820321285032534e-2, -2.2815503598201325, -1.4007956918757754, 0.876609438871618, 1.2530511512930222, -0.3620425690085468, 1.4670986758744005, -0.20629973867397436, -8.448797203099563e-2, 0.15397927279432622, 1.2142746158301492)
