seed <- 927
log.wt <- 0.0
penalty <- 2.8115950178536287e-8
intervals.send <- c()
intervals.recv <- c(56, 112, 225, 450, 900, 1800, 3600, 7200, 14400, 28800, 57600, 115200, 230400, 460800, 921600, 1843200, 3686400, 7372800, 14745600, 29491200, 58982400)
dev.null <- 358759.0022669336
df.null <- 35567
dev.resid <- 225618.66019815137
df.resid <- 35402
df <- 165
coefs <- c(6.508114372109361, 6.032526602527972, 5.712884945830982, 5.337714493927761, 5.079175111884832, 4.87218049199075, 4.7104505535043115, 4.616086137477237, 4.334059381645454, 4.242950903995017, 4.303455715123068, 4.147260087383499, 4.001798486704276, 3.965400671251489, 3.753078242925219, 3.524674314493912, 3.2275179886963863, 2.937181385036606, 2.4952448684890483, 2.0591381867043292, 1.5153467177671522, 0.9817546250157568, 1.0236488434453723, 0.29064600384749095, 0.32977425414424216, -1.4585839221314274, -0.2818911205616461, 1.0559404379871202, 1.107789915253637, -1.6474801697218109, -2.3317572655520977, -2.704666764419443, -0.28182937690731147, 0.7977301686759376, 1.4070874638159745, -1.5380748875257162, -0.3242950156275962, -0.6831650628946868, -0.11850093101451803, -1.0184000123539487, 0.9591778536355988, 0.8601969636543024, -0.9216059040620584, -2.5673892832679917, -0.8957909036170529, -0.871284723829662, -0.537578743234775, 0.6761232791232986, 0.3667804701525338, -0.6015026483407133, 0.15536817848920978, 0.9865659466536285, -2.5815032235963193, 1.8574650023911587, 0.7391956473691759, 1.2318210788754327, -2.2244602157608213, -0.4145673266005382, -0.3906898636052852, 1.5197881486406581, 0.6225479727009102, 0.566960787408833, -1.2728521636829482, -0.8460815115783024, -0.2258020890771246, 0.18887644738682424, 0.6004045698145631, -0.5284266229433104, -1.1667405904203303, -0.6481364399820598, -2.439612330961603, -0.5038227017029777, -9.653517643128368e-2, 0.9357304826668472, 0.6800809622371249, -0.7649279449564585, -1.87287719634296, -1.221757790638142, -3.296275539356866e-2, 0.8534604738558054, 1.196051034672989, 0.19223928016998493, -7.894431504917773e-2, -1.3130273122988156, -0.4273627251233039, 0.38490886315480116, 1.17700026105243, 0.3036412888663057, 0.9315545551119314, -2.00852731759634, 0.5647643484988703, 0.7593022818051747, 0.7518114520600714, 0.4255058186743928, 0.14762801490167646, 1.1489375504203883, 0.5338758320773643, 0.5732738761739756, -0.1319019723990532, -0.17714850343068775, 0.5702863246365016, -0.1611491537868572, 0.8373412898336883, -0.14935875189014108, 0.8992909630689443, 0.9227715790888824, 1.1481304603340614, -7.925158714928134e-2, -0.49676245745058567, -1.1174409512899521, 0.4511509456676523, 0.8636921225621002, 1.5778628978838465, -0.9987072795416108, -0.31380312764952484, -0.7755464903124116, 0.8007468385240744, -0.2524500897760125, 0.4198303097059239, 0.5597862282325912, -0.6102773422195656, -0.41523145396696265, -1.5268303006301944, -0.9022849863510847, 0.3920765464834962, 1.0038201850547799, -4.620220184458438e-3, 1.1719946243345547, -0.7386491316599055, -0.41536841372481514, 0.3272427298845009, 0.8373856114733144, 0.7090002174725425, 0.5213313628550894, -5.2845161132059615e-2, 1.1685952673377076, -0.355749468594296, 1.1306489411003615, 0.7741509104074308, 1.154886736341776, 0.7793150464397347, -0.6509415427614861, -1.0610667841344201, 0.4740520331787961, 0.1304264561448776, 0.5339630912731779, -0.3057048253881279, -0.44987593469221476, -2.048656275883234, 1.3777762086302423, 0.19812577763410352, 1.4260030855321082, -0.28749836859714756, -6.72529349505409e-2, 3.432421489772267e-2, -2.072542366239744, -0.7371724858401457, 0.7597555750910694, 1.2269261273620244, -0.21971617004414165, 1.545840160488589, -0.38116203693307804, -0.10923327071620434, 0.12791963208850698, 1.1677532521967349)
