seed <- 510
log.wt <- -13.39000793991317
penalty <- 2.8115950178536287e-8
intervals.send <- c()
intervals.recv <- c(56, 112, 225, 450, 900, 1800, 3600, 7200, 14400, 28800, 57600, 115200, 230400, 460800, 921600, 1843200, 3686400, 7372800, 14745600, 29491200, 58982400)
dev.null <- 358759.0022669336
df.null <- 35567
dev.resid <- 226564.60061747086
df.resid <- 35402
df <- 165
coefs <- c(6.713556387959792, 5.949687965940488, 5.739171931171172, 5.3264243171854515, 5.0989896240602315, 4.815236998715154, 4.767290672957231, 4.627536788341365, 4.394070888617553, 4.220772054615856, 4.319379415149626, 4.141234763698831, 3.979092907734674, 3.877775584885046, 3.734675764388608, 3.5575941140225376, 3.233008895209257, 2.952696124587104, 2.4506552010086504, 2.041776734962466, 1.5784856711805393, 0.891459109262665, 1.0241796027489452, 0.2931947547662431, 0.45948759469165357, -1.0135102566610912, -0.2789726635765903, 0.9202141546051282, 0.9977555602756693, -1.769203259603441, -2.7165000704747717, -2.018838204901976, -0.43064842739014786, 0.7708159176541033, 1.3669817676696157, -1.181238733285847, -0.5225121841598364, -0.8421788524136418, -3.0570116113053568e-2, -0.6151272426043383, 0.8995730196334186, 0.753784745545846, -1.009814630686672, -2.340380725903166, -0.8034375892156493, -0.7689216242458419, -0.18132638183129, 0.11278194582030497, 0.24452614865256309, -0.9884960038298863, -3.052767579470167e-2, 0.9273932484306078, -2.136558730947296, 1.674783216312555, 0.8747004564747222, 1.079419611522214, -2.1010894958389787, 8.077954827973426e-2, -0.29176676612281066, 1.3383278161121535, 0.9016439299606368, 0.6845200328181619, -1.71217622708025, -1.1049442295083094, -0.4211927901339401, 0.4223131197846842, 0.7131679446795345, -0.43128396466111674, -0.8971460515514448, -0.689376628213641, -2.3781340802877504, -0.37601922192440196, 0.5455484569084985, 0.968624567679712, 0.7299152684573427, -1.1165278101905685, -1.345800590384459, -0.9458409809104402, 9.405148802183223e-2, 0.7162454310308454, 1.1716283103977883, 0.1500494649927864, 0.10594687421090661, -1.5255053255064137, -1.128639176184483, 0.5760744261218963, 1.3399530485710918, 0.5184109109298805, 0.8363325866903185, -1.772935903541554, 0.483205427330648, 0.6069374190967226, 0.7413753092904662, 0.1918690610867573, -0.2699845125133502, 1.4157555112986848, 0.4064951901358905, 0.3784497963622983, -0.26727162836960705, 0.12847515709400292, 0.2709876545232628, -0.6565454474652735, 0.9072064963569012, 0.49489044513403896, 0.4892596084630984, 0.8504356356817664, 1.1201249002830929, -1.9939882249441855e-2, -1.3181139338569339, -0.7160120941223166, 0.4327076428314027, 0.5854205858137893, 1.5502350934963132, -0.6421793551680599, -0.2687726494098042, -1.228203029978086, 0.7547748793375695, -0.1909691970785561, 0.49668169363970627, 0.4200328932670628, -4.508356321215051e-3, -0.562086330681112, -1.3708044764322564, -0.49981699255459766, 0.3061898719737895, 0.8721039276711309, 6.928396972752626e-2, 0.9849098891696035, -0.6907430078752846, -0.5600893145554985, 0.30900270894093934, 0.6732593142845656, 0.9021691707525451, 0.2506760540083998, 3.42722380072009e-2, 1.0418991109578541, -0.4498797281155247, 0.9695706519035637, 0.7343709278122542, 0.9553724268677035, 0.7432128396861161, -0.6520159613288997, -1.174769283356282, 0.41565897208416985, 0.3569695296688512, 0.46587343767940576, -9.242555514619531e-2, -0.3839712083698186, -2.0128846363471182, 1.2487442432443412, 0.131632023090103, 1.1777615857819235, -0.16581848687609285, -7.403601153541571e-2, -0.12693652338167655, -1.5663080446671, -0.8430663702481793, 0.7980652230381629, 1.2459001446455285, -0.40142568460360484, 1.5052426893359998, -0.15459495777340712, -1.2531382922312168e-2, 3.1691168413777605e-3, 1.188632111572525)
