seed <- 806
log.wt <- -14.125760257252471
penalty <- 2.8115950178536287e-8
intervals.send <- c()
intervals.recv <- c(56, 112, 225, 450, 900, 1800, 3600, 7200, 14400, 28800, 57600, 115200, 230400, 460800, 921600, 1843200, 3686400, 7372800, 14745600, 29491200, 58982400)
dev.null <- 358759.0022669336
df.null <- 35567
dev.resid <- 226533.8434536603
df.resid <- 35402
df <- 165
coefs <- c(6.885337059595955, 5.588330291690456, 5.725576633412701, 5.309787827477174, 5.104223570633495, 4.947069908772795, 4.782549140669658, 4.57881348095551, 4.347915081105768, 4.329461829873529, 4.334939564416974, 4.184404731515155, 4.0493265823304645, 4.009675002360651, 3.744853069753289, 3.5722308752656446, 3.2597088871410387, 2.976059837562346, 2.542301643239708, 2.061178844452762, 1.6443584647189957, 0.8743819335505996, 0.9838598343570064, 0.6560118148067008, 0.30193015508794524, -1.0464271392099176, -0.20164975778804664, 0.8289832477970177, 1.112005452717659, -1.3046232526920187, -2.5442053559681463, -1.9426535741896434, -0.36774466182108734, 0.7324784235768393, 1.2641729113568065, -1.1262422688243665, -0.6562235379911016, -0.6568239193240027, -0.11259311261347486, -0.6354031282876591, 0.9332481514311496, 0.5443589909269297, -0.7438968109277561, -1.6697587728637715, -1.486693231999501, -0.8240198520690137, -8.78599530823829e-2, 0.5685443440185945, 0.45236279753360975, -0.8256654599135574, -0.2515878255260789, 0.9262140355978142, -2.787042117332138, 1.7460703802554618, 0.9230402690593134, 0.9590815235211896, -1.9530356457901386, 0.1924960266338583, -0.43834578017132975, 1.463309027765774, 1.1438082994139118, 0.8156673747182317, -2.261822413150424, -0.9362257341691429, -0.5085426404964359, 0.32067935814511794, 0.7808392894506482, -4.8187477387781404e-2, -0.8729932960801219, -0.7412293098901764, -2.6634607507423134, -0.30696640051672675, 0.34598542995527665, 0.9078943332317796, 0.6993814289715955, -1.0373280865874195, -1.3540626253912662, -0.8698979710671133, 4.3415649558105e-2, 0.5522017887472354, 1.2559898815413135, 4.176851379597825e-2, 0.23961262201412675, -1.6015603493895427, -0.142856280316739, 0.3715008671407469, 1.2417293293511882, 0.434072899434386, 0.850173648156652, -2.3367595633715057, 0.37184232777685666, 0.60600237887829, 0.7308404994886551, 0.3513989793092634, -5.448218410995581e-2, 1.3486344310650158, -0.6879185565559722, 2.9680463353014643e-2, 8.62858558122326e-2, -2.1657664458335973e-2, 0.22470992741005724, -0.2257623322857832, 0.8391313455141624, 0.10742445147861135, 0.7432458685139377, 0.7883719096767817, 1.0426346392136059, -1.2789453735174923, -0.9304121126122348, -1.0318970274928811, 0.45993128744537426, 0.48922073151375955, 1.583082771300768, -0.45738827396915516, -0.34794808899246127, -1.2966852915400362, 0.7428057676446758, -0.24237396792094856, 0.6287322402869229, 0.5624052898392644, 2.9655649012385706e-2, -0.36448341764511244, -0.8329383141396721, -0.13399844044738518, 0.4627484907458908, 0.755042469362037, -5.510567041751969e-2, 0.8579166292513342, -0.5328657871746887, -0.3917238857440664, 0.3523006320294452, 1.090931304915212, 0.690666785981503, 0.45462856885736974, 0.16421003931696204, 1.102983682192655, -0.26993791274463713, 1.050105408884472, 0.7192804410458413, 0.8604959679821387, 0.754506139112182, -0.682093813154264, -1.1056647077742636, 0.7978753002971078, 0.39476666503287167, 0.5624855710147401, -0.23106973724826485, -0.3511515196562406, -1.7973140551539015, 1.234388480958652, 0.156396432235107, 1.0229273784384338, -0.13858791490363587, -9.945495776503191e-2, -0.16149950337768676, -2.1739971204595547, -0.9417652945414773, 0.7834397852695111, 1.240123219568596, -0.6657100229294387, 1.55093090935643, -0.45621369514726645, -0.14278982833416495, -8.765002316067898e-3, 1.1245323814683077)
