seed <- 889
log.wt <- 0.0
penalty <- 2.8115950178536287e-8
intervals.send <- c()
intervals.recv <- c(56, 112, 225, 450, 900, 1800, 3600, 7200, 14400, 28800, 57600, 115200, 230400, 460800, 921600, 1843200, 3686400, 7372800, 14745600, 29491200, 58982400)
dev.null <- 358759.0022669336
df.null <- 35567
dev.resid <- 226186.84363059103
df.resid <- 35402
df <- 165
coefs <- c(6.675910140359182, 5.669065450900759, 5.689143884925041, 5.307732831116163, 5.10094158144741, 4.8267424987334495, 4.747223671454809, 4.652622604726457, 4.395104370437741, 4.2909395132486665, 4.328647453338662, 4.178304118522041, 4.046525106583028, 3.9721354842231054, 3.749801796875316, 3.518799470635711, 3.2544820957208467, 2.9388085350106508, 2.505412645881532, 2.0487740801717593, 1.6154000126809178, 0.8782839738172625, 0.9714147099021131, 0.496792967913031, 0.608492474391531, -0.774990346005016, -7.534213344045576e-2, 1.1238080331456197, 1.0634501959013094, -0.9738705039887599, -2.61788419659578, -1.8713322058269966, -0.19883674461656192, 0.7266992450239632, 1.0718982838178805, -1.3697597440409974, -0.8473383920209608, -0.9824716605544503, 2.6959195906725818e-2, -0.9533748711236484, 0.9787076522438275, 1.0220846885322306, -0.7679123334006188, -1.7504496754915921, -0.9368908453309893, -0.6528292850036908, -0.5776173160654878, -1.8778444185892765e-2, -1.2712771261858997e-2, -0.42981398951996125, -0.5193156411405035, 0.9716962417562593, -2.4710427331384857, 1.7687183288233153, 0.7601587710176139, 1.0759847525554396, -2.073387526346856, -0.2542338106635779, -0.21887420815365544, 1.243162872013853, 1.3758101944859722, 0.6886818826220429, -1.9396785148348363, -0.799304185785342, -0.4424734359494404, 0.2822955380537808, 0.6791033848418562, -0.3234917850113596, -1.2527982545850957, -0.5298208063510188, -1.5243437057481994, -0.2558262852043754, 0.4755502628849136, 0.87410660753762, 0.7835060082541556, -0.8920814682182944, -1.387054816990399, -1.1631189268972009, 4.835201794364559e-2, 0.6596194254335607, 1.1202239661275493, 3.94842616928075e-2, 2.8344682872137875e-2, -1.1974504611455308, -0.16031355102090208, 0.33234363494528585, 1.269919080062014, 0.3803416702893072, 0.89929144357438, -2.3931751097090626, 0.5440962603827951, 0.6984848059574297, 0.771340456456095, 0.3642088762048146, -0.4226083663382261, 1.261067518309395, 0.3277980544504489, 0.11650214965994658, -9.106987291530985e-2, 0.1746223355580579, 0.4078073358357104, -0.7180208508360916, 0.7305885030852541, -6.701181203012489e-2, 0.9066304186066053, 0.8049118844825877, 1.0591359792984372, -0.6773422852579349, -1.2663474234205276, -1.078095319921417, 0.3995200218837045, 0.6600297164208224, 1.57497460126065, -0.9816677574170518, -0.2576130001042032, -1.2480642567878772, 0.7864138638081729, -9.492958205601214e-2, 0.44005407807103597, 0.5673078171666646, -0.3247243975585157, -0.4526797503769166, -0.8863818319642544, -0.41553050679307263, 0.33462740520496365, 0.9450294657036452, 1.7566722626996777e-2, 0.9497302539263972, -0.9441314828601348, -0.3830604010360413, 0.3017549773058825, 0.7851575828920082, 0.6389691943018854, 0.437625679657676, 8.707432142771745e-3, 1.1943225093087653, -0.347063537528359, 1.1526577278703354, 0.7439294410311293, 0.8479552939197678, 0.7442968958417797, -0.7176772651303324, -0.9914576469674866, 0.6248123421473047, 0.27364833963694174, 0.48353697714314486, -0.2087472860238292, -0.7881464646469634, -2.135746981906089, 1.2019469140413528, 0.206662302694975, 1.103025490008406, -0.14819343979861507, -0.1810370909807195, -0.13770146799439378, -1.4591438806075423, -1.088831984868948, 0.7852541348120362, 1.2319235420697723, -0.6563830099115255, 1.5245228714914907, -0.1428795141765793, -8.704787352367095e-2, -7.445028665314064e-2, 1.2253326926980272)
