seed <- 697
log.wt <- 0.0
penalty <- 2.8115950178536287e-8
intervals.send <- c()
intervals.recv <- c(56, 112, 225, 450, 900, 1800, 3600, 7200, 14400, 28800, 57600, 115200, 230400, 460800, 921600, 1843200, 3686400, 7372800, 14745600, 29491200, 58982400)
dev.null <- 358759.0022669336
df.null <- 35567
dev.resid <- 226379.24225885505
df.resid <- 35402
df <- 165
coefs <- c(6.4201481230616695, 5.841291131142307, 5.694751786679862, 5.474881323334595, 5.09860977558082, 4.90836434239573, 4.795769265888756, 4.653982492081541, 4.431102875876473, 4.260482751056911, 4.295080327305336, 4.20078833907416, 4.00477666362777, 3.9674614528559693, 3.758476681104782, 3.5365594249887056, 3.299807567424412, 2.9472430555834084, 2.4949028277810776, 2.066262427026741, 1.6870263626154227, 0.8797368024893019, 0.9071957309786436, 0.6622387905296567, 0.36061346114240483, -1.1288277143937857, 6.6219497709543275e-3, 0.8676556112817658, 1.1321015005593063, -1.1594360859533952, -2.3135850120733297, -1.5523259727524559, -0.20848229938727153, 0.694442108799512, 1.078135584173857, -1.6872731539815877, -1.0903338725758323, -1.7445791487149627, -0.249359750471441, -1.2715496451416504, 0.9414872345604708, 0.8941586443470604, -0.8551574289334827, -2.7224068541444555, -0.7006058466832066, -0.6409391231393867, -0.21352150068519557, 0.12611663218497102, 0.43360753414221126, -0.9168143587685977, -0.1622566917400126, 0.9027671751929255, -3.0404539332311926, 1.6642895038492542, 0.7264299036236993, 1.0471539373047807, -2.505537645392475, -0.16968987773048008, -0.511180087552334, 1.250603546794094, 1.2307003022209737, 0.9595689228007181, -1.0583121089204823, -0.7908997469863746, -0.2994337269929957, 0.2784555250973535, 0.5667387753868913, -0.4755692876398856, -0.9062828878917899, -0.6736359186293612, -1.9327666934517265, -0.1838231103322704, 0.8151046198587121, 1.0757912289054343, 0.6537247338873268, -0.8683854980211353, -1.6144256523150076, -0.9739188806539586, -4.0953394296900196e-2, 0.6532484841849167, 1.0406535565647903, 0.1585406242434316, 0.15035039015787022, -1.7789085654685097, -0.5721011023555059, 0.48394095973607415, 1.2301256285911477, 0.6337162243877382, 0.8764865912852253, -2.2220252047850737, 0.5348126411839897, 0.776489860000299, 0.7071337341257155, 0.34712430493115315, -3.982425065116897e-2, 1.2800584329381648, -1.0368852927062244, 0.2094447733101691, -0.30709562181677763, 3.4202566586290076e-2, 0.42925479862089916, -0.3519556727046814, 0.894190184689286, 8.882400032548952e-2, 0.9577488513351836, 0.7908073259161703, 1.0916493206785989, 0.28016825638380216, -0.7628102252286043, -0.7455065825458503, 0.4236996806599981, 0.35883775649413374, 1.5963538231599221, -0.5666140916046631, -0.2507464590158024, -0.8081859996223982, 0.6953453220699009, -0.30909122516546295, 0.4888830994975642, 0.7759300287032582, -0.10603790043077956, -0.1404302789938295, -1.397360617513164, -0.28592141434787444, 0.36522441910165576, 0.7537939069844221, 1.0752058451085036e-2, 0.9558132087846621, -0.7898669060090314, -0.41403181217464313, 0.28151433637909756, 1.0205640509216845, 1.2066881606960969, 0.49285083527994866, 6.475130241473193e-2, 1.0134382397052684, -0.251660439737163, 0.9419269764694506, 0.7642033827258902, 0.9769688952583382, 0.7613981320794122, -0.6368592429474601, -1.2371381054172117, 0.745301634380212, 0.7932993054769295, 0.6327482279257871, -0.41411667504968797, -0.3235267521313171, -1.7263453830395978, 1.2458483777065912, 0.1909577323753632, 1.1255129247108693, -0.1469776365303025, -2.6403966592798783e-2, -6.329782410802612e-2, -2.49097654305353, -1.2718449902403925, 0.8218131354589095, 1.2095781701872865, -0.27033451701976097, 1.5914107680288456, -0.5045229987524079, -0.2276423841166573, -6.55231964101488e-2, 1.0954736257191497)
