seed <- 700
log.wt <- -14.709170415696605
penalty <- 2.8115950178536287e-8
intervals.send <- c()
intervals.recv <- c(56, 112, 225, 450, 900, 1800, 3600, 7200, 14400, 28800, 57600, 115200, 230400, 460800, 921600, 1843200, 3686400, 7372800, 14745600, 29491200, 58982400)
dev.null <- 358759.0022669336
df.null <- 35567
dev.resid <- 226620.82129250787
df.resid <- 35402
df <- 165
coefs <- c(6.522129317833033, 5.932861902249353, 5.703722045565896, 5.254205005301264, 5.101091509504816, 4.7685554015880856, 4.682988215176247, 4.585282181150995, 4.343694839686816, 4.231189998045111, 4.294201940585349, 4.133676024750456, 3.997108943009807, 3.9399591938794627, 3.7403624502092523, 3.4926567068965366, 3.216572505932195, 2.949091670395735, 2.510353888247531, 2.0695954655059703, 1.535907323748883, 0.8773065230488372, 1.1285324143187485, 0.4590871785176267, 0.40478239233743907, -1.1116561468048123, -0.1938114717243204, 1.0831034648648659, 1.0241808757548443, -1.29041580166401, -2.0821608839998165, -2.034962757207154, -0.41614153253499075, 0.7201267135803984, 1.2780339965514398, -1.1759951174361476, -0.5266495801643665, -0.8379967044776268, 0.14167901333982236, -0.9823247071545961, 0.9085503920529101, 0.9743920844743512, -0.8290332469579895, -1.7609326781925199, -1.0060870597106353, -0.8421938035709088, 1.8619479522817475e-2, 0.19450238537577696, 0.3722245943644178, -0.42662831423566094, -0.4805039160244629, 0.863024607249441, -2.2873625748338444, 1.7303890539246665, 0.6982104299336087, 1.0351752847922697, -2.324708621499455, 6.304628818615218e-4, -0.740511356609278, 1.3241892498658692, 1.3698931157713248, 0.735106827659065, -0.8618325385750547, -0.8323100954381939, -0.7057122606794224, 0.2697969950744929, 0.6422485550909333, -0.28538974264120953, -1.115618393247611, -0.5761731652635895, -2.290571663652027, -0.4119531459898294, 0.578582765889246, 0.9634612492651423, 0.5787323742110307, -0.6854684140989808, -1.4821538316733127, -1.2189916444164128, -0.1260556569530852, 0.6748339505161332, 1.1729696723820362, 7.66495917511354e-2, 0.1658262034950663, -1.66370295095632, -0.6527638922820774, 0.27423786378961124, 1.1432298057995682, 0.533293572559513, 0.81511199534353, -2.4525782910586744, 0.47829338204642236, 0.6129290063863958, 0.9258964725728056, 0.42569475382254796, -0.5004872397563622, 1.1781553198329142, -6.491355044174965e-2, 0.4054145139348715, -0.3502798386013705, 5.796680673093654e-2, 0.41287854705042126, 1.1401872377550467e-2, 0.8189000412018148, 0.2813006504566366, 0.712349045164676, 0.8441739649941707, 1.2326944497869625, 0.35975948532110674, -0.9443116966858721, -0.9000171640612392, 0.3557465716909008, 0.7457732939152019, 1.608572854325783, -0.7517606316975989, -0.22224402100824078, -1.3393419125421373, 0.7952620481704347, -0.3404273335823586, 0.6410932813005128, 0.28521488635202835, -1.0070498344503571, -0.7749914130596945, -1.1978789125049765, -0.6209003131661779, 0.35400636416593284, 0.7782716677418582, -2.7524492745715667e-2, 0.895557699234848, -0.44518390911174605, -0.4032881079561068, 0.4458329695377953, 0.7409996784734978, 1.0107349271342456, 0.3689379758896595, -2.695654194356119e-2, 1.1353150190540473, -0.4470040917214094, 1.001361355705541, 0.7071568433930464, 0.9426359595090608, 0.6393597649211089, -0.6708375260960452, -1.349361204483405, 0.67656824372156, 0.2727415726939398, 0.5308463764045156, -0.22876026454944948, -0.8419148762025876, -1.786044390369283, 1.2883454515172827, 2.475413226872439e-2, 1.1581329626198513, -0.18466006661058668, -0.11166207360999604, -2.9701330012293425e-2, -1.9668252130780663, -0.8132708141662051, 0.7732849356961653, 1.1206357188818044, -0.45555835831344943, 1.5849761205838804, -0.3402121119789815, -8.254508226972083e-2, -0.17993842293209122, 1.2465625795039392)
