seed <- 879
log.wt <- 0.0
penalty <- 2.8115950178536287e-8
intervals.send <- c()
intervals.recv <- c(56, 112, 225, 450, 900, 1800, 3600, 7200, 14400, 28800, 57600, 115200, 230400, 460800, 921600, 1843200, 3686400, 7372800, 14745600, 29491200, 58982400)
dev.null <- 358759.0022669336
df.null <- 35567
dev.resid <- 224919.11606302502
df.resid <- 35402
df <- 165
coefs <- c(6.768950708254225, 5.849877610946142, 5.640029159124559, 5.30779173016343, 5.108470441191098, 4.92398635472864, 4.794213123293896, 4.691644375435069, 4.389443759634756, 4.262745614577062, 4.342206735015118, 4.189616995173311, 4.005353385956422, 3.987675148300468, 3.7478182364790347, 3.556563993420729, 3.286716521004557, 2.9561096576158556, 2.5138144729790697, 2.1098729384421544, 1.5399976438989114, 0.9281945181952631, 0.9989146220505697, 0.5185715789332294, 0.6101404621131448, -1.7485262544093945, -0.11999736142522091, 1.0424759788514537, 1.0577497389577566, -1.0773467301321555, -2.4278349654547324, -2.221622482758669, -0.15728953422878228, 0.8123379870548776, 1.3360223652649383, -1.408642543562544, -0.40885639612665065, -1.5921079686544832, 0.29319915830374227, -0.5628582842370226, 0.9234902086236353, 0.9760630860215183, -0.8145291274983996, -2.202241576197893, -1.1155903758087093, -0.6014452741537649, -0.4121878788773616, 0.14969992175070887, 0.3493239087719176, -0.7349306653768005, -0.37070981941773745, 1.1134383332827948, -2.487513574219545, 1.7658050976794153, 0.7100178977148934, 1.0994261590950767, -2.3417863068315965, -0.20450699309054085, -0.7627190274976872, 1.1561341618394985, 1.3793860480060538, 0.9233679943660952, -1.5631993277828748, -0.8504055362121644, -1.0848107659436526, 0.3097503601196608, 0.6588786771592905, -0.32925847558723104, -1.7613729836113654, -0.9371376789683842, -1.6324282852565444, -0.4482448442704835, 0.3948436118050518, 1.0101670915142247, 0.7057888326120098, -1.5135479752205712, -1.0376697796453576, -0.8660903743195058, -5.2431723781677646e-2, 0.6554613794064285, 1.2050850942919018, 7.055814942061886e-2, 0.1310797091919254, -1.8848271881432146, -0.110405259835886, 0.6363408445977193, 1.2114875410673072, 0.3322529942909059, 0.9171902575204016, -2.4712272741805257, 0.4588875893442297, 0.7672658271477967, 0.861704183733863, 0.45461462820787296, 4.188152514329397e-2, 1.2801606464765658, -0.9373120092006263, 0.5285691097193045, -0.1736809154724778, 4.277796590427241e-2, 0.40408876163047674, -0.9020546347730009, 0.8578274051481348, 0.3014444236539057, 0.8524487762771386, 0.8533203331230127, 1.0734432114232595, 0.13312674885713618, -0.6027291510619591, -0.6635245075049296, 0.4231346033727091, 0.617582897523523, 1.6288777769456781, -0.6535672245178377, -0.30532702688802577, -1.0700675796863235, 0.8128242145516443, -0.30604181297275923, 0.4126058191066106, 0.5365358802319324, -0.33605724991257957, -0.5693193445145732, -1.6801799675435811, -0.48129533007061787, 0.35822628876806906, 0.9546473390274288, -5.599378727300323e-4, 0.9280362451035679, -0.4666131030352891, -0.3517814882344679, 0.20348836907442422, 0.893295459172746, 0.8777441141387713, 0.5845896728276245, 0.13585072030040976, 1.1079739200441778, -0.4316864999019777, 1.0187859069919647, 0.7610876690926265, 0.89158266097437, 0.8677914795348108, -0.6187484837467618, -1.2580678949417194, 0.5522620313302523, 0.1457067087404743, 0.6699903505282616, -4.717423971315848e-2, -0.43709918515543, -1.8265163331423286, 1.2787673722007413, 0.12517935525537807, 1.1466906709122764, 6.809651415092254e-4, -9.936388483495086e-2, -0.1320325346817556, -1.4780718526158456, -1.361784787437715, 0.9553836769069821, 1.1854807756988035, -0.4112957790013587, 1.5785739204068228, -0.3335329241177367, 2.880418778104242e-2, 3.3282747936547175e-2, 1.2421175899848693)
