seed <- 1018
log.wt <- 0.0
penalty <- 2.8115950178536287e-8
intervals.send <- c()
intervals.recv <- c(56, 112, 225, 450, 900, 1800, 3600, 7200, 14400, 28800, 57600, 115200, 230400, 460800, 921600, 1843200, 3686400, 7372800, 14745600, 29491200, 58982400)
dev.null <- 358759.0022669336
df.null <- 35567
dev.resid <- 224406.10901792246
df.resid <- 35402
df <- 165
coefs <- c(6.558951815387438, 5.836519472244218, 5.58169345699763, 5.493859073448761, 5.0585519594051975, 4.84899435807692, 4.719951835810204, 4.760004425918403, 4.405449008943694, 4.2864850268889505, 4.32554186388699, 4.251262561854761, 4.027072751796027, 3.998714649323688, 3.7685130528395696, 3.5662590149522315, 3.2636016475202765, 2.9517455251678784, 2.5538903399589454, 2.061473876174391, 1.6609979601536404, 0.902394288396641, 0.9256025713192766, 0.794855827541004, -0.23312100332311578, -1.2104307041225741, 0.11496175557529323, 0.9729676886821689, 1.0403526170055557, -1.1778086454583265, -2.9640666029399503, -2.122658202558539, -0.5392236755900391, 0.7137185813141879, 1.1751138998212383, -0.8712486704003698, -0.845227407666306, -1.3586801458535804, 0.19162744171260535, -1.0407937607011197, 0.9199142080395111, 1.0368222726462282, -0.8313811429232755, -1.887050993545243, -0.6845698224302825, -0.7826799141221026, -0.33218608861829957, 0.36448486444557654, 0.7375953769017475, -0.7148794259356197, -0.805159054906134, 0.8001817197862016, -2.2808895034656294, 1.7465013929022881, 0.6695861924563405, 1.0949965134363515, -2.301215505763896, -0.1869280235808843, -0.543465852241096, 1.1732948862480417, 1.086904137435369, 0.7717655482735177, -1.7620525449569213, -1.320545874057404, -0.7684834810799782, 0.34672346792607894, 0.6068035310191854, -0.4177894125135078, -1.3510632132592342, -0.5003489542139326, -1.6740699886150787, 2.099652847963806e-3, 0.4787362552361549, 1.1176515512887342, 0.7472446172024723, -0.8236686951673212, -1.440994866155376, -1.3342814840532595, 1.1172129537917337e-2, 0.6504454030336041, 1.1941136411338364, 0.13236736363140267, -0.11547717355447404, -1.869988842424689, -0.1166710310538924, 0.5698035621899893, 1.2485256120038195, 0.48054666112943323, 0.9198087808300822, -2.4903029306170223, 0.6263821589377369, 0.654398334633883, 0.877340121006125, 0.3569801853782038, 9.218013212079781e-2, 1.4634001484606811, -0.39163768119444226, 1.7608345484262898e-2, 9.967090189766341e-2, 4.476538769506817e-2, 0.3934651180429355, -0.4001441344610897, 0.8666363094065895, -0.2568296999681227, 0.5361145233374618, 0.8903736679101653, 1.0364671234173255, -1.060945237173396, -0.8741975510596716, -0.7681321341413047, 0.444969972147239, 0.655468859327244, 1.6069118486729939, -0.5698774005643645, -6.1332871398174e-2, -1.0388935073516972, 0.8991379864599034, -0.382398750267685, 0.48137165332631743, 0.6293104926577687, -9.649866197717423e-2, -0.5701872496021334, -1.3442674485610828, -0.1136646798699667, 0.3684080233497264, 0.8917826012303631, 2.5580511766998215e-2, 0.9643870817287362, -0.7554046519655025, -0.39042360563688516, 0.2416468647725352, 0.7893631157747457, 0.850595131854995, 0.5568215768417505, -2.9123587112278047e-2, 1.1360447596391694, -0.21332645022199176, 0.9668543490167181, 0.7618447452604762, 1.0591756785109239, 0.8608127962078969, -0.6394110068111595, -1.0818519639434303, 0.7544839964107367, 0.17791838210619523, 0.6302367019220048, -0.1716681560270454, -0.33297369207882715, -2.0985759431185227, 1.2741971275185318, 0.24464450593189854, 1.3044792056994623, -6.304826394676245e-2, -0.11364383199824465, -0.20533117780508398, -2.1691102343881035, -0.77439594725986, 0.9584223736548787, 1.2652704910243386, -0.45832837438462715, 1.55340964810076, -0.29046661608632335, 4.413053294429204e-2, -4.660401105834341e-3, 1.3270060648103805)
