seed <- 219
log.wt <- 0.0
penalty <- 2.8115950178536287e-8
intervals.send <- c()
intervals.recv <- c(56, 112, 225, 450, 900, 1800, 3600, 7200, 14400, 28800, 57600, 115200, 230400, 460800, 921600, 1843200, 3686400, 7372800, 14745600, 29491200, 58982400)
dev.null <- 358759.0022669336
df.null <- 35567
dev.resid <- 224953.55167802089
df.resid <- 35402
df <- 165
coefs <- c(6.57777721543115, 5.702357603764945, 5.776265426599622, 5.425166462926018, 5.132843547599856, 4.969772734953342, 4.825894884064813, 4.688856299504632, 4.3868048379707805, 4.247047627594096, 4.3469369572814305, 4.159808722709648, 4.037441472079067, 3.9700258229551655, 3.769124180405217, 3.5167098563902286, 3.240015404928981, 2.971295724519119, 2.519649034925775, 2.092309844922773, 1.5544367827477963, 0.922159871996161, 1.0227084123619954, 0.7287288249152812, 0.6929392058315152, -0.9445478497662068, -0.15162275379902881, 1.1200362642979154, 1.015047843974339, -0.9632419418610051, -2.413965739162275, -2.1149782326697117, -0.12791008716921573, 0.7892284016258987, 1.2980363031406055, -1.4059247743380978, -1.0191241412430214, -0.5934699845292497, 0.22045458965169304, -1.2432635231040272, 0.9930586764344449, 0.9077066427096648, -1.0732670820077526, -2.371221464593692, -0.826377187779682, -0.6887771126783494, -0.39563844139441545, 0.6101272332716733, 0.73092963629382, -0.7261261922622078, 4.0149400783530347e-2, 1.1766430271413044, -1.9729883691326893, 1.7202810043584738, 0.7027309165711875, 1.1013928141015221, -2.4296514640550577, -7.483822019205334e-2, -0.6506024269265167, 1.6473714730316438, 0.9605814618970225, 0.5210363473590025, -1.8932220811681733, -1.033540584116711, -0.6914966381497215, -3.634709436785362e-2, 0.7058350981242282, -0.3977997635935219, -1.819062731952965, -0.7138154307206649, -1.907594687656766, -1.2487721593266328, 0.4973134349999241, 0.9009258168439136, 0.6195459170593144, -0.8423972161644057, -1.3550072888327418, -1.1528441892293362, 5.3865702038261215e-2, 0.6955603167536093, 1.1576578430412068, 0.15661213097249246, 0.2592839369748607, -1.8396043276756, -0.8616891693183937, 0.22257291301774626, 1.1625767719115698, 0.35548096877557067, 0.8426417654793265, -1.7853970416111562, 0.6813414720600096, 0.880219403469804, 0.809945946684235, 0.29372788859264853, -8.036658929679094e-2, 1.3146788533709617, -0.8773730576868974, 0.5357461057744752, 0.17604646500438778, 0.13160705430498087, 0.23591625118509768, -0.6387886261007479, 0.8513905078011854, -0.20713234321608417, 1.0220487421000297, 0.8598260784921355, 1.092068037390816, -0.5776189693629409, -0.7092840048395367, -1.2237558391367382, 0.34492964435377316, 0.7482675508915845, 1.5565351009461004, -0.808488117651595, -0.21698236765922146, -1.293095156310075, 0.8596297259622241, -0.4367051546978278, 0.5010554485311266, 0.7564135124324114, -0.17210149232417146, -0.4063727332435646, -1.3048740406753878, -0.5542240263633827, 0.2861460076449616, 0.7732174336716535, -6.0975376347753144e-2, 1.1398326164548334, -0.4529001478990583, -0.3797106047363916, 0.22552004422011185, 1.1173495345680575, 1.0682349231528758, 0.35465590729149316, -1.2099621527370753e-2, 1.2513239145100767, -0.44862708690786973, 1.0554341197866486, 0.750812314305353, 1.0650406715098704, 0.8156226834099822, -0.6442146587081283, -1.3034761472288816, 0.7997398490585592, 0.7133500246346788, 0.4703871691156372, -0.3214097481988241, -0.5579331495199151, -1.9798553190488768, 1.23572452014746, 0.10650947290283637, 1.2837717146989385, -0.2463321398851654, -8.349318994596261e-2, -6.0993890116122496e-2, -1.902489049945318, -1.0237768213978158, 0.8889483395357649, 1.1195254566044335, -0.552000280652964, 1.5186290564075797, -0.30725670985236025, -8.729491862610232e-2, 0.21840942339459524, 1.2373288175434967)
