seed <- 775
log.wt <- -15.028084867866399
penalty <- 2.8115950178536287e-8
intervals.send <- c()
intervals.recv <- c(56, 112, 225, 450, 900, 1800, 3600, 7200, 14400, 28800, 57600, 115200, 230400, 460800, 921600, 1843200, 3686400, 7372800, 14745600, 29491200, 58982400)
dev.null <- 358759.0022669336
df.null <- 35567
dev.resid <- 225522.73435463142
df.resid <- 35402
df <- 165
coefs <- c(6.5778244215668025, 5.893946902806008, 5.760101548292826, 5.2609689946803, 5.130918933612551, 4.8991420363833384, 4.779115897580235, 4.657233414324202, 4.415612412123722, 4.296599095730599, 4.383772899258663, 4.207276788477649, 4.032696005311166, 4.010842995482178, 3.811457037360212, 3.5414587007712672, 3.257903327141451, 2.9884988576832767, 2.52041788358372, 2.149689442330543, 1.5821274956609483, 0.8685799582499691, 1.0502387679393888, 0.33447718390764153, 0.44946679631926184, -1.3316679334114274, -0.3332048315797257, 0.9527663310770014, 1.098200619106034, -1.143391880526308, -2.3006957966998796, -2.1940974770670647, -0.40911517396972863, 0.6963116659567042, 1.2700658379152727, -0.9114165255591469, -0.3452843574857196, -1.1688038519106667, -0.261012806517584, -1.2791720549359813, 0.9654381390833391, 1.0137822039744666, -0.6364579702894053, -1.5741445083832373, -0.8885048247205017, -0.7681046790951931, -0.36875618619023426, 0.23627239327638638, 0.31538111500516386, -0.7358903477199381, -0.6296352467443319, 0.7468119275710069, -2.624584419846286, 1.6417252668788587, 0.7343915889582309, 0.9839318402569834, -2.077762300001073, -7.35034704421181e-2, -0.8299222857055396, 1.4334887753413836, 1.1710759188375706, 0.8031304505453934, -1.024040414937347, -1.0988221078328086, -0.6977876550405346, 0.1057484722690912, 0.7284056209167298, -0.7228982140027049, -1.2612538280117795, -0.5450242216752399, -2.1795653714524534, -0.19149839765837234, 0.5268594069603075, 0.9766344327724532, 0.7010891466721078, -0.6122732183765744, -1.2730676790666011, -1.3047497312452565, 6.47632790186102e-2, 0.6173333046154872, 1.1166306715624519, 8.499739538462775e-3, -2.777568723647709e-2, -1.6708876666205084, -0.8962371242808052, 0.5469314527779076, 1.204381811643906, 0.35204040041108436, 0.8322685803744847, -2.41297993669895, 0.4325106556286843, 0.5308052829594785, 0.7543432029206274, 0.3094084907514479, 0.13993727536555042, 1.441990289291891, -0.3345211273444218, 4.782776177886995e-3, -9.832494465147433e-2, 4.770762163200598e-2, 0.4406900965607187, -0.5934940763121943, 0.6321710206578708, 0.33252798494831926, 0.8439906452780537, 0.821823926410314, 1.1065833590390062, -0.5252211688006986, -0.4338067505381235, -0.9024619498851676, 0.381831691420151, 0.6327637651461875, 1.6220617754827644, -0.37548491458356487, -0.36406656247659563, -1.0849835001021115, 0.7752076751467453, -0.1847688810682017, 0.4848729824495401, 0.47487978928251967, -0.2342472944013809, -0.3510041601178278, -1.1388663486960358, -0.47038287469829315, 0.4918910633633949, 0.8574822777193413, -1.0240071922240709e-2, 0.9250319757814957, -0.7022272322944226, -0.368903612732401, 0.27172653355044313, 0.8227116598877537, 0.8829204003647325, 0.5312139794244289, 7.388024024695797e-2, 1.0234257647963405, -0.17516726970401783, 1.1146013128376027, 0.7587156928726568, 0.9474647211533974, 0.8100964566752267, -0.6754627313868548, -0.9705353962300631, 0.4832416084469288, 0.3505657841242748, 0.6210376214957659, -0.13465986212987827, -0.14887388879217872, -2.3075306499690322, 1.3117713255815704, 0.12903406824707234, 1.137394049819828, -0.13868550221472778, -8.885618450687392e-2, 5.3130170555635216e-2, -1.9280379407957784, -1.4521727675609002, 1.006097529851243, 1.2585615652732531, -0.14599166599775593, 1.627587399655588, -0.2150103198946354, -0.16853152491175702, 0.10163454002016811, 1.177280209629146)
