seed <- 1031
log.wt <- 0.0
penalty <- 2.8115950178536287e-8
intervals.send <- c()
intervals.recv <- c(56, 112, 225, 450, 900, 1800, 3600, 7200, 14400, 28800, 57600, 115200, 230400, 460800, 921600, 1843200, 3686400, 7372800, 14745600, 29491200, 58982400)
dev.null <- 358759.0022669336
df.null <- 35567
dev.resid <- 226998.8823619131
df.resid <- 35402
df <- 165
coefs <- c(6.671125735596931, 5.81426670662633, 5.605870152909956, 5.290407244098029, 5.128800535948974, 4.869999740052993, 4.756988466517446, 4.587548603095474, 4.334479918000904, 4.264562311772691, 4.236036808450565, 4.127685984091859, 3.9977441769853925, 3.9045319207257814, 3.7217082171825338, 3.50191530232393, 3.2338776809643694, 2.9371770366767693, 2.482348864358744, 1.9965636133727653, 1.557530232144085, 0.9084679466770624, 1.0055224830617806, 0.3660181313492947, 0.2607949998594793, -0.6627417489159999, -0.27293511543122106, 0.823538820841189, 1.066201399636488, -0.9984492844829345, -2.431151736298354, -1.4152488694156036, -0.49696299001334354, 0.8316965228772373, 1.3361195946401156, -1.3119630079540994, -0.6484118829314165, -1.241476641371449, -8.443927342294506e-2, -0.22601847705716246, 0.8599873127126083, 0.98957209808337, -0.8087517264869348, -2.294961996718576, -0.550517403769989, -0.7811135191286538, -0.5328935953425402, 0.36074744744212, 0.20548583990106814, -0.7356566802210477, -2.0607432828649592e-2, 1.0099866852483415, -2.1471719961864997, 1.6533120636695844, 0.6811919794892725, 0.9691455178830505, -1.5599411329271964, -5.091024717430069e-2, -0.5419428266042117, 1.24572413028968, 1.0037943387875652, 0.7545932456675598, -1.5781593005925727, -0.5352689395770511, -0.5973285416851051, -5.532465470389297e-2, 0.5378378992633805, -0.3309573109739566, -1.2291803741748164, -0.6139389139443662, -2.176491936278779, -0.749970099395298, 0.3517004114039205, 0.9709909624760681, 0.6319265460466282, -1.0401412698018964, -1.2949210150229078, -1.7044734727108732, 2.1212314988453166e-2, 0.5988314288398714, 1.1065175119482937, 0.15907929201554744, 0.25131622925678465, -1.9622090212332854, 7.962578415104528e-2, 0.42452452732770063, 1.2655626611497584, 0.23395139157470202, 0.898510722762367, -2.0150975998336866, 0.5262263097608778, 0.6490139312876252, 0.6570885962433527, 0.36582662543997846, 6.45984522774868e-2, 1.4408870285148732, 0.4810555793762348, 0.33472593626436, 9.091666038800007e-3, -0.399475076265938, 0.28971188461843567, -0.2668825344957337, 0.7655542560421091, -0.10888065776037592, 0.864566573107395, 0.8564620419751405, 1.1716910791526902, -0.43267060237085914, -0.5942840729066089, -1.3749212223164786, 0.45481878601492065, 0.717529528578689, 1.5165768953479843, -0.6655613646972929, -0.21505216321620022, -1.2947857305169184, 0.6572631226911719, -0.34410907613435826, 0.5278945250012489, 0.667352983376594, -1.0917543421394877, -0.2909666778765068, -1.442857980462689, -0.6132796844605339, 0.26863169370317763, 0.9212677406608638, 4.867763466827376e-2, 1.1047165381424953, -0.7589914640558761, -0.5189975665748258, 0.2576316321001955, 0.9181239508494491, 0.6257299613502241, 0.4462500648072835, -2.7865966351673776e-2, 1.0761865396180998, -0.3748808739319786, 1.034606498343702, 0.7440595651637644, 1.0050584084007728, 0.6478597045191762, -0.7236870034934675, -1.2918009353260917, 0.8529359731673333, 0.12973198049693077, 0.5662804515452735, -7.625893512111663e-2, -0.6235710142963572, -1.9148534939118271, 1.3175997404189208, 0.22872714671973374, 1.2042760981585638, -0.4423253321611374, -8.877610253517053e-2, -7.164470193867122e-2, -1.394976914035807, -0.8034685973489581, 0.8083977826131844, 1.1417243449607462, -0.4234385044020495, 1.4295360119571918, -0.21056923025216312, -9.85314800944749e-2, -8.620735732702278e-2, 1.104623188593002)
