seed <- 102
log.wt <- 0.0
penalty <- 2.8115950178536287e-8
intervals.send <- c()
intervals.recv <- c(56, 112, 225, 450, 900, 1800, 3600, 7200, 14400, 28800, 57600, 115200, 230400, 460800, 921600, 1843200, 3686400, 7372800, 14745600, 29491200, 58982400)
dev.null <- 358759.0022669336
df.null <- 35567
dev.resid <- 226023.44619169866
df.resid <- 35402
df <- 165
coefs <- c(6.374792701722008, 5.722311605936915, 5.8239054534684485, 5.436692442233068, 5.1232395585545945, 4.781378078655765, 4.727204433342276, 4.636806943209576, 4.405906554942142, 4.344647807979634, 4.417206957492152, 4.185611766703002, 3.993476988533819, 3.9691294239479724, 3.740260411328902, 3.513376532364347, 3.289831093345636, 2.9923248456000953, 2.5279476825514435, 2.1295302178479565, 1.6312313137008938, 0.8688194556842914, 1.0185293694745916, 0.20577678570487876, 0.6296377151701138, -1.2696408794168916, -0.15217923145989912, 0.8452358314559395, 1.027430399934415, -0.4557681321403384, -2.8317889677375243, -2.3226982062879946, -0.4630267319730519, 0.7395628199699553, 1.3254905258531873, -1.169708793504276, -0.2963290957091524, -1.0551143269320027, -0.1973887031086626, -1.2847745012759413, 0.9229604565482951, 0.8987790946794261, -0.6401138412242429, -1.8962418445645477, -1.1347347100784053, -0.672123111391337, -0.8392728872520868, -2.3811952220708484e-2, 6.278279624253014e-2, -0.6360391173713069, 0.3526184195409264, 0.8288906997635481, -2.7269795902955805, 1.7393529464600137, 0.78192825420511, 1.013926753229889, -2.056070566857955, -0.19639480777214666, -0.4883727805409734, 1.2914106357173336, 0.6164116706949501, 0.7170168064470801, -1.387511541788218, -0.726603926841013, -0.8047154518085469, -0.2758080285091298, 0.6648344665525673, -0.39561994989671134, -1.0804537022902965, -0.5557250254528785, -1.8839384945084579, 3.0594356986689765e-3, 0.5889536053913665, 1.0233009866580647, 0.7183831547719827, -0.6643152653147922, -1.0582914890492987, -1.3950827411957814, -3.926701445190473e-2, 0.6487607245277129, 1.0289268960441718, 8.70017372064309e-2, 2.8057645105010805e-2, -1.8703366946822677, -0.21630091243016555, 0.6038259892665455, 1.23239235903869, 0.4775889962852904, 0.8574067697726663, -2.223806829448814, 0.5741361332349316, 0.503478169197826, 0.839682421472854, 0.3674812331487437, 0.20942830130708825, 1.2178015305116192, -0.5794680298773417, 0.27957900996093304, -0.3340264118201617, -0.1387115476714412, 0.43523281377233314, -0.5990301974566316, 0.7168505586630242, 8.950152364610257e-2, 0.8763447720411055, 0.8544768289943846, 1.0709894778796294, -0.37952453397511615, -0.7995066431804507, -1.1437973949604046, 0.373793819220411, 0.6706064281012866, 1.5424788169362422, -0.6468066263962446, -0.16257233916549552, -0.9433945527343089, 0.8348839232207561, -0.3398487071289088, 0.6035874918274036, 0.4831419907679188, -0.15945362500207746, -0.33574284108574415, -1.5974451434128982, -0.5870370583164795, 0.2978657467422162, 0.9057696941460234, -2.847857488452896e-2, 1.0253194581526754, -0.7599497886147654, -0.506391818188876, 0.3241542330261899, 0.7835230925402605, 0.9374797794250233, 0.5526599713526574, 5.1377207056467984e-2, 1.031080861613808, -0.41069322825351434, 1.0269101626543615, 0.797293032806977, 1.0010483143559896, 0.8050066764918341, -0.6649901210982441, -1.1411384780422962, 0.5652640869476658, 0.30821861969782705, 0.48181344498655776, -0.2443891676173922, -0.2599027176982555, -1.5936586524129313, 1.3033442530593873, 0.23568625836914894, 1.2511668907449076, -0.11531570249706084, 1.8131516028477557e-2, -0.22751440412922586, -1.1065955835059873, -1.0924258804226339, 0.7821383510945131, 1.1843752395786646, -0.19205780010191512, 1.5109634081137462, -0.2778535958523841, -6.85079663679425e-2, 2.4752719628326605e-2, 1.2247065130407184)
