seed <- 207
log.wt <- 0.0
penalty <- 2.8115950178536287e-8
intervals.send <- c()
intervals.recv <- c(56, 112, 225, 450, 900, 1800, 3600, 7200, 14400, 28800, 57600, 115200, 230400, 460800, 921600, 1843200, 3686400, 7372800, 14745600, 29491200, 58982400)
dev.null <- 358759.0022669336
df.null <- 35567
dev.resid <- 227125.13215103836
df.resid <- 35402
df <- 165
coefs <- c(6.690609278022055, 5.806581730912313, 5.674948585812251, 5.347561159114639, 5.1084763492425855, 4.769625578371211, 4.827250706346779, 4.645248255470384, 4.422022174757546, 4.188058378762836, 4.286501885444505, 4.1260375198320105, 4.041822633794538, 3.94286475337452, 3.7324450283572266, 3.482612065703708, 3.2214445768779076, 2.9218450503049445, 2.4768492775764845, 2.040497160069969, 1.511324778120997, 0.9187096977014868, 1.0759318325833913, 0.33159553448115275, -0.16074993537901666, -0.7441877785814821, -4.653869153731913e-2, 1.1466439354288618, 1.101492699586551, -1.1688881896260608, -2.2392899589454247, -2.1848557844974232, -0.18976443523659967, 0.7550058038456237, 1.319326353884816, -1.5202441640657598, -0.3455870535908488, -1.1701007849327247, 0.2595362906588278, -0.10080235931203246, 0.9308250005263967, 1.021276506951691, -0.7842632809649301, -2.6889141506198713, -0.7265336064029609, -0.6929151075317017, -1.2887194772846302, -2.9680861636763516e-2, 0.7468048268824926, -1.0674927171780786, -0.2912052140132471, 1.131790730839801, -2.841205455878833, 1.7071414822009472, 0.7988120751789317, 1.2063114766457153, -2.0931407466084426, -9.910281523189167e-2, -1.0787481625048168e-2, 1.2483375918070791, 0.841610468336529, 0.7065995536364773, -2.3204671165682407, -1.0471651469368928, -0.5577678940264336, 6.790399719245224e-2, 0.5816898706924776, -0.4810853630615364, -1.4231320447298723, -0.7338647646114698, -2.1207740634115737, -2.707116995232983e-2, 0.3951248067982491, 0.92146867615919, 0.739263709273283, -1.582875911335611, -1.2178877535251982, -1.8582698296206768, -9.624471192351837e-2, 0.7271412624832662, 1.1714871459837572, 8.012084397143585e-2, 0.32253176636946024, -1.1007099964001654, -1.229814772449863, 0.39163965354507585, 1.188624066902526, 0.5530091271948697, 0.8818315973571051, -1.935499924290156, 0.4731951552153475, 0.7503004801613447, 0.8141242881112153, 0.36793649558954694, 0.18861827432253794, 1.1764973430739893, -7.79391593236276e-2, 0.25504547118564136, -0.1907400370523866, -0.25894269612297316, 0.5520456656863045, -0.1785799709740397, 0.7980011781358404, 0.13199705013634813, 0.7772393690270224, 0.8621542834622002, 1.0777007883617145, 0.3120166246858343, 0.10695624073507941, -0.6214033799213994, 0.5156809843861497, 0.6734191042988111, 1.604329283489031, -0.6184001717229397, -0.2657656060498018, -0.8459819075105438, 0.6562177045553892, -0.28809477022164676, 0.42637332900184494, 0.4486115555295522, -0.3890743296414849, -0.4317888864620215, -1.1079203367612829, -0.7325138699071307, 0.4617485481855708, 0.9150502486884756, -1.9766479067405743e-3, 1.0896732738505754, -0.3380067658115658, -0.36351137854139604, 0.38796927177245116, 0.9076217725004686, 0.9201632689639314, 0.4319726536242633, 0.11462020535497595, 1.2010566006422834, -0.2502185742570682, 1.006639486573286, 0.7013962828416992, 1.0667148409117935, 0.657403110918589, -0.6759077063771132, -1.3380505725089085, 0.5775594845592814, 0.5112005675329594, 0.5220208958553172, -4.885905244022651e-2, -0.6440584079822766, -2.241174998406156, 1.2939296175417347, 9.333261460321177e-2, 1.2692016980086964, -0.3486455617258626, -0.13053058205489576, -4.012002146604464e-2, -2.324533714582359, -1.318694928864393, 0.8062266430697475, 1.1880051917968255, -0.3395611068076726, 1.5759818812624378, -0.25230325291472916, -5.888697087696555e-2, -4.0502876508321774e-2, 1.0427515419192208)
