seed <- 619
log.wt <- 0.0
penalty <- 2.8115950178536287e-8
intervals.send <- c()
intervals.recv <- c(56, 112, 225, 450, 900, 1800, 3600, 7200, 14400, 28800, 57600, 115200, 230400, 460800, 921600, 1843200, 3686400, 7372800, 14745600, 29491200, 58982400)
dev.null <- 358759.0022669336
df.null <- 35567
dev.resid <- 226097.77253332935
df.resid <- 35402
df <- 165
coefs <- c(6.608014765446949, 6.016251661114971, 5.69997314880473, 5.399301765837559, 5.017212270907438, 4.872542577403046, 4.729074524861476, 4.607394620991717, 4.437280421802902, 4.259207264713454, 4.32757868019573, 4.157945880191447, 3.9995449048960507, 3.969462050437615, 3.7698240180248606, 3.551224385500745, 3.232718674846395, 2.948899676825282, 2.527118738562488, 2.0854980728999144, 1.5824953394594679, 0.9094240694248852, 1.0409887330433991, 0.49244603711862445, 0.5259863358106487, -1.6101788229662721, -0.23558944716546287, 0.8723165529013897, 0.9891537534168076, -0.9983175856620546, -2.390033153485618, -1.8488621009919624, -0.2991052157352247, 0.8044580040445235, 1.223779817840025, -1.2849549117818484, 0.3864820875319732, -1.3530094256509473, -0.156080819008069, -0.3987522024908168, 0.9031709461591906, 1.016372806140265, -0.5861150983832835, -2.3223085381589015, -0.6128822715107274, -0.7048194833641745, -0.2731212888063827, 8.058803778805033e-2, 0.41053567152792114, -0.9376917258311491, 9.152698742271713e-2, 0.7552809835728562, -2.487493143815306, 1.6602952891142384, 0.790983138758165, 0.9805988390947704, -1.8534605305026532, -0.3187184021641611, -1.1981334886617232, 1.4208336122285714, 1.323336366317633, 0.7614523056556277, -1.4492392778764291, -1.080108392819773, -0.592603710347631, 5.762834974622083e-2, 0.5626155972789151, -0.49820505430929224, -1.428766839516802, -0.7125430415645583, -1.7302122739565102, -0.36440075929149957, 0.46381535969545296, 1.029591279286534, 0.821588165021865, -0.443416887464094, -1.28236187195106, -1.396728174701574, -2.6714971478253746e-2, 0.6441711342703698, 1.1241059193410827, 0.14813115594701845, 0.1325722343907115, -1.7446580461992678, -0.8854101127900292, 0.4077499061546156, 1.2036750582412454, 0.6369630303585301, 0.8685531748126518, -2.102330253130449, 0.35898767468070325, 0.6105386451844597, 0.8190992563600555, 0.35949875506251683, 0.17551927527711722, 1.2427416528824122, -0.5945437710115079, 0.5947307575849727, -0.11396177207785974, -0.19420320632225654, 0.26982800905577603, -0.2520013080286811, 0.917851913214067, 0.18670715045081093, 0.5781977810044768, 0.8493440358494247, 1.0938989125858878, -0.9813646257840877, -0.41945930252226166, -0.5992679859440497, 0.19310711799344624, 0.44380010580306234, 1.5451649012601105, -0.5797770172113469, -0.22257356246237303, -0.931211289408479, 0.749596193496923, -0.18954994345769594, 0.5874847386454554, 0.5938981779453123, -0.9112620686453549, -0.46316397512754864, -1.0340686139737916, -0.3120738719381415, 0.3300863890437144, 0.816556600006864, -0.19175774541675708, 0.9583963100643919, -0.8111035591162021, -0.4188690279660168, 0.35934957381382104, 1.1453181933798229, 0.9153030314136988, 0.5809682054608106, -7.402178213774402e-2, 1.1349621130981644, -0.3546873547751682, 1.0047274967007285, 0.7151242388684843, 1.0090596600180715, 0.7395818221146974, -0.7421443125478088, -1.2921251559140756, 0.5646146209048695, 0.3981833967806674, 0.7027331141785426, -0.33838991334804897, -1.0724614067850278, -1.6922761734116056, 1.202488679490457, 0.18087193051992637, 1.1715395977525924, -0.19305564564383104, 1.578819073608436e-2, -0.12000107825770796, -1.165061989191001, -1.612966994108844, 0.8860863671988474, 1.0914542969080459, -0.34230681791392314, 1.503465080552598, -0.4289148824647819, -0.10923996209389354, 3.9575646033190796e-2, 1.1877930897080753)
