seed <- 150
log.wt <- -13.269617225127295
penalty <- 2.8115950178536287e-8
intervals.send <- c()
intervals.recv <- c(56, 112, 225, 450, 900, 1800, 3600, 7200, 14400, 28800, 57600, 115200, 230400, 460800, 921600, 1843200, 3686400, 7372800, 14745600, 29491200, 58982400)
dev.null <- 358759.0022669336
df.null <- 35567
dev.resid <- 225764.5838575391
df.resid <- 35402
df <- 165
coefs <- c(6.473774918135389, 5.826082367059753, 5.596605324527569, 5.413780695472891, 5.076585183956032, 4.883306017504895, 4.742209779175524, 4.620402797469401, 4.43470320977537, 4.25468289492028, 4.24788821557766, 4.1299411463596245, 4.059995677829351, 3.9428281435811696, 3.7449451730469208, 3.508482082822036, 3.280554876391711, 2.959675064687724, 2.5371992036072246, 2.108010631178869, 1.5025598533799875, 0.9041778721246889, 1.0073564044568935, 0.37611373899060396, 0.23245956696215322, -0.8830615996348617, -0.16114076930678092, 0.8221629336796852, 1.0792486222145636, -1.1536269808842605, -2.4410049105007663, -2.1112014429105037, -0.38827566083297954, 0.8096031559673899, 1.2469447072170015, -1.2363878389329894, -0.4783582726372026, -1.646192498927222, -9.229058416853801e-2, 0.28670712881483795, 0.9436365442996911, 0.8661669076141185, -0.7230697527828751, -2.2975479996923256, -0.4741535570288672, -0.6899389516003396, -0.3128036892822473, 0.4417139288109861, 0.39106318660826794, -0.7540899655422796, -0.19353090793231859, 0.6764274010938552, -2.5781175534841454, 1.7013683904687966, 0.7153971155564605, 1.0881914607092888, -2.2354337326203386, -0.17873817689989793, -0.30061789296778435, 1.480286479472123, 1.214623874318131, 0.7827037531449005, -2.2379200181675936, -0.8372772339442699, -0.7297258836041474, 0.22882184208003273, 0.718665231845908, -0.30321103216874584, -1.185847364709177, -0.7399896786337578, -2.6978245776320895, 0.16897486909743917, 0.4218210804396269, 1.0513806505798824, 0.6467457917296263, -0.9075116705596374, -1.3166651780848015, -1.6028036514461692, -6.053772486189882e-2, 0.6513294468597358, 1.118548879029812, 9.902845067005438e-2, 0.12288807653277599, -2.24002089948977, -2.8934615077637105e-2, 0.44261978762866483, 1.3325477261350072, 0.28885486631576246, 0.9639463087791021, -1.930220596517578, 0.34091337391256404, 0.6038826683165555, 0.7724133327154675, 0.4375334280526966, 0.5567634344795633, 1.4245773652894522, -0.452961892294099, 0.5432585232865006, 0.2686390133703967, -0.32868015571154297, 0.4172715300029208, -0.16932064987988027, 0.7407611382452899, 0.4120227679420973, 0.9302353995296992, 0.8834695726505444, 1.1431841641448706, -0.5320141864520092, -0.7107164419937979, -1.2089246133789513, 0.48436359954049923, 0.5250808384439801, 1.5980890233343648, -0.8404198425602053, -0.29514641756245735, -0.800358075016898, 0.7437739957548616, -0.3698420508948223, 0.5072571433470012, 0.6912957868661125, -0.8307143957247209, -0.38318862694041134, -1.4165387850582598, -0.4898337906890703, 0.2811073581907008, 0.8623006330906938, 4.9381661126939855e-2, 0.9223975397746585, -0.9446794019362239, -0.404071984595266, 9.204397072261259e-3, 0.887576891257453, 0.6519761502275648, 0.4896215375125147, 5.888767953374516e-2, 0.9077498238683009, -0.3586748253912922, 1.0369877864389256, 0.6817519387769307, 0.8377162363220813, 0.710485778923702, -0.707476128099007, -1.1456245600565091, 0.5716655298674201, 0.15756727067524623, 0.6574317437476849, -1.8246825094139902e-3, -0.5726219977645177, -1.8556409727871492, 1.2842807082918597, 0.2642423683462331, 1.1591797731651892, -0.23029051798814026, -4.3755508742186144e-2, -0.13672760731180805, -2.0337816647768108, -0.5678255115035509, 0.908441308523565, 1.3120619368335575, -0.3710581435473873, 1.555525026530231, -0.28353454669657147, 8.645977897707522e-3, -0.16240134330119746, 1.183222849162171)
