seed <- 920
log.wt <- -11.906671557247462
penalty <- 2.8115950178536287e-8
intervals.send <- c()
intervals.recv <- c(56, 112, 225, 450, 900, 1800, 3600, 7200, 14400, 28800, 57600, 115200, 230400, 460800, 921600, 1843200, 3686400, 7372800, 14745600, 29491200, 58982400)
dev.null <- 358759.0022669336
df.null <- 35567
dev.resid <- 226212.14721921322
df.resid <- 35402
df <- 165
coefs <- c(6.669104508354388, 5.954921400851355, 5.86429986828402, 5.349355298776537, 5.018786202966705, 4.917575318325328, 4.75079271871568, 4.617815942006447, 4.375948617153152, 4.253537037429345, 4.272342273218754, 4.1685505103394185, 4.051138698354016, 3.973001506973299, 3.774326968655605, 3.5303527719300387, 3.2607215054893803, 2.963183282655852, 2.527326831591882, 2.086732622077305, 1.7552059256183403, 0.8803722405722516, 1.1275321652305434, 0.4522271732260093, 0.11586495753707693, -0.7465837734275853, -0.5424710125101556, 1.0960656982448413, 1.0895122195017541, -0.9668978751423952, -2.3341675575294194, -2.9902186896373744, -0.2227251287996495, 0.7239210194301116, 1.3341742385136457, -0.6862728553112183, -9.021359710939078e-2, -0.8960206984027553, 0.2645739003417545, -0.5539197237755747, 1.0118720472797182, 1.2025063287178266, -0.6396445737488899, -1.2644222786840802, -1.2193470090844225, -0.6827834893954047, -1.2996545638809245, -5.997578836288714e-2, -0.29161591697196293, -0.5015938548831024, 0.18911965261687905, 0.7375523839597043, -2.435510144509836, 1.6706848534492496, 0.7256770100126553, 1.0433105106527947, -1.66467364850089, -0.2850202522574069, -0.6225529191115554, 1.2276617629197495, 1.093560026170929, 0.7422016814268048, -1.993687640838877, -1.2545445759104996, -0.6034726486512646, -9.604948983576694e-2, 0.5778915621281188, -0.3786662486940752, -1.4353185189640016, -0.6513263874679559, -2.1011543042063394, 1.4644455251243959e-2, 0.41884674628533813, 1.0191058888027988, 0.6228632223910199, -0.8418300589551587, -1.6168930014242884, -1.3655740053619299, 5.9309769906438464e-2, 0.6248006052210272, 1.2172499701553576, 9.217988591370437e-2, 0.23790138214731926, -1.8443967430450117, -2.4210427411736384e-2, 0.31218874442232486, 1.133282976121255, 0.4125885800517036, 0.9427715770391059, -2.256766937216016, 0.4148175491215964, 0.7076967785650999, 0.7895237541658379, 0.4903616483209513, -0.18641457665550046, 1.165068827971238, -4.952160691223185e-2, 0.20106318207766594, 0.17098222769552926, -4.83490498184085e-2, 0.38766199195662787, -8.872154669241464e-3, 0.8664104208237162, -6.888681223101419e-2, 0.8856411031589566, 0.8083521308814391, 1.2413380877502334, -0.3599001204469363, -0.27428471251759473, -1.4704270783539701, 0.37354584532515983, 0.6970664407077459, 1.6011667804234448, -0.8915081050150583, -0.15970297716261686, -0.7015318565670664, 0.6786639124391679, -0.35357765835543387, 0.6446316167970343, 0.6964729946834772, -0.7488769824326313, -0.6919316357578177, -1.2294325068239749, -0.2977347721571676, 0.3076702751081786, 0.7865187865421805, -0.10823355160176532, 0.9449021415575624, -0.7070811259912719, -0.3469196581307777, 0.333696445983896, 0.672631579816505, 1.067947831091593, 0.6503665607261627, 5.979152568581617e-2, 1.079010964817852, -0.27190313663858096, 1.0289647151984107, 0.686185256519151, 0.8759413463752488, 0.7942564009412205, -0.6865871439369713, -0.8001713738576107, 0.6333002497432091, 0.18204659893780661, 0.5294945780361296, -0.21938257909511408, -0.5695131174229551, -1.9928939808728363, 1.2618232363479431, 7.902777509005082e-2, 1.156223410299913, -0.2607215158575719, 1.1027664425408354e-2, 9.06738012892559e-2, -1.9114615364453968, -1.399542916667198, 0.8521364053333851, 1.1708143890907259, -0.45639276974207305, 1.5800180207877728, -0.36482935301522723, -0.16757068355898658, 5.085109314189527e-2, 1.14453180633729)
