seed <- 494
log.wt <- 0.0
penalty <- 2.8115950178536287e-8
intervals.send <- c()
intervals.recv <- c(56, 112, 225, 450, 900, 1800, 3600, 7200, 14400, 28800, 57600, 115200, 230400, 460800, 921600, 1843200, 3686400, 7372800, 14745600, 29491200, 58982400)
dev.null <- 358759.0022669336
df.null <- 35567
dev.resid <- 225666.7124853443
df.resid <- 35402
df <- 165
coefs <- c(6.653339509136187, 5.808920008441954, 5.71656831328521, 5.327817571007821, 5.125444786260888, 4.895369258445607, 4.784584252012722, 4.622657418108609, 4.353840436693142, 4.3037022213949605, 4.292189154172359, 4.166446216421827, 3.973857760646628, 3.9325937762109824, 3.738225666689154, 3.5471078596181114, 3.244037186915278, 2.9608334539370005, 2.511741036640237, 2.1357624445153776, 1.7453511003318585, 0.9408676175156409, 1.1565851860902912, 0.5123452080685275, 0.5788203384100251, -1.265205871029483, -0.2510093800702054, 0.7826813317462775, 0.9976705980053986, -1.3871899380948045, -2.169278089639549, -2.0581775535110203, -0.5621509841717622, 0.7692184645728475, 1.27129450005081, -0.6408251991424301, 0.27437608624876975, -0.7456351630537869, -9.369830484786718e-2, -0.62736143682946, 0.846891505373727, 0.9263811702400507, -0.9392771741387985, -2.2479062197933666, -0.8806269588374503, -0.7279581734906572, -0.45528017385148023, 0.3695318320015853, -0.13696341092083886, -0.9779856195344883, 0.28968244360585393, 0.8943461480812098, -2.0089208208920137, 1.7946161261392208, 0.7953976475347944, 1.0034248273947324, -2.449299990462616, -6.200872135912887e-2, -0.8754341951436204, 0.8395952430429859, 0.9684488900860903, 0.7963178851407078, -0.8986046933098458, -0.7405865504527525, -0.8930738560675614, 3.1714365383357594e-3, 0.6819290811123562, -0.594306715264706, -0.5949370962432592, -0.7981666782047917, -1.987782677150985, -0.272671720792436, 0.36215245042517824, 1.0752345705615813, 0.556903664332398, -0.6317701702449895, -1.3147126037771135, -1.1510116666570378, 1.756056753152273e-2, 0.6889425918381473, 1.2723196526226495, 2.036651753478547e-2, 0.21136656539847185, -2.1152353265534223, -0.5822470745829482, 0.5029616074226935, 1.1269946389150751, 0.4176935976959611, 0.7271743464496898, -1.952610993212004, 0.4658890343098969, 0.7559161185290043, 0.7905449651830966, 0.41432090594841703, 0.11071174331422819, 1.4178471753357698, 0.10266141741974194, 0.34340110579950117, -0.5311997861240384, -0.4298440835683768, 0.42975849409357564, -0.4183086936253903, 0.8479088611409024, 0.33479655638390743, 0.495300407254159, 0.9173496239807591, 1.2359611196466964, -0.24733747691441543, -0.8456206140352366, -1.2074325393670249, 0.42586814693428887, 0.6246687532220914, 1.5415140457127543, -0.4646439749780963, -0.2923075311154913, -0.9528037038584447, 0.7856302757254464, -0.3089354415810798, 0.43298601451739366, 0.7208478781229671, -0.13994660275668216, -0.4460148849149372, -1.224773935481273, -0.5662768663208876, 0.31421909113116114, 0.7080874459737938, -9.619958759363574e-2, 0.9849698941741434, -0.6180434034655857, -0.49082800136387017, 0.2508377662106401, 0.9068316580326672, 0.6633249501764149, 0.4801673914049528, -0.13744169539216763, 1.112750454642251, -0.46616138591293926, 1.0042621595153713, 0.7557581161161756, 0.9287017659942549, 0.6452814099468178, -0.6526841832686442, -1.222389053882031, 0.6965461430730003, 0.20419329579137202, 0.4858627647763131, -0.3587501487163963, -0.5450006631472954, -1.6389425002059403, 1.2936689472376834, 0.1718875252123667, 1.1230813929990797, -1.2022395418009932e-2, -2.154193028400188e-2, -0.12885679520033957, -2.1874754142748043, -1.4491997262618903, 0.9583287527939152, 1.096029050154148, -0.29130051482403463, 1.4645830860891516, -0.356422019077225, -0.2392684504705445, 3.336104511423902e-2, 1.1280041178665379)
