seed <- 696
log.wt <- -11.025599508094185
penalty <- 2.8115950178536287e-8
intervals.send <- c()
intervals.recv <- c(56, 112, 225, 450, 900, 1800, 3600, 7200, 14400, 28800, 57600, 115200, 230400, 460800, 921600, 1843200, 3686400, 7372800, 14745600, 29491200, 58982400)
dev.null <- 358759.0022669336
df.null <- 35567
dev.resid <- 226309.084208028
df.resid <- 35402
df <- 165
coefs <- c(6.696166240096676, 5.984928744800351, 5.550103413693551, 5.398961915001019, 5.063928611212308, 4.913479771288513, 4.788350277558798, 4.615482819243781, 4.344256023056332, 4.2491504316398965, 4.345151496414744, 4.167448863528092, 4.006451759723883, 3.9634901430591394, 3.734327887761628, 3.504588398810474, 3.251992256368678, 2.9607256992472974, 2.5281880524052287, 2.0667401987873264, 1.4611510271511507, 0.9354688400458605, 1.0888679720364653, 5.531023790431033e-2, 0.8332904686572853, -1.1008596618858806, -7.342596634113749e-2, 1.0396763323604419, 1.079831978641004, -0.5280042974101052, -2.2475069040222015, -1.6579990596261955, -0.34829414046759616, 0.8323683100966693, 1.2053235282942985, -0.724124673610303, -0.39275243930715154, -0.4934247585456821, -2.965051715145435e-2, -0.5464752226107694, 1.0212658872816789, 0.8765987215847006, -0.7406880335104224, -1.4695755215702624, -1.1750602917435509, -0.6695007706645469, -0.4751235748223487, 0.24436239544582788, 0.649126494054479, -0.8116681934923392, 0.42537236437670445, 1.1764382184916693, -2.8788341303092073, 1.7952932573221014, 0.7181787927196593, 0.8492400737188531, -1.7157467560447583, -0.2513489937608945, -0.6724383080206898, 1.0816574301649762, 0.6792019462018354, 0.7841890432984872, -1.4952349635231683, -0.8305237222877855, -0.7302406659467652, -0.5532720962977379, 0.4795334677115178, -0.433553254575315, -0.9460453797769944, -0.6861966062975365, -1.9680721713932072, 0.24413840034925968, 0.5156571003080189, 0.8311747748755614, 0.7373597485703957, -0.9858232519685816, -1.1592171744582729, -1.034815890496927, -1.8065816489257078e-2, 0.5040241521900035, 1.1294654688345451, 0.13356540966115613, 0.5118601996625008, -1.4109039269718546, -0.9519612656992454, 0.36203153556764556, 1.3249573002358102, 0.4326803180848648, 1.0289422775835442, -2.0607138593802734, 0.6123372662212371, 0.6892529228944639, 0.7178185309171756, 0.31921802756148726, -0.28318964281634834, 0.7291696309023856, -0.6330739949561885, 0.272589644617883, -0.4735473429598712, -0.24290748006163998, 0.38829543038289405, -0.62540367459499, 0.7300259977668744, -0.1299250497549757, 0.6937279340802123, 0.8278605326134905, 1.1854477116578406, -0.2687733459307735, -0.37733304603144624, -0.949202559723735, 0.41329899785725777, 0.643854007424066, 1.5853442772354447, -0.7998711158307079, -0.11894717317239975, -0.9707778483451562, 0.7479753758755733, -0.3454243388035936, 0.5653335982390699, 0.6542229945956188, -0.5825795660998175, -0.6438079447001502, -2.0388924957617522, -0.5402642006213884, 0.37671785037863814, 0.8401148474439979, -7.365012935011268e-2, 0.8697065396740548, -0.5477661615104602, -0.41555643258819447, 0.312391915931335, 0.7477666263048899, 0.719767939415411, 0.48285977478068165, 0.16095051501723806, 1.0899672071151343, -0.3419180155713356, 1.0297071831751874, 0.6993616071300036, 0.8538223819548604, 0.6469635507892587, -0.6286530849879536, -1.3410259009915106, 0.583349571225586, 0.23996130873037494, 0.4703639181869051, -0.23402105264049672, -0.8085212971043781, -1.9431836276351022, 1.2268592615670464, 0.14697722535483537, 1.066666223787171, -0.2670936334659714, -5.1800892876139835e-2, -0.12937532777747468, -1.9361753403799113, -0.6993049452735712, 0.7957544270206864, 1.2828334123203806, -0.4281009088216555, 1.5729959124172213, -0.16649233708239844, -0.1875563003596825, -0.17088156034743143, 1.0640555025124863)
