seed <- 968
log.wt <- -14.145105688012256
penalty <- 2.8115950178536287e-8
intervals.send <- c()
intervals.recv <- c(56, 112, 225, 450, 900, 1800, 3600, 7200, 14400, 28800, 57600, 115200, 230400, 460800, 921600, 1843200, 3686400, 7372800, 14745600, 29491200, 58982400)
dev.null <- 358759.0022669336
df.null <- 35567
dev.resid <- 227013.1622401915
df.resid <- 35402
df <- 165
coefs <- c(6.659186947945109, 5.978325117259449, 5.519461358857172, 5.236010534257136, 5.068026148061362, 4.818681352407749, 4.683950408280254, 4.60824059713764, 4.273327398722871, 4.257961574219132, 4.27448137987093, 4.157866662294887, 3.990403681085873, 3.9395567891545125, 3.73213369335606, 3.492169431052165, 3.228786492035033, 2.9225007352844847, 2.507205257559676, 1.9922128850982164, 1.597083910505309, 0.8865732117611871, 1.0750040432105112, 0.404709995126697, 0.6402539608289339, -1.0328725111507182, -0.3518121619580941, 0.8062824006717507, 1.0893850624159562, -1.3244043049215752, -2.086426357543611, -2.495433554243286, -0.32096544305849284, 0.7544256293277886, 1.4398280940278534, -1.1381188476584467, -0.8188470228919941, -1.0872221592372013, -1.4435658806759606e-2, -0.22169232885605356, 0.9878352071335686, 0.607845863095783, -0.7951374701196906, -1.868946418334506, -1.0477523791288637, -0.6152064334732027, -0.9799675603156448, 0.24944333444942596, -2.5447439587310414e-2, -0.6560564742736098, -9.452628590692973e-3, 0.910743685628333, -2.95104233596363, 1.6093188900848272, 0.7584566401833752, 1.2526981539620172, -2.3556281631929816, -0.20742008839371057, -0.3492466634324097, 1.3506703530070532, 1.4636815293305556, 0.6499182639858794, -1.4247878659312576, -1.1146325362894196, -0.6801830595641133, 0.1728058926507841, 0.5939242279991134, -0.2966736707266383, -1.4121450782807252, -0.6449507631296937, -1.8398911378078022, -0.9782791139996854, 0.5464508844540967, 0.9891670716527778, 0.7501238380120876, -0.9239188930823943, -1.3580777258041357, -0.9747506092331683, 1.097995912172077e-2, 0.8169460594181197, 1.0791705284619877, 0.15835211847286676, 3.956149482669609e-2, -1.3930889815294005, -0.10890149229919951, 0.3978588946623054, 1.2322866189017894, 0.29225720618540973, 0.8755850300490033, -1.7947927279809253, 0.4743441570918543, 0.8191701910216713, 0.8578563573185625, 0.32112531913915215, -0.208047596768942, 1.2086890085571376, -0.3649846065156826, 0.24861839061077526, -0.37641846495303044, -0.3890441296972861, 0.7956285352239767, -0.6862104622947713, 0.7596418929303997, -0.5097112722123711, 0.8461607280526574, 0.8131716511464396, 1.1914440567092246, -6.2789953409859945e-3, -0.5915006811410812, -1.010526424529563, 0.29759817244733194, 0.6909280603786243, 1.656706416052405, -0.49172500470358055, -0.27316298460399235, -1.105194866913523, 0.8187243739524753, -0.18406183067882861, 0.5225545200740641, 0.6739922762423529, -0.40319612242627145, -0.3803952605983162, -0.9402750132934632, -0.5793540157973716, 0.35465690325715454, 0.8320050122033098, -2.577621459776302e-2, 1.0779218026470585, -0.5233816353982095, -0.45699453315756333, 0.40943435368077696, 0.9042984532449986, 0.735817668325967, 0.4813103142455589, -8.916400187293512e-2, 1.128532985560721, -0.3130831400958583, 1.0153436956329431, 0.6984345787184416, 1.0463411608460733, 0.9019408121806961, -0.7069309889513254, -1.1836470032894557, 0.6575002778079003, 0.44137002678649945, 0.5428516457957051, -0.3262720041770699, -0.2840608368255781, -2.042399814925473, 1.225712748722275, 7.841941411160774e-2, 1.2757434778883145, -8.625883906600852e-2, -0.11808329206310246, -0.11702660091490809, -1.9335377599070875, -1.5146967048645152, 0.8573482488364247, 1.252609170222014, -0.3160415978767505, 1.5849889222211477, -0.19114899325593518, -0.19369784329149572, -1.2861063352964611e-2, 1.2422787381588583)
