seed <- 344
log.wt <- 0.0
penalty <- 2.8115950178536287e-8
intervals.send <- c()
intervals.recv <- c(56, 112, 225, 450, 900, 1800, 3600, 7200, 14400, 28800, 57600, 115200, 230400, 460800, 921600, 1843200, 3686400, 7372800, 14745600, 29491200, 58982400)
dev.null <- 358759.0022669336
df.null <- 35567
dev.resid <- 226323.06478539066
df.resid <- 35402
df <- 165
coefs <- c(6.439910925830494, 5.832660821696833, 5.652057186376097, 5.279898920114925, 5.07595381894428, 4.929209270133311, 4.702941901737133, 4.588859874869999, 4.366032041761547, 4.174521334920173, 4.3102045045642665, 4.13082327085026, 4.0221874098382004, 3.95257836243273, 3.7741037736664356, 3.506940940460442, 3.2494312041340274, 2.9548802172003072, 2.5465276253577764, 2.1243647575322333, 1.7208148927289657, 0.9153212311941398, 1.0547810269715907, 0.35849404202964297, 0.4822135260306148, -1.0884093257274159, -0.13226404303107253, 0.9822932841454374, 1.1115111171573784, -0.965006180663955, -2.979505187292888, -1.9558874817443397, -0.5222684123291405, 0.7669685161549955, 1.3407501451870785, -1.1285639142552093, 0.16507489799808311, -1.240133694990614, 2.309107553580357e-2, -1.048480835063249, 1.0099937174960996, 1.0894194428914505, -0.7175975047632709, -2.3535322847537827, -0.9462986608243084, -0.45789343660349413, -1.0012509873662587, 0.11215286737189845, 0.5179227766371627, -1.1050060485792446, -0.3169001259208224, 0.8055972504474985, -2.709163909204208, 1.6476523805307395, 0.8239497462012706, 1.1116877220569223, -1.934367484176653, -0.24478443414470596, -0.9331205493071754, 1.2152916506819007, 0.9305191370987576, 0.9275402301822949, -2.0376414592441963, -0.5248546924689214, -0.9532031568469712, 0.18614460220836787, 0.87441563337814, -0.38421450149233505, -1.0355041625255903, -0.5518953360867611, -1.5862869096928829, -0.4066516051322993, 0.21759638912184986, 1.0445892047363463, 0.7112266357851835, -0.7255732262207557, -1.0697872907037687, -1.221393265222696, -0.11499891952519802, 0.7688575739258309, 1.1835922536373709, 6.310328450627443e-2, 0.28580623111614006, -1.8277232549782392, -0.7177996864278421, 0.34425765241021783, 1.1775184041089881, 0.5355407332271885, 0.9359138029033117, -2.4994503042718406, 0.43049021015386874, 0.7377673748174762, 0.7551468708753504, 0.2940074484310751, 6.168933251379516e-2, 1.4178968162769017, -0.6377930839902946, 0.4645280389995289, 0.24959440899619012, -0.41372660415013024, 0.5543436110175801, -0.15545136110263497, 0.8779161533794069, 0.2828750408390941, 0.8037394507903514, 0.8298639469220854, 1.1439769829781892, -0.26988427837619305, -0.34354563574187824, -0.686416010873797, 0.32458099410505487, 0.6460346544748162, 1.6298508695549672, -0.6523525108288688, -0.1049568368821972, -1.7254197159231934, 0.7253349652001515, -0.35871985790702937, 0.4715548450023384, 0.544363177541629, -0.6278079525293031, -0.6600827323600418, -0.9774164403020952, -0.4132429755304584, 0.36936898829825526, 0.8726220679230089, -2.0734379046017673e-2, 0.9951407110588539, -0.7633484611680483, -0.45302338529500064, 0.22035674991010304, 0.9345400847684154, 0.9021813464248241, 0.5341401036451778, -4.759305076391844e-3, 1.0517658645349097, -0.4685628912196702, 0.993683749996418, 0.7661491865348465, 1.0440734312598512, 0.6406548008788874, -0.7191334788457111, -0.8955921325791018, 0.7107250476184468, 0.302127474913589, 0.5422504046883126, -0.20466519972011538, -0.45016586610075665, -2.0197369267750305, 1.2817779462144323, 0.19356568962474663, 1.251710696126368, -4.561692488947147e-2, -8.381449832580871e-2, -0.1626647347337073, -1.6606406335469173, -1.1906891895355805, 0.9227421778692125, 1.1876350547634507, -0.44518758729561275, 1.6094720683222454, -0.5776465676745496, -2.8693791762691035e-2, 0.22694143382913468, 1.13893576453111)
