seed <- 496
log.wt <- 0.0
penalty <- 2.8115950178536287e-8
intervals.send <- c()
intervals.recv <- c(56, 112, 225, 450, 900, 1800, 3600, 7200, 14400, 28800, 57600, 115200, 230400, 460800, 921600, 1843200, 3686400, 7372800, 14745600, 29491200, 58982400)
dev.null <- 358759.0022669336
df.null <- 35567
dev.resid <- 225927.4784853238
df.resid <- 35402
df <- 165
coefs <- c(6.79275593657012, 5.487165462454651, 5.672132489376133, 5.291544187355472, 5.093669666055057, 4.809381984159214, 4.793514723981427, 4.6880390441096695, 4.403680569973082, 4.29173224251893, 4.3125957267215105, 4.132878083251683, 4.00831556324306, 3.969942027723203, 3.7826253600651447, 3.5551525454661523, 3.2602533754563305, 2.980335943589158, 2.4824715530401646, 2.1012206829603604, 1.607064101173758, 0.879746263038918, 0.9371903996811111, 0.5456294048082272, 8.244788153540028e-2, -0.6553657397226781, -0.10602638525869464, 0.7904322488010881, 1.088166055649275, -1.4145642627377242, -2.0055850386371517, -2.3294766281285817, -0.32196144987147923, 0.7713640828532451, 1.304967478773759, -1.1589532407997023, -1.0101712916275558, -1.476942327008682, 0.18934379328729561, -1.0638142753867972, 1.0221442809669135, 0.8581975636276964, -0.8122797183720866, -2.133214201452235, -0.7303886412558159, -0.6865669831461191, -0.3307286869554256, 4.056928245673966e-2, 0.17528645451633654, -1.139073372487802, -0.39872598337934456, 0.8346465245648906, -2.7691065120202674, 1.5956357813342463, 0.6786085305494247, 1.085286521101247, -2.0185677908169546, -4.9925532095048394e-2, -0.167351722147433, 1.2199337512827684, 1.4980453644212859, 0.7037085163249813, -2.045708201735036, -0.7060016816226619, -0.5317723352109271, -5.747367096265679e-2, 0.5312046612201795, -0.42749478587173734, -0.9634752888007392, -0.5794063009159157, -2.9011403318182527, -0.19560209319587002, 0.6918248383804191, 1.0189781300478606, 0.7963837765285481, -0.6860044761585629, -1.303807819580317, -1.1053900904352012, -1.8741288329709185e-2, 0.7439713006743147, 1.1610262105857403, 7.474314146555322e-2, 0.1466818987488885, -1.891674469285554, -0.6266641740082599, 0.4165950476345149, 1.2759232912279383, 0.4097662390281772, 0.8265511924173816, -1.963336330929428, 0.4571506024642694, 0.9125992055663954, 0.691229230136991, 0.3697134848636965, 0.5222067406770022, 1.1430195798565486, -0.8920388566798462, 0.3439469191178828, -0.3537022085441863, -0.6340110045141738, 0.37639164693512905, -7.109906235830463e-2, 0.8946087709836645, -0.11954847854253128, 0.7048297783195838, 0.800501579172473, 1.0762431795782341, -0.2783864518684118, 1.839908679344078e-2, -0.5856593326340372, 0.40311305347460835, 0.6833528973721922, 1.6331262241198106, -0.5270648277281844, -0.3551090887566684, -1.0321384177548354, 0.6519914054101775, -0.39096513840346303, 0.5893646278667639, 0.7435262661082337, -0.6670039949694395, -0.4288827693713315, -0.65933171474575, -0.1643096490252834, 0.3080683330934341, 0.8775130249865615, 4.383660989886033e-2, 1.0517987537367834, -0.6039236934230596, -0.37411651181774874, 0.2902971704459921, 0.9121636410360339, 1.0201186258890527, 0.3854441764079478, -3.449254455910108e-2, 1.1950413065082304, -0.3215331710227756, 0.9468074465424187, 0.695769753231807, 1.0324501194970825, 0.6699476236101903, -0.6450399338336626, -1.2238471441172096, 0.6220795581093727, 0.5813222540058536, 0.6099722436241019, -0.2571708962155973, -0.3103612134137097, -1.889541193125206, 1.30055374806355, 0.12048303392299863, 1.2763956302544317, -0.3175415564764362, -0.17004815118195177, -0.24388361073335652, -1.7023052285084244, -0.8715661882567006, 0.8072785080672134, 1.1903940199192315, -0.3487369161533891, 1.5613132977775226, -0.43977931940317233, -0.22994682817561607, -6.062901908039557e-2, 1.0768341725817534)
