seed <- 704
log.wt <- 0.0
penalty <- 2.8115950178536287e-8
intervals.send <- c()
intervals.recv <- c(56, 112, 225, 450, 900, 1800, 3600, 7200, 14400, 28800, 57600, 115200, 230400, 460800, 921600, 1843200, 3686400, 7372800, 14745600, 29491200, 58982400)
dev.null <- 358759.0022669336
df.null <- 35567
dev.resid <- 225989.03992074545
df.resid <- 35402
df <- 165
coefs <- c(7.0783870545733985, 5.675713188175736, 5.570778694254381, 5.439703965809533, 4.95519423240263, 4.80655720784315, 4.760376953813331, 4.659016991215048, 4.40933197899779, 4.3054129366519645, 4.207487990999007, 4.151609865791545, 3.9754220981671704, 3.9363763015669826, 3.740917443098615, 3.5296064021240996, 3.2776021077518616, 2.9602397681642665, 2.497825554065113, 2.112592434588593, 1.506692214355081, 0.9073508565773242, 1.0543769112537011, 0.5181501683863912, 0.7165334002616676, -0.8124574911656988, -0.31865770010839717, 0.9718487377756683, 1.135470121126645, -1.3438864931815706, -1.9300816906961167, -2.2758039455817194, -0.5261131275038352, 0.7820825945138882, 1.332522875847783, -1.547719879350396, -0.34891197116117295, -1.1958107228240453, -0.1364846685555171, -1.3669396221415544, 0.932149725754619, 0.984354724108882, -0.8763154386669845, -2.601955250790483, -0.7974441216174708, -0.9205862291219726, -0.6725155705791251, 0.36935806100923135, -0.41026867478656603, -0.5438156957721294, 0.20392126732740154, 0.7466984728393296, -2.8222718052552747, 1.7312223620217542, 0.769022282087343, 1.1088934583688075, -1.7566994539108802, 0.10572312295352944, 9.381987046190672e-2, 1.3895407632094867, 1.1465033131175635, 0.8224195225358205, -1.890060981897486, -0.7401298455450784, -0.802909243340635, 0.30715495500431556, 0.5123596589369214, -0.5519596400572766, -1.3177077481930894, -0.6051364791610905, -2.6444940758521978, -0.1113661440283952, 0.6806034064591688, 0.7945118843998956, 0.6992281907528403, -0.5798481531769833, -1.0454406114267054, -1.3905209081337737, 8.221280069257633e-2, 0.8131455767130829, 1.2175232621726553, 1.1294686431571145e-2, 0.39373137908141514, -2.3107186764191536, -0.7317305387833392, 0.5784177150741031, 1.233629566833202, 0.15418235781984782, 0.9540108940977338, -2.108579550368106, 0.4315026168756925, 0.8247192006369839, 0.7957903158366945, 0.395866665789103, -0.2177152548307055, 1.4138462530083873, -0.365162046028028, 0.3344057345316338, -7.296143542015653e-2, 0.3924171080763028, 0.3484506531731025, -0.4652555355278113, 0.8501782580017175, -3.325064745541139e-2, 0.6890191066579618, 0.8450736738384818, 1.2018945894090116, 7.165580097182672e-2, -0.898050785129246, -1.1257920986579895, 0.366534199322588, 0.4295163027805058, 1.6227014756928917, -0.5939244761966166, -0.15473113320894819, -1.1294142295365222, 0.7391254503850688, -0.28485468937695496, 0.42865648408775614, 0.5248744040950384, -0.2513965660404061, -0.5811335483456669, -1.0395353872262045, -0.14597221191568016, 0.2138231446045241, 0.9392717876982644, -0.11755407563691239, 1.1216328165218792, -0.8133651926307861, -0.4210111390679595, 0.33271266721487575, 0.7993999529857058, 0.7371841175044099, 0.3265537930809143, 4.269224937119822e-2, 1.1703429647245378, -0.3484099158253899, 1.0362653063273446, 0.6829320685462804, 1.1643677984032672, 0.7642304237762484, -0.7793025401970548, -1.1279052664411953, 0.49011043363293055, 0.47177447588670474, 0.5270722444005927, -0.2587735570058339, -0.7770754380053143, -1.768532780293685, 1.2963968234166634, 7.383557535700347e-2, 1.399635763341279, -0.16114995194490145, -3.650052317891463e-2, -0.17508460965314973, -1.6071311375010944, -0.7470781313007611, 0.875628662742555, 1.1704682566063, -0.2550406732315803, 1.5809583416920345, -0.39249899516938946, -0.32336092228867236, 0.15998909943616238, 1.1667910369723051)
