seed <- 136
log.wt <- 0.0
penalty <- 2.8115950178536287e-8
intervals.send <- c()
intervals.recv <- c(56, 112, 225, 450, 900, 1800, 3600, 7200, 14400, 28800, 57600, 115200, 230400, 460800, 921600, 1843200, 3686400, 7372800, 14745600, 29491200, 58982400)
dev.null <- 358759.0022669336
df.null <- 35567
dev.resid <- 226506.48768398562
df.resid <- 35402
df <- 165
coefs <- c(6.380409290159154, 5.7423524140996856, 5.779663936290448, 5.2383828066898745, 5.128986730035078, 4.8597818409110625, 4.769024648958909, 4.5686933271529035, 4.341565039671183, 4.265937168172619, 4.2782646275946075, 4.148349918539412, 4.039168949833917, 3.9488845881543164, 3.781352431870816, 3.516481290063885, 3.244225938067645, 2.903235867816032, 2.492939185593385, 2.030937858971042, 1.4653458361536094, 0.8935873806960177, 1.0270429380283805, 0.328772161652921, -4.174212341685301e-3, -0.5149136164666882, -0.41798362806855227, 0.8980208363971514, 0.984282639705146, -0.9151545060388263, -2.542163959815654, -2.5476372506711216, -0.39508928911782476, 0.7612837512283922, 1.228138784323454, -1.1535068851513328, -0.5559720363106045, -0.8012051934595075, 0.19161217102642691, -0.5758199059324026, 0.8755839257256323, 0.752709301971643, -0.7125071306265311, -1.9115875822747967, -1.3422554239022, -0.7338387066816333, -0.780508287663525, -0.10773746420140454, 0.45574208145002526, -0.7627318864207624, 0.157107751816568, 0.775480980733315, -2.1254986470150867, 1.6508150278308944, 0.9242978636475278, 0.9555324624548281, -2.2140964862439674, -0.227451798662742, -0.26736659623029585, 1.4174287042065497, 0.5843231726428852, 0.8121322089767615, -1.791530501081109, -0.6780016645880117, -0.8950075467238018, 0.11096175999583936, 0.5866885973929578, -0.3168912917424118, -1.160711870830999, -0.5408968124961984, -2.121957129097292, -0.33239809224825934, 0.6635208280204122, 0.9626124188704338, 0.64243680696516, -0.9925258777268625, -1.3137165441515077, -1.2201763282057805, 0.1583770538649348, 0.7370157212004144, 1.1183023445471263, 0.1636090035189944, 0.2429484275145093, -1.4673835925392174, -0.14739869315403006, 0.39127942714063085, 1.1929728700292983, 0.36742961342683284, 0.8281341667668671, -2.300029263347871, 0.4986686781634658, 0.5362609073259452, 0.8831706943861927, 0.32307889252946825, -0.3951081788095001, 1.1815129150702302, -0.12149612152930209, 0.31899022458965737, -3.303285460203528e-2, -0.2497763632679584, 0.5295249766763328, -0.2763996730019347, 0.6485895312855365, 0.18327254984571478, 0.9348611132019082, 0.8329388880199938, 1.2079634953899065, 0.1300507040817624, -0.28377991748160963, -1.4987798505720995, 0.3815588632472242, 0.6120161361158838, 1.5320723545721138, -0.44250668037469687, -0.27224008486434054, -0.8112510288893796, 0.9440714589634219, -0.21959744171622375, 0.6508095783192729, 0.5680979183968909, -0.3529319101848863, -0.7100418087245726, -1.185976569020874, -0.5099339687869459, 0.279674634139855, 0.7253448244459905, -5.480655995658556e-2, 0.9730773759617183, -0.7216889187958985, -0.3329073671275018, 0.4035763095046435, 0.7638359260346236, 0.6707711772802757, 0.473862597091031, 9.359381078672381e-2, 1.1423548931433096, -0.4013266522489658, 0.9926308361568661, 0.6897895575174204, 0.9286343061501282, 0.873164679709272, -0.7804875978820799, -1.3658192144394932, 0.40221782840930353, 0.27118960296175143, 0.5022196010795267, -0.3218425942485561, -0.5237400830351684, -1.7538810070316, 1.1696041354334576, 0.18799008986174515, 1.1777408468824047, -0.26832978925002116, -0.13931819142664043, 0.17027987315995266, -1.7308901237120924, -1.1797939713532353, 0.8265758778956075, 1.0910838731496388, -0.26550459647916236, 1.4601576995850973, -0.24779943486560635, -0.11268363647046384, 9.583298375659824e-2, 1.3486014873328815)
