seed <- 138
log.wt <- 0.0
penalty <- 2.8115950178536287e-8
intervals.send <- c()
intervals.recv <- c(56, 112, 225, 450, 900, 1800, 3600, 7200, 14400, 28800, 57600, 115200, 230400, 460800, 921600, 1843200, 3686400, 7372800, 14745600, 29491200, 58982400)
dev.null <- 358759.0022669336
df.null <- 35567
dev.resid <- 226475.95492401702
df.resid <- 35402
df <- 165
coefs <- c(6.677554739041217, 6.158205035623697, 5.506645575146282, 5.438547207554855, 5.183799449999536, 4.765539985439569, 4.756652850020224, 4.629448046315736, 4.3344534057686674, 4.224731437528681, 4.231371238182731, 4.182570673454562, 4.043688580631893, 3.9460389523808246, 3.7582052825191203, 3.5581524522940415, 3.2394310820844754, 2.935765547397087, 2.4768971678113907, 2.0750901055293047, 1.6263550209368356, 0.88170272571675, 1.0076462428191453, 0.5516818324852067, 0.7462243183061127, -0.7271792930201858, -0.2875064182979969, 0.932699838384471, 1.0521811121991353, -1.300587067032946, -2.627685095416781, -2.067674464126817, -0.19752737871949766, 0.7409271373690159, 1.2711996399419327, -1.1618805493389168, -0.7929414241752494, -0.7387006644589182, -0.2655328386502112, -1.0617717976345193, 0.8759999169452068, 1.0388905580130383, -0.7994603458409122, -1.999477070427805, -0.7527425307091952, -0.7050933492381437, -0.8638374086844207, -0.174190737919645, 1.0806478088807497e-2, -0.998559075144749, 5.0032548458048186e-2, 0.8289585563286932, -2.7660878761786565, 1.7772433805430736, 0.6368470080332891, 0.9156923499221735, -2.3097153069222833, -7.468046312408215e-2, -4.819776353100771e-2, 1.3749557790126348, 1.4272688158096956, 0.6161523403105521, -1.5587952942720407, -0.7287907727930438, -0.7706022913627804, 0.23150855282715532, 0.5540203502389632, -0.5480517547803765, -1.7372602425098307, -0.8307193560215088, -2.065064853941893, -0.28912669375136696, 0.7433589638719399, 0.8886757840982363, 0.773114257219696, -0.5212646930457401, -0.998702657649959, -1.2578924898728807, 0.19009506731009307, 0.6044274438452475, 1.2852167918912882, 0.20226345417187955, 4.7758742614432664e-2, -1.9111898577882767, -0.9343488316850328, 0.4577242473233396, 1.2267298734367362, 0.32670477469995934, 0.9276019138022666, -2.403900948466291, 0.527363564787717, 0.8557819841401454, 0.8473267320205168, 0.3355841417102657, 0.2579991524232215, 1.1831919861880882, -0.3442679050575342, 0.27212959059170316, -0.17711454231112353, -0.4100244649180066, 0.535953057733804, -0.8561826320017207, 0.8326449756397856, 8.796125897376378e-2, 0.6039253605323011, 0.8063811150857998, 1.1307563112084638, 0.31947793722851187, -0.2150740449534339, -0.8383682776555791, 0.45055273926197753, 0.5911293054763447, 1.5548309048917044, -0.3979503110082087, -4.2016539983156784e-2, -0.7149735459111928, 0.8629011068586367, -0.18426611856638248, 0.46161220478939163, 0.4326847779458718, -0.21318564571018814, -0.5454153347434333, -1.3863440757112533, -0.48425799809414555, 0.3010242089913614, 0.9564119924517095, 5.5090962769866525e-2, 0.9070983843165451, -0.6281395431780932, -0.396110299484656, 0.3184032249264976, 0.8335490528548217, 0.7249146703082914, 0.48230505903491805, 8.434116548233558e-2, 1.0593019599931646, -0.365219594623627, 1.131877258989761, 0.7724905901748363, 0.893893152198409, 0.8233649404944601, -0.6478694695152114, -1.471632223838234, 0.5757832070521208, 0.5136193406165501, 0.42528631181550886, -0.12777354334533542, -0.48357473802989426, -1.8876921821347121, 1.343958197029043, 4.379691590260674e-2, 1.134175095282141, -0.12850789763293893, -0.1281195181037551, -4.664326872748333e-2, -1.7349367339690582, -1.6663747354199492, 0.7059493118486014, 1.2182961287291665, -4.9109970367280105e-2, 1.5407134873862964, -0.2633764914717907, -0.14318745361629032, -6.885283343227253e-2, 1.3311579678745324)
