seed <- 953
log.wt <- 0.0
penalty <- 2.8115950178536287e-8
intervals.send <- c()
intervals.recv <- c(56, 112, 225, 450, 900, 1800, 3600, 7200, 14400, 28800, 57600, 115200, 230400, 460800, 921600, 1843200, 3686400, 7372800, 14745600, 29491200, 58982400)
dev.null <- 358759.0022669336
df.null <- 35567
dev.resid <- 225791.59800823266
df.resid <- 35402
df <- 165
coefs <- c(6.424588720244702, 5.857335372166677, 5.7186723587942785, 5.505326532036678, 5.0456990653389155, 4.880990807334117, 4.743036617107696, 4.577873954047232, 4.4077718816765055, 4.2676878296356895, 4.403959054573751, 4.187306891672804, 3.9836918857985752, 3.9515741772605826, 3.7700463156218538, 3.548795736609479, 3.25971517677662, 2.9911413012122368, 2.5388569725031718, 2.1012880194958456, 1.662039745326492, 0.8996976827873873, 1.0359754531726504, 0.45123332877033284, 0.4813614675699079, -0.6941218618436631, -0.22998368390131171, 0.7813904340799305, 0.9968272228546, -1.5617641497095924, -2.3767651091527497, -2.2021095155572072, -0.40368824754378874, 0.733566626181207, 1.316361106318441, -0.9147918900755558, -0.7862113148300256, -1.3357286534908033, 0.40692596037020046, -0.8424071270305058, 0.9255662594559647, 1.0253549416883116, -0.7370855159812326, -2.660641979755063, -1.1290215058946462, -0.5560702880519375, -0.16275832677241203, 0.1569260447113945, 0.3355166841241202, -0.6502932072102717, -0.49105929275085103, 0.8133092601902632, -2.591271827679801, 1.8828684010684615, 0.7806915189831186, 1.1022481720606272, -1.312624886956122, -0.11270898654381314, -0.13913932709527818, 1.1806799788845497, 1.0504659638903433, 0.4977051816749519, -2.4497037097983965, -0.5598743312718362, -0.5641393745410315, 0.19736597722281385, 0.5124289029217179, -0.5541659680169477, -1.4603376558157337, -0.6997857031081376, -2.0630512771498775, 0.1958067406572039, 0.6313966171896046, 0.9094963600367599, 0.6608115725475545, -0.9267237743538534, -1.1773333632382472, -1.1486831211763593, 3.6223089849939306e-2, 0.7333886720023, 1.123939925712184, 3.769468912580064e-2, -0.10044519028610847, -1.9028846027090776, -0.24726775589209826, 0.3933465191500383, 1.2486649306849347, 0.528658487620248, 0.8287712434379975, -2.463191954897286, 0.5677778491935922, 0.7228126294283131, 0.7544834079946205, 0.4420673229622877, -0.19472918591486074, 1.2796861440464642, -0.33847164948137665, 0.24995402507803133, -1.712972313733913e-2, -5.302152860657273e-2, 0.47198336203473085, -0.3466432913390126, 0.7977334363996011, 8.646191116275012e-2, 0.9614838313661501, 0.8263245362067532, 1.1125809489215408, -0.4959598192263673, -1.0000167331487457, -0.6765440868166547, 0.6330390067368209, 0.6291249680152353, 1.5464652109144683, -0.6152219179899943, -0.3042061342525205, -0.5652421122856344, 0.6939811101574296, -0.31897942460853584, 0.4655788609791483, 0.48789688300242035, -0.576684886666774, -0.4521961472291475, -1.104537697216057, -0.6027196849551618, 0.35216575725091015, 0.9223337185995382, 1.791239211240055e-2, 1.0508395352502218, -0.9444070723746105, -0.40251475387724556, 0.31003228470020167, 0.8858407780068034, 0.8439657824359283, 0.5320902886480678, 7.71201066796867e-2, 1.0770810781510884, -0.38732736137990664, 1.1242783570238601, 0.6970642939605795, 0.9074870233170514, 0.6324270546961438, -0.741835962207485, -1.1653547028421916, 0.631902505538406, 0.44271829743956836, 0.48699036858426736, 1.070718901063584e-2, -0.7268825269240612, -1.8679870531273977, 1.21436032695904, 0.1747725176268135, 1.2127494295518444, -0.11346366145407012, -0.10745573886623572, -0.4150506440311633, -1.956336091606593, -0.8367724726304463, 0.7393012134183902, 1.255145340774143, -0.11793525491475555, 1.4662799240173576, -0.2310572874498532, -0.16654724166122756, 0.1661722028418134, 1.1972277001123799)
