seed <- 448
log.wt <- 0.0
penalty <- 2.8115950178536287e-8
intervals.send <- c()
intervals.recv <- c(56, 112, 225, 450, 900, 1800, 3600, 7200, 14400, 28800, 57600, 115200, 230400, 460800, 921600, 1843200, 3686400, 7372800, 14745600, 29491200, 58982400)
dev.null <- 358759.0022669336
df.null <- 35567
dev.resid <- 225160.28305005227
df.resid <- 35402
df <- 165
coefs <- c(6.442923189743414, 6.022029468346254, 5.724953170203999, 5.4129467105937605, 5.1925628144868945, 4.919557680241284, 4.7854415973544775, 4.628613113509826, 4.389521693375854, 4.328351353440613, 4.338408505190754, 4.176570630806458, 4.025277387150086, 3.9630694738940377, 3.7748042729649405, 3.5377878756328625, 3.268344532908759, 2.959402276081847, 2.524891568355273, 2.0706100965425196, 1.6012045143574287, 0.911519911067937, 0.9373331342204976, 0.4448764479361489, 0.1845235106136149, -1.121292742211955, -1.808055291846486e-2, 1.129779675227184, 1.0446489704994795, -0.9431886614569166, -2.1166909742996514, -2.726107664178219, -0.31870138203907156, 0.7207384911398194, 1.311347818099996, -1.0758615080141192, -0.3128845751289889, -1.1450717878799688, 0.21611367576382368, -0.9008313912689254, 0.8417705660604788, 0.9077415471502117, -0.7666034723141631, -1.916839291020312, -1.0017007536404146, -0.7403046728558338, -0.5559979083299313, 0.261934774382277, 0.7338296720564763, -0.4040316169386864, -0.3690156213369342, 0.8162434694550386, -2.2438782422125514, 1.7382414420387435, 0.7889473133283346, 1.0997017095609969, -1.4428649761409145, -0.36946223236524617, -0.4420450620447882, 0.7066011304194811, 0.860871000138543, 0.5089594122608638, -1.881742166912162, -0.7627371239267312, -0.5444948160102103, 0.4335388716855926, 0.5626098348377493, -0.25478192524711624, -1.0050679092517865, -0.667026826987795, -1.7519370100748826, 0.15659686777355525, 0.4320609075070134, 0.9555638580147326, 0.6289352479783809, -0.745728090068611, -1.0896543736584758, -1.510384634395384, -2.362973865900204e-2, 0.6512287300490688, 1.103390449897442, 7.631846139293498e-2, 8.764293997448744e-2, -1.3633132552224163, -0.6479160734388755, 0.39842762265868725, 1.3311406893761766, 0.3685490483340769, 0.747916624282593, -1.868602763130868, 0.48204977919449804, 0.6959406759827625, 0.7446781161203004, 0.4109087678171847, -0.2131720276250107, 1.238648608827074, -6.935237128214526e-2, 0.6289024602411624, 0.19551775074888128, -0.8145287344702813, 0.2678429705619107, -0.6132294194571686, 0.7642665640375812, 0.4905858086740774, 0.20389170587386082, 0.8337456239366628, 1.0725551572416612, -0.32815580572969505, -0.9443331092540569, -0.695373919247164, 0.2786323160795364, 0.78669814362088, 1.567619381862014, -0.716965930943759, -0.3133420875254852, -1.008149147546929, 0.7295667977651513, -0.27629327746527815, 0.3456672045638697, 0.35187527693953913, -0.33226201829015517, -0.6390996308539713, -1.5666402102857533, -0.4972788398987707, 0.2827739434964391, 0.7007625648137649, -0.12362951648825038, 0.9806450180444922, -0.5023274889157031, -0.34176621137740965, 0.2984791204848343, 0.834588273478308, 0.83391750900755, 0.32892993585490693, 9.031970362014452e-2, 1.195677846037911, -0.4436009284957349, 1.023118831516493, 0.7341590601398591, 0.9110405129007347, 0.673449688444463, -0.5073949407420203, -0.9752887679150143, 0.6149241102614605, 0.5119439503784662, 0.42410379742162335, -0.12881483126964186, -0.4802733139665781, -1.972011620898195, 1.3264188264893166, 0.1664214157989022, 1.1515380770297778, -0.349993102065151, -5.0983093560867235e-2, -0.11458459859583084, -1.8427149210516507, -1.2503984023074555, 0.7599826106797634, 1.2236339991559582, -9.557068907519294e-2, 1.5410675245124243, -0.47745067431004135, -0.15455817805032038, -7.480250424924302e-2, 1.1656788539517924)
