seed <- 780
log.wt <- 0.0
penalty <- 2.8115950178536287e-8
intervals.send <- c()
intervals.recv <- c(56, 112, 225, 450, 900, 1800, 3600, 7200, 14400, 28800, 57600, 115200, 230400, 460800, 921600, 1843200, 3686400, 7372800, 14745600, 29491200, 58982400)
dev.null <- 358759.0022669336
df.null <- 35567
dev.resid <- 226347.2942181743
df.resid <- 35402
df <- 165
coefs <- c(6.524494954413186, 5.814363715140772, 5.72265275243126, 5.353877357775724, 5.077195187000195, 4.831837988412385, 4.803391348505592, 4.56715008341262, 4.371907546122506, 4.29658662346619, 4.327163136895335, 4.172393343188513, 3.996284707654496, 3.939385163393044, 3.7301072725279862, 3.539427270933557, 3.3020453038506385, 2.9615053441551047, 2.496719319611364, 2.1111883220851335, 1.6493189569490765, 0.9040904452113165, 1.140461967349922, 0.4062703500807645, -0.2979535938327252, -1.2451054568985052, -0.16540544507963828, 0.9436618292164329, 0.9875603580081261, -0.838081023381391, -2.457194026306245, -1.6269875644271177, -0.299394361167851, 0.7125298413147476, 1.3738680300557653, -1.2146899690688315, -0.30755047208945785, -0.6794092456765287, -0.2907416475226205, -0.7892748875769482, 0.898159967662269, 0.8220661885673513, -0.7736831204606481, -1.9797351359688296, -0.8746235693980507, -0.868053762536898, -0.19432845848200886, -0.3188358613716327, -0.2126936165762884, -0.4978500309732185, -0.7719182077893907, 1.1713145928270652, -1.9741981232826296, 1.608104006384071, 0.8744055419654677, 0.9832408122480081, -2.090402957347784, 4.634956880034082e-2, -0.6625595348077066, 1.3833194813261214, 0.7049066393718937, 0.5943195989235197, -2.133020600671588, -1.5221665659618469, -0.7712556527641423, -1.603860790865705e-3, 0.6001490025154201, -0.49412032789855886, -1.2563101523576146, -0.7530151419058282, -2.1363207442491525, -3.310242599558509e-2, 0.6303631268158689, 0.9395552040711368, 0.7703354103400823, -0.4223566442766009, -1.2048167732979682, -1.6932003539959004, -2.721359875901357e-2, 0.6779226635165958, 1.1869646933224518, 6.624084585960999e-2, 0.17451284926177768, -1.5013737947308077, 0.10610580618093587, 0.35715715172589324, 1.3132584893824286, 0.32388118664951077, 0.8424206244791809, -1.983551207253506, 0.4297486447486343, 0.43804461857671195, 0.7798433079427057, 0.37004045787050033, -0.2943573539091764, 1.1223731519904019, -0.33504477586055326, 0.44417506930477585, 0.11927768906688602, -0.13978993545571, 0.5255048344839379, -5.0755717063313735e-2, 0.8121397481925118, 0.19262656574533008, 0.5405823320939515, 0.8482633955515982, 1.1972400328948951, 0.12942253286298055, -0.43590262788372525, -1.2991771579434495, 0.5770118769404688, 0.6706006141952027, 1.5184572494263144, -0.5976000271497136, -0.14510137096324743, -1.04524621744256, 0.7915726336013816, -0.23589347800125682, 0.45666932348805034, 0.6742987951495106, 1.3387406799140059e-2, -0.33838105049143563, -0.7643415095632119, -0.36807221514681915, 0.29940898479262634, 0.7937333537330271, -6.988158951299209e-3, 0.8698531943186107, -0.5875458805377463, -0.35315260896157863, 0.2983028805523724, 0.6353939712371431, 0.8437716577072925, 0.35643542398714984, 0.15037743698983025, 1.1676435938933847, -0.45900232257048107, 1.0382823518716897, 0.6966569617429619, 0.8557767286638145, 0.7983908688166376, -0.7118082968850167, -1.2878500725786808, 0.479643430346205, 0.27200575257157344, 0.5517136624820405, -0.10928064930320687, -0.3326992865252528, -2.1536090008059965, 1.1434735081762697, 0.14743515532204723, 1.1327692666924816, -0.2128034413986285, -2.5591266317362294e-2, -6.563891957605456e-2, -1.762719661826283, -0.9813953032039628, 0.8165668314885606, 1.3044471572098248, -0.7027422818384189, 1.491369853868876, -0.24086721909791645, -0.15035477904665834, -4.1446040244410435e-3, 1.2237265264304071)
