seed <- 291
log.wt <- 0.0
penalty <- 2.8115950178536287e-8
intervals.send <- c()
intervals.recv <- c(56, 112, 225, 450, 900, 1800, 3600, 7200, 14400, 28800, 57600, 115200, 230400, 460800, 921600, 1843200, 3686400, 7372800, 14745600, 29491200, 58982400)
dev.null <- 358759.0022669336
df.null <- 35567
dev.resid <- 225009.07860384215
df.resid <- 35402
df <- 165
coefs <- c(6.6839222888618695, 5.694120042329661, 5.840882570698509, 5.343184116723268, 5.104770174669575, 4.879404507367274, 4.793494153029106, 4.580634357470923, 4.359892224716813, 4.287302848903055, 4.371172625954035, 4.190723021322635, 4.060865953274157, 3.991301339013968, 3.790320337195836, 3.5486429407352733, 3.2875064147784743, 2.939163312558343, 2.502682154124557, 2.099101497804921, 1.5240279807805854, 0.8537726384444948, 1.0002099832475084, 0.15981923793466246, 0.7154336495506036, -0.8817057562980678, -0.33222716269244335, 0.9832067211935432, 1.1140019714367397, -1.5086603333180781, -2.6023833070453133, -1.7059450649607397, -0.40035770398840914, 0.7529951594220645, 1.4034048371444037, -1.4218570593608988, -0.5428883030457307, -0.7543573272716824, 0.2701073598749674, -1.5508685950390997, 1.0313118238249002, 1.077930450704887, -0.7166649136154646, -2.9376849856709164, -0.23740747308951313, -0.6448615816256018, -0.6320453945450674, 0.5197615861041913, 0.4075888627213364, -0.5954221391857775, -0.16963151014443137, 0.7560735137877962, -3.374273095655305, 1.8348568824873843, 0.7693250596247216, 1.058041640750491, -2.4370130746901135, 6.53394628716691e-2, -0.6760131392725435, 1.2097947102970363, 0.9029823299228316, 0.6504201900048489, -2.827585551347659, -0.7220570964977298, -0.4424029433267877, -0.20944365114554123, 0.6946448013218945, -0.3950120790493171, -1.885013296220192, -0.7888682011315878, -1.8453005996564207, -8.536848175751048e-2, 0.7827727805974267, 0.8352338265508423, 0.7441228509227136, -0.5379513254541458, -1.265477093521483, -1.641723199724633, -4.414993798922455e-2, 0.8506278372456147, 1.260090573056763, 9.77402700345159e-2, 0.24970080634972006, -1.5515885433715908, -1.0140185484719189, 0.31677399384454197, 1.2562778039881688, 0.4555065816324968, 0.9911282628208944, -1.8704643020202831, 0.5217211265254026, 0.7403104043889939, 0.8415967872094454, 0.3753221272970549, -0.19845881400150509, 1.2320758210885698, 0.3283222331213365, 0.3697949860694708, 9.198290584465951e-2, -0.2153374896709833, 0.637278141056659, -6.250146905548605e-2, 0.8220834346407417, -0.4296797807559269, 0.7465406897322254, 0.7934960586488847, 1.132025774037446, -9.939770027761731e-2, -1.662738190864214, -0.8359570535285756, 0.6289212139503009, 0.6550349572700445, 1.657443808181848, -0.7650052284783412, -0.26641144857528826, -0.8592633007865133, 0.827263303410964, -0.3181112683291147, 0.46402862559300545, 0.8166739263611371, -0.2750412497471344, -0.6574389367246967, -1.0815208681259956, -0.44405889538528226, 0.45501970050535795, 0.9280724946320645, -6.833403289201107e-2, 1.0325990812338908, -0.6945384435525374, -0.36484148093295604, 0.3512191043747359, 0.8579825239736969, 0.8530289465331345, 0.3907347684645543, 0.158560248128346, 1.1276783807962458, -0.45755580550079095, 1.1985509554108376, 0.7712476708330824, 1.088778309980716, 0.7404895897326399, -0.6606019259384112, -1.0747553052078296, 0.6035625980743802, 0.7133098792246527, 0.41008501564963123, -6.728661792527145e-2, -0.39980458154218257, -1.9714799572321866, 1.262790791514066, 0.26540302045632164, 1.3578749692714478, -3.957506168230174e-2, -0.16138125876136686, -0.17401587806354804, -2.241458619066042, -1.208752389542351, 0.7518384324248975, 1.3282793275265463, -0.10742217109068329, 1.6250051874102516, -0.24440339100698918, -0.14648147328484298, 0.19935296835219685, 1.2779241100809287)
