seed <- 899
log.wt <- 0.0
penalty <- 2.8115950178536287e-8
intervals.send <- c()
intervals.recv <- c(56, 112, 225, 450, 900, 1800, 3600, 7200, 14400, 28800, 57600, 115200, 230400, 460800, 921600, 1843200, 3686400, 7372800, 14745600, 29491200, 58982400)
dev.null <- 358759.0022669336
df.null <- 35567
dev.resid <- 225545.98035640968
df.resid <- 35402
df <- 165
coefs <- c(6.616100436753429, 5.66748439076824, 5.8555331495959, 5.166142410813912, 5.010690006069945, 4.877527232627073, 4.760359807105559, 4.650292169222283, 4.379626813774362, 4.1990134447421745, 4.3136046545325675, 4.177087073216757, 4.0409845293040965, 3.9591747994743707, 3.751622321727334, 3.5273900573024517, 3.248219802536331, 2.9546580770473336, 2.5734645460447787, 2.0844237353404327, 1.6086642952787626, 0.8910390911227688, 1.1027615993077877, 0.3542515654392065, 0.3811201618606364, -1.534090643258989, -0.15583911083863025, 0.9574212153387278, 1.128342408166046, -1.2531862982304403, -2.681333459772007, -2.053216711106283, -0.6894910360204741, 0.7827609936792524, 1.358864012161037, -1.1313104327048102, 7.824658418290348e-2, -0.7905038416410818, -0.1528110452202244, -2.313144596172311e-2, 0.9145148810346935, 0.9152562839159922, -1.159836518524338, -1.1612439290351366, -0.708366433134952, -0.8209031787560925, -1.1158341534900036, -7.343538933102128e-2, 0.4881013634057216, -1.3817549199970858, -7.457971101501257e-2, 0.9305836397693978, -2.4311784519601054, 1.7234409921459706, 0.8398812615250846, 1.0411599994544178, -1.8458157478655348, -0.10433953136369839, -0.35307632584287313, 1.0136239756176764, 0.7962535220542017, 0.7852116254287251, -1.53089204195545, -1.2471905284524758, -0.7129221296517855, 0.472126816945894, 0.6291908742586555, -0.5616930371056511, -1.4270852684750286, -0.7140017972346078, -1.9550250645092273, -0.14576498839500607, 0.552125857132114, 1.1548195756498445, 0.6127203819748508, -0.7748300585859849, -1.3386358221475305, -1.1874894022864355, 5.593746581875345e-2, 0.5156456935508182, 1.0953664607736966, 0.17841351363353788, 0.2422469321927713, -1.1926146943100868, -0.4324125320255954, 0.5466362619196453, 1.188389263992525, 0.3462042137574925, 0.8356884398200954, -2.208837538848868, 0.6036207219491452, 0.6779087878225684, 0.8107970050024481, 0.48851944292818933, 0.226206384910599, 0.9327409027087636, -0.31710070440177096, 0.1054651802937481, -0.23869749657845893, 5.11718493683809e-2, 0.6279805543383391, -0.7381307245785819, 0.7975010163774745, 2.8220589902123356e-2, 0.7933316978119505, 0.8399752854513135, 1.1985309092463046, 0.16112335381087067, -0.648100128911834, -0.8237490391997923, 0.4261900759208798, 0.7251417188435264, 1.5916248010080816, -0.4268978782980209, -0.23163145598728682, -1.0850183653029861, 0.7955303421714779, -0.28554443749130637, 0.4049174014976461, 0.601311968109442, -0.23928867688836378, -0.23922032124105316, -1.1231903825252418, -1.080747788756787, 0.30808934212495764, 0.9112473674894456, 0.1081653535481593, 0.9271710536458759, -0.6050043628922573, -0.4415793213672278, 0.34929650225504194, 0.7563743042808209, 0.9245824169855614, 0.6678886828324196, -8.880266570231478e-3, 1.0317681046596816, -0.5209019335001424, 1.0243224329157936, 0.7535753498363369, 0.8607358010793958, 0.766240410374591, -0.7447929720608122, -1.3764513005413908, 0.6020494387342094, 0.3743651391802749, 0.5892333816944262, -0.1837455694558757, -0.9289939629755407, -1.9298287974397512, 1.2773601418929001, 0.25205800710499315, 1.0706276576663463, -0.1103844239928928, -6.954708854114289e-2, -8.24368971876966e-2, -1.8783500039600742, -1.9578930025738568, 0.9200640575191698, 1.2413359022708745, 1.2603042995335233e-2, 1.5272267082071527, -0.5092121930637858, 3.287138386489204e-2, -0.2602975405715207, 1.1248813562469173)
