seed <- 426
log.wt <- -12.690709989675494
penalty <- 2.8115950178536287e-8
intervals.send <- c()
intervals.recv <- c(56, 112, 225, 450, 900, 1800, 3600, 7200, 14400, 28800, 57600, 115200, 230400, 460800, 921600, 1843200, 3686400, 7372800, 14745600, 29491200, 58982400)
dev.null <- 358759.0022669336
df.null <- 35567
dev.resid <- 224611.19030046245
df.resid <- 35402
df <- 165
coefs <- c(6.73424662878142, 5.687302953517554, 5.837210520870251, 5.203629515552043, 5.088847472345673, 4.924927785811073, 4.828968966320045, 4.684425746663725, 4.362151327032119, 4.2889293668357205, 4.255211611883019, 4.1878285013273135, 4.019603753765107, 4.042778509158296, 3.7792152866233795, 3.5552580774540967, 3.2799715300170447, 2.9872011271834205, 2.5376049213401757, 2.125907649377949, 1.5566365315687944, 0.9071130327357941, 1.1379273922733388, 0.5586864971888497, 0.35324040248192995, -0.690420120040469, -0.27038804636559394, 1.0338573860383118, 1.075214594837884, -1.2628810838865907, -2.1472406180573347, -1.723691889148468, -0.3064029833493351, 0.7508504141007525, 1.311024455714474, -1.2965839898462335, -3.7233858603326946e-2, -0.724831299594121, 0.14109132685552778, -0.5186879710522824, 1.0560996213389355, 0.7822355659960091, -0.6908759665322732, -2.114381061611274, -1.2523284113747983, -0.7846800550136609, -0.3315011729116817, 7.30948164372419e-2, 0.469590710043348, -0.970664723347873, -0.7934105656720412, 1.0426228293765492, -1.9769777626247604, 1.6835882346732571, 0.5796692184155698, 0.973917548459731, -1.7878470128801707, -0.24811422224290974, -0.6964418479016192, 1.1637909752288496, 1.1386642779789296, 0.608564565575157, -1.3216627092917095, -0.44253965713780313, -0.9023341094851599, 0.40478674735292514, 0.4495041379612072, -0.4704098665328793, -1.5385491524194137, -0.8492912045293122, -1.7927921303214598, -0.4467712950986694, 0.809281654895291, 1.0387399808977018, 0.6998676190554337, -0.6254504976721499, -1.8283564617133854, -1.1783385738066539, -2.6367745769214027e-3, 0.5702238453071359, 1.20015841379567, 0.19936312593591024, 0.27070074931656046, -1.360632210564095, -0.5840287816739633, 0.40052497338432935, 1.1859474223300115, 0.2611561883571323, 0.9145114680144156, -1.6692106248731509, 0.5383220660287008, 0.7590931159350545, 0.8817087279348976, 0.45853194260048785, -2.8759193930028407e-2, 1.3978986994157943, -0.8053537807970551, 0.3658253120619784, 3.514634348270779e-2, -0.8674960291126783, 0.4467358569124199, -0.28359749142178015, 0.7923129516084657, -0.2678194050301583, 0.7747723827196433, 0.8396466411742055, 1.134519347919132, -0.6284393782412415, -0.7328888145463694, -1.5524236983961381, 0.44884452373989886, 0.7726295644060734, 1.5991936525416692, -0.823317607516335, -0.22127342789076, -0.6939365028896854, 0.7594389321423551, -0.37786887564889354, 0.30164579830293725, 0.31721705453265886, -0.7049230695686992, -0.3802462171260529, -1.2230262742908349, -0.4153465384810408, 0.31872864828395653, 0.8503769132437214, 9.867647629862858e-2, 1.0163896077478483, -0.39945886761052785, -0.3075676367614872, 0.2934814505193091, 0.9089516326605956, 0.9646802735662318, 0.4547260343920031, 0.16018806735378255, 1.1090457203784156, -0.40900330973082966, 0.9820692267299469, 0.7097072846901554, 0.9020671495299233, 0.7136767956470719, -0.5987507461620638, -1.4771184714506487, 0.5141810632050225, 0.44689870957289, 0.621865790861102, -0.27982679653465986, -0.7128741008958944, -1.857124757264498, 1.0634177194034975, 7.586887141330168e-2, 1.0835460416982772, -0.22464212178667223, 1.0767583810892944e-2, -0.1226863775303404, -1.2013938649187925, -1.3179277233492166, 0.8283394013323794, 1.2172290893374373, -0.6369168942046458, 1.5633125588893153, -0.54912902589489, -0.18203421935888614, -3.4998583465445765e-2, 1.1794732971811643)
