seed <- 490
log.wt <- 0.0
penalty <- 2.8115950178536287e-8
intervals.send <- c()
intervals.recv <- c(56, 112, 225, 450, 900, 1800, 3600, 7200, 14400, 28800, 57600, 115200, 230400, 460800, 921600, 1843200, 3686400, 7372800, 14745600, 29491200, 58982400)
dev.null <- 358759.0022669336
df.null <- 35567
dev.resid <- 226589.8271561329
df.resid <- 35402
df <- 165
coefs <- c(6.356724425332183, 5.747414856150117, 5.66455543459109, 5.348125827506133, 4.97297518663344, 4.833074601346717, 4.792218136240584, 4.603991493237297, 4.3458171755411055, 4.290762696621059, 4.2851345821439475, 4.158497444320908, 3.986101904549329, 3.958433126811752, 3.754638064778101, 3.508041017733322, 3.2377427557189997, 2.9555029683232643, 2.4688851549220265, 2.035531157959079, 1.5608057858692714, 0.8787001314469702, 0.9943235048417386, 0.46533475162408877, 0.27423938476966425, -1.55289563125409, -0.34331411294249786, 0.9288656274628069, 1.0024354995300084, -1.458667737425616, -2.2016014664554695, -2.137099864503533, -0.3829571943845469, 0.745041686731682, 1.2013990681178084, -0.8796106162939221, -0.5238244023589865, -1.284426884562544, 0.1765794430640646, -0.5965704409208942, 0.9187321052043309, 1.0935579200181127, -1.0858680699256684, -2.2616091684527317, -0.8816926382888712, -0.7630014806303256, -0.12186932836907648, 9.298415138150365e-2, 0.6244314521581434, -0.32740238844632924, -0.3522234395959589, 0.8174185205543285, -2.095670403728486, 1.4846605189181898, 0.7480838495526837, 1.1160512631944415, -1.8455099464473328, -1.1194795147494045e-2, -0.5274321879225043, 1.3306654434188447, 1.3892898307985302, 0.7825600211877818, -1.8630158792317484, -0.8802170422309231, -0.8350343848652264, 5.37494440036351e-2, 0.6356103620591644, -0.3919344299510851, -1.9449044446847876, -0.7028959446044172, -2.379327518707332, -0.3058653955964598, 0.6234283079719638, 1.1743450077132045, 0.7466531793066638, -0.5441003158580542, -1.2280947218378473, -0.8582729409401751, -2.8202805521699473e-2, 0.7341432586515381, 1.2112731619409811, 9.134227411071263e-2, 0.3922171804138584, -1.3978966201124936, -0.8761541175496423, 0.4827684545915477, 1.3036236097694143, 0.3590888531088799, 0.7788209590022571, -1.808252807925049, 0.4078622150954348, 0.616227741740279, 0.8815601096962181, 0.4531423059046316, -5.131960647220865e-2, 0.9009089851094239, -0.32921459232865463, 0.3774205128132705, -8.671971393961855e-2, -0.520546762383903, 0.2601529291788081, -0.7038683534578946, 0.7500607202173324, 0.42530004830015933, 0.9566586739775935, 0.8228130465974194, 1.0783195268121404, -0.22190458751666875, -0.7970451596788013, -1.6034229102434212, 0.5307570357540291, 0.6141893868154161, 1.5466177559520138, -0.39464628150036135, -0.10849179114015368, -1.115699294760925, 0.7828968248050084, -0.3512548954966883, 0.42477833849126606, 0.5944778424399471, -0.14597764648326292, -0.27459386384348045, -1.2719431751544632, -0.5002882794001979, 0.2789386815013705, 0.8675993278210736, 0.10831460264595326, 1.0014987885595341, -0.5952330275247929, -0.5299792693594066, 0.2016920793616904, 0.8310405773268348, 0.9312670214038723, 0.5673995212314515, 5.1406397938651115e-2, 1.0508237442689408, -0.43373542921471625, 0.9012753649365006, 0.7464540729302742, 0.9738590921773557, 0.7635005533768233, -0.5451956648647419, -0.9109594730942048, 0.47778421270398536, 0.248319164649731, 0.6651934203088485, -0.17198860487415213, -0.4085670523846368, -1.6838690703695691, 1.2072413436346088, 0.11493616844861795, 1.234751947525699, -9.009497138775047e-2, -8.751739468828829e-2, -0.301821583473182, -1.887918744485078, -1.4187592433525544, 0.9930547405037489, 1.2801852599055918, -0.3200962390317459, 1.49070607964726, -0.38437579808294486, -8.715785790642326e-2, -0.19548938248063324, 1.1445028989214856)
