seed <- 495
log.wt <- 0.0
penalty <- 2.8115950178536287e-8
intervals.send <- c()
intervals.recv <- c(56, 112, 225, 450, 900, 1800, 3600, 7200, 14400, 28800, 57600, 115200, 230400, 460800, 921600, 1843200, 3686400, 7372800, 14745600, 29491200, 58982400)
dev.null <- 358759.0022669336
df.null <- 35567
dev.resid <- 226519.01430284698
df.resid <- 35402
df <- 165
coefs <- c(6.655590534705516, 5.648113709706519, 5.634926068959164, 5.454684645128506, 5.041226613005188, 4.780984418989096, 4.683628667328867, 4.624653054687357, 4.344783395001509, 4.268367876863421, 4.220501034114837, 4.090652329119312, 4.011520093791204, 3.911530842876221, 3.7460813679371516, 3.514617212414276, 3.2777527025621493, 2.9672098392305877, 2.5050806477432945, 2.011419693838292, 1.5968069617417446, 0.8950619638070888, 1.117011846312423, 0.6380383607635851, 0.2939299538664729, -0.6694324924001197, -5.5830674048476685e-2, 1.0335553258283283, 1.0708795738979833, -1.2001411734102136, -2.7634804799805877, -2.2659251262645275, -0.5021849385033658, 0.7594339375261492, 1.4238178664826486, -1.4485955039694838, 8.30824367767594e-2, -1.1908776721756584, 0.1043989460780559, -0.7881119027811471, 1.0368885713048694, 0.856098918280617, -0.36898619340075534, -1.1410322147311627, -0.8283795042667189, -0.6984398225556332, -0.3205363752107661, 0.31850906585712446, 0.23209857321959798, -1.0293804794674817, -0.2612723445209962, 0.9481968754099915, -2.3555713568931553, 1.7335289157174105, 0.7601598694855841, 1.0418532673226004, -2.0110310621961265, -2.1807998498630903e-2, -7.891333953077018e-2, 1.3220604338965778, 1.1562172234168013, 0.8808441596112658, -2.0528684638319934, -1.3232668941011378, -0.6281054419420706, 0.16226891550017733, 0.6971244859212401, -0.5391887300001946, -1.0540011199101391, -0.7444404080946386, -2.79404435712941, -0.6565949368139311, 0.5075315082848637, 1.0916255783292634, 0.7004560812035219, -1.1142113927037651, -1.3367515246315658, -1.1568667943222712, -3.0410416672737927e-2, 0.6176487063213885, 1.0771333731039467, 2.1046270691643436e-2, 0.173356730338216, -1.6869394379527953, -0.7273705780197303, 0.38561786203780885, 1.2991238408374353, 0.3701442371397533, 0.8652095837267086, -2.3349227944985014, 0.5501068181289454, 0.5986214309173497, 0.7427412403134737, 0.36118519253356257, -0.524914457372065, 1.4157899183677043, -0.9545381999814707, -3.2740568552119377e-3, -4.753836861065758e-2, -7.855688237714464e-2, 0.4653408618002849, 0.39641196517149474, 0.7591260976165667, 0.13397897039628012, 0.5320337455025852, 0.8587964868515524, 1.2594085817364558, 0.1760125799071689, -0.5602791793472478, -1.2783226224449857, 0.4072778033444871, 0.7635703014991011, 1.6278438262574262, -1.139030716179226, -0.28483266830727155, -1.2748899724176752, 0.7303595058674972, -0.20180693545999842, 0.5377455950061425, 0.5326983665547199, -0.17990411923403296, -0.31965278638572, -1.300492406207011, -0.24811115794579283, 0.23973553690294358, 0.8039342301104273, -6.653219132046578e-2, 0.8513258810126582, -0.39751224377007816, -0.46617531977985516, 0.34280508062899795, 0.942932807906719, 0.8218784880008541, 0.5398598020268451, 7.916752512749653e-3, 1.2131138320485166, -0.4847456339701095, 1.034248325176278, 0.7276070620337786, 0.9051073228291298, 0.7355814239421328, -0.6741429337448113, -1.1761400428026465, 0.6955353675650563, 0.4902676826652248, 0.6232962991975664, -1.1710577095482639e-2, -0.3838446597048014, -2.062684496597969, 1.2409675823796504, 0.12456308641010451, 1.1038570194806065, -0.15839180178821075, -8.871043327654941e-2, 4.040287154071434e-2, -2.249447022082455, -1.1629137896481039, 0.9696964085263805, 1.2105394103382914, -0.3924776823119249, 1.5619605001447667, -0.3964973739259435, -0.10444546991440848, -3.135655486646458e-2, 1.1336513817050013)
