seed <- 417
log.wt <- 0.0
penalty <- 2.8115950178536287e-8
intervals.send <- c()
intervals.recv <- c(56, 112, 225, 450, 900, 1800, 3600, 7200, 14400, 28800, 57600, 115200, 230400, 460800, 921600, 1843200, 3686400, 7372800, 14745600, 29491200, 58982400)
dev.null <- 358759.0022669336
df.null <- 35567
dev.resid <- 226341.03388202324
df.resid <- 35402
df <- 165
coefs <- c(6.586790472149838, 6.0804901931377, 5.633009494734076, 5.29498024703902, 5.141472098296277, 4.830610950406405, 4.734343543585474, 4.664171070067037, 4.394786341185778, 4.250416799651032, 4.274368747931058, 4.175368140793254, 4.038779484508096, 3.980048096422566, 3.751604429751639, 3.543363187825993, 3.2380272029362134, 2.9554997887925745, 2.529325364943822, 2.090472616404795, 1.52048445111233, 0.896290759646258, 1.037612891171355, 0.5226147430350193, 7.398415311570464e-2, -0.719161075749475, -0.37087213023810484, 0.9520985706975252, 1.0066918955120618, -0.9719913717847795, -2.2149196610343, -2.5762789288478243, -0.2920237266260633, 0.747738373925239, 1.3838020920727356, -1.4259248762312193, -3.438856758959902e-2, -1.1649945357062905, 0.17870780564208158, -0.5735340733158423, 0.9489609796014407, 0.9938646602864711, -0.9416291362145096, -2.172743757880287, -0.9903884265228673, -0.7309747017305951, -0.3858436148504872, 8.161700139125609e-2, 0.2943706309596878, -0.5394903916941862, -9.71101327462671e-2, 0.8876508140196081, -2.5255681088235558, 1.6366659251698394, 0.850843884012188, 0.9339877183875231, -2.091211764832543, -0.23072135176609854, -0.7326954836938817, 1.5735458403189124, 0.9879793186967252, 0.8493273110357381, -2.22204221275696, -1.2932588624095662, -0.804944809973353, -0.2556378995865356, 0.47826494513747647, -0.5409756949666987, -1.5849018305398583, -0.7428843003683488, -2.2102846902278683, -0.26779048733275795, 0.26183892785808416, 0.8368280869818379, 0.6057194265443339, -0.6318530230725865, -1.0570274408275533, -1.1539975171684922, 3.967778988378119e-2, 0.6411490069409012, 1.1778647193329286, 0.14439255445705226, 0.3947812062201402, -1.6717103813957728, -0.34795647166183485, 0.4063482207120288, 1.2124148083267692, 0.3099354003483597, 0.8417436217467221, -2.4152524505204482, 0.5201359500268549, 0.8107220098867816, 0.8574922476731052, 0.2915027439657917, -0.13968742955391217, 1.0369515834933047, 0.10584661083138747, 0.1809100211959702, 0.1681382975354195, -0.625833640018664, 0.3858056230162419, -0.4670327094561841, 0.598179639468791, 0.4808222847252271, 0.8484493199460722, 0.8572072624843823, 1.1078203970594538, -0.3547509464363231, -0.426088252992524, -0.9406964835305011, 0.4776063943263272, 0.8004469798119184, 1.5670271849987778, -0.4882347292607242, -0.14650128721711442, -0.9085914109803516, 0.8306655733681029, -0.1235211057156295, 0.3682755222150888, 0.6679188801025151, -0.7032757830105729, -0.6390410984357193, -0.9627810513178439, -0.25016649399846563, 0.2297000270127605, 0.9221639290910635, 8.526688620103964e-2, 1.0209013749430658, -0.5966052895876706, -0.3958982932853371, 0.23165387803766668, 0.8190218265793808, 0.7265330989800725, 0.4589390370038964, 8.564600537141175e-2, 1.1065449312146967, -0.33229529308061395, 1.1454497664533727, 0.725434476205379, 0.9502897168179989, 0.8356076060143989, -0.7507966006939497, -1.099368746226854, 0.5232421225642725, 0.30475642302482264, 0.4648366891876923, -0.25156076266719474, -0.44186751839176525, -1.7916826478874677, 1.28646497497141, 0.19477557407596094, 1.2012210195610258, -0.2066694740699052, 3.766465908114192e-2, 4.3933977776425104e-2, -1.5047353060885924, -1.2436000882119618, 0.8061942189990156, 1.1761335519798577, -0.24016308488521546, 1.5315889687045752, -0.23246257819502752, -0.18952906054558138, 0.15949666141253255, 1.211721045844243)
