seed <- 418
log.wt <- 0.0
penalty <- 2.8115950178536287e-8
intervals.send <- c()
intervals.recv <- c(56, 112, 225, 450, 900, 1800, 3600, 7200, 14400, 28800, 57600, 115200, 230400, 460800, 921600, 1843200, 3686400, 7372800, 14745600, 29491200, 58982400)
dev.null <- 358759.0022669336
df.null <- 35567
dev.resid <- 225622.8610930718
df.resid <- 35402
df <- 165
coefs <- c(6.820875351913983, 5.937149090837667, 5.809674586352526, 5.35635823313121, 5.122553407533791, 4.865511766350623, 4.78996387973372, 4.645407258017787, 4.4116753491095935, 4.28060942635661, 4.356487485029888, 4.122990922492452, 4.029276754172976, 3.970085077438422, 3.7282435122115976, 3.5133238875460537, 3.2436767955285433, 2.957682897325235, 2.509377673393696, 2.0261873038468026, 1.561379713916507, 0.8979190152299824, 0.8839210930630362, 0.5926306189240758, 0.32859111988340367, -1.3409705877142555, -0.30224677017551405, 1.0724568354162891, 1.0212843328439916, -0.9518542347312295, -2.1424343973318147, -2.1459187130590793, -0.40216100223067264, 0.8054565475279856, 1.1638853809212253, -1.0626557865161075, -2.2469458181030064e-2, -1.5147586098238237, 0.1687660080733232, -0.7592679560501588, 0.8369441120466982, 0.8896620789641206, -0.6888367175316215, -1.695047464293382, -0.8428957693370374, -0.8054718456883344, -0.6223204991587552, 0.31424596162966284, 0.18426364835209383, -0.9193636792246169, -0.17322885409557212, 0.9679594983061952, -2.269885823225989, 1.6864289011250364, 0.7385582507506756, 1.0442347094287878, -1.9996045633819424, -7.940017461946915e-2, -0.43101578623900977, 1.5424847041330934, 1.3196943348792907, 0.8768767955726604, -1.2789913460078308, -1.239949149636377, -0.4628067073016649, 0.39316829043026214, 0.49345806642535756, -0.8031375664417857, -1.5235988710600439, -0.723396046673735, -1.5718207998658802, -0.9259592517224713, 0.42452068408955673, 1.0770996001986413, 0.515540631803523, -0.9719067247063743, -1.462390007360354, -1.2074457836206685, 0.13309986192406667, 0.590411209641426, 1.260131447596076, 0.1103950388623416, 0.3162343786732396, -1.5449093734934887, -1.4361692458191532e-3, 0.3452152683990265, 1.0745205236755322, 0.5002198191281112, 0.9087966296875966, -2.5889677796469464, 0.5400883695178654, 0.6481703177072953, 0.8875157432565902, 0.4108734998902272, 0.2690995565824221, 1.436342231560715, -0.3837292566162247, 0.42599035671993773, -0.17832713879708592, -0.24955013825191524, 0.3759890144825422, -0.39849980829632964, 0.8069587904592275, 0.18693733508835778, 0.6768397166097712, 0.9113484513256972, 1.066427505700774, -1.2411280719294506, -0.6574286736274321, -0.869051921636893, 0.4585648025355853, 0.6771875474464788, 1.5507687422413048, -0.676295134063036, -0.414908393509923, -1.067908624417356, 0.835636647909313, -0.32319029550842254, 0.23571469562055575, 0.7147017083116612, -0.5820576924279166, -0.2241640859947977, -1.0986255436685721, -0.5313009381948223, 0.361137788480103, 0.8527786871727404, -0.11730869734460889, 0.9553060890650862, -0.7760380982799568, -0.47713773017809497, 0.14375289522955062, 0.8775515024697321, 0.7017904192048788, 0.5943423796781693, -4.594499660152796e-2, 1.0359596533533606, -0.46850573739056156, 1.1186466328408595, 0.714114751881423, 0.9170220741136902, 0.8407235666820995, -0.6284667633470812, -1.323507760184944, 0.6969745979610943, 0.21851325809198058, 0.6123207534825713, -0.2517146138789763, -0.20472095523926648, -1.9016090855679275, 1.2157788044597173, 0.1037489155951127, 1.1925995542417467, -0.20460998225848878, -9.892969682140001e-2, -0.13037066034215786, -1.4002788413285436, -1.530252214402775, 0.9364637303433422, 1.1116872971370835, -0.29708749157148506, 1.5102767410641125, -0.3334006546346513, -0.16653880083571493, 0.17733107892529132, 1.2480611644942379)
