seed <- 567
log.wt <- -15.447901484543234
penalty <- 2.8115950178536287e-8
intervals.send <- c()
intervals.recv <- c(56, 112, 225, 450, 900, 1800, 3600, 7200, 14400, 28800, 57600, 115200, 230400, 460800, 921600, 1843200, 3686400, 7372800, 14745600, 29491200, 58982400)
dev.null <- 358759.0022669336
df.null <- 35567
dev.resid <- 226004.09852620514
df.resid <- 35402
df <- 165
coefs <- c(6.737159406442198, 5.879487162132972, 5.730474011409205, 5.1777851797943155, 5.202379526115027, 4.8462448759583445, 4.791646555133481, 4.623896701558025, 4.380897902518009, 4.2855122300529525, 4.274938676117641, 4.143183352131472, 4.058447085645952, 3.960771165925174, 3.764332655712508, 3.530230746889078, 3.2503512561148016, 2.970431180185988, 2.5137773066676536, 2.0300486306863283, 1.6054548129968238, 0.8943546584966842, 1.0252167043067304, 0.5332246646033477, -0.3085513587736369, -0.7880530631005805, -0.2816253671362195, 0.8548798270621547, 1.0961747429025408, -1.2977619591712146, -2.257481763067051, -1.9975075018156467, -0.5544521186401244, 0.6771457667627581, 1.372613659981548, -1.0593897137125252, -0.503585720153949, -1.3114497105276657, -8.825418591491374e-2, -0.6271748660045562, 0.9268883709256165, 1.1527536971947943, -0.47941386294328403, -1.8975973653716116, -0.6923024483385002, -0.7243149279068924, -0.1835199626310586, 0.4241316026393031, 0.3234275516515912, -0.2582346000549116, 0.12071885793365163, 0.7582225763243783, -2.6588961057753626, 1.6407583734897817, 0.8342655068531959, 0.9742877183946212, -1.8481622493259329, 7.643801148930043e-3, -0.5176394704908238, 1.1398214053047235, 1.0002485921533486, 0.7724647344858763, -1.9169893965675924, -0.7398926679782952, -0.5343288920307218, 0.2015411392119482, 0.5907998331701972, -0.5437651287860639, -1.5871008332544154, -0.6044294300217142, -1.7433531485890374, -0.9287042965733193, 0.7022229492717149, 0.9363071436655992, 0.8088911110302263, -0.43507566655822716, -1.0179997072105773, -1.915892273505837, -0.1301252687651131, 0.7039582867566504, 1.0839867555119702, 6.0752808494765054e-2, 4.450913578979745e-2, -1.7546816147599145, -0.6698005018572945, 0.15755095242361447, 1.3050479876935643, 0.22391624948139066, 0.8610309857939475, -2.157008798936839, 0.24393102880785694, 0.7560168365456413, 0.8264634486457315, 0.26801405261224354, -3.296664699023337e-2, 1.2216041471943002, -0.5906155493807262, 0.6657711996895446, 0.25328528661882455, 7.628989701318067e-2, 0.40896166158830616, -0.22795804180716822, 0.7170610534105798, 4.6761883475385436e-2, 0.7053841818285368, 0.7986985545646148, 1.083733710249492, -0.6201083472260144, 4.2043692026021845e-2, -1.3563700250442128, 0.3203993591537573, 0.5086510840098051, 1.5780163597636576, -0.7344632809878389, -0.30171835977835076, -1.142329559221543, 0.7526092368132915, -0.26011381830501396, 0.4149036250215059, 0.6685606854562968, -0.4994874788172824, -0.4116118453334958, -1.48139829080191, -0.6838669663340158, 0.27659656557210294, 0.9776763526300658, -2.92122440018843e-2, 0.9537192715791603, -0.4760514110105867, -0.431208892591283, 0.2750961464404531, 0.9471417542082123, 0.7653885461973768, 0.4022348812260082, -5.2745984766227466e-2, 1.0475909317583822, -0.3301628499839909, 1.1449422431907506, 0.681633602109716, 0.8826180292604976, 0.8001526309568163, -0.6480266895203419, -1.45846120359979, 0.6246302575066254, 0.4571620526530266, 0.3925589077954245, -0.23021006791414741, -0.6263873601931518, -2.135226009501788, 1.2915572605948828, 0.15789721839409152, 1.1538364064920998, -0.18671597807300155, -3.85158837348007e-2, -0.2801325494885216, -1.1962305446410348, -0.7184527749701921, 0.7988314247747572, 1.2428806906709025, -0.35715303858107006, 1.5289448779563126, -7.614471190347745e-2, -2.76367441899164e-2, 0.11000112269087271, 1.1761887848862094)
