seed <- 613
log.wt <- -15.686555332875663
penalty <- 2.8115950178536287e-8
intervals.send <- c()
intervals.recv <- c(56, 112, 225, 450, 900, 1800, 3600, 7200, 14400, 28800, 57600, 115200, 230400, 460800, 921600, 1843200, 3686400, 7372800, 14745600, 29491200, 58982400)
dev.null <- 358759.0022669336
df.null <- 35567
dev.resid <- 225211.97470902512
df.resid <- 35402
df <- 165
coefs <- c(6.4594824679481935, 5.943836436006546, 5.7230654971944785, 5.263656676125498, 5.173891381893255, 4.940783126846599, 4.754107190643527, 4.714793938453178, 4.371767796156925, 4.318564312288593, 4.363827466707546, 4.157027801565768, 4.048270655960749, 3.99562785268005, 3.7681700518535415, 3.528983956378782, 3.283250614398519, 2.9521654191022404, 2.5055230639891612, 2.0679171713535394, 1.7119763014860356, 0.8779911068849166, 0.975435644184202, 0.25425810319752196, 1.0374276016536168, -1.0321694709123739, -0.5116591005031446, 1.0736141252922706, 1.0230126963858965, -0.8310356847289844, -2.55051152787862, -2.2653781629838594, -0.27154103036983285, 0.6879290693300824, 1.2567713044512445, -1.1088949926795233, -0.7410540140400673, -0.85567586106099, 0.21048686924261242, -0.25117312290110344, 0.8878985677962762, 1.0128486094250062, -0.6020139028838222, -1.8303431065059332, -1.199697487718797, -0.812541916086069, -0.5084220863789154, 0.28181142092519706, 0.2460080385842147, -0.49124126619652214, 0.13837344986595207, 0.6346911165513527, -2.286357414079131, 1.7087165158167712, 0.6531943395362965, 1.074461337060669, -2.001373656257775, -5.8513381215523484e-2, -1.0363925214025114, 1.3131780887538025, 1.1271275637720441, 0.5669136739208562, -1.3908614052891146, -1.5276488989054813, -0.3458047597871583, 0.21300137615677303, 0.5310645315275152, -0.7595707125059735, -1.3459913081159558, -0.5038917689038362, -1.4614365162073752, -0.3519561910819253, 0.6213178841447923, 0.8643575549479771, 0.6088582353369969, -0.6643722611448176, -1.3609271375150094, -1.1403443470021835, 8.913226884715691e-3, 0.7016349347023777, 1.21560795465386, -2.2692808392816927e-2, -7.842727449357391e-2, -1.5910403418925423, -0.636516249320914, 0.1899451297765249, 1.1594756538425366, 0.650656748633454, 0.8535324968628768, -2.2339901155082993, 0.4757504792277211, 0.7578219717365148, 0.9018886092691308, 0.40180010092271384, 3.749517065118678e-2, 1.3231280884457388, -4.496622211013499e-2, 0.48429482758574743, -0.19358759856167645, 8.622994937635593e-2, 0.397214633477099, -0.5206609452157992, 0.8229413674935566, 0.1295227724798737, 0.6893912876050897, 0.8377914862038189, 1.1551550592502242, -0.3250704781908913, -1.3056192754879075, -1.0177643227202018, 0.39969398096846703, 0.5003898270920729, 1.5453394279273824, -0.8705457576170835, -0.12195777356937543, -1.140832592112782, 0.8844397595894865, -0.2917231185867756, 0.5098113806067764, 0.6528791289439334, -0.5369982405229686, -0.4158875496865677, -1.440574788748696, -0.4397569998704454, 0.2517063055625066, 0.8738046761796306, -1.8894919515577032e-2, 1.020336645337658, -0.876659398616559, -0.3732257620515642, 0.2748235307208737, 0.8892426825471952, 0.8562008294535226, 0.452788737200019, 9.049077012950754e-2, 0.9120066546231872, -0.5808381946988082, 1.0779032790313745, 0.6847164347750373, 1.0308945860215533, 0.8073713139350941, -0.6518607744421897, -1.0944939364478135, 0.537109370783991, 0.46737597718800344, 0.42918215935101955, -0.23752224503367694, -0.5863806018481078, -1.8909789681517277, 1.2213949032202038, 0.13745946287562585, 1.2504475487446671, -4.874495650141083e-2, -9.10622336627897e-2, -3.031975493438293e-2, -1.874644879752523, -1.0903038933142122, 0.8252563877944847, 1.1668261787502454, -0.38825653689874406, 1.5062023462194385, -0.5110925097574784, -2.066171847306355e-2, 3.1004778025294097e-2, 1.2453089125276495)
