seed <- 1043
log.wt <- -14.635725778627092
penalty <- 2.8115950178536287e-8
intervals.send <- c()
intervals.recv <- c(56, 112, 225, 450, 900, 1800, 3600, 7200, 14400, 28800, 57600, 115200, 230400, 460800, 921600, 1843200, 3686400, 7372800, 14745600, 29491200, 58982400)
dev.null <- 358759.0022669336
df.null <- 35567
dev.resid <- 227029.07913835792
df.resid <- 35402
df <- 165
coefs <- c(6.666205626891985, 5.693378818995313, 5.76159588865499, 5.26212781863972, 5.067802196144655, 4.887777966525593, 4.760823873326771, 4.669088977551654, 4.3399683909136915, 4.25239884203456, 4.276407258918993, 4.1379718196895965, 3.98293504019882, 3.9900901021548396, 3.739594605501393, 3.488941589012065, 3.2718586890112893, 2.9284798462422983, 2.5096582757616237, 2.0626458032431745, 1.6428263863692738, 0.8384223501713437, 1.113170071825266, 0.5298881626861844, 0.9937739505938533, -1.3403386581902565, -0.4860970627716717, 0.9584881181467336, 0.9759815554085136, -1.9513854705472253, -2.709636975311755, -2.3631833985603765, -0.26683113266559605, 0.7515146253575958, 1.346475161474318, -1.419420950124584, -0.37031140180365163, -1.1105574762110961, 0.30276406806986356, -0.7912104268653932, 0.8625113922596365, 1.0199996291381621, -0.7531441671863516, -2.3811179471019446, -0.9140709832442233, -0.6893443891505313, -1.003683425318045, 0.6043541201238154, -0.11633611081625152, -0.43241693706495943, 4.9757193366857404e-2, 0.8358382883925087, -2.397613674413356, 1.7722160237796734, 0.9372080311187126, 1.1346846171781526, -2.3589912997900235, -0.12814595651798244, -0.5449392836929453, 1.3422780312053781, 0.8300130333964606, 0.8663613023237695, -1.8204863967760005, -0.32805169615597096, -0.44572539622768353, 9.498091551178094e-2, 0.631047964220532, -0.347608775425077, -1.4165500950812626, -0.5933181789955774, -1.7275363025733215, -0.30691911003268685, 0.31060170160190126, 0.9428118362877482, 0.7346936798233095, -1.0578373024664651, -1.1874711544088172, -0.9600041410483967, 1.1288255261487858e-2, 0.6840785846787992, 1.2184852928897614, 2.5630514907299777e-2, 0.2537943030423538, -1.6156217236785069, -0.9329200354451499, 0.36968209136342944, 1.155781010163107, 0.34307440629830316, 0.8840479425119087, -1.9858334958035135, 0.4756767756723511, 0.7891092840072549, 0.8037996003543071, 0.3325637850669538, -6.807004980563633e-2, 1.3970695110013187, 0.17769103914769863, 0.4418333389200781, -7.769196393700109e-2, -0.489835708919858, 0.43715981094056255, -1.1500737008623905, 0.8024344136434253, 0.28981976510401664, 0.7223767866819328, 0.8141126352130731, 1.0909440797294057, -0.6702888960393822, -0.24065060626921358, -0.8504719477068533, 0.3753202082747629, 0.6530382763806861, 1.5028405884833294, -0.261227450384141, -0.283976106031955, -1.0990601262648176, 0.8250427388890519, -0.3091712153670548, 0.4682441984675205, 0.46995346745111644, -0.7171326371561363, -0.735199485162353, -1.2243507367664797, -0.4740639206360452, 0.2520753015946376, 0.9675020240785406, -2.559349833776341e-2, 1.0298420144396396, -0.4417718410977873, -0.3385686427140352, 0.27449313781133833, 0.8319978278134768, 0.7659866595791723, 0.46155763583602505, 3.7085164205394816e-2, 1.1034742543402807, -0.5427121524540913, 1.1969712164904165, 0.8049113942938853, 0.9500386249233085, 0.770536668983467, -0.7092878665204847, -1.1017412438118384, 0.7741236561485005, 0.4729337769778819, 0.5772283106026359, -0.21462281312896622, -0.7091449229128354, -1.7910544971149687, 1.389547016629943, 0.2839898469254313, 1.2270651657660165, -0.18770097184966922, 5.592338549513684e-3, -0.10115064714843784, -1.9374140965546334, -1.1736493698065613, 0.8095099890018314, 1.1678476494767747, -4.3769365601948794e-2, 1.449960283420207, -0.1326925669828789, -0.17420593426800157, 8.633219125492228e-2, 1.2456752359300063)
