seed <- 524
log.wt <- 0.0
penalty <- 2.8115950178536287e-8
intervals.send <- c()
intervals.recv <- c(56, 112, 225, 450, 900, 1800, 3600, 7200, 14400, 28800, 57600, 115200, 230400, 460800, 921600, 1843200, 3686400, 7372800, 14745600, 29491200, 58982400)
dev.null <- 358759.0022669336
df.null <- 35567
dev.resid <- 227103.8880173221
df.resid <- 35402
df <- 165
coefs <- c(6.4806965134069685, 5.7100982233549935, 5.8761372620427945, 5.350195345537533, 5.136853592844408, 4.884251333910676, 4.822130267255689, 4.530037193171335, 4.34375500853312, 4.214094330531397, 4.320619175798717, 4.142798151492489, 3.9703015582520766, 3.9750680840161694, 3.733083845613766, 3.516526120554538, 3.2406725818657707, 2.961928836074162, 2.4867008747483665, 2.091801051357908, 1.5580695488103995, 0.8999030848322321, 1.120882006529285, 5.728907930906531e-2, 0.23209438159795256, -0.9646401697997267, -2.494027898351516e-2, 0.9279832065648204, 1.0411867066442302, -1.3863471778294012, -2.380188261724961, -1.9335632197423172, -0.416710049554756, 0.735963592968338, 1.4328048594381344, -1.1892246765934649, -1.0659345294252656, -1.0988847488423859, -6.7060552820407e-2, -0.8168948403561634, 0.9098900198117348, 0.9405125123406931, -0.849309542937561, -2.0667736698351993, -0.7783288056615991, -0.7569323534602607, -1.3363991352138718, 0.5450600527507399, 0.3668400870564029, -0.49148980573147366, -0.14317475097148935, 0.9233996430039396, -2.51573109938642, 1.829457198356558, 0.7805428722645722, 1.0989227505458887, -1.8938901384491067, -0.3147911914809029, -0.6503789972222567, 1.3200856714751223, 1.207937069198786, 0.40019295769511126, -1.9400516118474884, -1.1011580229019722, -0.5783181381163869, 0.49009505812098536, 0.6875232598007304, -0.5054132205750368, -1.4473158315617078, -0.5939278669782226, -2.131692525249745, 2.6053145667218138e-2, 0.5391430803029503, 0.9394428647899974, 0.7194314287968252, -0.9032931227813845, -1.274698860783944, -1.6381641833768732, 3.295459949084707e-2, 0.7292185614472156, 1.1725022229382334, 9.319416581131656e-2, 0.12089508858817222, -1.6292956472221158, -0.310566274859907, 0.46828415259991313, 1.2728033224752462, 0.560007537773277, 0.848275009920325, -2.3678029754011782, 0.5348110980695939, 0.7217420804114407, 0.7648825377459954, 0.30875646730556294, 0.268882845359693, 1.1426193354458385, -0.6346583991766563, 0.35031837116950887, -0.24572472969690054, -0.3021235060797376, 0.43085165144296594, -0.8088237244475791, 0.7223988505625937, -0.25276595349971903, 0.7388596349530864, 0.8326435256534267, 1.1917792834504863, -0.5616058398959174, 7.596176692184511e-2, -0.9981704091620047, 0.4868548293572342, 0.5772774734112175, 1.572597887594746, -0.3705070041413463, -0.16270722583350497, -1.2262774585875538, 0.8135433530928033, -0.19433455927854065, 0.5370868504666622, 0.5820707032646008, -0.6286153842392628, -0.49990994522393845, -1.0873026346277206, -0.4054455972193613, 0.24374859336612226, 1.0070720929452621, -5.177282852216814e-4, 1.0628313620962775, -0.8095500637123612, -0.2687149980884826, 0.5583891857538901, 0.7912749508467073, 0.7509835367492858, 0.37495665974698816, 7.783946025351599e-2, 1.046291916436289, -0.3284491183313052, 1.1068775496788767, 0.6784707857006519, 1.000650839127341, 0.8032031785844395, -0.5579429410324855, -1.2064498146580067, 0.644166602292835, 0.36906620027676434, 0.5465751272705397, -0.2872601371665771, -0.4418432104592719, -1.8866272137223563, 1.3526347669013274, 0.13224970497340696, 1.2737958474050395, -8.365185399533773e-2, -0.18381692625206583, 9.420035275754553e-2, -1.7284933773406534, -0.9022515344029027, 0.9733249454874727, 1.2385856552312242, -6.420147739165076e-2, 1.5372745615601986, -0.15500411314732274, -0.17622841208116272, 9.76320812066634e-2, 1.1364558156202653)
