seed <- 803
log.wt <- 0.0
penalty <- 2.8115950178536287e-8
intervals.send <- c()
intervals.recv <- c(56, 112, 225, 450, 900, 1800, 3600, 7200, 14400, 28800, 57600, 115200, 230400, 460800, 921600, 1843200, 3686400, 7372800, 14745600, 29491200, 58982400)
dev.null <- 358759.0022669336
df.null <- 35567
dev.resid <- 226351.8518965478
df.resid <- 35402
df <- 165
coefs <- c(6.43579276375446, 5.977462217988307, 5.701345783571149, 5.171567120659461, 5.066327968443467, 4.897156194193328, 4.789708403848031, 4.616057681659663, 4.361773819331702, 4.286628746740057, 4.317127936311093, 4.165630579885838, 3.9906373545290426, 3.9708733690130478, 3.735172194827073, 3.544233107777156, 3.2345504807555385, 2.906673093860906, 2.561689526744963, 2.0664401417555953, 1.5646130358698473, 0.9021615350806041, 1.1334832250834168, 0.32189663325777534, 0.9054912535119544, -1.1025927234346622, -0.3599286369018281, 0.924615694200744, 1.0050331470176446, -1.193198742478742, -2.115581627874021, -2.1298723397404853, -0.17850417071910407, 0.7442779188260856, 1.2349393131692756, -1.1712190478411995, -0.5823766572602711, -1.172789905006331, 0.23862734379467332, -0.6159199213586366, 0.9158566774710835, 0.8747075112761153, -0.7802240215345927, -2.603988413623248, -1.2005415915122755, -0.6144256102467766, -0.6367024109466298, 0.35093865484441805, -0.6977698110382995, -0.29156111735674284, 0.1701044109698985, 0.8758319608099248, -2.337079844643225, 1.6657555980945329, 0.775834366310157, 1.0492800990509081, -2.3661129225603355, -4.2568530847543584e-2, -1.4047348122612739e-2, 1.4693459280072012, 1.3734491733886283, 0.7993667524265541, -2.0267117949534943, -1.121589901442989, -0.2518364045843274, 0.16043760149010802, 0.4717696406409221, -0.5516779710426843, -1.398116109918392, -0.5811032659756478, -2.367944536343046, 5.468294698804104e-2, 0.4566786612147458, 0.9563722201652931, 0.6491613422557073, -1.1841620220273812, -1.5836320856996027, -1.4390787213116856, -6.629886682170075e-2, 0.7528458349175453, 1.1756017084779933, 5.597038315549033e-2, 0.24944933825965993, -1.8980983552576731, -0.6914744989491661, 0.332449722559771, 1.2628693693777384, 0.3825072214171619, 0.8980540127456895, -1.6288309811383619, 0.4595154843957828, 0.8466798244956205, 0.8364375838549195, 0.16964509662420613, -0.3016272348027476, 1.491249355151123, -0.6260768090736643, 0.41160424661812434, -0.13427323859999482, 7.208081125380854e-2, -8.369014384013813e-4, -0.21012088380155783, 0.8653125637113478, 7.566828230715474e-2, 0.8157221782946129, 0.8080203498689559, 1.1710001454872767, -1.1037596558341267, -0.4290625610893428, -0.9412418941728178, 0.3362026351829895, 0.6938326228236428, 1.574179569598957, -0.9531122991482605, -0.24098153183797727, -0.9562082673237554, 0.9033946536136596, -0.306234629635819, 0.47669206736250813, 0.6357124776360364, -0.44512276704889914, -0.6555108117313515, -1.1836758028119592, -0.4380787933692578, 0.42116620828843326, 0.7080536142124341, -2.5746429070819007e-3, 1.0675308528740959, -0.5453273196329705, -0.4175315360178025, 0.5073407879281915, 0.9722914136132395, 0.8523251208908015, 0.40716929299504817, -2.019330609180262e-2, 1.0543231082832978, -0.31193606327235557, 1.0314847451020899, 0.7333984988403237, 1.081019390031344, 0.830166465580802, -0.6464887559163021, -1.2944556571495933, 0.5981983426304759, 0.4918320720063215, 0.45425732668344, -0.1679316684663169, -0.48684340927950204, -1.895104923167324, 1.2815481079184745, 4.1410764575487265e-2, 1.2749997691571944, -0.13738143381528192, -7.172295491553936e-2, -0.15812768992569065, -1.7212386931952897, -0.6078931765528232, 0.8024768902536404, 1.2357493462443148, -0.15659737131080298, 1.5661366076834702, -0.2976455502152899, -0.14158062749875344, 9.372293889624211e-2, 1.264660958336407)
