seed <- 392
log.wt <- 0.0
penalty <- 2.8115950178536287e-8
intervals.send <- c()
intervals.recv <- c(56, 112, 225, 450, 900, 1800, 3600, 7200, 14400, 28800, 57600, 115200, 230400, 460800, 921600, 1843200, 3686400, 7372800, 14745600, 29491200, 58982400)
dev.null <- 358759.0022669336
df.null <- 35567
dev.resid <- 225771.87625360364
df.resid <- 35402
df <- 165
coefs <- c(6.88847341507195, 5.629375822284074, 5.732755650790626, 5.298946883198586, 5.008017365800643, 4.7998221297493195, 4.7430479606284655, 4.629275688310896, 4.388537775421537, 4.287962536446685, 4.316563181288979, 4.148341629757787, 4.025114062888365, 3.9579634615622328, 3.747455456973522, 3.560976810749075, 3.2406774183465723, 2.9357920259801027, 2.5191559231204756, 2.078670471353085, 1.657240145079284, 0.9281385652203556, 1.1072929102808968, 0.7351952706220032, 0.3668269450949401, -1.0921682726136177, -2.4090433990371266e-2, 1.0348811583260749, 1.1254570463488252, -1.811973154062397, -3.0061187231462316, -2.6005422913797873, -0.6373620884458159, 0.7638693758370083, 1.4551389024858843, -1.4947308950530076, 0.2455430148246304, -1.0076293955347306, -0.2718842099773957, -1.0460081285426577, 0.9373129900620467, 1.0123096269677676, -0.6991708531981045, -2.449992547384692, -1.184474438128662, -0.7034969476233538, -0.8206993991692593, 0.13562198460715916, 1.4090221404614854e-2, -0.7115483824159604, -0.43904836638984784, 1.1236780144245881, -2.8569025969848694, 1.7481917205950412, 0.8771833350467311, 1.1578366410785979, -1.7612212302337569, -0.2689313305218899, -0.21857597559372496, 1.5062893057088205, 1.2057015081344438, 0.7986417964491808, -1.2974260716401265, -1.3344136944970157, -0.6649904891282967, 0.29540881775322864, 0.7625370611778073, -0.3823088219978774, -1.1516498358916258, -0.6351848638269922, -2.8585671662566474, -0.27463587285848695, 0.46831005039649803, 0.959786217562089, 0.687026920949164, -0.6223720981636836, -0.9662862944676728, -1.5656837933548613, -0.12466070110222353, 0.8241795497391291, 1.2177616788952605, 0.14868976155321256, 0.1594027622127132, -1.9724355711167212, -1.2585011259696166, 0.27491645142247506, 1.172937221388302, 0.5709077140572019, 0.9184164799044169, -1.8447171525887676, 0.5720823228146834, 0.7308134398879051, 0.7450570598380322, 0.42417346769571673, 0.28455836336968776, 1.4835419057311001, -0.37480928188303547, 0.31960365345853337, 0.10805574850494458, -7.699312411311561e-4, 0.5440560287307484, -0.1649555998328457, 0.9274335442711128, 0.21325297281182926, 0.8265431898787706, 0.8371256007030434, 1.174220450743243, -0.2690969595318159, -0.4591091777932888, -0.7906073411628524, 0.4238150658830818, 0.7110200140053913, 1.589056213401232, -0.3251068523568524, -0.12730255092294207, -0.8334855875268666, 0.7878900723889947, -0.31368756107349793, 0.4765988025023413, 0.5615632543353405, -0.32515870117357054, -0.37564170342297304, -1.1498450344504039, -0.9095845386735686, 0.2524833942511014, 0.7636538163508811, 3.951630975950948e-2, 1.052726124958666, -0.4017435139663349, -0.3492955317114017, 0.46996813608263566, 0.835905652602745, 0.8052043988305272, 0.4266518581106711, -5.633008163409558e-2, 1.1746508093809147, -0.3205998989637414, 0.9353107459940764, 0.7518469592284093, 1.0591570243118986, 0.7455551704442738, -0.7368687421151779, -1.3312502865179232, 0.7691794759605435, 0.4924597276595318, 0.4730466965789128, -0.3093812255282972, -0.6773931327208864, -2.119844122079584, 1.198764595950555, 0.10410763619415472, 1.2714191643132022, -0.3459123792764597, -9.453179413705128e-2, 0.10191249986018122, -2.0163975510076937, -1.180557579525702, 0.7249484215682872, 1.1561704668848798, -2.4596186355222614e-2, 1.5618412489257891, -0.241202771416015, -7.745434012286624e-2, -4.305566881208094e-2, 1.1595563144972232)
