seed <- 1038
log.wt <- 0.0
penalty <- 2.8115950178536287e-8
intervals.send <- c()
intervals.recv <- c(56, 112, 225, 450, 900, 1800, 3600, 7200, 14400, 28800, 57600, 115200, 230400, 460800, 921600, 1843200, 3686400, 7372800, 14745600, 29491200, 58982400)
dev.null <- 358759.0022669336
df.null <- 35567
dev.resid <- 226631.2823678514
df.resid <- 35402
df <- 165
coefs <- c(6.323409731816678, 5.7660999305421, 5.639497729244538, 5.407588275422493, 5.122486997787985, 4.854836138752405, 4.715809951314919, 4.549204593034532, 4.3568668307928045, 4.2460800750451515, 4.303306932439589, 4.161817214795625, 4.000054128161651, 3.947726930318348, 3.7607273353854263, 3.5234586907195067, 3.219713804221914, 2.8939993712983845, 2.5047679799475526, 2.0295013620454534, 1.5258830602016518, 0.9010088081162629, 0.9438780022302284, 0.3262644960558014, 0.13944978465791272, -1.1291950781067595, 7.728554723452942e-2, 1.1708682815280003, 1.0805753477019626, -0.9248797696277992, -2.4369880891666633, -1.634759145758551, -0.29350478154575316, 0.7572106433862095, 1.3174790962195728, -1.4002901068199154, 5.685537694000254e-2, -1.4102278011970881, -0.21671209283936388, -1.249446342449088, 0.9394016785981183, 1.0279191312371099, -0.8603080462052611, -2.02793719720816, -1.0470818903379024, -0.7699203086155038, -0.8703851864475594, 0.3705247795486955, -0.2741590474835746, -1.052453574813471, -0.36021496426500094, 1.0357758470814633, -2.5961256766278713, 1.721879571430243, 0.8347651152574026, 0.9871516596139677, -2.426722849265389, -5.319340777234301e-2, -0.2679710228819245, 1.124200974920922, 1.276093101194315, 0.8476260465737255, -1.7760717172479175, -1.514886061019572, -0.5216112587868535, 0.11864455789195534, 0.7150448139560156, -0.5103034784673907, -1.4396725202227925, -0.5410840578967461, -1.373989579835058, 0.27707991913799046, 0.6113898668554139, 1.0455531070437882, 0.7265771711382499, -1.0303804510303893, -1.3990703181260993, -1.2452528771241553, -4.575215569442033e-2, 0.6634590755551721, 1.3393215750631147, 7.515428689061819e-2, 0.16546655055378615, -1.5528259019049697, 6.336981538119241e-2, 0.4856668472338528, 1.2925210371139668, 0.6921092608320509, 0.8440521583244451, -2.2796832445586848, 0.5747519023422832, 0.5578612152662338, 0.8268161050983962, 0.29312544499869436, -0.7411702397038994, 1.0961962552595685, -0.38844868119151893, 0.15856137763991812, 6.470426580647154e-2, -0.2359929288376826, 0.5002332014773058, -0.4767939469243839, 0.8805093795819067, 0.19610615148131536, 0.7910921624586048, 0.8508094928079885, 1.1302575381370927, -1.0421141281419515, -0.2632253531579554, -0.7759656203440608, 0.5285479653558247, 0.7470246687244522, 1.5500241629002198, -0.9186625798755098, -0.2703776203800891, -0.9723822738927388, 0.8110482003175802, -0.235130013792893, 0.4955972645460936, 0.7627912239329248, -0.7264858519923094, -0.2483837865691524, -1.451508279605752, -0.4006497499395111, 0.25441107033806853, 0.8901365183542224, -2.1556081602439846e-2, 0.9202528245235269, -0.41889864155940154, -0.45378204000246497, 0.4103476986459024, 1.076618956390719, 0.8103663993906444, 0.4881529320082082, 0.10410734748463678, 1.2444207460163688, -0.2744421011058566, 1.0752113377643358, 0.7269339590469227, 0.8321532935879017, 0.8268828090945962, -0.7112449750782216, -1.1461708858315631, 0.8685344899419801, 0.22569162981078258, 0.5889122118281577, -0.21697869212382773, -0.3346208183661057, -1.9228017064042124, 1.259056615650873, 0.11403494538158851, 1.157767704593882, -0.18380011060999404, -0.11295387304172456, -6.33392356327525e-2, -1.9069809583217825, -1.530897040404923, 1.001753338702825, 1.2277424119481455, -0.1242224525400011, 1.545353441710735, -0.24757531421824203, -0.21105812251723136, -0.16936982929510794, 1.2145199415089)
