seed <- 940
log.wt <- -15.054195042683924
penalty <- 2.8115950178536287e-8
intervals.send <- c()
intervals.recv <- c(56, 112, 225, 450, 900, 1800, 3600, 7200, 14400, 28800, 57600, 115200, 230400, 460800, 921600, 1843200, 3686400, 7372800, 14745600, 29491200, 58982400)
dev.null <- 358759.0022669336
df.null <- 35567
dev.resid <- 227647.37551231755
df.resid <- 35402
df <- 165
coefs <- c(6.340617252084502, 5.6262290273880895, 5.805866934719191, 5.217253499850392, 5.112694280227671, 4.883311215959185, 4.734088585784853, 4.606360983487529, 4.333986269779233, 4.27880620715328, 4.30400855640309, 4.1237007851715, 3.987475633942895, 3.919239065947482, 3.722490372365192, 3.5116854968280804, 3.2304010592185444, 2.9111091086345695, 2.5001756415349923, 2.0417698153017785, 1.5772282957439387, 0.8939609803992382, 0.9692088415396514, 0.37632084945655975, 0.7980681622006426, -1.2581723842461645, -0.21090241362114484, 1.0503083086331806, 1.186000033730531, -1.4559684290632564, -1.9155465617687277, -1.9811285641875425, -0.5224540358557132, 0.7046638052301571, 1.2154186700030865, -0.7457672392234754, -1.3556423832536082, -0.740260000648406, -7.316801474246293e-2, -0.7778659559882555, 0.9412476525766339, 0.8480054501491391, -0.8895112061308929, -2.229662353968757, -1.0216316115828927, -0.6788926207368736, -0.7014043389374206, 0.18806164728835836, 0.48500797091795755, -0.5653231047465572, -0.41557950646561104, 1.012399544611697, -2.8667693935788847, 1.744538791193534, 0.8471463321430883, 0.9341253430828518, -1.8301573178822863, -7.92096871933306e-2, -0.6296994030352882, 1.0005305399378412, 1.2873740976523118, 0.5399703598991128, -1.6530082846805538, -1.6115080498310574, -0.7139708845075644, 0.30831331781185484, 0.6173117023972683, -0.7218370177414356, -0.8133561200242023, -0.6922618191044262, -1.601884060800338, -5.6777148680804954e-2, 0.8608680636925501, 1.005807546132575, 0.7181015107488483, -0.8750447834036775, -1.3518492445774755, -1.190898115525797, -3.8558414116974587e-3, 0.765010942801005, 1.145671016418738, 2.790013906433614e-2, 0.24877742330571348, -1.7803493371567265, -1.1741458497451895, 0.5158071143822724, 1.2039801811802102, 0.40532884021961124, 0.8748130671584834, -2.537332931885426, 0.4193337287118626, 0.8588536803638354, 0.7482688176841392, 0.32572615038404823, -0.27600938837600114, 1.1250962629142263, -0.9530070727443426, 1.4076684367667987e-2, 6.047999886714758e-2, 0.2157797899122611, 0.499619187787643, -0.17463023998485747, 0.5911424670211068, 0.1580846646467142, 0.6388970461541336, 0.8434170328653875, 1.1140040066618182, -0.1978032422339628, 4.0940432720989704e-2, -1.126867113363995, 0.3838165108400466, 0.6901212558817865, 1.642558616746014, -0.4005393919706183, -0.2837374802932616, -0.9519877435370644, 0.7079208996189462, -0.28838793000900836, 0.4815257551384094, 0.6246580328047814, -1.015728592682556, -0.4299880486270268, -1.1409906155811889, -0.728717561215278, 0.47155850257553117, 0.8818633889191535, -9.957738376775989e-2, 1.0269255790557963, -0.6924427908365942, -0.38854431964632274, 0.42635884104295, 0.790658323993958, 1.1807083085514252, 0.5357570748884569, 0.10934161511986318, 1.31749988104673, -0.2917826801527764, 1.1120123795102244, 0.6816555258679264, 1.002578558940798, 0.7018493515364529, -0.6610195824820368, -1.2306534808679985, 0.5310138231925091, 0.6185959003338711, 0.5988341711358643, -0.18946451106851533, -0.5123683923192119, -1.9864532122255094, 1.3056551019117164, 0.1941318707349778, 1.2469755343839357, -0.15890329513200585, -7.3521487711591055e-3, -1.5642865674605128e-2, -1.8556425122932678, -0.7730390376440642, 0.9103577008261815, 1.207393529403302, -0.1859328775478351, 1.5950283544673274, -0.4410193210657847, -0.15849315350389145, -0.1079386238402237, 1.096338039901238)
