seed <- 736
log.wt <- 0.0
penalty <- 2.8115950178536287e-8
intervals.send <- c()
intervals.recv <- c(56, 112, 225, 450, 900, 1800, 3600, 7200, 14400, 28800, 57600, 115200, 230400, 460800, 921600, 1843200, 3686400, 7372800, 14745600, 29491200, 58982400)
dev.null <- 358759.0022669336
df.null <- 35567
dev.resid <- 225951.217487603
df.resid <- 35402
df <- 165
coefs <- c(6.704077986463946, 5.577301090842009, 5.766192398696007, 5.452555083672621, 5.067846487270585, 4.833983443323501, 4.694054999567439, 4.630133222345792, 4.365749616786938, 4.264818494600669, 4.3459813591037815, 4.160123407694807, 4.022038672941321, 3.96580008098053, 3.7419052055945055, 3.5287711819659853, 3.264461058555811, 2.9147928025143, 2.5501000712465274, 2.022791222791316, 1.5772783892970075, 0.8643806478723277, 0.8634111427398862, 0.31329399055409457, 0.5503874621508411, -1.2326466366449516, -0.25702727105301953, 1.2294984669319973, 1.1277888407866208, -0.8122774556889464, -2.198592545870594, -1.9481306242339749, -0.4345955167026629, 0.7689105216340543, 1.208940614090909, -1.1364561221872145, -0.14905137958538783, -0.24777937816715245, 0.21489042141439527, -0.9853162228965545, 1.0330570708494737, 0.9797911753462216, -0.7604532176319382, -1.3239882858615764, -0.9288766263985038, -0.600056986761697, -0.1462504717935484, 0.13235853890756757, 9.127908804189723e-2, -0.6940968850496668, 0.16280412960894813, 0.9337397552888378, -2.6765206768957075, 1.7350406945969499, 0.7758480929244823, 0.9496191987112046, -2.169858637052815, 7.183041730662283e-2, -0.34623763635447163, 1.1868750999314044, 1.261874328002367, 0.5335097824346249, -2.006695244297413, -1.2570468303809845, -0.8727001378229532, 0.23811132511004401, 0.5795159015948671, -0.4295023156287185, -1.027590166526418, -0.6194864351746417, -1.7970584535067118, -0.657669561652409, 0.46013408324457533, 1.0372646122029148, 0.7456279140060538, -0.5447695083827064, -1.4634435988433723, -1.2516215246362286, 7.748285573197196e-2, 0.5888625452549121, 1.15829361670181, 8.747240264064687e-2, 6.717184371450723e-2, -1.5972998550373405, -0.7138256387510409, 0.447766125701209, 1.2473494914872587, 0.3802792237375361, 0.8834839232357754, -2.0620473585049206, 0.3908296715583457, 0.6404049316211179, 0.8055039029970045, 0.27496862938375743, -0.34872325712943103, 1.2672080312133767, -0.36565392530865176, 0.5330780900551995, 6.254229932682179e-2, -0.28765935455075203, 0.3940574645713283, -1.043763305673963, 0.8496227211619358, 0.2931919953558343, 0.8094995106020092, 0.8177029350129267, 1.0476010458322869, -0.12882469650076317, -0.7199664417640219, -1.3853773532021763, 0.4397900469516742, 0.7079096871229104, 1.65949617320509, -0.5586495299054635, -0.19582860857819376, -1.319578748023912, 0.7256016217209713, -0.3172989389211479, 0.544861752829356, 0.7660856523750446, -0.7079905119050934, -0.707152102646678, -1.6066771829448363, -0.5738610297594865, 0.42713619643628126, 0.8884740338631988, -0.1641412693449876, 0.841707994329972, -0.5450504962710733, -0.5159784382464329, 0.3089805950484813, 0.872576892533196, 0.8078532960421304, 0.36293854370999457, -1.017663316322165e-2, 1.1298309349990545, -0.3109675254014686, 1.0606159422487893, 0.7129205969586224, 0.7346380422278156, 0.6549248770423235, -0.6666344179923757, -1.4100572283778872, 0.6569537522995768, 0.36916913307715093, 0.5132501926282691, -0.17652686449980426, -0.484391943973409, -1.8298324434938649, 1.3041878311874526, 8.455030088152848e-2, 1.078708467874938, -0.19469733984523022, -0.16581033675384904, 7.360052906672409e-3, -1.6751017224365639, -0.8842094932447642, 0.8392450089783203, 1.1840988931630863, -0.24821317813642324, 1.628444713372628, -0.4778618279431696, -0.15175449938597116, -0.10593320162765311, 1.1468452537324785)
