seed <- 911
log.wt <- 0.0
penalty <- 2.8115950178536287e-8
intervals.send <- c()
intervals.recv <- c(56, 112, 225, 450, 900, 1800, 3600, 7200, 14400, 28800, 57600, 115200, 230400, 460800, 921600, 1843200, 3686400, 7372800, 14745600, 29491200, 58982400)
dev.null <- 358759.0022669336
df.null <- 35567
dev.resid <- 226113.49820055297
df.resid <- 35402
df <- 165
coefs <- c(6.482901313400666, 5.889239628476779, 5.686396516916498, 5.300517639624355, 5.0864202754780505, 4.836881675693714, 4.7762825366446435, 4.632254461445915, 4.341752278064309, 4.211139352832227, 4.278687965359551, 4.18087209252418, 3.99320777391313, 3.9288985961180183, 3.7726608588561104, 3.5387397051458027, 3.2431241448638755, 2.973278006911119, 2.4763003957328267, 2.115496112499416, 1.4704713166782313, 0.9442899102669889, 0.9527645879061746, 0.29847220820437365, 0.5716216799119376, -0.9892897130789475, -0.49580463765155275, 1.0784240269283567, 1.0088058419139445, -1.4561186574250948, -2.243179541347522, -2.3554542224251476, -0.20561625795834346, 0.8224527268756894, 1.1612440940954531, -0.8806646637828669, -1.0176148772403566, -1.3054343193432252, 0.25078230050990213, -0.7666045201849628, 0.9377684817844855, 1.2374612013979183, -0.9375943998530876, -1.9332188171508478, -0.6256520240401059, -1.1839138393404123, -0.23731459290176546, 0.17453900157361057, 0.44334224327995336, -0.7843284697588827, -8.903708339701643e-3, 1.0257200642472013, -2.1130624993417957, 1.746872109542964, 0.8322993357052171, 1.103741100865041, -2.0951339337720722, -2.8950413497133284e-2, -0.8076780390179151, 1.6152875795337274, 1.2600590316260383, 0.8596089010549504, -1.8013451933141487, -0.14412323840356212, -0.6526126691360143, 0.5932134557312003, 0.6460235282609886, -0.5729730746138223, -1.9634359870704792, -0.48049597666006066, -1.67318556164108, -0.28225989135116375, 0.741770189197048, 0.8830330331690511, 0.6791717137004312, -1.4910858411600696, -1.547074703475883, -1.830822997814757, 2.0805487224799146e-2, 0.64698175335312, 1.1484845686237506, 0.25675995561336845, 0.15707789687471388, -1.8311148074896382, -0.669120621369449, 0.3526403126374778, 1.2387220261265004, 0.36770669165665704, 0.9372854104416523, -2.449067229199792, 0.5164782394494905, 0.6941737117216755, 0.8950148799973131, 0.24470366988897302, 0.3155156895640392, 1.3763481852392454, -0.6001523775411951, 0.36362375134232433, -0.12279561639703292, -0.34041374795440793, 0.35971861691643175, -0.4694017624778606, 0.7127535029197528, -7.483899427877303e-3, 0.6735839620405106, 0.8642179727389044, 1.0886135489411666, -0.6621434903467446, -0.5207515248361461, -0.8979054661438769, 0.38449190398531136, 0.7124980478066748, 1.5663242754070055, -0.3290081982283458, -0.2001822223783809, -0.8455506496219073, 0.8116166165372246, -0.45169139772278777, 0.29479849356570664, 0.7029815900552441, -0.2710185511143405, -0.24709741115611814, -1.025251945069462, -0.43913935945130905, 0.3283408087430706, 0.7783704140116929, 6.684051495410849e-2, 0.9751564760008842, -0.585365863690131, -0.34562467681833536, 0.17293677376542405, 0.9107038450515039, 0.8574000212588531, 0.4166385887911987, -9.939282495502567e-2, 1.0579778859469682, -0.3318695095026113, 1.0186106110481914, 0.6619438838651428, 0.9824649253701766, 0.7908239708744008, -0.624153339301412, -1.2307813987175678, 0.7224198711502384, 0.4644686528676633, 0.42434796763635246, -0.19880339836578803, -0.8437392656301775, -2.0154388260783023, 1.3228750043244641, 6.922382535572749e-2, 1.197058862665516, -0.11691553579031987, -1.7594592043807696e-2, -0.19399149243441277, -2.1445694278375598, -1.260003866040005, 0.9241628248496818, 1.199129379770562, -0.21722074380136858, 1.5218147723280306, -0.16298395091067433, -0.14541215415626094, 0.11510383326313851, 1.2725956042480582)
