seed <- 157
log.wt <- 0.0
penalty <- 2.8115950178536287e-8
intervals.send <- c()
intervals.recv <- c(56, 112, 225, 450, 900, 1800, 3600, 7200, 14400, 28800, 57600, 115200, 230400, 460800, 921600, 1843200, 3686400, 7372800, 14745600, 29491200, 58982400)
dev.null <- 358759.0022669336
df.null <- 35567
dev.resid <- 226158.7480557229
df.resid <- 35402
df <- 165
coefs <- c(6.521926378636729, 5.598052608228191, 5.683444552319777, 5.250033045281082, 5.189898827352322, 4.918491863199074, 4.719271552303689, 4.659733493017532, 4.4055223732941995, 4.215128678850398, 4.315357904192604, 4.166895456346033, 4.020970051498237, 3.956043380647537, 3.7137904905422037, 3.517621180141469, 3.2366809608813734, 2.9453876699556516, 2.50391239155079, 2.042073737783412, 1.6700344957506144, 0.8868277875210577, 1.0365945292125338, 0.30722602831078233, 0.4410818892628923, -0.8304900132534572, -0.15978867297595503, 1.0122095760002525, 1.0454720860898716, -1.3474823521664332, -2.6437306981161766, -2.138075008293291, -0.5869079665007563, 0.7736624404951999, 1.1981785085841163, -1.454822976519396, 0.42096785760898026, -1.840526858633324, 1.2961891105278319e-2, -1.095059154233387, 0.9148702786641951, 0.7291852646797613, -0.6701584837028209, -2.391793863535601, -1.2139298097627624, -0.736791664402464, -0.6904461832345643, 0.36875109551588675, 0.3878362552647068, -1.1562585208824856, -0.2389426899057845, 1.0271773173027, -2.630325244416577, 1.6565957884130638, 0.9147084816141812, 1.114373540928416, -1.1820910634454471, -6.488137530500215e-2, -0.5372491824125595, 1.7200302120183735, 1.215411887128067, 0.9036853224630277, -1.8027665933144466, -1.6248152247211631, -0.396904567790284, 0.30949018155771774, 0.6211493729803207, -0.4247912485025454, -1.3355681521854001, -0.7238220680415258, -1.7566372111979043, -5.8793662344752876e-2, 0.4349982649930699, 1.0995341820163251, 0.6616016474803895, -0.94935471473856, -1.2047683657320098, -0.9848897394620876, 4.2957902168251315e-2, 0.7402424799662031, 1.1324386480814772, 0.12806179853335675, 5.816144385882834e-2, -1.9173444174733143, -1.0895262117876696, 0.6010659456026431, 1.2824605101473743, 0.7950754681257892, 0.8788841979981038, -2.290236133689537, 0.43677562838030237, 0.7947575495769144, 0.6887988633656759, 0.48802769025827325, -9.473429988888846e-2, 1.4602938241502812, -0.4619386548489513, 0.5981587484842417, -3.478455951858052e-2, 1.940688412408985e-2, 0.4239456061256019, -0.6160833741843647, 0.8621670415375573, -0.24371645368295927, 0.683402036746496, 0.8457421039767741, 1.1361440372605662, -0.6650420696151049, -9.737005512235399e-2, -1.0510899886989293, 0.519995347836877, 0.4300406806020672, 1.553210475050207, -0.6431729023366217, -0.34727392892879794, -0.8763994228387229, 0.7259362555270416, -0.3927244539745542, 0.3695173764805348, 0.45587847272059856, -0.3764688995084335, -0.554773891771889, -1.3659636925450824, -0.25796665570098004, 0.2604829073918664, 0.9027802260892506, 9.251282265191432e-2, 1.1306738768934246, -0.43812233931766287, -0.4622858347471099, 0.2563315729593087, 1.0743684714650563, 0.6063230836147122, 0.6150288258556589, -2.6523408089960173e-2, 1.0770091816895564, -0.4109647149367843, 1.070450355044522, 0.6676857623024312, 1.126606310277074, 0.7276292416322255, -0.6650677747769813, -0.969877380971489, 0.6909578418664863, 0.18910696495397775, 0.6302937474568575, -0.10751477919278069, -0.2703574523171058, -1.9540924328481888, 1.312129385551099, 9.30433051904506e-2, 1.2489475644812433, -0.3314183065773168, -7.674864953714175e-2, -5.983210650505453e-3, -1.981502820094908, -1.6704223815590327, 0.9853725013613164, 1.2592649989725129, -0.16336590613325414, 1.520189774404153, -9.876669949635333e-2, -6.983720607758202e-2, -8.082532527023352e-2, 1.1298325924363628)
