seed <- 244
log.wt <- 0.0
penalty <- 2.8115950178536287e-8
intervals.send <- c()
intervals.recv <- c(56, 112, 225, 450, 900, 1800, 3600, 7200, 14400, 28800, 57600, 115200, 230400, 460800, 921600, 1843200, 3686400, 7372800, 14745600, 29491200, 58982400)
dev.null <- 358759.0022669336
df.null <- 35567
dev.resid <- 225676.4172108824
df.resid <- 35402
df <- 165
coefs <- c(6.7802097328466715, 5.8254007593048405, 5.668887157807474, 5.2447623434424315, 5.133580430753721, 4.791327714923532, 4.701223560875592, 4.688633451245527, 4.3444627326237, 4.2754064430250445, 4.289564916469396, 4.1756082893952335, 4.000702240901143, 3.955313951477205, 3.749282226760616, 3.5858289949156723, 3.269518074998077, 2.9532854496835523, 2.5322288980267884, 2.069407568785197, 1.5760795332206043, 0.8960156088529242, 1.0947003021456503, 0.4738894655996676, 0.48108515959163106, -0.8318062680120767, -0.11225501851108842, 0.9136805487424353, 1.0300500439963454, -1.6430907148942648, -2.317545414015228, -1.7702315055006046, -0.27830521352372806, 0.7326051137367289, 1.3904000422641938, -0.8662207765028227, -0.5054924487070257, -1.4353725940160171, -8.867846969050057e-2, -0.8360132361589081, 0.8590969100592094, 0.8870004753151989, -0.44116418085668463, -2.052156562881892, -0.5354747816678557, -0.7629006175309261, -1.51518287205383, 0.11823863633927353, 0.17033436170626953, -0.49347223190639056, -0.38044485906399483, 0.6109072112478742, -2.277162307381139, 1.58272088075373, 0.6935111454932403, 1.0786063323991684, -1.851424233376984, -0.2231089878388605, -0.2605546470768175, 1.5719950351857095, 0.9112453988447493, 0.618961479415564, -1.931067737016609, -0.9211048510107147, -0.7707478731901007, 0.21195094454972024, 0.4476249848667953, -0.5319649463077675, -1.2745549348328125, -0.8128496152229195, -1.5249752408406956, -5.674209010609934e-2, 0.5461358473841772, 0.9460558706336264, 0.6874265212632334, -0.7753550908667093, -1.2744286858546303, -1.0205899912874659, -4.875753170717528e-2, 0.7267679679160949, 1.097674391821084, 0.10255390553892926, 0.39901834259633145, -1.6245723101838234, -0.63542551114849, 0.5631029261964898, 1.2496787053694351, 0.35540373786785334, 0.8211459571559601, -1.9373078698674895, 0.44028771258722427, 0.7978490382396795, 0.851969945100027, 0.3805069826262081, -0.28287924354973276, 1.4319434673494689, -0.3060551538913703, 0.5136968967306335, 8.963439883562734e-2, 1.0993396418835765e-2, 0.42285779011804997, -0.16496879643098522, 0.7927612351899754, -4.835308892264443e-2, 0.1844032866930528, 0.8684288813378583, 1.2323277449395997, -1.5222950192561164, -0.6427401017600048, -1.0978563643054562, 0.45842396519499073, 0.6581515651895695, 1.590862585532696, -0.669630839540768, -0.314429277794535, -1.4565633050241293, 0.7894104132607114, -0.2973606909035156, 0.5194750815662184, 0.7514134859744075, -0.224112285599595, -0.5797692000295925, -1.030494355981489, -0.4804687900234404, 0.25078921228739853, 0.9352803917224094, -1.6223950067519904e-2, 1.044525985061585, -0.6255591512240236, -0.32967627691026175, 0.2531266077911958, 0.8623876785321454, 0.9459435186067476, 0.37865369302167184, -0.16707206952270093, 0.949488696599439, -0.37694593849336694, 1.0323422573845866, 0.7161234993306915, 1.0472534658218813, 0.6841816909131224, -0.5294874585035348, -1.2455000777946232, 0.5218517146960644, 0.3466358123547943, 0.5813162622990787, -2.0823657975907493e-2, -0.20461964879955263, -1.7665200334699964, 1.164443480804487, 0.1471351787721256, 1.2200197101690082, -0.2159394662174672, -2.4726845182736847e-2, -5.995603998749297e-2, -1.6618892876278766, -1.0875545973818852, 0.8364895299724497, 1.2456725770990098, -0.28106353920667476, 1.4910023392396983, -0.37815021850919806, -9.932340179889337e-2, -5.5753090970482845e-2, 1.173618053054729)
