seed <- 692
log.wt <- 0.0
penalty <- 2.8115950178536287e-8
intervals.send <- c()
intervals.recv <- c(56, 112, 225, 450, 900, 1800, 3600, 7200, 14400, 28800, 57600, 115200, 230400, 460800, 921600, 1843200, 3686400, 7372800, 14745600, 29491200, 58982400)
dev.null <- 358759.0022669336
df.null <- 35567
dev.resid <- 226648.50572522063
df.resid <- 35402
df <- 165
coefs <- c(6.326646434944734, 5.734899124809553, 5.677026345283976, 5.257407190179373, 5.016250791247425, 4.819623540166665, 4.809185926228194, 4.580999549365051, 4.326059284761164, 4.227931014980551, 4.254345978804034, 4.174865946473912, 4.002854494326197, 3.9596913670405542, 3.725996349435053, 3.5189906833451903, 3.253258058046037, 2.9520922470669846, 2.4943093897204673, 2.10554798277681, 1.5940140817621762, 0.8851144156086849, 1.1446415667136889, 0.7465720721656857, 0.276620090617253, -1.5673594215872262, 0.1003620818539472, 0.6768040852192506, 1.1064337855622641, -1.0060805402139756, -1.9201312349705315, -2.8908060242803235, -0.39483682538766196, 0.7469581499193931, 1.3788860815804989, -1.1720281291207255, -0.1558919603948824, -0.5202546003860015, -0.3128098558373709, -0.5218698403352093, 1.0211806803970958, 0.6580589370036888, -0.9616031411070199, -1.6416796026550098, -1.1043584893042917, -0.7603615592529761, -0.6557964917331305, 0.23363094079806093, -0.3691357778796175, -0.5756358465442545, 4.784610031395962e-2, 0.8108933230514703, -2.558593935487637, 1.7103768214379547, 0.7617502860978083, 1.0807573993733766, -1.9222881669777234, -0.16034820900766428, -9.50813397480569e-2, 1.4431870076745454, 1.178736990038998, 0.9029975242464604, -2.2955355113651303, -0.655545383407641, -0.7044078003677291, 0.3431758128869152, 0.542062904934601, -0.4385448213379293, -1.5986426161497407, -0.6934452015529858, -2.226164545019401, 0.1866776302331952, 0.4495378170391245, 1.0302151360652232, 0.808605388721127, -0.9561212386802749, -1.6062133336381286, -1.11370007951682, -8.617475358198769e-2, 0.6857707314855578, 1.3047638896434526, 0.14311555266078674, 8.92114377494938e-2, -2.165031386808907, -0.7273818484011901, 0.3081832775719349, 1.2999825108257457, 0.412269048853762, 0.967748490657115, -2.9848726898109463, 0.4450014897839186, 0.7097732154052864, 0.8518613836554034, 0.36603888276260466, -3.743587325392477e-2, 1.1634120216751493, -0.36823856422987405, -2.6502726235668347e-2, -8.413663808566846e-2, 1.4522075395792299e-2, 0.38373824679638435, -2.4507842835325575e-2, 0.8329496609066743, 4.0055427411963676e-2, 0.6939109690127467, 0.8413711421512022, 1.1594160640625344, -0.6364329661216026, -4.6828368289822425e-2, -0.8912021391094456, 0.4109221977198845, 0.49634374910461143, 1.6290199320546237, -0.6038875180344461, -0.3034896859049418, -0.5039003288850574, 0.9179295258741317, -0.28429415958858834, 0.551253394043853, 0.6952501571481747, -0.2480107105442028, -0.4828111188663228, -0.9316664390103206, -0.4880381307946798, 0.35011377566970525, 0.8499121776785462, 5.758982217740375e-2, 1.0158320147532338, -0.6783358561732373, -0.44945250277446397, 0.19968471792560008, 1.0460232022797402, 0.9013944021996605, 0.5128549723105144, -2.9109562715199204e-2, 0.9704962634626766, -0.3713902958247916, 1.0700983751958826, 0.6820385855069597, 0.9680365791581406, 0.8002803703080243, -0.6111187042386691, -1.392982332721806, 0.692617542904075, 0.29182432133011604, 0.5078731785539287, -0.25001488766461777, -0.22929834721342998, -1.7995500321531719, 1.3199595867453633, 0.1430480022946791, 1.1556930219279151, -0.10416305547348345, -2.3577806687465952e-2, -0.11563267959931739, -2.2338780928274216, -1.1826263914855661, 0.8016417639808971, 1.235554615243642, -0.530455604656334, 1.5819204863343443, -0.218533040536993, -0.1930419361375838, -0.18098761235712757, 1.233878870972317)
