seed <- 469
log.wt <- 0.0
penalty <- 2.8115950178536287e-8
intervals.send <- c()
intervals.recv <- c(56, 112, 225, 450, 900, 1800, 3600, 7200, 14400, 28800, 57600, 115200, 230400, 460800, 921600, 1843200, 3686400, 7372800, 14745600, 29491200, 58982400)
dev.null <- 358759.0022669336
df.null <- 35567
dev.resid <- 227157.82740076928
df.resid <- 35402
df <- 165
coefs <- c(6.494528720156164, 5.903380916767507, 5.723207570684132, 5.324402093690007, 4.94504443902069, 4.83526071046909, 4.788074558379872, 4.606748473215982, 4.360391384253434, 4.217135021111546, 4.271411477346264, 4.123464471533458, 3.9721268907407583, 3.9553459564914757, 3.7319219848677814, 3.512356667664084, 3.2735839608598534, 2.9551498027476506, 2.4968582112846534, 2.070287671508287, 1.5037882846852115, 0.8833770968692705, 1.0525326446996488, 0.2946697509918227, -0.2178122166165345, -1.5256892361735581, -0.29428873426878616, 1.1416735447402875, 1.0484967848825195, -1.1610370963262553, -2.1909208325515612, -2.198561489812499, -0.22968153990137688, 0.7549329288197355, 1.2443444081331363, -1.431710695498613, -0.5984323248161941, -0.931903156378017, 0.1405230368665552, -0.9947469049559847, 0.900897723404357, 0.9923798406742376, -0.7629305037010407, -2.4095319936906554, -0.7282220258410502, -0.6037803039682057, 8.263520553591676e-2, 0.27760273927279405, 0.2776843293690691, -0.6487327174680199, -0.3709956863548452, 0.7770974672662877, -2.3853453095594688, 1.7236796679051045, 0.7636662943821207, 1.0411222295083686, -1.9402367928948798, -0.11876408546705575, -0.49710149845900264, 1.436596613661716, 1.1588833384593995, 0.7851590158688387, -1.7531282831080537, -1.504242677823056, -0.4653034709138256, 7.971917819172904e-2, 0.7394278472271965, -0.11159214809794578, -2.033335020304614, -0.6492938936872611, -2.616266086564222, 0.1615963441216373, 0.45033519962573376, 0.9243244690096138, 0.6687206086238316, -1.0992833261964432, -1.2843933169158435, -1.7186121242554446, -2.8980738345196853e-2, 0.6374986283509648, 1.279659056762073, 0.1761786447518781, 0.15056390905945582, -1.8832990732322175, 0.48001711099291405, 0.5417647684890895, 1.2712469230954624, 0.5792386886280128, 0.7885053731912772, -2.0739813365992186, 0.4574778852939183, 0.714667316733253, 0.7828142619241496, 0.4547615281362495, 5.10371928492327e-2, 1.3021221268394896, -0.3782966025352429, 0.36604225928516165, 3.70679639380946e-2, -7.310076934919914e-2, 0.41069231672373385, -0.36910114950750567, 0.8088337766498154, 7.491655349899153e-2, 0.9534368731828553, 0.8266428215515144, 1.1162848498796514, -0.7023230083612361, -0.3645235581749817, -1.0655955018797227, 0.5351274012815636, 0.7487203022287341, 1.5091199002197644, -0.47544823803351005, -0.3556925499149477, -1.0399531751099473, 0.7642575591983091, -0.43009943282577, 0.42043992746068776, 0.773078312778989, -0.8540839062374219, -0.3917742997300679, -1.3717017100855817, -2.1708354226713956e-2, 0.36723434528152527, 0.9251984260999243, -0.10206706582412059, 1.000675972677715, -0.5343288612255491, -0.5219015182220615, 0.3223668631570207, 0.9211228016068674, 0.8436579633654843, 0.5598707917623643, 0.17623756302729066, 1.1684336902581074, -0.3581454762225745, 0.9979949914194647, 0.6906853239415931, 1.0175233452927865, 0.7065786076261932, -0.6511798138406295, -1.243826891789685, 0.5715101686866602, 0.24923197540275044, 0.5105577193662596, -0.29052239178714784, -0.41702457869166254, -1.998488478000472, 1.2939626536145594, 0.10404316286638235, 1.1562304114517712, -0.21723090059613928, -0.12087397211769768, -8.301052396195081e-2, -1.7209660808679186, -1.04666130883498, 0.8759758878480636, 1.2517133087716545, -0.30505708187836095, 1.4667296079087928, -0.21475481318317852, -0.12354260002422893, 0.11700434919695049, 1.1962887820700339)
