seed <- 896
log.wt <- 0.0
penalty <- 2.8115950178536287e-8
intervals.send <- c()
intervals.recv <- c(56, 112, 225, 450, 900, 1800, 3600, 7200, 14400, 28800, 57600, 115200, 230400, 460800, 921600, 1843200, 3686400, 7372800, 14745600, 29491200, 58982400)
dev.null <- 358759.0022669336
df.null <- 35567
dev.resid <- 225055.57212259946
df.resid <- 35402
df <- 165
coefs <- c(6.773843317767446, 5.745560335041355, 5.5588620191808795, 5.2440293649441, 5.149502905064497, 4.935928515007903, 4.850840575684367, 4.697621734503491, 4.434124950032732, 4.225476228541113, 4.3925906293967225, 4.204161760539209, 4.112552112056338, 3.99700279214841, 3.7874191716201375, 3.55135420498801, 3.276153857920989, 2.9695442998910795, 2.5460996442182253, 2.0728025272096673, 1.6948165555007093, 0.910726478846749, 0.8617817835947721, 0.3142290267499135, -0.12040643356038433, -1.268625227095324, -0.4981290992576348, 0.9840647568809436, 0.9649811378642756, -1.3858752104800192, -2.3314818294931983, -1.8686536274079992, -0.1981236621688798, 0.7368814802939254, 1.1658755557148586, -0.853693981309952, 0.17348568765397396, -0.4592806027581435, -0.15690970741705124, -0.8681051878345283, 0.8671509126842645, 0.8456409469002836, -0.6865678039306257, -2.0724401293304044, -0.5920828243324132, -0.7999086994432221, -0.3667990903649718, 0.43021322987630106, 0.21757622237843685, -1.286883444997211, -0.25052910131055545, 0.9978736523265276, -2.048768909071061, 1.7186852384370148, 0.7200902682832191, 0.9101281827565536, -1.7837649421709696, -2.752319351392389e-2, -0.33426929446029474, 0.9829101187809485, 1.0353033549805544, 1.0276433372814702, -0.7331879929538814, -0.7380555218654168, -0.5178679494784477, 0.14371791229420458, 0.5415540779855342, -0.49387082144639555, -1.5556706396435183, -0.462827197665836, -1.670308677430088, -8.818354947545427e-2, 0.36605207424604413, 1.0655403508379508, 0.5446519733714332, -1.3830161533407823, -1.3814920911699666, -1.2142347274974414, 6.496774981195987e-2, 0.6242965283951487, 1.1065453163614873, 4.353788101494682e-2, 0.24967601654576038, -1.5511844622363924, -0.12643964102664115, 0.2973451324027197, 1.166343054773736, 0.6097152974220814, 0.8392891989314554, -2.1806395706539456, 0.4882309758995381, 0.6278762103495582, 0.7599035301712707, 0.25605255124726933, 4.2460647402988896e-2, 1.0527550511195256, 0.11290301004130959, 0.14223439832082885, -0.2973195622888876, -0.5059341638755269, 0.3077829188978556, -0.31580474825632787, 0.8322864461000352, 0.3382936018273763, 0.7165938173232991, 0.809435881798284, 1.0035579843842368, -0.5168785736260824, -0.8608258925799541, -0.8605373215115386, 0.3786332289568482, 0.6171878292128343, 1.5055164684169617, -0.26626181212099914, -0.15453024389908782, -0.8812273001961423, 0.7652942560214043, -0.25083330946549925, 0.3483981820830796, 0.3409951393219135, -0.7512909069120073, -0.5899797305869225, -0.8702149338716465, -0.5470458486533207, 0.30431481665423893, 0.7428576549325432, -4.47972287580618e-3, 0.8881814543113996, -0.9377642083059783, -0.48209252182273404, 0.22052241995747246, 0.845326728604451, 0.7366507592601281, 0.5267803596866181, 2.398217430403898e-2, 1.297534008498764, -0.47005978044678043, 1.0505452975307181, 0.6875686149036219, 0.9387905313377712, 0.7527984928993172, -0.6262498565825195, -1.2888408630598425, 0.46257251693737156, 0.3691075637842579, 0.5776279876502489, -0.3656920862943102, -7.945464960969507e-2, -1.8458510008660138, 1.2634124663983428, 9.629327267819271e-2, 1.0920648634980037, -0.17022523524699168, -0.10719949470761879, -0.2320546643680042, -1.4190612447425819, -1.1521157982657173, 0.8281347607693471, 1.0583720519878173, -0.38476401916188757, 1.4750042775834356, -0.4020434474845054, -0.25393180546341115, -0.10343949409489794, 1.1364960990919533)
