seed <- 506
log.wt <- 0.0
penalty <- 2.8115950178536287e-8
intervals.send <- c()
intervals.recv <- c(56, 112, 225, 450, 900, 1800, 3600, 7200, 14400, 28800, 57600, 115200, 230400, 460800, 921600, 1843200, 3686400, 7372800, 14745600, 29491200, 58982400)
dev.null <- 358759.0022669336
df.null <- 35567
dev.resid <- 226497.31246696025
df.resid <- 35402
df <- 165
coefs <- c(6.148765278914219, 5.6825392498472675, 5.679861681157202, 5.371935174700161, 5.059581726155992, 4.777735834055365, 4.669872073414323, 4.5956792615481765, 4.39156843501332, 4.336251112049304, 4.3160176809176924, 4.162728454935468, 3.9920496009650672, 3.973240772866115, 3.756443565778435, 3.502068917688666, 3.238296697105497, 2.960365092668933, 2.4846777877609774, 2.0579628047826892, 1.5837515697611662, 0.9322612085470078, 0.9949213478361459, 0.22606763254348214, 0.37177193998632413, -1.196692134651683, -0.3349020728080864, 0.9243927733696727, 1.1084312522648188, -1.5694124914842993, -2.446055710668777, -2.232473460686122, -0.36866163516009975, 0.8015180488050853, 1.2179611104133004, -1.0792287387410497, 1.8354746200022237e-2, -0.8886666810623952, 5.61474746718179e-2, -1.005677591407558, 0.9340126746295982, 0.8669289483429767, -0.6553779670851274, -1.6037065646920736, -0.9479648855274023, -0.9589210896221555, -0.39946560865110814, 0.2851816706250954, 0.4579990613832019, -0.7137125938502638, -0.6689873394693285, 0.9359113858800094, -2.416036413485295, 1.6514636937494684, 0.77672138179811, 0.9474648154820511, -1.8511073992134737, -8.278352857002555e-2, -0.5485627294993766, 1.1841857192415721, 1.0585341286203296, 0.4668222512607827, -1.193758512199379, -0.5158463896670439, -0.7696624041306435, 0.3423970002869033, 0.502202483742565, -0.4574059157321814, -1.5877785255501027, -0.6155720071639387, -1.8576081485681673, 0.2113370944575788, 0.5545487242757079, 1.0348778915011223, 0.7152564642942162, -0.8000365543404471, -1.0922949200982661, -0.9851648671949239, 0.12742545429933774, 0.5751268772022273, 1.1733308150484374, 0.16401858559283863, -5.122288563456091e-3, -1.7499099216587373, 2.7974063963646774e-2, 0.29207395715159307, 1.2339372022664188, 0.45202009602658916, 0.9537019451480001, -2.009031263476319, 0.34699109749792867, 0.5551438667484238, 0.7929328975712309, 0.2482894982143928, -0.17864554327028812, 1.17340273471762, -0.8864269286055684, 0.6516013747049267, -7.524917012109046e-2, -9.444655088522785e-2, 0.3661298474526955, -0.46466684330502495, 0.7610125762485641, 0.22102870486737042, 0.8305394025296186, 0.8334018781438775, 1.132420949720658, -0.8485790510938211, -0.6145264079439745, -1.0780373804192438, 0.5118934115981032, 0.6297245307501972, 1.613983745707506, -0.9112264216282843, -0.22336670531018438, -0.8428159631229396, 0.7777132771977767, -0.3228365419668379, 0.43977441060750005, 0.603215955432873, -0.561877702056353, -0.4729751658004925, -1.3160079947203411, -0.6758039592193149, 0.2652662786162353, 0.8926841973717975, 1.936481879668616e-2, 0.8809491640119764, -0.6523586906299907, -0.21768316607291885, 0.3542666033672382, 0.9421379015514252, 0.6842871832649188, 0.4538493938235778, 4.2541134930105196e-2, 1.0709920684910228, -0.4462063286646658, 1.040140571366315, 0.7006175746918855, 0.7960038927158117, 0.6792245283972611, -0.6502337032108803, -1.0568800452481482, 0.6786289356510364, 0.379292682544815, 0.5924956743721119, -0.14633517397338622, -0.41019164986086615, -2.0748930747919503, 1.316945246666747, 0.22463160872717913, 1.109224783304295, -1.502396237217732e-2, -0.13145918269638254, -9.306005814425038e-2, -1.6264399327271337, -1.4899314916330715, 0.8583634129700046, 1.175464575530941, -0.511038159137037, 1.5575673973518644, -0.17105777069542355, -0.1341666127381494, 5.145979990106855e-2, 1.1691541777088266)
