seed <- 910
log.wt <- -13.304440271066557
penalty <- 2.8115950178536287e-8
intervals.send <- c()
intervals.recv <- c(56, 112, 225, 450, 900, 1800, 3600, 7200, 14400, 28800, 57600, 115200, 230400, 460800, 921600, 1843200, 3686400, 7372800, 14745600, 29491200, 58982400)
dev.null <- 358759.0022669336
df.null <- 35567
dev.resid <- 224708.46202363068
df.resid <- 35402
df <- 165
coefs <- c(6.66723187005071, 5.867610273998545, 5.795721475895219, 5.368494799585776, 5.109817832926457, 4.97848981133031, 4.820357532333186, 4.582325857621564, 4.459778422424519, 4.286344902422637, 4.371453139475399, 4.181695352986835, 3.9956629705498026, 3.980330252767831, 3.7654302744220227, 3.5507802890070255, 3.298976873542239, 2.9445142154488892, 2.4974152696948244, 2.0581281327768703, 1.560436981313163, 0.8519228092785721, 1.1263750354801154, 0.3348625732393077, 0.3540638576149367, -0.8087861132131974, -0.2175455125173822, 0.8993708894554924, 1.118724680232473, -1.0117470744637256, -2.2723217407408067, -2.001769862840152, -0.16136588397970447, 0.7420902683285335, 1.2680211553782206, -1.0952963371464546, -8.050428404812589e-2, -0.8817363988629733, 1.2778193339768887e-2, -0.8050766995678073, 1.0377754150589775, 1.1808246912674585, -1.0866136490613962, -1.3639438143618747, -1.3294286615013826, -0.6619440787904047, -0.5919772834527522, 0.2667596532922833, 0.45708757656931914, -1.1010705862057688, 0.2342205544705685, 0.8780084014267108, -2.588961344251774, 1.617897468097648, 0.9100630463649011, 1.004775478292295, -2.031157085301748, -0.1476132625524139, -0.2513197227945358, 1.137579109665545, 1.1168208835682534, 0.7835563212930513, -1.2564554640789805, -1.2927759817129103, -0.8332593245061397, -7.687299397777383e-2, 0.6058098039440027, -0.4090963897415016, -1.5500843019351085, -0.5663829399205504, -2.6544540751651517, -0.25443915300509856, 0.14529184403034892, 1.0469355403387068, 0.65664891248529, -0.8374224962857948, -1.2325916320430759, -1.3256530058428257, -1.3944813016453926e-3, 0.6583379377992706, 1.2113330735730412, 5.79611027464084e-2, 0.28840410571194475, -1.3727686559352672, -0.5528718372690754, 0.39155264382036653, 1.1859761961459476, 0.5344199894552311, 0.8716763132848144, -1.93355826248004, 0.2880411052005688, 0.6087468333807011, 0.8600471567821195, 0.37539634162924357, -0.17067100601761293, 1.2949338547406797, 7.267844080160035e-2, 7.367570310267792e-2, -0.4423854842249292, -0.11951782620771932, 0.2263397930066953, -0.2504789212794995, 0.8293533851051064, -0.1416053263026353, 0.8855364357056295, 0.8205307606049679, 1.2218818190864758, -0.6685828886332188, -0.5543789366049825, -0.7382181836433174, 0.3513831064110198, 0.6533591339507917, 1.6511510447211055, -0.635139137530024, -6.1026270564501474e-2, -1.2348028321401923, 0.7765851368614981, -0.25923370045970723, 0.5226282933085732, 0.5606876375570312, -0.7156065060295136, -0.6687731438063728, -1.1187048163852362, -0.618752701629274, 0.38059530600248614, 0.6990770274314555, -4.259555140424137e-3, 0.9096779744934865, -0.5957202555278542, -0.42666681177391524, 0.40956054894774885, 0.8360291132792159, 0.7996384145942944, 0.3527195810042557, -0.15837898616543114, 0.9986080279953302, -0.35386861207705705, 1.0077351544696886, 0.7505584507153208, 0.9091842466779397, 0.786216318665976, -0.7174444515872103, -1.1033419788935122, 0.6040150875720811, -4.5269756799145855e-2, 0.5923814831860167, -0.39588150791108084, -0.339165234634043, -1.864359818256025, 1.247293164436661, 0.19996339779832864, 1.1511507233082579, -6.517252225753728e-2, -6.861603750371946e-2, -6.510689158953462e-2, -1.6437799946261182, -0.996949696427927, 0.9577631529865565, 1.148344808430384, 4.894449775401992e-2, 1.5867781788273807, -0.519378110129165, -0.15817349231942535, -9.065496856564827e-2, 1.2132105889149911)
