seed <- 334
log.wt <- 0.0
penalty <- 2.8115950178536287e-8
intervals.send <- c()
intervals.recv <- c(56, 112, 225, 450, 900, 1800, 3600, 7200, 14400, 28800, 57600, 115200, 230400, 460800, 921600, 1843200, 3686400, 7372800, 14745600, 29491200, 58982400)
dev.null <- 358759.0022669336
df.null <- 35567
dev.resid <- 225386.55465242866
df.resid <- 35402
df <- 165
coefs <- c(6.590069317536285, 6.019413262000912, 5.794177355367206, 5.307489477911238, 5.110738978110514, 4.853672814325595, 4.752146505332205, 4.630748703060968, 4.36172564977298, 4.295252425812924, 4.3194809679109, 4.164175415138932, 4.011440574982713, 3.9691252134333044, 3.7593779507658946, 3.513861642764547, 3.23007751128949, 2.9580586702909324, 2.4639897704901403, 2.0738997843193254, 1.6058290540089124, 0.9202950432828505, 1.155526205752696, 0.9091290479846224, -0.2978967873164631, -0.8816660498262815, -0.2897607295162222, 1.166048708492437, 1.048179289907771, -0.9205059130322841, -2.520014655196125, -3.621228327560472, -0.611559447337659, 0.7451640494969506, 1.4847592679285324, -1.6736331756638594, 0.27220413888837053, -2.423949421994538, 0.22323813897946518, -1.5037416896022484, 0.9000609498939802, 0.9576050596325956, -0.9931243723255042, -2.284117139775996, -0.48651485850096, -0.7198266986608728, -2.0918957520499744, 0.43368280005555715, -0.24480238145053498, -0.281682785035924, 0.17374510160713255, 0.8517292617990735, -1.9585713218238878, 1.799809782847837, 0.8353881698948341, 1.2168129374548058, -2.8582451519786853, -0.16406507163554998, -0.32237763715757217, 1.2670954991488543, 1.1728317463128999, 0.8903091847679689, -2.2971626379495604, -0.8560177107780749, -0.5275888803485757, -4.913337284456592e-2, 0.6167960437384248, -0.3158333260234699, -0.8010288346764474, -0.6862434655531015, -1.706788231054626, -0.8979152589114419, 0.31219145523796893, 1.0915453170851361, 0.702039012693209, -1.119335413976768, -1.9276013312245863, -1.8314133728974988, 0.17430230813200634, 0.8713073360881782, 1.1666178764594115, -0.1095030703311853, 0.21924421261192195, -1.715982274159531, -0.41609965197606114, 0.5961861414062528, 1.2281802843437144, 0.4633831153778789, 0.9127102772968417, -2.8446045316175836, 0.4631651756412125, 0.8986839347636542, 0.8224495117504362, 0.4887870460969275, -9.576056393953097e-2, 1.656699869267422, 0.10113575158453326, 0.2405226466487629, -7.483604467942567e-2, 0.26432692140454067, 0.4155373533056083, -9.094215764241359e-2, 0.9296983685650025, 0.21094585906068114, 0.826374638560894, 0.848460646963863, 1.260107027786133, -1.0135707008225598, -0.5613736155485948, -1.0580756572550376, 0.3779022358544877, 0.8978310459234574, 1.5728676443093061, -0.40448200382331506, -0.24357327256806882, -0.8166299233901888, 0.8247750103519071, -0.2286844409407395, 0.5243262815082502, 0.8604697830478707, -0.1438165585221135, -0.24093273369946594, -0.987795753385118, -0.6088578911378032, 0.3504503642246325, 1.0341461133741097, -1.5961226382536543e-3, 1.1471905428396756, -0.7906670295657846, -0.430903950893887, 0.6085333816315405, 1.0990273500846859, 0.5091352073176366, 0.5304334454947658, -2.778747125063443e-2, 1.145516589055858, -0.5545953421246747, 1.1753543536291782, 0.7424907492852454, 1.2199923031032087, 0.765218533394274, -0.6212990853350145, -1.1869162011820342, 0.8318312158540891, 0.2564758409325033, 0.46809602974874676, -0.2464702137501848, -0.38456335247429035, -1.7933529835483932, 1.396386143722003, 0.17782139636577007, 1.3866923651559564, -7.093942940388404e-2, -4.2181002490272186e-2, 0.15124200816472383, -1.7568341558857696, -0.9599851454601469, 1.0692138826596396, 1.2187080770530347, -0.31631958408399186, 1.561903980131753, -0.22222010134813505, -0.18135378889460368, 8.618343828406158e-2, 1.2135191809463552)
