seed <- 166
log.wt <- -14.53895858703376
penalty <- 2.8115950178536287e-8
intervals.send <- c()
intervals.recv <- c(56, 112, 225, 450, 900, 1800, 3600, 7200, 14400, 28800, 57600, 115200, 230400, 460800, 921600, 1843200, 3686400, 7372800, 14745600, 29491200, 58982400)
dev.null <- 358759.0022669336
df.null <- 35567
dev.resid <- 225598.74039258796
df.resid <- 35402
df <- 165
coefs <- c(6.752096077194391, 5.786286453053833, 5.80793783396487, 5.431187414091852, 5.076796977997395, 4.85852240680021, 4.834342743846192, 4.646813952226384, 4.387690925313685, 4.250840623686072, 4.311535438939833, 4.166412825145408, 4.0012267753212605, 3.9600196551574087, 3.7291163252402852, 3.5284191962561446, 3.2382467441276597, 2.935999846458411, 2.4588392421614547, 2.0568895917876335, 1.6092434480734246, 0.9472390894085613, 1.0744889711312595, 0.1774277496202695, 0.3711913485730184, -0.9760518536603522, -0.11873640177599196, 0.9779481155151475, 1.0374838943552616, -1.0811526961246343, -2.916743757664183, -2.4484807730542886, -0.7405689372929743, 0.8171113598359842, 1.1524724833955362, -0.7974194326242581, -0.5635417504424219, -0.7207134016516252, 0.10297819407493314, -0.5101551018139282, 0.8856716091194293, 0.8650449747304934, -0.8431687128433288, -1.489911417975853, -0.7920424770913734, -0.7019907696147576, -0.6542058233394689, -2.150401696539895e-2, 0.6826082019878433, -0.6809019393452693, 0.40642458096568623, 0.698747470532092, -2.3691441460426637, 1.7280678966763003, 0.9018638981680268, 1.0817378804865607, -1.3102634022037163, -0.6032506178702078, -6.878938394124436e-2, 1.108953780787598, 0.6786399832354917, 0.5860122063428878, -1.7553117650356926, -0.3078489931429703, -0.6559151688367417, -7.764803163183828e-2, 0.7095084724694118, -0.4801427177627841, -1.0662783472488535, -0.6449212925337858, -1.968669720136223, -0.35795283659645916, 0.6141368963479837, 0.8718187932558658, 0.6016500371339472, -0.8165460522735207, -1.2052054645820662, -1.199036425441026, 6.252617174498568e-2, 0.6186314177610178, 1.0437305263167924, 0.21551926128364182, 0.29771381318541046, -1.4555676241551232, -0.18370563933856698, 0.4123434926412146, 1.0923576264086676, 0.3820539679393771, 0.831690967678715, -1.8903037164261443, 0.4320218561377863, 0.9417026667772584, 0.7604618988928783, 0.4087803236633902, -0.3541837056009758, 1.2726391675865931, -0.3654536492557123, 0.47141354646520983, -0.4103139006942764, -0.5648522181473606, 0.34324854947219086, -0.6606971044632008, 0.9534018036560589, -0.13402447102065165, 0.6978451945946401, 0.9018106076099333, 1.1648200032576108, -0.47336537027015985, -0.4254013027711664, -0.96457238718344, 0.28656956273431144, 0.6896431449428491, 1.5780395940797969, -0.4620992119830079, -0.1955716799511525, -1.06929134082548, 0.6337544136090211, -0.413598129499325, 0.41242078458838893, 0.31452503634305556, -0.552057151968795, -0.5742238783707534, -1.079027378481093, -0.8218849512984338, 0.3413075278395119, 0.8671729994499991, -4.651831510360828e-3, 0.9355650544657175, -0.5297784423232575, -0.29802218111499756, 0.17790381174940575, 0.8175598330519018, 0.5802795271189165, 0.36076018172197455, 8.357995175085481e-2, 1.1237848698523922, -0.3803466060774579, 0.9739502565119037, 0.854456457254048, 0.8586041886305865, 0.6482856375068582, -0.7012505246729229, -1.010711421976936, 0.7824090653469955, 0.22844705583671093, 0.4728137820593607, -0.23430028199567576, -0.7984781298192913, -1.9187739526836582, 1.1647753991768888, 9.814558388356724e-2, 1.1830384058770882, -0.42765570734408703, 7.257287350448675e-2, -0.2232598123127731, -1.3677053521250253, -1.0651435193232963, 0.741301457724867, 1.024129774914286, -5.241212228630579e-2, 1.511943195677635, -0.22807434047587896, -5.178826134499013e-2, 2.5711066407950824e-3, 1.0825096425840197)
