seed <- 892
log.wt <- 0.0
penalty <- 2.8115950178536287e-8
intervals.send <- c()
intervals.recv <- c(56, 112, 225, 450, 900, 1800, 3600, 7200, 14400, 28800, 57600, 115200, 230400, 460800, 921600, 1843200, 3686400, 7372800, 14745600, 29491200, 58982400)
dev.null <- 358759.0022669336
df.null <- 35567
dev.resid <- 225326.76973957248
df.resid <- 35402
df <- 165
coefs <- c(6.726905083714138, 5.526619450903341, 5.615891144076018, 5.398248856374036, 5.110907814730256, 4.851051840088355, 4.754889227585273, 4.62764201817744, 4.381012837685414, 4.2597644800273295, 4.2879065813395485, 4.1717574574064304, 4.031978130694588, 3.9718387499347023, 3.744716206878847, 3.5354411501523653, 3.284320418033853, 2.987841681240029, 2.5195488325972364, 2.034254959534661, 1.6623437777115557, 0.9664881340416696, 0.9847614100098696, 0.463296704808695, -0.11691872008467986, -1.0670265862595658, -0.4969846319611679, 1.0574430337405625, 1.0852960781959584, -1.2850681051123158, -2.2146401703674914, -2.1586420191818667, -0.365287408156102, 0.8291482772405514, 1.2097893491152116, -1.103220950574967, -0.25454583655203994, -1.2202194693414408, -0.15601018629514907, -0.962880032268706, 0.9258200047135801, 1.0093614276309273, -0.9517534035246934, -1.9128499306632198, -0.8839037294043158, -0.7025677964674464, -0.11326755647390338, 0.358416851112436, 0.5989129736854016, -1.0937319259329774, 0.11514458054310266, 1.0372101941439398, -2.310876071555418, 1.6036946406208585, 0.8253211076746934, 1.033315675530334, -2.11710489724018, -0.16114802990936214, -0.45853513186019057, 1.4152832041740482, 1.0920659355084095, 0.8099776538786502, -1.6330436625837976, -0.6120898751058819, -0.616989960285909, -0.18711621130691938, 0.3659175570685518, -0.3292995076089112, -1.2724819310608841, -0.9621143911355116, -2.0787669386772247, -0.24549690345561082, 0.8659008666976392, 1.0373786842619053, 0.5873396557549294, -0.9396515452995868, -1.195580326088925, -1.3109456031327031, -3.1353300927374685e-2, 0.7318380025577503, 1.114134522130937, 9.650989927759317e-2, -0.2098797806789324, -2.0433718491747497, -0.22217257554097333, 0.5532480881145281, 1.239389292302518, 0.414733652644115, 0.8690954170687163, -1.8475988658480063, 0.5289606554031764, 0.730657892022721, 0.7685087246558028, 0.35045929876867726, 0.2075654466266662, 1.4391041752032463, -0.6012806969332173, 0.29546249132540714, 0.10864927549599591, -0.5385899808362246, 0.33006686029077953, -0.16108101416768264, 0.8813236636037701, -0.19662525463625635, 0.6600817747655746, 0.8900936210625954, 1.0784163456150668, -0.8264340173502234, -0.6258914290243238, -0.769439888452419, 0.35322666701224725, 0.7416676754613741, 1.553597014984137, -0.4970216525827436, -0.20519101037116663, -0.9572469398421715, 0.8099732411663009, -0.3295384815526959, 0.4793403586593773, 0.6489418716738512, -3.1549610808814244e-3, -0.5136695133804295, -0.9182199674024983, -0.40012450111511977, 0.38091250595768267, 0.7316977905948003, 7.948835278321888e-3, 1.0121391765857897, -0.6043078446117118, -0.32626290882718145, 0.24557785208307878, 0.9279528842466108, 0.9250475999549779, 0.49453791863046115, 2.6133019410701256e-3, 1.2103251707785052, -0.5072135968060427, 0.8922318830513478, 0.7474958994899092, 0.9237840087553658, 0.7264162198634666, -0.6012253573613516, -1.275593620059817, 0.8381661473441175, 0.3380608166871684, 0.5190910715610966, -0.34368711450001677, -0.22958365188445307, -2.0409924927875838, 1.1680021538109358, 0.13239541285921927, 1.2057236863548961, -2.289081689068049e-2, -4.9842265137811384e-2, -6.940773435911751e-2, -1.8726381180074456, -1.9960239733174916, 0.9543914755947466, 1.141582789692722, -0.778460140258509, 1.5268645663128757, -0.11615644355858669, -8.642524618686581e-2, -8.279478987454839e-2, 1.1868621447817123)
