seed <- 529
log.wt <- 0.0
penalty <- 2.8115950178536287e-8
intervals.send <- c()
intervals.recv <- c(56, 112, 225, 450, 900, 1800, 3600, 7200, 14400, 28800, 57600, 115200, 230400, 460800, 921600, 1843200, 3686400, 7372800, 14745600, 29491200, 58982400)
dev.null <- 358759.0022669336
df.null <- 35567
dev.resid <- 225405.75420226748
df.resid <- 35402
df <- 165
coefs <- c(6.705272352979954, 6.001012587087283, 5.742910557177634, 5.354591508731022, 5.185368329906042, 4.83984817918922, 4.832921697527036, 4.655102656582319, 4.364332751281571, 4.253276199941559, 4.334008812570593, 4.120990726616705, 3.9950476239789303, 3.970594215087632, 3.7545092519258674, 3.546782870083213, 3.2383769877396533, 2.9203243356933695, 2.5038491438537003, 2.040999410229277, 1.5427171256796837, 0.9471049786093406, 0.9612510302816772, 0.28564676873809086, 0.29945658792850666, -0.7671897392869469, -0.1529278166118694, 0.8926501417465724, 1.0796465320171564, -1.102103841280532, -2.3044102817369354, -2.0453073618122857, -0.4136680404741435, 0.8371645185822746, 1.4118629809161396, -1.1165770367258516, -0.5039729530614343, -0.7017037536851799, -2.926566042187048e-2, -0.4137479801472381, 0.9374265956519243, 0.7826173366184785, -0.9653986563515312, -2.149364174516235, -0.7836883781370919, -0.7891394644295313, -0.3554648533748693, 0.2413435604862977, 0.6583458398759249, -0.5812289846091355, -0.3033240182411588, 0.8775087609232521, -2.707493819827844, 1.7211162071674055, 0.8290152258697991, 1.0249449016229144, -1.8445796484220882, 8.641239282030805e-2, -0.36958356120905, 1.1043690060508418, 0.4611197209501268, 0.6000402738116051, -1.5763950984903425, -0.8999342663226733, -0.6136877069600386, 0.14873476680024347, 0.5162548337607005, -0.29911905638647557, -1.9373153098428952, -0.724787208181644, -2.109680849702284, -0.6994608714664265, 0.6321523019460994, 0.9861493382424183, 0.61139393365046, -0.8222470073424356, -1.156750978792075, -1.509848966092616, -5.186393827812766e-2, 0.675070766431568, 1.2217899963475507, -4.257640124372285e-3, -2.575744220856793e-2, -1.384913675831668, -0.44482167355469254, 0.3362603810797222, 1.1890610741911343, 0.2778811223002326, 0.9677312522645729, -1.5479525866272212, 0.5208024084382671, 0.6557848720851963, 0.8019542331806785, 0.36611668528264213, -2.856428082732112e-3, 1.3326862045492271, -0.5843688500812445, 0.37889070801632585, 0.22326068800883078, -2.5477945385813237e-2, 0.29172599260759996, -0.11643812821053706, 0.9374503218171188, 0.2308385023066972, 0.9614381886182367, 0.9042545945737678, 0.9953253323750588, -2.272612223780941e-2, -0.3856484304350818, -1.4302893374510492, 0.44951360310115984, 0.582649521892827, 1.5446088694095204, -0.8057132104262371, -0.14111937405137584, -1.0145657295309611, 0.8685233083558346, -0.2340078197829163, 0.5474341606481278, 0.730020177343277, -0.8016029005788695, -0.4478265291411152, -1.4267171556489902, -0.6982216883262522, 0.33531385564774524, 0.7422440404632353, 3.3129830251349573e-3, 0.8952667323355913, -0.6754772387357252, -0.6130787086938212, 8.235194425876177e-2, 0.8251549403968378, 0.9064197072656309, 0.39713867204241726, -1.853444665030797e-3, 1.0655181651967787, -0.34761153990067, 0.976485824097368, 0.6664188044483812, 0.8672719108576301, 0.8325986418232579, -0.7259518156730658, -0.9375907751328869, 0.5952528998470967, 0.3478600273226084, 0.4568519434822738, -0.1672449839887745, -0.5989824727508641, -1.852466773542848, 1.1487759791618, 0.10463594197929886, 1.1675740291098389, -0.27235234526030316, -4.9830512983131854e-2, -0.19729153876935368, -1.89079585114993, -0.5849393775775813, 0.7729070274986699, 1.1844988791163689, -0.2375963517843563, 1.5215577214248128, -0.437917421671456, -0.11509826892074106, -8.395392503498323e-3, 1.2407765925466627)
