seed <- 273
log.wt <- 0.0
penalty <- 2.8115950178536287e-8
intervals.send <- c()
intervals.recv <- c(56, 112, 225, 450, 900, 1800, 3600, 7200, 14400, 28800, 57600, 115200, 230400, 460800, 921600, 1843200, 3686400, 7372800, 14745600, 29491200, 58982400)
dev.null <- 358759.0022669336
df.null <- 35567
dev.resid <- 224861.9574970215
df.resid <- 35402
df <- 165
coefs <- c(6.486155048655423, 6.081292936907802, 5.914483970169756, 5.288654609885637, 5.121940163395935, 4.8949692769305475, 4.826978053129348, 4.606036457185742, 4.359994014517566, 4.278827227129895, 4.3408977624492024, 4.181824610339704, 4.001482676256818, 3.9870569929934554, 3.746089564210102, 3.534317195082676, 3.2560095556052455, 2.960362845371825, 2.5149922459905496, 2.045250093439653, 1.6693160207696565, 0.9047881725672514, 0.997361547532587, 0.7460690289419128, 0.6036050403180498, -1.069580104102183, -0.3213029675855193, 0.9965797653805248, 1.2029564684587042, -1.077360699970919, -2.3785180170757263, -2.0404765625435326, -0.2500039092846394, 0.7390028824882291, 1.3133677261041412, -1.1165402710261718, -0.5724526687013826, -1.8544354181703935, 0.10688838069654867, -1.3125527292751191, 1.046138037683145, 0.7262726618173525, -0.5763955633881628, -2.1839847865579194, -1.1811554122742882, -0.7267651206945985, -1.2319716517965937, 0.3739221340271025, 3.334625265406106e-2, -0.603374784319179, 0.19539220974241597, 0.7838893763706083, -2.6792701978413214, 1.6371496924615738, 0.778999289647117, 1.0495242428940739, -1.9207855678876258, 0.1290228876333876, -0.45833549541202623, 1.3038242324697062, 1.2032434442693034, 0.9029862911180795, -1.8619064391315527, -0.5229295940767382, -0.8421641905695528, 0.5103891866530953, 0.561595414449155, -0.5665926864783497, -1.1273145361635317, -0.5569463593731021, -2.065712842977486, -3.290661299526122e-2, 0.5117749704742182, 1.0575362641666761, 0.682997142940741, -1.003707727545621, -1.4845419697481732, -1.4903913452337108, 0.12498118700909788, 0.7497036852097821, 1.2025505339651972, 8.38552530575871e-2, 0.27319129397233066, -1.8472520437732332, -0.473723216343913, 0.41175928446350224, 1.229087093855848, 0.27304008921367734, 1.0188459794439977, -1.6888399629582704, 0.4764592494922771, 0.7316449259168081, 0.7733841575018368, 0.3691319002525878, 0.18141247484518044, 1.4321463068181501, -0.9280472469878053, 0.3637568367254318, -0.3166965277404483, 9.222861771078948e-2, 0.45546907352582255, -0.5833705613510493, 0.8003910677760192, -1.4908879079000459e-2, 0.5617505777551088, 0.828129637731366, 1.133404188689521, -1.2797569065102938, -0.21273923513978765, -0.816691520817463, 0.4115786699490818, 0.5419275018497706, 1.669353304268939, -0.4565728023628269, -0.36964684337969994, -0.7456369084634157, 0.7691384609963544, -0.36495336859973965, 0.49925457817382046, 0.5826611488340596, -0.47635387681806207, -0.46611895078055504, -0.7490039047910264, -0.3130787299060497, 0.45728086073375446, 0.8487539102945555, -0.10820685563022762, 0.896875528908897, -0.45019463290209516, -0.45442800698080277, 0.28847406489160593, 0.9880116553692947, 0.9403294868446098, 0.5957876622432725, -8.908915327232955e-2, 1.095243934997213, -0.3675840855613586, 0.9455274781292918, 0.7430512040983904, 0.8877761452544611, 0.7313458153673134, -0.810255431192085, -0.9242689407501417, 0.7591646196761602, 0.241079086081833, 0.5222879127246892, -0.4486645337595534, -0.5437648085523862, -2.103957370360871, 1.1755135387476396, 0.14160947001103802, 1.2173439228042942, -0.32979847833801884, -0.14058244689010355, -6.176943272928126e-3, -1.9093432918314337, -0.8700620366511488, 0.9560865267481379, 1.1607200290958228, -8.687569616669788e-2, 1.6274740899670384, -0.5470710962268294, -0.19431960300935622, 1.8731372133888532e-2, 1.2210829912643943)
