seed <- 807
log.wt <- 0.0
penalty <- 2.8115950178536287e-8
intervals.send <- c()
intervals.recv <- c(56, 112, 225, 450, 900, 1800, 3600, 7200, 14400, 28800, 57600, 115200, 230400, 460800, 921600, 1843200, 3686400, 7372800, 14745600, 29491200, 58982400)
dev.null <- 358759.0022669336
df.null <- 35567
dev.resid <- 226505.28333644656
df.resid <- 35402
df <- 165
coefs <- c(6.568256158370475, 5.664920329423282, 5.695941441914193, 5.318366216089174, 5.038723200319551, 4.889812088673745, 4.7721638442286025, 4.597089752234679, 4.329032014320196, 4.241984404848452, 4.278594109460432, 4.131423173550603, 4.00553928241043, 3.966507399722882, 3.7321965572744094, 3.5180869192969118, 3.2444869422483325, 2.9175981171812087, 2.486880723679602, 2.0614342978612137, 1.5718741636478613, 0.8844222606542914, 1.1143947133946104, 0.4573802401583487, 4.779593292843209e-2, -1.6471916356721161, -0.21309864145950178, 1.066595783307748, 1.1729359348520871, -1.2512315879298515, -2.426934949796789, -1.8736576104207552, -0.25318609475687653, 0.7452720310736671, 1.2515053031745766, -1.6075039822577863, -5.400077056980902e-2, -0.6335939839433311, 9.812360067524584e-2, -1.1278822476163681, 0.9882076047837566, 0.8920830060817319, -1.0663857751645436, -1.8454454825826059, -0.980495106976591, -0.5765117656049004, -0.450607683512878, 0.39544767088241733, 0.5065638418829195, -1.0952530525929924, -0.4156609658219529, 0.9000310872818108, -2.9108920273954078, 1.5957991859965859, 0.8697281116922071, 0.9243794268738071, -2.380235416131352, -0.1315002145997111, -0.5444727683723323, 1.1227850212514314, 0.9217669883165153, 0.8593147638394516, -1.4552047497619864, -0.8969161373787099, -0.7426659193582893, 9.430072281974272e-2, 0.4967676707106102, -0.2790960713220258, -0.9924201941621735, -0.838606042038045, -2.3957462216704055, -0.30749311790110007, 0.2527863300908097, 0.9865881938201111, 0.6837793752979404, -0.6549131130404099, -1.164822237909708, -1.0042627296018034, -0.16324170742410976, 0.5728019033596808, 1.141026610616306, 4.429192189791044e-2, 0.3211804953200559, -1.710198446118657, -1.5094198026216886e-2, 0.5292340290899337, 1.184690432457851, 0.6480791228271121, 0.9816167674559411, -1.997590805771008, 0.5691564703031868, 0.7865312165651452, 0.7551593844999357, 0.3593301563706361, -0.26796304199871934, 1.352049530707443, -0.48059168825985205, 0.5364457191585519, 7.438673634542983e-3, -0.7319943910783525, 0.5242040268408981, -0.5625803829168097, 0.8842121998652612, 0.11065007489412346, 0.9404128430250489, 0.8407241444250471, 1.2118066431761245, 0.24064764251196064, -0.516147079176806, -0.8946512217754081, 0.4670458918753967, 0.8146331539989126, 1.6641505909338015, -0.386636014156779, -4.169741212308698e-2, -1.1760281650583042, 0.7548158231930542, -0.2197605447938864, 0.6263677426728933, 0.6967861863890784, -0.7854809827632874, -0.40859546255804363, -1.2768813720476018, -0.4794194402465498, 0.2510131445966156, 0.7204664290780978, 3.574321053539157e-2, 0.9112524118568562, -0.722165081959853, -0.45793854072233436, 0.333247534938236, 1.0288134528624844, 0.68031258777183, 0.4499238514580378, -0.10037963044010385, 1.072805021564952, -0.25611130511612323, 0.9471900972838634, 0.7586674864454599, 0.8375902569975228, 0.7182322226708696, -0.6653498098267194, -1.111474802313604, 0.7345910689228403, 0.2742681149553877, 0.5006505727014755, -0.1626130570905505, -0.5906343118099168, -2.126475294709166, 1.2128188438232366, 0.1672293160755731, 1.1617288256416165, -0.15225071763552453, 1.5626403163903138e-2, -8.823791480857712e-2, -2.4033052674084665, -0.8321790771499226, 0.8171282264743496, 1.1827604426806726, -2.0384527810221084e-2, 1.6188387150254433, -0.2603567647071934, -8.324462111912098e-2, -0.13070678680507397, 1.1711057276172)
