seed <- 805
log.wt <- 0.0
penalty <- 2.8115950178536287e-8
intervals.send <- c()
intervals.recv <- c(56, 112, 225, 450, 900, 1800, 3600, 7200, 14400, 28800, 57600, 115200, 230400, 460800, 921600, 1843200, 3686400, 7372800, 14745600, 29491200, 58982400)
dev.null <- 358759.0022669336
df.null <- 35567
dev.resid <- 226629.718062218
df.resid <- 35402
df <- 165
coefs <- c(6.430763317439595, 5.765220778996253, 5.578051084254073, 5.329361888703081, 4.907537489080667, 4.945653547200601, 4.773557984107716, 4.553236213590059, 4.320181923137668, 4.236541231841391, 4.185991644541427, 4.120286971229923, 3.9824452717730323, 3.942992015084439, 3.7757181959256996, 3.5019651774286014, 3.2608607881107194, 2.96758568330184, 2.4676729358634, 2.014344844571631, 1.6174489666502037, 0.9236574203178031, 0.9969063198146687, 0.30331377092201434, -0.4562424243220758, -1.3254689178122268, -0.3659089004932275, 0.9522441874687657, 1.081730033973445, -1.726339492254744, -2.3448310587597407, -1.9884069240726887, -0.23270351903722913, 0.77364233536234, 1.2561809886044861, -1.0603531264311383, 9.60241522177863e-2, -0.7848264859218134, 9.157521217661965e-2, -0.7899577541560739, 0.9723425108547937, 0.9159206577162319, -1.0354588964579767, -2.0858243105800276, -1.7452430460977688, -0.8140009613267601, -0.5854529460173921, 0.6007604209791211, 0.549183419229103, -0.7494314458367024, -3.2104135265972174e-2, 1.0414657357788526, -2.4674691953677637, 1.6851965666734374, 0.8207287357502882, 1.0069815483653093, -2.0214304367748355, -6.8079203800021386e-3, -6.020600243229028e-2, 1.091650437662213, 0.43035155579372436, 0.4678980602612363, -1.9910803860933093, -1.2850269711225424, -0.49419725959896404, -6.314204828066158e-2, 0.619936125331121, -0.4114529113687698, -1.5132379350596707, -0.697671357588252, -1.7777442691654979, -0.7656938387211625, 0.6066910898650416, 1.052413900895462, 0.6309417241852325, -0.4686051012270625, -1.2569624184228902, -1.3351923614775176, -6.357116918563653e-3, 0.8373393242994162, 1.202404488716392, 9.364857212040793e-2, -1.4064313828536503e-2, -1.5434856347470074, -0.6801326962903604, 0.375797590970728, 1.2482709809375772, 0.5084680586068016, 0.8696430552592453, -1.4550549888908337, 0.5159352683534206, 0.707208685921799, 0.899786859983032, 0.266399518182144, -0.15063746779786027, 1.577016396641311, -0.33307495005006804, 0.5820087053928712, 0.22337337132939525, -0.3788860758232631, 0.32100209740036867, -0.49106509257079867, 0.8293215064040328, 6.947310424549298e-2, 0.825652705854852, 0.8506614435176527, 1.0465103594071123, -0.6199470124284073, -0.20303676728293724, -0.8350844172487666, 0.33489279391825105, 0.5770392200318338, 1.6000155046300737, -0.37033454949273575, -0.17164804193496494, -1.1977278640625013, 0.8969970414982311, -0.3315182988366717, 0.4005464074158726, 0.5964319443738844, -0.35905730814580744, -0.5773340182302945, -1.0430180791594033, -0.8934258674183087, 0.3100620500822545, 0.8407084465203972, -7.933867020554779e-3, 0.947450546581987, -0.48624445893221685, -0.35799887085414256, 0.3884294190844279, 1.011769346176647, 0.8311548352967543, 0.454109364752652, 1.5549599667273206e-2, 1.1161223439784052, -0.33645814345823183, 1.0652345677058752, 0.7232428325962922, 0.884386887697315, 0.832076783506605, -0.6307438506304847, -1.3457458995627094, 0.6542084531965905, 0.36357877607916517, 0.5225922567677179, -0.2834972827951869, -0.40972459352866625, -2.1683459266560363, 1.2605001270281448, 0.15500962197330784, 1.201349969036797, 2.5124783533075963e-2, -6.926802988430213e-2, -0.1547225955221853, -1.8456711576241045, -0.8454396823903517, 0.817325406009102, 1.171005101592751, 3.0286817411274917e-2, 1.5686376913034743, -0.32643183267675846, -9.794510931674129e-2, 2.9221943935788766e-2, 1.3168167328095004)
