seed <- 445
log.wt <- 0.0
penalty <- 2.8115950178536287e-8
intervals.send <- c()
intervals.recv <- c(56, 112, 225, 450, 900, 1800, 3600, 7200, 14400, 28800, 57600, 115200, 230400, 460800, 921600, 1843200, 3686400, 7372800, 14745600, 29491200, 58982400)
dev.null <- 358759.0022669336
df.null <- 35567
dev.resid <- 225162.830373459
df.resid <- 35402
df <- 165
coefs <- c(6.3409262108318005, 5.616148274367308, 5.76156848967481, 5.4288093564435425, 5.123661299080811, 4.810187328201977, 4.921467339264624, 4.677294486707581, 4.414712164306913, 4.326694720320876, 4.421084296215904, 4.231878863582804, 4.0466429870058755, 4.006317086506805, 3.7733098909820884, 3.5668989522814343, 3.279494492056163, 2.9515139903981837, 2.521371897263101, 2.106815568743675, 1.5143119786240957, 0.9119070302188806, 0.8889671328340167, 0.5049304381541649, 0.4977784480866465, -1.5614775442927482, -0.5539783055876979, 1.0292541842253415, 1.0146790238285663, -1.5281317587929106, -2.098202831317559, -2.342396140553009, -0.5157503282100104, 0.7491141898824276, 1.1822447491077124, -0.6292210623946461, -0.6327545405646626, -0.526375793365864, -0.41949819118095305, -1.0053143019196067, 0.847332642759435, 0.7991183858902894, -0.6732545275239334, -1.5236620686546751, -1.0023061054369249, -0.6479596444392525, -0.5661067278082383, 0.5048775881955359, 0.3579815571169488, -0.668317115477406, 0.16765501155390328, 0.8472567268188768, -2.5556578908283187, 1.7984384182673592, 0.845323242195661, 0.8683661982286918, -2.309384248356201, -0.22355412815434014, -0.43269149432409865, 1.335961561069849, 0.9896004372029321, 0.6497270949643753, -1.2969183624797151, -1.0575519773935638, -0.6721604313353939, 0.3188795038121737, 0.6033334488504963, -0.45273680561794516, -1.360844585067291, -0.6057647808050325, -2.076237072493827, -0.9374902512143106, 0.5258325553565397, 0.9887292299344577, 0.673583276816684, -0.7409809816811994, -1.1731993119717008, -1.167347608652744, 3.2013294967522886e-2, 0.7351795166866838, 1.2308655048088046, 7.702741332263516e-2, 7.636537533452081e-2, -1.8375520630053632, 0.32695814362348913, 0.40869353185671226, 1.1379273329733788, 6.950232955084051e-2, 0.850109167572647, -2.6020556076581856, 0.5693976226868512, 0.7227566614454923, 0.7667306562926375, 0.236638755878896, 8.101806951415856e-2, 1.2748738550581524, -0.6699438809724096, 0.23040551390459163, 4.3452170306765577e-2, -2.340122873051318e-2, 0.3978725122340361, -0.18170324004891864, 0.6353462584845607, 1.6366529805549125e-2, 0.8286097490452157, 0.7988288702135519, 1.0606015042535673, -0.25540218254683905, -0.6562671127246945, -0.8267758317374329, 0.39005577946053477, 0.7540198838771935, 1.5179470497385, -0.6331326957760152, -0.3512363523046602, -1.1719639525805279, 0.8777130504294667, -0.22229856461280115, 0.5099965071257496, 0.5579312141972498, -0.14966692925250952, -0.45411768738639924, -0.8887587673553202, -0.4592856988606978, 0.3408337813312005, 1.0241107258559752, -0.11313354371606961, 1.0304487530903308, -0.7091185471100536, -0.44291322579247155, 0.350996821919137, 0.9852995783198063, 0.6313964788728268, 0.38073144523207086, -9.908248437092523e-2, 1.1197058136044755, -0.43293193699241017, 1.1181394923108021, 0.677806488563317, 0.9337463205626745, 0.8688972697653812, -0.5205670918206982, -1.0541407327464758, 0.6412643375795822, 0.33855244432388737, 0.5486755440526534, -0.2683266588716183, -0.5113164839006004, -1.600539774982281, 1.33146060099889, 0.1423258138576801, 1.2005296090317745, 5.970230072299649e-2, -0.11045882389189966, -2.1014132716171616e-2, -2.145473013413179, -1.5594676010689956, 0.8301016123149064, 1.1138891987348674, -2.188826559053617e-2, 1.4657151686460022, -0.277776216206756, -0.26971891474388204, -1.663462144497145e-2, 1.2648852831160258)
