seed <- 387
log.wt <- 0.0
penalty <- 2.8115950178536287e-8
intervals.send <- c()
intervals.recv <- c(56, 112, 225, 450, 900, 1800, 3600, 7200, 14400, 28800, 57600, 115200, 230400, 460800, 921600, 1843200, 3686400, 7372800, 14745600, 29491200, 58982400)
dev.null <- 358759.0022669336
df.null <- 35567
dev.resid <- 225201.58823081196
df.resid <- 35402
df <- 165
coefs <- c(6.656295530651348, 5.722902471735345, 5.567990340889859, 5.34344530314938, 5.092166786796969, 4.831667807782044, 4.831852547431548, 4.703120050889427, 4.400410999339505, 4.36294209014801, 4.342774510347401, 4.169999480289362, 4.035613368989071, 3.9948215570992165, 3.767205653898288, 3.5587135318609384, 3.2801518034169828, 2.9919885514317173, 2.553604744496129, 2.0657918210028257, 1.4603554802399437, 0.8652800172065833, 1.0150906839783551, 0.4197038124844876, 0.23759418975847732, -0.9475773378191549, -9.602720068478479e-2, 1.0839781871813414, 1.0953632895168557, -1.6139674799631105, -2.262856765717974, -2.210754340248697, -0.39669327377614944, 0.6789468327256996, 1.3455614279281076, -1.4907575711660834, -0.6538352972359558, -0.9277079245504606, -2.241396043458356e-2, -1.0193900542275771, 0.9467519503234743, 0.99378340822535, -1.0281355761022744, -2.2171708328037623, -0.9179818093607619, -0.6801240876970963, -0.6473646007507592, 0.7518507355214217, 0.4374703652646785, -0.5798704584771455, 0.18721514738899644, 1.018839078901636, -3.0450822482590034, 1.791284465481685, 0.9275794741987462, 0.9373813600058646, -2.1572756124477652, 4.377821020980866e-2, -0.4339832028106482, 1.428255526488313, 1.3292699993160977, 0.6357835373687257, -1.165331020243104, -1.555193206020184, -0.5934862888386747, 0.17923278393424844, 0.681371334682199, -0.39014394673370234, -2.2302349069498493, -0.7445458493251652, -1.8789951247140289, 0.2955960103400247, 0.27307911132581275, 1.0442338561780873, 0.7088885411300985, -0.8283179830355871, -1.0649330535295336, -0.9981768392106256, -0.11202914670874897, 0.7297525980885009, 1.2053846296544513, 0.10597251499420837, 0.11361254192244938, -1.9128207245282205, -0.11839548661101862, 0.3698704911745746, 1.0817282785334237, 0.5322665841569163, 0.9132127348009985, -2.5289161291116664, 0.5292054631553683, 0.6957702336703161, 0.9000559954055247, 0.33263055044390566, -2.3976143985050047e-2, 1.0722843575806322, -0.3964811985918077, -1.2615225284903575e-2, -0.12345562994980516, -0.1735148882139735, 0.44865839543959124, -0.3673908042344458, 0.8679832650878037, 2.3883631081128544e-2, 1.2802517693458275, 0.8003078198252531, 1.1995573278890095, -0.9000572289688386, -0.25354379130758065, -0.8257112554713417, 0.387666931627466, 0.7774040361927237, 1.6081310804883964, -0.3768810750480187, -0.3003652290596639, -0.8780512001051763, 0.9129251477179343, -0.4373813977994196, 0.3143495506469343, 0.5494118363083794, -0.4325417845520367, -0.6752256723111135, -1.7791138264680793, -0.174514001851574, 0.47019213322932635, 0.8677455517787935, -8.701870640897437e-2, 0.9981265856482728, -0.6251952366760114, -0.40608135543284835, 0.23947939850181132, 0.9379454039660138, 0.8290741918755236, 0.5884393140781273, -0.1283068020356424, 1.2116498163674394, -0.2910170349099959, 1.0591916995819237, 0.7588058733479974, 0.9485032805900587, 0.8601799573150344, -0.6030285967721479, -1.09774029218291, 0.8389025996512911, 0.32573471873092513, 0.521876141464332, -0.1599109439497034, -0.40885577430688014, -2.0824087353188143, 1.2721940810701555, 0.13678200235782398, 1.2098907044216693, -0.10048371402416463, 4.4245341621180004e-2, -0.14559156642326698, -1.9903147576774638, -1.5774250179731142, 0.8085045336502806, 1.1090604850855994, -0.4643517951442958, 1.5946177770575847, -0.2780996625043295, -0.11132198883234773, 0.1528119263855375, 1.2690670537958322)
