seed <- 119
log.wt <- -14.529129805391664
penalty <- 2.8115950178536287e-8
intervals.send <- c()
intervals.recv <- c(56, 112, 225, 450, 900, 1800, 3600, 7200, 14400, 28800, 57600, 115200, 230400, 460800, 921600, 1843200, 3686400, 7372800, 14745600, 29491200, 58982400)
dev.null <- 358759.0022669336
df.null <- 35567
dev.resid <- 226679.04373536215
df.resid <- 35402
df <- 165
coefs <- c(6.579035600966522, 5.814587210239144, 5.769506286860244, 5.3243133034957495, 5.028119962032101, 4.727941830520762, 4.684764796237014, 4.698321332599653, 4.385613288286175, 4.250319904864761, 4.300684496733091, 4.166884461995728, 4.013674588309065, 3.9404873396939695, 3.7661190324715275, 3.5465283307221753, 3.2390698124824477, 2.9349035481902654, 2.467270567435177, 1.989990455093338, 1.5330628260918697, 0.8948967766686766, 1.0044277769723138, 0.5385927336433034, 0.34302002275835647, -1.1314460534455222, -0.23163551724504006, 0.929004166456085, 1.0727856793087849, -1.077025925640897, -2.4742325947780017, -2.354520634749655, -0.23962649347618423, 0.7758069268636962, 1.2685400340825195, -1.141165586418057, -0.7771628490838881, -2.0115046038095987, -0.372614842957514, -0.8658583643439202, 0.8994086593861027, 0.8041131318688206, -0.5457949410932011, -2.1233701206075057, -0.6424598982111975, -0.6120030250452974, -0.5480909591313269, 0.16415521231702057, 1.715150934748763e-2, -0.6518719847091277, -0.11206432257378372, 0.9523868674225098, -2.316579217684027, 1.7446995882902496, 0.6538282240166662, 1.1540602701971043, -2.1531828556447454, -0.22939973195103724, -0.2979069341286779, 1.4442559472994145, 1.1358153824573642, 0.6214864078674149, -2.022892257201035, -1.1477714832463382, -0.6968124873128405, 0.140131081849109, 0.7426540045161479, -0.503291608362047, -1.4766856808567799, -0.6257206952416077, -1.6224522120076457, -0.18600434842424834, 0.4684619632950696, 1.1085117105068267, 0.7173565602296966, -0.5624646273455308, -1.4013275743358564, -1.7095425509028481, 7.841828726555195e-3, 0.6990975056548429, 1.1014895326301446, 2.621962440524703e-2, 9.256902603667064e-2, -1.2846247203952899, -0.6952542099714202, 0.4394435093364018, 1.1586552486937052, 0.6242516031729243, 0.8974294999893284, -2.4229404577819404, 0.46507196326005124, 0.8448282995789568, 0.7769761282528186, 0.3435246721522665, -0.47535085438786956, 1.3295026686426215, 0.6139247798194926, 0.8395394057513038, 0.2379401321786894, 9.820484917133428e-2, 0.38514301877498547, 6.252629879950868e-2, 0.7254531890310559, 8.85838243452751e-3, 0.7528308411188596, 0.8208133624283686, 1.0992254120133809, -0.7195927585171148, -0.4493390167923254, -0.9290727927939588, 0.3112085678881412, 0.40168746865205585, 1.5525676240657944, -0.5928256137770312, -0.26638212727356164, -0.9479569851802732, 0.7754397815982329, -0.3614892767411523, 0.4874417886937948, 0.5547385046312029, -0.7088271190306881, -0.47505114168469414, -0.8529509268907025, -0.6052052675079057, 0.4530512589939121, 0.9173223726980348, 6.8712752675321e-3, 0.9867918934892445, -0.6623436765599388, -0.35571442513221313, 0.3220242397548019, 0.8598250709588279, 0.8628282298312183, 0.6565987316959035, 3.9757460351881456e-2, 1.016518901094232, -0.46991601794197246, 1.0397101253206997, 0.6907740231855903, 0.9206972895441525, 0.7831961594429048, -0.6250448487596576, -1.1855022967313362, 0.4080960980520513, 0.3428728934934383, 0.5718326830800928, -3.9930278216269204e-2, -0.5226830259220637, -1.8923309881957475, 1.3122880122236382, 9.640110231607053e-2, 1.2103560620027822, -0.16024515493175795, -5.188935964732771e-2, -0.1449250211665114, -1.9677788217897632, -1.1534915861241093, 0.9615341282049609, 1.1671701757421744, -0.3180710876033689, 1.516580544951578, -0.2184560629475209, -0.10248594717493271, 0.10444964599791139, 1.1446113166375447)
