seed <- 573
log.wt <- -13.639648664060473
penalty <- 2.8115950178536287e-8
intervals.send <- c()
intervals.recv <- c(56, 112, 225, 450, 900, 1800, 3600, 7200, 14400, 28800, 57600, 115200, 230400, 460800, 921600, 1843200, 3686400, 7372800, 14745600, 29491200, 58982400)
dev.null <- 358759.0022669336
df.null <- 35567
dev.resid <- 225934.98305264043
df.resid <- 35402
df <- 165
coefs <- c(6.584333503605262, 5.981600900421878, 5.644531978119373, 5.191273347500003, 5.049784913901554, 4.821203077049097, 4.819868114336455, 4.594406627281495, 4.3977220934838295, 4.245418633495671, 4.345925177028843, 4.185261381800926, 3.9804955445125154, 3.972299636499218, 3.779534963161509, 3.5681550225568146, 3.2517981188110943, 2.960841231395469, 2.5193648560984014, 2.041067633085379, 1.512523203193965, 0.8861985608000355, 1.0875609469735552, 0.3277730514755202, 1.0131603925562886, -1.594051184381795, -0.39919323462964906, 0.9163911481706783, 1.0274619690414526, -1.0349931653677003, -2.603873890178998, -1.6174578914627644, -0.45647534947687385, 0.7070928427528237, 1.370352604417696, -1.3584081312852718, -1.0746860464777193, -1.364853275675715, 0.16637182427006664, -1.0039521522311472, 0.9661831215248601, 0.635026887037274, -0.7475172172764812, -1.4122846491067063, -1.0650460570134863, -0.7917095283022996, -1.157082967793106, 0.34190734424396707, 0.3981872811553718, -1.1757529782457703, -0.18463933747422034, 1.019878609856815, -2.054428302850064, 1.740208185244353, 0.6702632195462048, 0.9782502489336813, -1.6761109527618305, -0.22202747053735553, -0.45258478820565484, 1.3750090141373421, 1.2955270628724809, 0.7110787934829477, -1.3881688362701998, -0.6706173729150363, -0.565150976893967, 8.199240166433301e-4, 0.8399570590278594, -0.3757032609616695, -1.0272579539709614, -0.5704728789544921, -2.3333244469066226, -0.23505133908119644, 0.44462752182786247, 1.0262123364803546, 0.6464054471376925, -1.2863783511040079, -1.5249031069871708, -1.2709328002804299, 3.811254124033048e-2, 0.5822645404876948, 1.134728255850605, 0.12016570580012707, 0.4987299043781088, -1.3861569570319354, -0.5138426547927165, 0.5770565342299457, 1.1887527858683749, 0.31629556013532556, 0.952391765464763, -2.153751145904672, 0.35493033818903164, 0.5134983399108339, 0.700417965422789, 0.43452629524411035, 0.18089772834565548, 1.2505631181611179, -0.37124749158350967, 0.38744018276529824, 7.821373191384548e-2, 0.22784752206482203, 0.24479487941381545, -0.5454878440995842, 0.7874507759413806, -0.2821930186100408, 0.8145237987973273, 0.801144256321217, 1.120464952315698, -0.324221277623043, -0.17692226486715232, -0.5398323164809407, 0.46766999380979873, 0.6474572088686741, 1.592993999707514, -0.6695574961523026, -0.306299780057553, -1.1908360965470486, 0.7527257698910553, -0.38973113712927016, 0.4642698743156839, 0.6126494848636829, -0.7388176831818143, -0.1257418391316586, -1.5094775161404872, -0.45747084208251654, 0.30390809304084215, 0.9957927998991122, 4.0207646230456695e-2, 0.8546363770514278, -0.7161235347680268, -0.2935304903305808, 0.40905499036272597, 0.9077760079557436, 0.7483158997829348, 0.63834663954781, -8.914378299089191e-2, 1.1307225864718933, -0.3370439750971582, 1.037765988603551, 0.7932151455227064, 0.831816118052605, 0.7234035057010796, -0.5342541881944768, -1.1873521536448144, 0.5980238769131188, 0.18167461338154328, 0.5741085051938334, -0.16505695123705813, -0.48361586661853695, -2.126664024862615, 1.3805684892355097, 0.17550558050065862, 1.1166558653527898, -0.3012199292808698, -0.14740196746989812, -9.866445588878868e-4, -2.109864192729079, -1.2059766306735875, 0.8859886022156956, 1.1882658757426914, -0.3565580506169378, 1.5204565584978713, -0.11545982223182882, -4.19514186855217e-2, 1.3534268992420064e-3, 1.116434481609115)
