seed <- 800
log.wt <- -14.147671426178455
penalty <- 2.8115950178536287e-8
intervals.send <- c()
intervals.recv <- c(56, 112, 225, 450, 900, 1800, 3600, 7200, 14400, 28800, 57600, 115200, 230400, 460800, 921600, 1843200, 3686400, 7372800, 14745600, 29491200, 58982400)
dev.null <- 358759.0022669336
df.null <- 35567
dev.resid <- 225587.19394872658
df.resid <- 35402
df <- 165
coefs <- c(6.324249444809518, 5.6783010184726, 5.543984909817941, 5.336807931953046, 5.091517547884137, 4.812662887196632, 4.715144725226273, 4.643048642933303, 4.476818498968323, 4.294812922239721, 4.216143913219783, 4.1826056755342425, 3.9970519632282873, 3.9681568173984725, 3.7504136652023554, 3.5504061489911476, 3.282052434914999, 2.983023873429241, 2.4945722080578805, 2.031715817807653, 1.6037209647475026, 0.8863908787954647, 0.9890407863000338, 0.1451674347133397, 0.3925412530379252, -0.9458340551244199, -0.47646489986545454, 0.8149883063759465, 1.1014485668238425, -1.8638452071310083, -2.035304803698219, -1.7282403674282716, -0.5400805914080216, 0.7389683379408649, 1.3763638417531394, -1.0222935567633396, 0.14956181250093967, -1.2368385149041803, -0.21549447488781115, -0.6164899424755376, 0.9804339802812331, 1.1016494677737938, -1.1542698471738713, -1.7320304191778648, -0.9305574629790048, -0.7426785657573606, -0.29809387856988606, 9.010906488984151e-2, -1.3097417835267517e-2, -0.724818307622012, 1.3865843673523158e-2, 0.9355464847372972, -2.4401472498797507, 1.7580694105567256, 0.8523621892297255, 0.9060400224051689, -1.8883723091752527, -6.623146518882815e-2, -0.43520502081392753, 0.891843365206024, 1.0521285600302748, 0.5847153664753438, -1.8747453018831495, -0.9129948846189974, -0.8676953421569066, 0.44404059165859283, 0.5956186032915829, -0.5972063593014011, -1.0302515790540134, -0.5491789243239216, -2.5728639720408792, 6.551682768529715e-2, 0.37731002477718306, 0.9849380978540003, 0.7512112873900526, -0.5811464279855287, -1.1963123522087706, -1.1096155078475147, 3.122106402863724e-2, 0.720712810650094, 1.1003818792409081, 0.1675221506049262, 0.30691444907573623, -1.4640622773267526, 0.406762285492163, 0.33534965984709825, 1.39206412915718, 0.5680574320764744, 0.9081375036637929, -2.413837353299797, 0.37074119141496226, 0.6955927129024334, 0.7429793052229919, 0.2696897909009042, 0.15519532724924945, 1.4344845175343413, 9.24786923206358e-2, 0.6043653242995153, -3.427813364823185e-2, 2.2169657541005926e-2, 0.4120666285352978, 5.370168349302579e-2, 0.7615097930133682, -6.725841762919102e-2, 0.7867787248255024, 0.8258879179524549, 1.082855389258301, -0.7653180025779638, -0.6780344907703191, -1.180828770021396, 0.43515944081382685, 0.6648377470614094, 1.6027204752106055, -0.7062732630630928, -0.2811892596404686, -0.9621049842339854, 0.7398453323328958, -0.37779604979740494, 0.4263484841793769, 0.743035796475962, -1.3103295803773156, -0.3149803660270342, -1.17073078868475, -0.5717368786907414, 0.2879719917582487, 0.9142377951091465, 6.96661293163367e-2, 0.8958670242219869, -0.5676105502858604, -0.41869887388731264, 0.2798037520596942, 1.011415984749123, 0.6896340152072611, 0.569998267703843, 6.297824304911975e-2, 1.0480196736194811, -0.3959349279674832, 1.0719117804916602, 0.7400672383996993, 0.8649069350256648, 0.7762487325610266, -0.6658077553645978, -1.244434706976692, 0.883944532847894, 0.23282015494346958, 0.5250684560646004, -0.1911018390082375, -0.5705507856397639, -1.941700433191859, 1.2606966863578077, 0.1520492040775137, 1.1276166607148705, -0.29019438573178874, -6.806744187532525e-2, -6.592445147416928e-2, -2.013843687433781, -1.3917753093269791, 0.7988648414546683, 1.307536493893834, -0.8007003820010357, 1.5490111591316238, -0.5107360840994594, -0.10247150225931201, -0.12389561814944464, 1.1008329044504992)
