seed <- 365
log.wt <- -11.845835994881966
penalty <- 2.8115950178536287e-8
intervals.send <- c()
intervals.recv <- c(56, 112, 225, 450, 900, 1800, 3600, 7200, 14400, 28800, 57600, 115200, 230400, 460800, 921600, 1843200, 3686400, 7372800, 14745600, 29491200, 58982400)
dev.null <- 358759.0022669336
df.null <- 35567
dev.resid <- 225602.41327057342
df.resid <- 35402
df <- 165
coefs <- c(6.750144935206831, 6.030234674464947, 5.543781812425894, 5.329992240998344, 5.105715988956154, 4.892247412139929, 4.742470905362879, 4.633189264087383, 4.320991587963793, 4.260443408059887, 4.325818147820671, 4.174492755938791, 3.979472954203315, 3.9537661061509652, 3.755420986655371, 3.5387426511293216, 3.2616673520765707, 2.9676188275949342, 2.5219685621552475, 2.0777644792653556, 1.4839495681389379, 0.9060985856419324, 1.05997509777264, 0.5515836310513399, 0.5869428431849474, -1.1063831377540019, -0.32919470435435993, 1.05670884198793, 1.0115687011433137, -1.0139142620484298, -2.4105892009411067, -2.335406523157546, -0.4202097361417657, 0.7763445346510937, 1.2999896763712755, -1.3791977593798828, 0.11356166323600242, -0.6035243794309668, 0.181973758365165, -0.749337113785582, 0.9871562245575299, 0.9427632264183989, -0.5226788380457742, -1.7085034276376088, -1.0885713945500957, -0.7307542663586347, -0.30286694368621875, -2.3663702981852382e-2, 8.129766504476357e-2, -0.9089258190085104, 5.7263440465799696e-2, 0.8752951119180601, -2.5215593977739226, 1.6550717396332586, 0.8007603496253859, 1.0917873829179536, -1.6538832340404943, 1.0125478219929747e-3, -0.3269763048096749, 1.525108965035993, 1.173482352409983, 0.8198524015856198, -2.019601764759149, -1.0343371783187416, -0.7725791483371782, -0.17075691288196002, 0.7293651194685309, -0.45788816692277307, -1.2570864827170936, -0.6638590698402226, -2.4103326610213265, -0.6566974085834715, 0.5991470155902976, 0.9428340581321182, 0.7341415321609215, -0.570493841267947, -1.3579735141488074, -1.6112036888565886, 1.0005412195111361e-2, 0.7911865457935885, 1.1687290421521606, 0.10913056290911549, 0.29565524452757963, -1.8248553887753491, -0.6410981731935694, 0.4705755007928952, 1.2878395734555175, 0.34637654231967596, 0.7810081361167488, -2.0601667292893504, 0.48572694665803906, 0.6564464893739209, 0.8167303851607972, 0.37872509497425233, 5.051080631499995e-2, 1.0928672900954763, -0.8683382690401993, 4.3144307681922754e-2, -0.26092404706895156, -0.20630505361847984, 0.4601191058975804, 3.620977117850374e-2, 0.7512735375896927, 0.3036754196128171, 0.48942702294389706, 0.8708997844157308, 1.040997633567475, -0.12929050756946514, -0.3689038542231085, -0.6965414011889108, 0.430175878887507, 0.7937208290025439, 1.5630092421314516, -0.6780743088314057, -0.33440955676139605, -1.6142884915300229, 0.8201972460579564, -0.416091261625838, 0.6259467051166147, 0.7167707378106992, -0.2567906416911199, -0.43177187509094855, -0.8168619110038248, -0.5518669564297669, 0.37581597149451085, 0.906477046527756, -9.94662183328166e-2, 0.9526711848202208, -0.6559971905488463, -0.4585856373682694, 0.24572497213443545, 0.8955490894596039, 0.9956743488109989, 0.28503602312818016, -8.04959868934747e-2, 1.161734430089936, -0.5108853581237813, 1.0102221914838356, 0.6729714237062161, 0.9468647310427526, 0.7587191136893612, -0.7742946383365865, -1.3549496034337012, 0.6737658413888998, 0.3773362631381897, 0.40357163928832596, -0.2972408960425262, -0.769533203450176, -1.5380506294437248, 1.3062345170386698, 9.094672092189886e-2, 1.2214478684279018, -0.16975563557806908, 1.37376311558148e-3, -0.22367462285407796, -1.4419407875520316, -1.792311213267225, 0.7821326818642618, 1.1129251267873983, -0.3519624084474484, 1.522370666486114, -0.32286259037282494, -0.1739056960837544, 0.15200698725875564, 1.191700863572185)
