seed <- 926
log.wt <- 0.0
penalty <- 2.8115950178536287e-8
intervals.send <- c()
intervals.recv <- c(56, 112, 225, 450, 900, 1800, 3600, 7200, 14400, 28800, 57600, 115200, 230400, 460800, 921600, 1843200, 3686400, 7372800, 14745600, 29491200, 58982400)
dev.null <- 358759.0022669336
df.null <- 35567
dev.resid <- 225646.5689413064
df.resid <- 35402
df <- 165
coefs <- c(6.496299611273763, 6.012731639790596, 5.648948035502684, 5.3354333524876285, 5.02696782882473, 4.852229136167388, 4.805589280944088, 4.6966257416313635, 4.409185281490217, 4.271142275239425, 4.307713974895952, 4.162335939651046, 4.026461120669711, 3.968071701665766, 3.7801950858279785, 3.5504294138277084, 3.309858740930309, 2.9431368479037663, 2.5495926959814037, 2.0565096535082334, 1.6695306002999108, 0.9185881076638439, 0.9553858372790139, 0.36173236176800033, 0.29697236304923136, -0.8855817279616398, -0.21890575055599146, 1.0779457509625932, 1.1015465378953349, -0.8476767452876277, -1.9138867941299316, -2.137115079997432, -0.5075808437663487, 0.7508859828632523, 1.284544058939597, -0.8738647228412062, 0.17533412457806696, -1.127807475651142, 1.611099744433354e-2, -0.9193949201239381, 0.936245726825717, 0.9164086676390587, -0.993032363627959, -1.6886895363916128, -1.1799904611781757, -0.8709836349388692, -0.8285103598254876, 7.793059890866043e-2, 0.8646593735244611, -0.7425165016703476, 0.14618183055554246, 1.0728053791886145, -2.419775709520062, 1.7141831475454803, 0.7730959280463847, 1.0508465014701462, -1.8544954237263462, -0.1819904219951295, -0.42172679827681, 1.298169587337245, 0.7758298761224203, 0.7958571498243682, -1.554448737536373, -1.1825028101545225, -0.7914142799217873, 0.261160836050154, 0.5517698975336327, -0.48779726559538633, -0.5272328356152394, -0.8072381702837004, -1.729536455731082, -0.5903122694021263, 0.33511412684623704, 0.9548347101224981, 0.6136653197379774, -0.9086637518194609, -1.3693473745515217, -1.5789431656178603, 8.732407391020239e-2, 0.685399867077124, 1.10290099207918, 0.16321076336717288, 8.516404079358345e-2, -1.166271984986378, -0.70410715798954, 0.3465144060558839, 1.1568220393336706, 0.5668685280862211, 0.8881519912375753, -2.3603356252056162, 0.5081629488839065, 0.5916330485639026, 0.7219542766324463, 0.47270732010292, 0.13829784239522175, 0.9653470484529313, -0.6127476290002112, 0.3299507318258089, -0.11192066620424994, -0.2795211567355055, 0.35499275787310086, -0.5960306264939016, 0.8057643741781481, 0.19682667036107865, 0.5631942680962065, 0.868766112958312, 1.0898146226909071, -0.3326983438743915, -0.5783149715540865, -0.8235505621784031, 0.46155964119509296, 0.5005986852750358, 1.5678578800259455, -0.5803042026985215, -0.3334672404785573, -1.216054768493457, 0.6493124619290188, -0.30242324833138784, 0.4927049446369959, 0.6812002139702356, -1.119950436072321, -0.41412982750035676, -1.434342064311292, -0.5594830409208152, 0.31642157584685854, 0.886138415319892, -6.882892040615825e-2, 0.9567342960745022, -0.6446127088083337, -0.2785224122260175, 0.48175799999588814, 0.7975428362974768, 0.7759092785490401, 0.3274535248226538, -0.10482169443116962, 1.271318885670572, -0.4515869275247547, 1.0587935649026676, 0.6920887905510289, 0.9739650398100673, 0.6914104977179104, -0.6162441215832943, -1.3007097316183223, 0.625158519956478, 0.3623945620810824, 0.38912957439196355, -0.15198268358007744, -0.2518647835468466, -1.6600920739045686, 1.3368903524911626, 0.1430336564832469, 1.1807798119108015, -0.15362777468937974, -0.11675627759745116, -0.24718600127953377, -1.8439338455869085, -0.5710935101343889, 0.8498459979186475, 1.1820817683524898, -0.38810676588195897, 1.5269998957181352, -0.21028461864495573, -0.2520243509439604, -0.10652858478965548, 1.1387675513290754)
