seed <- 547
log.wt <- -13.872256972665024
penalty <- 2.8115950178536287e-8
intervals.send <- c()
intervals.recv <- c(56, 112, 225, 450, 900, 1800, 3600, 7200, 14400, 28800, 57600, 115200, 230400, 460800, 921600, 1843200, 3686400, 7372800, 14745600, 29491200, 58982400)
dev.null <- 358759.0022669336
df.null <- 35567
dev.resid <- 225406.72223358275
df.resid <- 35402
df <- 165
coefs <- c(6.360343278552598, 5.732022373512558, 5.713428022969623, 5.270573777329984, 5.140503787130833, 4.823623511359124, 4.869321131216373, 4.639324445440647, 4.32362823050921, 4.293600415930922, 4.295695687665559, 4.194152135595076, 4.014609097715187, 3.970849549457265, 3.7579554184628914, 3.528534338032118, 3.274051257526728, 2.9407981105398946, 2.5319887654608846, 2.0635580920874173, 1.6775431876134592, 0.9031924601542815, 1.0087491464931773, 0.28420893960838467, -0.280909209234666, -1.136871397551954, 2.3081157722550635e-2, 1.0158671737625953, 1.079073747871812, -0.8538448804963433, -3.0969366954601667, -1.7233241700366626, -0.6651819975777312, 0.7447123189359909, 1.2586740020502143, -1.3861460183423162, -0.23364396843886562, -1.2656487875604183, -8.208240069770568e-2, -1.2673247901762748, 1.0267897782194477, 0.58049806438979, -0.8395269081677744, -1.9443758392930932, -0.8218366315346448, -0.6799586524361613, -0.684185500127976, 0.560570507817769, 0.10714788843756212, -0.16940977286246486, -0.1526021314319198, 1.0838198977656281, -2.6494530065036983, 1.7323411730072198, 0.9001809643697334, 1.0514663823152977, -1.5046343355065026, -0.22835068866011524, -0.4910592665699831, 1.5803424698949236, 1.137445419185927, 0.7115946420411537, -1.7502462436597697, -1.0786768050311553, -0.6840872486809785, 0.30172870288109976, 0.7726268956505616, -0.4407651197620084, -1.31213126201575, -0.5859420100964956, -1.884384350347088, -0.7990264066708473, 0.1652325989679338, 0.9807244317381706, 0.5948711314609456, -1.0599886286783522, -1.5841174066723742, -1.5500847875957093, 0.25148561823668797, 0.6535088383086519, 1.0806187853888312, 0.18797323904228, 0.44839002358803726, -1.5805704753209537, -4.633767461379395e-3, 0.38768669677462353, 1.2776902963538819, 0.6495415233700848, 0.9036666366176996, -2.2795752219000107, 0.6225863336966684, 0.5245867397338758, 0.7413135087433144, 0.35737946955440564, 9.032522954669223e-2, 1.2780441880856048, 0.32503609929101884, -4.019795981390348e-2, 0.18903953178811578, 0.21617716501520895, 0.30769611885997705, -0.15318960115365438, 0.8202636045462731, 2.1286675483711166e-2, 0.6912078793910438, 0.851685588906607, 1.1034383284320246, -0.28594340734273593, -0.5443179334540196, -0.8319072576246376, 0.49507637002409727, 0.6461335931273514, 1.6412982656606934, -0.545798175052905, -0.2931832506650614, -1.0786274461452017, 0.7892613206399224, -0.3756097619565186, 0.4439838861378001, 0.5784716005779796, -0.4391904763257594, -0.4317116738816684, -1.5827752916575686, -0.5878083826256081, 0.3929224453781695, 0.7471688554110625, -3.000998081594253e-4, 0.8623940516478796, -0.5498176736194207, -0.3940950718070067, 0.19414395623320885, 1.0211937141288672, 0.7146425290939328, 0.45532962438407537, 2.849876041103937e-2, 1.0261645382217022, -0.33959264040213477, 1.0807287160636059, 0.7787786659185967, 0.9260847716809625, 0.6208597303005551, -0.6938122556863225, -1.4070731954644378, 0.6332409286744305, 0.2998301692664811, 0.5095140624085462, -0.2130455240235436, -0.32799229206285013, -1.713002968869505, 1.1927013192255613, 0.20068885845873272, 1.1578676439152698, -0.1922622434474327, -8.717463595088216e-2, -8.100225997172006e-2, -1.8843860411111084, -1.2466393493281647, 0.8308973919485243, 1.1724943437097866, -0.31591299268834555, 1.6188062785206134, -0.2526741647798302, -0.11666398677602949, -1.0102527848793305e-2, 1.12260291923775)
