seed <- 181
log.wt <- -13.166308416228341
penalty <- 2.8115950178536287e-8
intervals.send <- c()
intervals.recv <- c(56, 112, 225, 450, 900, 1800, 3600, 7200, 14400, 28800, 57600, 115200, 230400, 460800, 921600, 1843200, 3686400, 7372800, 14745600, 29491200, 58982400)
dev.null <- 358759.0022669336
df.null <- 35567
dev.resid <- 225869.13419351997
df.resid <- 35402
df <- 165
coefs <- c(6.414456256944291, 5.781897719962768, 5.806316892239245, 5.190929174917055, 5.09620248997222, 4.871228208767701, 4.716218788769524, 4.582170722774235, 4.353508811359567, 4.2623035570489165, 4.3598595212327185, 4.1696379949794915, 4.013025784334677, 3.9720837870339882, 3.7538407157368017, 3.561897385736669, 3.2713963329952636, 2.961767389814318, 2.5397335440138202, 2.124677768714162, 1.5528489655584887, 0.8913425512093113, 1.0963067262607802, 0.3836780193084622, 0.412893562108948, -1.7862368711957102, -0.4307901098846761, 1.034837397783869, 1.1046946551169041, -1.043671185226521, -2.716392518940066, -2.2893566553246982, -0.5224471048355397, 0.7727454922504071, 1.2228698354800414, -1.1241499757576963, -0.7388911309897399, -0.6232025085606765, 3.78728880101945e-2, -1.1459167311382517, 1.0409193788059383, 0.9894807228647745, -0.8397507201275765, -2.058926575412634, -0.7697238157946111, -0.6271541477968141, -0.18065855832134697, 0.2364952807251196, 7.772716247322059e-2, -1.1056502620293738, 5.1783804653733244e-2, 0.9124863533917255, -2.581644771722139, 1.5909653164961928, 0.8470712096144538, 1.048378809050187, -2.0603688810039342, -5.994376683634806e-2, -1.0864326776617192, 1.5856423579419583, 1.2291817312759339, 0.7488806938046223, -1.398574586665799, -0.58828423267513, -0.44855901907833035, 0.34652146717634913, 0.6216197485438065, -0.4834274737697926, -1.2812243978241087, -0.6805291893145085, -1.9147653553406627, -0.49620320914589766, 0.4637014017233634, 1.0610506758936975, 0.6660188225824606, -0.5817234654209118, -1.664317554780774, -1.0098338532392912, -1.5004783114956856e-2, 0.7931394212373585, 1.1882324759809142, 3.511293779424695e-2, 0.22633221764950723, -1.4267928350673509, -0.6240512324701796, 0.3768616251962882, 1.1785348285475485, 0.491022652552746, 0.9485507953691631, -1.9141519789525208, 0.5389842203462951, 0.8739710660839118, 0.7141602842852082, 0.34973952571394124, -0.3788475843145533, 1.3488293258269144, 0.1890716705355159, 0.537801426184633, 1.8414173955214965e-2, -0.6695051649327146, 0.3761602230110452, -0.41839499979784395, 0.9513813045200494, -7.419100767412622e-2, 0.8412816069187893, 0.830255231401668, 1.21861171034607, -0.8943248208243564, -8.17079939751756e-2, -0.652083906580875, 0.4397748655511865, 0.6538872537668368, 1.6327842662582503, -1.248883520932453, -0.2616734057073356, -0.9383950374392247, 0.6605080963952068, -0.33932864242957733, 0.6034951498664286, 0.3377773544901814, -1.141632769359877, -0.42186138021376063, -1.4480600853170986, -0.46879421002251814, 0.421717208684818, 0.8671066768160829, 8.741964200554582e-2, 1.0123800872254625, -0.5423468244434172, -0.3349124167458569, 0.4763511411525884, 0.7908897284267536, 0.8883790296188586, 0.46601695023876355, -3.0412082420676556e-2, 1.2915470526460704, -0.3122498973671037, 1.0092103140978437, 0.7496816049129346, 0.9207525461696581, 0.7942208316939139, -0.7192373844240891, -1.2375107316695513, 0.5309548719748948, 0.5496570731272963, 0.5418090236884096, -0.21231818053003895, -0.3933091803718735, -2.109529734008841, 1.2121591133447853, 9.99633633809784e-2, 1.2174863999466756, -0.18087327829786715, -0.11809019082224255, -4.575187344760947e-2, -1.2727960978989823, -1.2243285040681622, 0.856614533574037, 1.1277556615179194, -0.5362477255798638, 1.5914744497108757, -0.3805080726473181, -6.32996654341397e-2, -2.1811580092916016e-2, 1.1585810069254285)
