seed <- 191
log.wt <- -13.09201054468097
penalty <- 2.8115950178536287e-8
intervals.send <- c()
intervals.recv <- c(56, 112, 225, 450, 900, 1800, 3600, 7200, 14400, 28800, 57600, 115200, 230400, 460800, 921600, 1843200, 3686400, 7372800, 14745600, 29491200, 58982400)
dev.null <- 358759.0022669336
df.null <- 35567
dev.resid <- 226166.6125099087
df.resid <- 35402
df <- 165
coefs <- c(6.631785719604254, 5.7247093299368625, 5.7639418691438316, 5.17938372193041, 5.086182690870358, 4.880345323256964, 4.823252424180184, 4.662767088269292, 4.385196161667863, 4.2657221056063825, 4.311041688155164, 4.146898499889003, 4.020650959056971, 3.9555057908392963, 3.7760377603893405, 3.545737541780493, 3.276579079247738, 2.9427180400954462, 2.529941487963424, 2.0413685068340075, 1.5716743345038546, 0.8610068524959034, 0.9323557649760953, 0.48296768264513207, 0.4702748760493753, -1.2337029960260897, -0.4295152746115857, 0.8550834730971205, 1.146015428642777, -1.1962024095703994, -2.1183997639424543, -2.034277825800643, -0.5461932209861557, 0.7384770550341252, 1.1364983105450894, -1.082752503951076, -0.5140105119943469, -1.2730769666923503, -9.491811875429293e-2, -0.4149667971310824, 0.9459792842388157, 0.8831901275407328, -0.8885646731512173, -1.4110866885979578, -0.668959545267875, -0.5989447115779529, -0.3196524645838136, 0.32172182839123226, 0.34607909505156137, -0.6168211273759068, -1.7712646179505076e-2, 0.870314433622091, -2.8642627402213385, 1.6061489461365939, 0.7338538988409729, 0.9423377405178632, -1.6742980571683392, 2.3378856983235514e-3, -0.5994675479100793, 1.4584169188024936, 0.9060974229768654, 0.810031405603674, -1.58281253569537, -1.3138174137291854, -0.8380846218384133, -0.19737387321244743, 0.7339174527762051, -0.6565154703605155, -1.4449294634773635, -0.6297793957008635, -1.408782337815188, -0.9259456371505974, 0.5996437748882527, 0.9000390591853623, 0.6253404125077485, -0.7413332836515116, -1.2826300974310683, -0.9143960388375432, 2.3438263841547978e-2, 0.6076406381187691, 1.1239521003270851, 6.316970990473905e-2, 0.18113855636125514, -1.564510860536354, -1.1167431904890812, 0.32156146308734707, 1.2005479233319323, 0.5387647521443519, 0.9222204104285725, -2.237834570544278, 0.22418899096931708, 0.7495573330115063, 0.787549177627203, 0.2719977825824079, -0.31415712458342154, 1.4246377913552457, -0.3199317595211734, 0.750733409563458, -0.10694282554164024, -0.12030968555859506, 0.3284431119046621, -0.21320990368914577, 0.9151887313058131, 0.2061910613720917, 0.5967417299862859, 0.8040063159129125, 1.0666483477427613, -0.6206852373573307, -0.5150058213678901, -0.9624452997107857, 0.45464339787151364, 0.584180196342733, 1.625614901665159, -0.8200660695066339, -0.27516700343221984, -1.2659572620256834, 0.7454977253702045, -0.38742587034469245, 0.42190698196323556, 0.42193859428037933, -0.15745194432422527, -0.5358195266067318, -0.9427296841132563, -0.46850534990218695, 0.3530814046312676, 0.9289333102113562, -8.117697060889366e-2, 0.8799942879018173, -0.559067264559712, -0.3277168980509257, 0.38054635665368214, 0.9587122583411627, 0.9424944292566726, 0.4360013802875536, -3.401446093485291e-2, 1.0773841527406076, -0.30701317250605037, 0.9951424026454943, 0.7588532534306606, 0.8949870353314773, 0.7047887124540347, -0.8218495067406492, -1.3534192145370332, 0.7507324390759543, 0.31104087847080975, 0.5288481102748712, -0.25591356540462723, -0.6123003059894074, -1.6305258796860813, 1.2781644302454889, 0.15216649754780368, 1.126439365071685, -0.22799550331135252, 2.472078078669057e-2, -0.12361562881259697, -1.62523327389626, -0.9524872489968217, 0.8746510884096024, 1.1840273775238668, -0.2544941719849119, 1.6011619701718962, -0.11249635141931881, -0.17829867757755172, -3.93102145403956e-2, 1.1629136090058743)
