seed <- 108
log.wt <- -15.135535579510991
penalty <- 2.8115950178536287e-8
intervals.send <- c()
intervals.recv <- c(56, 112, 225, 450, 900, 1800, 3600, 7200, 14400, 28800, 57600, 115200, 230400, 460800, 921600, 1843200, 3686400, 7372800, 14745600, 29491200, 58982400)
dev.null <- 358759.0022669336
df.null <- 35567
dev.resid <- 225940.5601557446
df.resid <- 35402
df <- 165
coefs <- c(6.682345531858976, 5.622074596549339, 5.488652613347723, 5.22998687456089, 5.0869250174973875, 4.817666183244841, 4.818761838645482, 4.669485293110087, 4.380666358419247, 4.345272068320641, 4.3295037996619765, 4.163931152834559, 4.027210158913406, 4.0011724182689745, 3.7680233702258352, 3.5158502605302835, 3.2800657100029054, 2.9623341568755968, 2.5213071182207174, 2.031590538600946, 1.6548862129077495, 0.8840045579087698, 0.992584040612147, 0.44046407928089476, 0.6616508182376887, -1.3312480091120753, -0.17216517350488358, 1.0741942439270518, 1.0866131559396248, -1.5057017459187618, -2.4821178231091463, -1.3785496176479823, -0.8075610735301533, 0.7678416639472111, 1.293335048603942, -1.7359468194728263, -0.3066046586054938, -0.5548149596711782, 0.21181189748153365, -1.5012317225601735, 0.9375594512046209, 0.8065335446055719, -1.2650245728527099, -1.4676277275579854, -1.1305704942236363, -0.7234465912890667, -9.889584603400534e-2, 0.3827630752417533, 0.6927049532694372, -0.865722405582293, 8.886112378151846e-2, 1.0737015409843405, -2.7232032727455655, 1.7041769402597131, 0.8244193821016775, 0.9381436562327943, -2.081589352346618, -8.894010683354661e-2, -0.4048573914623904, 1.2374458905643304, 1.5153794638196756, 0.8370740930510356, -2.5553824417535647, -0.6677966296797755, -0.809394326566222, 4.3368855554557564e-2, 0.5362968390654732, -0.4322034443548155, -0.9204758334035993, -0.5516788130692701, -2.4366795369581484, 0.240249909524208, 0.5651726073828984, 0.9583967904742865, 0.747453993320228, -0.9243977214106497, -1.182132429460311, -1.2198794386006278, 0.17621575247615762, 0.600948436935464, 1.2964856144183132, 0.10603012116212468, 0.366580424399286, -2.468297447157658, -0.7186839152124369, 0.35008939644802284, 1.2455634784488494, 0.43664481379701153, 0.9776865334902954, -1.9780577606029097, 0.4082148887256269, 0.6598864290537472, 0.7916890441895638, 0.26977017619234145, -0.8353883076474018, 1.3827533461967878, -1.1475661903266, 0.21787612141070473, -9.646012420853947e-2, 0.25955822777690496, 0.3225202318672393, 0.11527088023773881, 0.9695896633736515, 5.903531819954329e-2, 0.9284159462982423, 0.80338801688781, 1.173764279234867, 0.2461574232062311, -0.9147408379490909, -0.8893572819832086, 0.40291451075897716, 0.5626279163603725, 1.6112361417751622, -0.7534358258140612, -0.18609310633372778, -1.5710006563632648, 0.7497948755705484, -0.4287992039549012, 0.5457021229056093, 0.6815835463376695, -0.5018005339517513, -0.380059708084709, -0.9145781256933376, -0.8360619129730601, 0.337893140748381, 0.7584613221656558, 5.1781434274510416e-2, 0.9351719943738135, -0.7069225440071004, -0.3295434207891754, 0.5542113640957557, 0.9534050599497411, 0.9866121954334741, 0.3049332688821899, -5.299814083987681e-2, 1.1331097637852319, -0.24418137536693915, 1.043635975201183, 0.7781843789385721, 0.759377756379579, 0.786117337189794, -0.6455002946426988, -1.1419212623249935, 0.8284490821989294, 0.39342014018936794, 0.45248817347215864, -0.13435579695242797, -0.47398775242231617, -1.9037652481073897, 1.1765554969199459, 0.2204101117161313, 1.0704321369322916, -0.1272769363476456, -6.312610551990942e-2, -8.434935424577537e-3, -2.1890271458700696, -1.2255440422871609, 0.900344520695096, 1.22933479916144, -0.13636076758486934, 1.5891679972209596, -0.19092824400809918, -3.187694837610457e-2, -0.17361428218324207, 1.2218934161922397)
