seed <- 353
log.wt <- 0.0
penalty <- 2.8115950178536287e-8
intervals.send <- c()
intervals.recv <- c(56, 112, 225, 450, 900, 1800, 3600, 7200, 14400, 28800, 57600, 115200, 230400, 460800, 921600, 1843200, 3686400, 7372800, 14745600, 29491200, 58982400)
dev.null <- 358759.0022669336
df.null <- 35567
dev.resid <- 226364.60100963188
df.resid <- 35402
df <- 165
coefs <- c(6.794429559073758, 5.991821431744086, 5.739091295162677, 5.373046186519041, 5.126739715367674, 4.78926619702602, 4.850925885103818, 4.640947270961197, 4.3265794545856675, 4.269891746019069, 4.400645470472228, 4.174148414020682, 4.029207672831608, 3.965250645859986, 3.7465103717236268, 3.5293360653834593, 3.2347966881063805, 2.9395571133181333, 2.4867630104249954, 2.079439240576714, 1.6044391864631875, 0.9297737161104279, 1.0072575463962714, 0.39258324376640624, 8.664715429754982e-2, -0.6818074357254993, -0.21192110174864692, 0.9510517201119665, 1.04103002530803, -0.9871964077775928, -2.2749639918381233, -2.068150767716406, -0.48070933905209706, 0.7494007926918169, 1.2172015763818977, -1.3700339983014824, -0.7630066952584139, -1.2889880690146844, 0.1974411375405565, -1.2809971805497395, 0.9237191829419568, 0.6489522962764523, -1.090094865032294, -2.2115322448342734, -1.3331574909087902, -0.8254537877068033, -0.1937544412482606, 0.29207337356640695, 3.1240061341516422e-2, -0.7674230712598431, 8.214499481979433e-2, 1.1956313167140984, -2.141609683054904, 1.669470441546378, 0.8423277715102848, 1.117573584582068, -2.086373634751164, -0.14219405823506084, -0.7627642230951948, 1.3083858227987741, 1.4421731373923392, 0.8953386436613687, -1.8498632303284928, -1.08895977689485, -0.7234702016482587, -9.613867235909063e-2, 0.5912804954401982, -0.49889326567474934, -0.955637753116182, -0.6261051109318133, -1.7682732021356893, -0.49740598538284375, 0.7687584403412011, 0.9038450296645251, 0.5676385703458613, -0.48091608568630234, -1.2670562404633046, -1.3766073526040807, 5.405447118012367e-3, 0.6334109836053075, 1.2072650086705692, 4.2159564415357696e-2, -0.18900221162563174, -1.7720915764025997, -0.6801036941894145, 0.4371215649335617, 1.0724792484838257, 0.18977193436313147, 0.7902693063298574, -1.934137471880423, 0.5024594784581053, 0.7193715651704997, 0.8786280895184948, 0.39671954117520647, -4.729570685517948e-2, 1.0969972244901307, 0.629726485716866, 0.16175092801995936, -0.20408874792286041, -5.705259974671779e-2, 0.5557932341373714, -7.691332721249572e-2, 0.7981028702907982, 0.2661085282322544, 0.7870071175072578, 0.8299226336578988, 1.0930322194465165, -0.430955004129827, -0.42857903974812295, -0.8366513546680429, 0.3088914771618198, 0.6620618102991572, 1.528969765458287, -0.6056297947492177, -0.11895478793929713, -0.9742411880035261, 0.8346712460389607, -0.4183599788866024, 0.4528403729602961, 0.6215569555352247, -0.6613060356689335, -0.7123464439944392, -1.0866442445296385, -0.17471335530912482, 0.37140493450292267, 0.7793976034119259, -0.10446581879099356, 0.9463794744859806, -0.6825510958606366, -0.37914054526522734, 0.17855029855930157, 0.9637742259744911, 0.8018173165199112, 0.5385058225598605, 9.70909674042706e-2, 1.1015333174729027, -0.35599513418884166, 1.0673968106497642, 0.7444507573988633, 0.8945220404951012, 0.7807374850170423, -0.5052790695126654, -0.9462337493118415, 0.8110722990421889, 0.4015783417513078, 0.4751568017196088, -7.824549295492034e-2, -0.6357623487023089, -2.2141883267857634, 1.2335933481958044, 0.17330936335249733, 1.0789374214304777, -0.1698998919940604, -5.1443697512529286e-2, -4.155847947246549e-2, -1.415956580956899, -1.628945472495785, 0.8754975841035622, 1.105076421728391, -0.381648752072187, 1.491133137462636, -0.32218747349738047, -6.885671996801165e-2, 9.651386822726953e-2, 1.2200202589305922)
