seed <- 858
log.wt <- 0.0
penalty <- 2.8115950178536287e-8
intervals.send <- c()
intervals.recv <- c(56, 112, 225, 450, 900, 1800, 3600, 7200, 14400, 28800, 57600, 115200, 230400, 460800, 921600, 1843200, 3686400, 7372800, 14745600, 29491200, 58982400)
dev.null <- 358759.0022669336
df.null <- 35567
dev.resid <- 225934.30413221955
df.resid <- 35402
df <- 165
coefs <- c(6.498924537867435, 5.923530248375495, 5.620285956596877, 5.337578815932968, 4.982986940017574, 4.776709013028542, 4.769846603977243, 4.638625662737996, 4.382173011027993, 4.2718138677896125, 4.267585448245261, 4.169922010106112, 3.9977676031350478, 3.9282524362078717, 3.76465886627598, 3.5412602240868742, 3.27014925718307, 2.9502413674771812, 2.5365830680871277, 2.043071725701023, 1.533394045973929, 0.9310387284460971, 1.0148394731340449, 0.25522407085380117, 0.7545436119422831, -0.9242646047894466, -0.3518881238822143, 1.0922489373139248, 1.1041634571604992, -1.1488893203274575, -2.263822227798055, -2.187650372207902, -0.21668487590882968, 0.7478721762629104, 1.2469476853409724, -1.1779646625142017, -0.7307038445998798, -0.7661009950689973, -0.20785675105364704, -0.9986804410151072, 0.9452332925345698, 0.8191515068279459, -0.9760827400831442, -1.9529540884819323, -1.1342764769299605, -0.90251353128912, -0.6850815310192911, 0.26220435396082253, 0.6387757119651946, -0.64933411752873, 0.1623723870974958, 1.0158242359460923, -2.690830075536684, 1.6038516703592964, 0.7506735858928573, 1.045630062482655, -2.1041669921263835, -0.1392904264720934, -0.6409920479829087, 1.2877984671437552, 1.483894158123571, 0.5578625861118814, -1.6019665113729862, -1.509578114126761, -0.581685063825738, 0.3600334387722346, 0.5644361292247575, -0.7203527424228677, -1.580579886934852, -0.49990016266752424, -1.8905792045661969, -0.1023406018114128, 0.6194270492363498, 0.8221285414243609, 0.6923077897858925, -0.5166375867553004, -1.3755099476196262, -1.5701291160459578, 8.806487014587241e-2, 0.6656110923837627, 1.2416819475608574, 0.22018561936272416, 0.195234624391457, -1.6767175788592497, -1.37007371351738, 0.40375916780063315, 1.2429794883953953, 0.6142849615760972, 0.9261913037679911, -1.8075533729889193, 0.5767582804566891, 0.7080090670338929, 0.8616344403914361, 0.31356553114982694, 0.23317495022995174, 1.2943254385096257, -0.569930643832585, 0.13694714299334343, -0.16446272648805932, -0.7201337321123136, 0.331086105816406, -0.44551199528646224, 0.8683211066055442, 0.26445817555849105, 0.6094551397944549, 0.8520344658210276, 1.1385079207793993, -0.3621773558788695, -1.2546257284500912, -0.724446142426997, 0.46020601005341116, 0.7409556474991493, 1.6615554597781932, -0.5368957590668931, -0.28623145216160345, -0.9843709435866884, 0.8315751790493022, -0.23798286574072286, 0.2660380846083681, 0.5412057413744382, -0.434087562625531, -0.3652959408926122, -1.2618639625036296, -0.15433746647276206, 0.3640050998081586, 0.6726288290220481, -7.339934696740422e-2, 0.9172608468216555, -0.4482433570075198, -0.38490461508145946, 0.3281364404570886, 0.8506448538696544, 1.0372527672022689, 0.27239120573073894, -7.780354592119235e-2, 1.188821038225251, -0.2791470878523604, 0.9892641944798997, 0.7988309419613606, 0.9685430989500798, 0.7831780732203236, -0.6619188963129391, -1.2964727416616821, 0.5637719874435275, 0.6935466112322041, 0.46594225354627716, -6.640678955638814e-2, -0.3450776958425947, -2.011378651511973, 1.2373050181159608, 8.859091479423173e-2, 1.1885195804947881, -7.37675629176162e-2, -0.23818602347898568, 9.02463462887137e-2, -1.7359747140919055, -0.8680184166764265, 0.7704109030995154, 1.1743827354459047, -0.40768978423567775, 1.60631610748046, -0.17325509386178975, -0.1361400620711999, 8.729622297404699e-2, 1.2301943718087305)
