seed <- 454
log.wt <- 0.0
penalty <- 2.8115950178536287e-8
intervals.send <- c()
intervals.recv <- c(56, 112, 225, 450, 900, 1800, 3600, 7200, 14400, 28800, 57600, 115200, 230400, 460800, 921600, 1843200, 3686400, 7372800, 14745600, 29491200, 58982400)
dev.null <- 358759.0022669336
df.null <- 35567
dev.resid <- 225121.59382588058
df.resid <- 35402
df <- 165
coefs <- c(6.498255669954523, 5.921427092971753, 5.7468341334761375, 5.361402620538088, 5.028600306850226, 4.833779594082819, 4.765604641859262, 4.657602503399438, 4.448150686519483, 4.296856129793343, 4.310266974306678, 4.168500933625106, 4.018185077983288, 3.9815222984199847, 3.7862939829803106, 3.557342785416697, 3.265200538348316, 2.959222234279739, 2.5113908950752264, 2.0505528523500267, 1.7034232767226403, 0.9029431234469341, 0.9970634644266665, 0.3548279859715423, 0.6804478622489886, -1.6361165099901767, -0.3147446841178932, 1.0356811691290648, 1.1166022095572856, -1.7089732776981998, -2.4355829341754687, -2.102785715673101, -0.3139810567496607, 0.7537093578335886, 1.195801959001156, -0.8559351915101716, -0.4087674433357379, -0.607809320794169, -1.5320065460730826e-2, -0.5620152161854255, 1.010124359845724, 0.8408310186989817, -0.8538880964462626, -1.8468064721870614, -0.7328909314311199, -0.9735197506033364, -0.6879519840916942, -7.011286800730691e-2, 0.38141400042728324, -1.0870558879369998, 0.15179958414199227, 0.9062208978454519, -2.618846837339546, 1.7586700610243176, 0.8310926817555123, 1.1199366420785246, -2.0258960820073173, 0.1880109691165125, -0.4310375007235555, 0.8890879352942669, 1.3089058539711238, 0.7130841533012772, -2.165955966444925, -1.2510165988600326, -0.5552276402465338, 0.1015824024096691, 0.4975775208663594, -0.3805454413928504, -1.7230532601006157, -0.8380321485606358, -2.0404023496129366, -0.6071872703901914, 0.27357381471077485, 1.0137367972601092, 0.7496128717144727, -0.9258959795120448, -1.483276984211836, -1.23290650609695, -5.717365095659705e-2, 0.6789038567695994, 1.2509666472963834, 0.13323519291513441, 0.24378965769224292, -1.617483833802307, -0.724082039801443, 0.42022727983966907, 1.1947050265724475, 0.4526587789380838, 0.902045916916793, -2.2017528673343802, 0.5530512982813093, 0.7735099144135809, 0.8981988520570987, 0.34018188976591585, 0.2408154454672906, 1.4008806595710184, 0.3387969688018487, 0.2258699624598889, -6.363034731382505e-2, -5.014830116029607e-2, 0.1848483780307294, -1.6347203170723894e-2, 0.983656026813279, -0.39941449954978103, 0.7731968152560829, 0.8418607147673303, 1.112055646974742, -0.1764559791441359, -0.5101351281279911, -0.6822887702870485, 0.4228486387444726, 0.6194417996084661, 1.609272148012935, -0.49401840055781526, -0.19615833974405547, -1.0662312577791033, 0.8801475302328223, -0.20451509930156553, 0.5213220692720029, 0.48738922131158563, -0.8680981827388048, -0.27968213341454184, -1.0202877506790538, -0.30267764407207914, 0.4067379243928343, 0.9706149743230423, -4.376313718431347e-2, 1.0229148434564688, -0.8372931949479998, -0.37482360225665085, 0.1695318223147191, 0.817404177853499, 0.7448449372531977, 0.4894748701003514, -1.824527732986489e-2, 1.097494223673388, -0.30730939725450496, 1.0271087903654297, 0.7542297456685391, 1.0348006768229217, 0.7680795765686701, -0.6726872321641281, -1.1463675029180642, 0.4455907662572804, 0.3079988718376685, 0.5565547418161508, -8.960618365135949e-2, -0.4033539372182568, -1.8479244140446807, 1.2962018087994052, 0.10606886767283233, 1.2283253806005288, -0.1527599342209583, -9.636341495929665e-2, -0.17462072780254978, -1.0680056034051038, -1.5248995152469065, 0.8740048176454407, 1.168824153824212, -0.6163891921863357, 1.5829543363406393, -0.3410108007627587, -0.13910998255110615, -6.260792755969535e-2, 1.2152850380466087)
