seed <- 840
log.wt <- 0.0
penalty <- 2.8115950178536287e-8
intervals.send <- c()
intervals.recv <- c(56, 112, 225, 450, 900, 1800, 3600, 7200, 14400, 28800, 57600, 115200, 230400, 460800, 921600, 1843200, 3686400, 7372800, 14745600, 29491200, 58982400)
dev.null <- 358759.0022669336
df.null <- 35567
dev.resid <- 225441.99345171693
df.resid <- 35402
df <- 165
coefs <- c(6.717614599729118, 5.98760941272771, 5.727084156227135, 5.409209567791961, 5.175493089376429, 4.821771865594253, 4.700736788861659, 4.67340397019326, 4.321407452920168, 4.288577498576658, 4.329455266112656, 4.1554886265556865, 4.008497299955804, 3.9411105151763084, 3.758408032291437, 3.5383666160530187, 3.2578430482748773, 2.976509949853044, 2.481181791644838, 2.0625381591771252, 1.619217906571369, 0.9253612336028081, 1.0056995831567332, 0.426868145530173, 0.32555035551937195, -0.996947334755973, -0.43920346382899744, 1.0020236190298417, 1.0357789916187643, -1.1719594634660202, -2.0615998697262845, -1.4700186428011461, -0.23738845003171086, 0.8002524102455595, 1.3603884949795177, -0.8517650205444552, -0.2905477825370378, -0.8867357071462818, 5.035451716981906e-2, -0.9922401002833057, 0.9374182903872346, 0.9253201299476487, -0.9250137538594605, -1.3865741300382592, -1.0106058553732875, -0.9309246026018855, -0.5456725214486654, 0.419749855091894, 0.3946274643238561, -0.5285688250300241, -0.5643762431776853, 1.0700698905457506, -2.1120823512896996, 1.8399500758440286, 0.8577358094308425, 0.9662071211848876, -2.312113229214761, -0.2566249606741956, -0.5027409923293841, 0.8828514180145989, 1.006352199597117, 0.5785573820589446, -0.9540314927170571, -0.31901172455830573, -0.47523563227681803, 0.27811332602007716, 0.49725817093717584, -0.46359271428679066, -1.424871820500853, -0.6269694726056158, -1.8937778603373137, 0.38506060541059595, 0.3547011191732278, 0.9481753774669359, 0.6600741032359122, -0.8687235403160682, -1.415947230237919, -1.618710266558454, -5.135011310087979e-2, 0.6832610248401532, 1.1186653408503942, 0.1566036279627031, 0.20544103230008345, -2.042587661529418, -0.41773918901236234, 0.25580055508721683, 1.1718994825690519, 0.6707808649479051, 0.8786352239330201, -2.4264609583201904, 0.536963482735467, 0.7193872709444367, 0.8163540136553167, 0.34896424550869987, -3.2296672805879716e-2, 1.553785622354505, -3.8846973335251965e-2, 0.5397610430601363, -0.10765420660333973, -1.0889972812942081, 0.5572662878744712, -0.19543379457367283, 0.8402581792687427, -0.9230741457912831, 0.958107184870407, 0.9002795881564409, 1.1077404707492369, -1.0691986394292068, -0.4896855521351329, -0.5959395122089244, 0.4485766629302381, 0.6780980238285842, 1.5412223483541294, -0.4172892998360048, -0.4005161888562579, -0.8861389901087996, 0.8017363440309342, -0.1676353349313643, 0.4319035291368051, 0.6480152837344164, -0.8849497242602465, -0.832572634594802, -1.091130379223757, -0.6219607185701138, 0.165934114578376, 0.7952521070763338, -5.000534085994947e-3, 0.8088387570726706, -0.5738189698098549, -0.43068115995273043, 0.1654866800960696, 0.8148714157100729, 0.999615872037545, 0.28312064694175093, -0.10659796112918703, 1.0760950572892194, -0.3825562649569427, 1.0586624975147179, 0.7213866122633917, 0.9331205244002492, 0.8641911432508952, -0.6396613131916699, -1.152198897600234, 0.7142029202912057, 0.4431860469762549, 0.40038918678078633, -0.2661464544969008, -0.39708835170463314, -2.238968276029069, 1.2592987139953904, 0.15534071743754582, 1.157434190511337, -0.17842107303658536, -7.896426151881963e-2, -0.14997284589693857, -1.8818539446343832, -1.4022638363473365, 0.8349598223401861, 1.198235435271869, -0.20904573891465894, 1.5085344980441746, -0.3267430676438682, -0.16546251244432844, -0.13885026592753735, 1.178165371309017)
