seed <- 484
log.wt <- 0.0
penalty <- 2.8115950178536287e-8
intervals.send <- c()
intervals.recv <- c(56, 112, 225, 450, 900, 1800, 3600, 7200, 14400, 28800, 57600, 115200, 230400, 460800, 921600, 1843200, 3686400, 7372800, 14745600, 29491200, 58982400)
dev.null <- 358759.0022669336
df.null <- 35567
dev.resid <- 224642.91318870021
df.resid <- 35402
df <- 165
coefs <- c(6.49287480334712, 6.021636300552493, 5.766823657638581, 5.196369022781604, 5.072257734576131, 4.879928485806492, 4.8156973891247015, 4.6860599963643494, 4.388546465249361, 4.287918285584719, 4.405388983639684, 4.173478568801871, 4.017129385959007, 4.017487855997334, 3.757876204619295, 3.5610545507868427, 3.2995874291252854, 2.969562580563189, 2.511027878054329, 2.104042094450492, 1.5708247067724266, 0.8931297364015748, 1.0215114577255782, 0.42856829756702025, 0.5991230644173423, -1.2413273764529111, -0.15816084305460754, 0.9636483544683202, 1.129274703074311, -1.4359742673719809, -2.6972006070876597, -2.132337004478031, -0.633415531543729, 0.744631616229475, 1.2939172491722537, -1.1042358781195831, -0.724836659157878, -1.369421837960759, 3.2021381828231214e-2, -0.790894472201906, 0.9886640699099212, 1.0543277788935255, -0.9407793679739638, -2.0900755353620806, -0.7582263800565885, -0.7381324739045799, -0.16771020969364858, 0.32676463238054576, -0.31056793702495594, -0.9443553896227012, 0.12649862367987175, 0.7307881005986678, -2.8526422915712706, 1.7634131928115213, 0.7424668894793764, 1.1033638924681985, -2.060565336258488, -0.21519538629218327, -0.24543384749777317, 1.4369185073267272, 1.237655351496668, 0.9459039243616841, -1.9412565785466105, -0.6842871441151238, -0.4164446036232599, -1.6835284992172805e-2, 0.7330964545241171, -0.3017413507160601, -1.5671575095462038, -0.6499952984024716, -1.8793600162684727, -0.6602339629900413, 0.7168019695898352, 1.0268306245492447, 0.718536294122208, -0.42145310526903146, -1.893906984496988, -1.2185072780564832, -6.45461318348153e-4, 0.7258420027323286, 1.1604948991596604, 8.866425234203829e-2, 0.18255157482306242, -1.591195659138398, 0.17060969504686602, 0.3701615575230289, 1.203864924052086, 0.3955622024109708, 0.8952107951046284, -1.8552202983933737, 0.5590117745088536, 0.7703440212198192, 0.8974414577876794, 0.4936270245692738, -0.5975848975388742, 1.389706212948155, -0.569381226763706, 0.4710282233492054, 0.1446156208635508, -0.6427655855054208, 0.4483765934488663, -0.7080331871348013, 0.9048141042054872, 0.32971042033682496, 0.6194655270129414, 0.8737554868152495, 1.048792225042296, -0.642886857261155, -0.6364766301954383, -1.007985251182244, 0.3880846881306052, 0.4531670981285982, 1.6520990699556317, -0.5272464556218661, -0.2667438230288978, -1.7319359890074086, 0.7580688496823161, -0.288657805490364, 0.42987686161058647, 0.48234026710799865, -0.2385015355284424, -0.3544723785726516, -1.4743207093042519, -0.6013913835404585, 0.40210644605146545, 0.7921638043682147, 2.7870752796568562e-3, 0.9155385407854177, -0.3390619947587111, -0.42985905274679576, 0.39679461024095763, 0.9147696395263507, 0.9655416114771589, 0.527510796342125, 5.721338027111382e-3, 1.1302612382291624, -0.25382800141263245, 1.120724087550505, 0.7915484628253207, 1.0253175194980004, 0.7547696442766598, -0.5675653447442156, -1.3706416425089418, 0.6639557418368254, 0.3594746818824296, 0.5702376628791692, -0.3213812721254831, -0.3898059343935461, -1.721159163847897, 1.3030006147151305, 0.2337170845137403, 1.2350161493913432, -5.6658431445878676e-2, -0.2044027547772967, -0.11271336510701563, -1.644470941184449, -1.5694423852399038, 1.005889444786839, 1.2757765323272758, -0.14282936881023092, 1.622249367407238, -0.27181270676833175, -6.2072585927714266e-2, 0.15095733313159257, 1.2248448056902674)
