seed <- 205
log.wt <- 0.0
penalty <- 2.8115950178536287e-8
intervals.send <- c()
intervals.recv <- c(56, 112, 225, 450, 900, 1800, 3600, 7200, 14400, 28800, 57600, 115200, 230400, 460800, 921600, 1843200, 3686400, 7372800, 14745600, 29491200, 58982400)
dev.null <- 358759.0022669336
df.null <- 35567
dev.resid <- 225903.6866644641
df.resid <- 35402
df <- 165
coefs <- c(6.708068242010283, 5.878237815836466, 5.742401628506951, 5.151710925151445, 5.117856632281659, 4.92944824957578, 4.865837511501729, 4.590876499473312, 4.374475945868734, 4.259988711696878, 4.348676449035864, 4.189957747838469, 4.04598175125807, 3.9822808424337466, 3.764963787502411, 3.5576959989192534, 3.2433725501207906, 2.9835615486609526, 2.485494748823229, 2.0687228016291384, 1.686943324000301, 0.8608359837100277, 0.9223819371715277, 0.3458905605814774, 0.5124419178512057, -0.7794954764472122, -9.703400338830047e-2, 0.7542088185676245, 1.04820570570162, -0.9984090126011542, -2.1879583647058736, -2.476331938026606, -8.34725458934425e-2, 0.7527786489447114, 1.2280574441261158, -0.874740068902904, -0.6865240835163885, -1.4057254746426033, 8.522008836181422e-2, -0.8313374291125539, 0.9853833940659469, 0.9424046061668748, -0.8585354053702458, -1.3123135750119423, -0.843980606624953, -0.6201486821404134, -0.8452315910342805, -0.13324944795223592, 0.5574263991833049, -0.5356445988634159, -0.23006342299507143, 0.759666524206207, -2.21320894657888, 1.6704532537102597, 0.808165450243283, 1.0172019936857328, -1.8340866019150766, 1.3534607690271476e-2, -0.4305885792669126, 1.1939166417040556, 1.2180852206158654, 0.741374897953335, -1.965464721688067, -0.7429895279216896, -0.5644211458474288, 0.13962903983302832, 0.5843972864304651, -0.4075437617408703, -1.9373091587479616, -0.5015033383835118, -2.027890324511465, -0.39916370894212033, 0.697818142515547, 0.9432649919176216, 0.7813164619845601, -0.8403137472915592, -1.3299856331626954, -1.3167059654343, 9.550250098848531e-2, 0.7550047779260542, 1.165066509219075, 0.19211260947688877, 0.26832125775062265, -1.7974485152300457, -0.38944336039640737, 0.383365389034439, 1.1574546008703899, 0.5498563845511977, 0.9301868098072534, -2.2551868254470384, 0.43063992713691474, 0.6020029155020458, 0.818170840860472, 0.2635783197648635, 0.12256674621230305, 1.1522821851046232, -0.2827567613661532, 0.2747870560902258, 0.1314482329951239, 4.701914727694781e-2, 0.3822979793505662, -0.6758099015962474, 0.7880596583208651, 7.463400280101035e-2, 0.7143295488421832, 0.7703154440491772, 1.102084718600962, 0.27362638721261034, -0.7364970553258539, -1.191163304382181, 0.30082039818056805, 0.6081525879476963, 1.5744095348063039, -0.27864589088031316, -0.32783223502586784, -1.489146364726808, 0.7423752324646666, -0.34179586925670075, 0.5737052306673671, 0.5308509222580898, -0.9650568627452762, -0.24877054282083788, -1.0556707909442304, -0.5602186019284916, 0.17886645568962156, 0.8388700193326061, -6.521037406572244e-2, 0.9240647124913131, -0.4990694778874323, -0.6215086494290125, 0.2915836631945569, 0.7744755362086931, 1.0034930946475757, 0.501865181083754, -6.618895003756327e-2, 0.973894639094355, -0.40683770973441186, 0.985772335110901, 0.7049042746296973, 0.9481230302376955, 0.7824301618128037, -0.6399240831620006, -1.0417412418483922, 0.5849659537076668, 0.4158098874129402, 0.5254298076873246, -0.14857478319805817, -0.6101262836431603, -2.159818757217074, 1.2068739943477007, 0.1295694354661667, 1.2221207466467887, -0.18838945725010856, -0.12827499126421457, -0.16324926106243834, -1.6514064457499238, -1.344796538876365, 0.7907120733895047, 1.1067368898587853, -0.10781251174659769, 1.5749223131191832, -0.25924565254248566, -0.10170215404813308, 0.1421834602155171, 1.163935555119702)
