seed <- 269
log.wt <- 0.0
penalty <- 2.8115950178536287e-8
intervals.send <- c()
intervals.recv <- c(56, 112, 225, 450, 900, 1800, 3600, 7200, 14400, 28800, 57600, 115200, 230400, 460800, 921600, 1843200, 3686400, 7372800, 14745600, 29491200, 58982400)
dev.null <- 358759.0022669336
df.null <- 35567
dev.resid <- 226352.78471023106
df.resid <- 35402
df <- 165
coefs <- c(6.462524716314919, 6.17688812275486, 5.7027950389199225, 5.452631195788347, 5.0699363084630065, 4.930143823926696, 4.772424898472713, 4.637851859260519, 4.359979084321997, 4.270823089474807, 4.31023662494983, 4.162437104589439, 4.045155440767445, 3.9881043775694573, 3.777646269862074, 3.5145562169670477, 3.2527775597503332, 2.9844432301857102, 2.534790409502531, 2.0703549007168194, 1.5723540503896891, 0.8446076455769949, 1.0227611463808488, 0.20820968027527856, 9.869406446390483e-2, -1.291067472458575, -0.3324439815686378, 0.9072586966749893, 1.0130882007976594, -1.1820665779720618, -2.5063846505354515, -2.67804965333154, -0.4014149691127688, 0.7544582340261368, 1.2396087098313877, -1.3972304036748853, -1.3291016711756585, -0.8907399217242955, 1.5792065760212064e-2, -0.553254514503198, 0.9165731978320725, 0.8918643021265764, -1.0698958323679342, -2.0532956050981523, -0.7800125834166186, -0.6089810115385106, -0.6598400577225381, 7.51618806759702e-2, 0.6388059424199705, -0.6961318939658314, 0.15039344486773165, 0.7420278220416011, -2.4997762156909222, 1.5233638278010238, 0.7765710153127489, 1.075318381183318, -1.8915973686803198, -0.20698177105415425, -0.46661561613446384, 1.4415942891275513, 1.053947326469071, 0.9210593393963494, -1.7847560499611612, -1.2663248058802692, -0.5094409338268825, 0.2659417156760608, 0.6752486621122377, -0.3197170788564868, -1.1636834637494924, -0.4875298685886723, -2.015402964221117, -0.264850920480141, 0.5109167683915344, 0.9598362001077431, 0.7022415763428206, -1.742503028750263, -1.543253613089867, -1.339194121566868, 7.169590577752229e-2, 0.7830260319211283, 1.1088510963138063, 6.115306479962076e-2, 9.719762805528677e-2, -1.4027767128121311, 1.8345986481343977e-2, 0.29366824825925925, 1.2286998527036797, 0.6666646572917948, 0.9157576372672339, -2.2507700903682237, 0.4091988662321181, 0.8317693408461782, 0.758423125206452, 0.26056234702359077, 0.13457502600461244, 1.2368324978754581, -0.3902398702547801, 0.14939993766436208, -0.17499840118295457, 0.20923534039321834, 0.47400480126926525, -0.6440057928131484, 1.00038547133331, -1.317855616845484e-2, 0.47938551997402984, 0.7737800023433145, 1.1363671651655534, -0.9024456887544842, -1.234373075523802, -0.9986966746244742, 0.29850283830864255, 0.5916798533082477, 1.546497985909985, -0.19535791099234104, -0.19453383972788246, -1.1115322409512458, 0.6989922091263975, -0.23934200800987476, 0.5494457943405616, 0.6695648519784582, 7.64501326259129e-2, -0.4272241980592975, -0.9767630163760351, -6.004339654870434e-2, 0.14765225344502753, 0.8644619443690772, 4.626237325578862e-2, 1.0507806492741514, -0.6021981386047586, -0.37643444533612197, 0.39898236678555893, 0.7501798738816676, 0.76813538490062, 0.5912205492604468, -6.088244691842789e-2, 1.2287536693022065, -0.3680077863806831, 1.0442388216877918, 0.7449960778399971, 1.0138092586779786, 0.7283856047179111, -0.6166068047646797, -1.2344641223549446, 0.666896275119009, 0.12267391350040278, 0.5590301896385571, -0.26441788067825855, -0.5034230613421358, -1.6077620045621606, 1.301443961589984, 0.16877590169070217, 1.3087104240810055, -7.698513113809358e-2, -0.158685384477462, -0.2026150761307576, -1.0811356232117422, -0.33425490229851207, 0.8296456965057128, 1.1986319987023226, -0.22007123198747683, 1.5146664770291929, -0.2799200795378579, -0.12231995092319073, 0.11235904842206047, 1.1418540993634363)
