seed <- 403
log.wt <- 0.0
penalty <- 2.8115950178536287e-8
intervals.send <- c()
intervals.recv <- c(56, 112, 225, 450, 900, 1800, 3600, 7200, 14400, 28800, 57600, 115200, 230400, 460800, 921600, 1843200, 3686400, 7372800, 14745600, 29491200, 58982400)
dev.null <- 358759.0022669336
df.null <- 35567
dev.resid <- 225908.6975388595
df.resid <- 35402
df <- 165
coefs <- c(6.31725331075195, 5.730534376215495, 5.715946309829431, 5.253556848012669, 4.954397675445056, 4.950350722574148, 4.79756738579809, 4.59164841544753, 4.385776121375095, 4.29033752111628, 4.337018840733965, 4.171271553962796, 4.031863465997016, 3.950894081058057, 3.7202813691700705, 3.568378841584986, 3.2588602065705614, 2.947722545236955, 2.512568201845192, 2.1023667637292145, 1.6635634207449366, 0.8848908192658268, 0.9122663290256686, 0.3491328480599098, 0.5283830072333576, -0.9761810071675555, -0.15318632275367722, 1.124234955239135, 1.0219788970000243, -1.3699463884580907, -2.4380518941162146, -1.5251257218827583, -0.25941416244308446, 0.7682869674103988, 1.1215826878960837, -1.1301891430321993, -0.414708475615592, -0.447417131954838, -0.1452169911224311, -1.1731449795640294, 0.9730572382321406, 0.7585809716272247, -0.8681838656033684, -1.509987133641472, -0.9645135270140723, -0.5657668391827533, -4.8899932036629255e-2, 0.20141010727900852, 7.12861572160058e-2, -1.0388412455729852, 0.13511967031039143, 1.051443027429731, -2.729077180713306, 1.6373704101697788, 0.7389108984706867, 0.9478305616109988, -2.128776832629515, -6.0489459168155416e-2, -0.695071006293861, 1.39681613401843, 0.9212562096568065, 0.807890072302214, -1.6001614499414816, -0.9746158495673307, -0.5659883876850204, -7.386632992662891e-2, 0.6886972437552937, -0.5975228203901001, -1.0058630245024638, -0.5959924587196128, -1.6651695547219387, -0.9593467171099321, 0.886144013256344, 0.9181845781070526, 0.5888396049621026, -0.8201033784633859, -1.3365614373362524, -1.4208841503595264, 5.605363549031578e-2, 0.6620020248034658, 1.1121678441149776, 0.1324541673770057, 0.2819339328139133, -1.8267059071226188, -1.0618194828023777, 0.35042612767883075, 1.1974908476678021, 0.7853929866491155, 0.7605068069905153, -2.259178275947305, 0.4734244161874347, 0.5960252516944886, 0.7350710026053296, 0.34166690605300604, 0.13193724688774744, 1.2935495540650217, 8.668761313886905e-3, 0.31385808245237934, -0.2291236699006152, -0.6470174061935972, 0.4411231206855362, 8.136134252914198e-2, 0.6716814011242415, -0.430111448175152, 0.7609880389063971, 0.8704997145828568, 1.099671513202818, -0.4592545572246095, -0.27917149049952716, -1.1082660960553148, 0.32322333783866325, 0.9256469972573516, 1.595518955926753, -0.45503154934450035, -7.446633447524591e-2, -1.2732071027644822, 0.7925388392450115, -0.37373296400883255, 0.27028644555554193, 0.5828700362100503, -0.9219440656808708, -0.6906386169661495, -1.2139012254133468, -0.9195068064622346, 0.4267352377625331, 0.9083259567706986, -1.0742997316902975e-2, 0.9840841279734606, -0.6878002630942334, -0.44922833326139233, 0.28047269369055183, 0.9338602621487362, 0.9963529880518085, 0.48721825446018147, 0.12195051671861327, 1.2179641245263844, -0.2827490861166424, 1.0358743298603732, 0.7162473709912711, 0.9013824484541466, 0.701839282404579, -0.8278468880141939, -1.3601940888527353, 0.6540728309099866, 0.5675506967731485, 0.49921393958693966, -0.18182940981548293, -0.2928663924531881, -1.8337128223970143, 1.272278177545729, 0.1297223711210606, 1.245775471257344, -0.23168180724879578, -0.12474163233413221, -0.3288162671671774, -1.0362154482018116, -1.3019983189030044, 0.8845530431292681, 1.156795091449393, -0.2774272783979435, 1.529168657650563, -0.11488449446702073, -8.329224562853872e-2, -1.1456589398778979e-3, 1.1754446096558147)
