seed <- 560
log.wt <- 0.0
penalty <- 2.8115950178536287e-8
intervals.send <- c()
intervals.recv <- c(56, 112, 225, 450, 900, 1800, 3600, 7200, 14400, 28800, 57600, 115200, 230400, 460800, 921600, 1843200, 3686400, 7372800, 14745600, 29491200, 58982400)
dev.null <- 358759.0022669336
df.null <- 35567
dev.resid <- 227023.71148344097
df.resid <- 35402
df <- 165
coefs <- c(6.616317266159583, 5.926425293599881, 5.505199535140813, 5.16699647472673, 4.97354773971707, 4.9011830172090365, 4.744164280908923, 4.618650216139719, 4.337025401337042, 4.259948022774955, 4.298020915275702, 4.131542328305421, 3.979747580471163, 3.940423552807004, 3.7389179455017754, 3.5216511964320825, 3.2174372441637997, 2.9276811417290407, 2.4438704718656554, 2.0372513428253294, 1.5375408689995684, 0.9224306427119691, 0.9750835464842416, 0.4944875057742242, 0.20959157805150097, -1.2950424675453793, -0.3430170858244839, 0.7869106123807795, 0.993882659338983, -1.9032823321992602, -2.2411958151752986, -2.123318747190786, -0.5891225178093207, 0.7764582531565275, 1.26446484179736, -0.8668451366450796, 1.0074394246735502e-2, -0.6086864481896438, 8.989963054276467e-2, -0.6809891566075108, 0.9075188806270904, 0.7167846372250807, -0.8653281259486884, -2.337643755463094, -1.0212687428948273, -0.5767831158883238, -0.20844422692608988, 0.12470286451477486, 0.422807057225611, -0.4835148030137436, 8.241572265047152e-2, 0.7887900806121722, -2.199413265015429, 1.7019633676772963, 0.7785918682110018, 1.1713462531330743, -2.444938949191412, -0.16549083644547546, -0.6733369057577964, 1.486221070729478, 1.1514601116885048, 0.6421143893435177, -2.0339576597782068, -0.7850961336068464, -0.40376433469486095, 0.16092809993349136, 0.576661641187889, -0.4512597504385528, -1.0229512318838585, -0.603859641822599, -2.2774743614550457, 4.0875936194191095e-2, 0.36111150253582947, 0.8597204050522641, 0.6550280639010407, -0.6228802072452003, -1.3162830189591268, -0.9614100463981761, -2.440186640866616e-2, 0.8560996762202949, 1.1922840924991502, -5.13843500228442e-2, 0.21001396834630848, -1.8497616060129154, -0.5433702155844478, 0.27883461637589574, 1.2105037270640353, 0.5679066653664231, 0.934371472349687, -2.097477363695082, 0.5425956258588865, 0.5812568619119888, 0.8171111127452692, 0.3001562329896519, -3.4461405397990794e-2, 1.3251541440166656, -0.667734834249038, 0.2664368183469622, -0.3766970288440735, -0.2428120984867296, 0.4380955896858907, -2.4654776410723507e-2, 1.0116749804256537, -0.12257096501848663, 0.9050734096062064, 0.8480430575014839, 1.098395898325589, -1.070733124698462, -0.49010812300846934, -0.8364190057605719, 0.6117844883506497, 0.5809546574691329, 1.5288472983312695, -0.6611231695300614, -0.2870334729396653, -1.2041709536499792, 0.7953425167622327, -0.3422564839983574, 0.4038452949729478, 0.7222906866110271, -0.555191220752596, -0.5402615117337923, -0.9190073766648681, -0.3973393349875521, 0.22176057915296832, 0.8379732196094157, -0.11070739591345947, 1.0773335758500708, -0.28730675624221513, -0.41430111728044017, 0.22069049803857443, 1.010242021993717, 0.7560286930531185, 0.33434533330827004, 2.4935105501029352e-2, 1.0281059561188983, -0.42544733838590176, 1.1389279359568436, 0.6843551642704809, 1.0304628551241348, 0.677931932485508, -0.6590495022967428, -0.8812242395324654, 0.7711026954900985, 0.4147653592421817, 0.5477382238546209, -0.20994700708122385, -0.6223610899317754, -2.1933081292184218, 1.2569506006840148, 0.14185569402057194, 1.2800984227758416, -0.21504408312279172, -3.396313860493984e-2, -9.755290889566674e-2, -2.1877370579677415, -1.0694343024489403, 0.8347344499615539, 1.2080594201827894, -0.4011899510817691, 1.5137396067877944, -0.16558017285289642, -0.20706829758865586, 0.24236652674539047, 1.192889217045982)
