seed <- 764
log.wt <- -13.06672748287916
penalty <- 2.8115950178536287e-8
intervals.send <- c()
intervals.recv <- c(56, 112, 225, 450, 900, 1800, 3600, 7200, 14400, 28800, 57600, 115200, 230400, 460800, 921600, 1843200, 3686400, 7372800, 14745600, 29491200, 58982400)
dev.null <- 358759.0022669336
df.null <- 35567
dev.resid <- 226945.60660138424
df.resid <- 35402
df <- 165
coefs <- c(6.701899072038288, 5.5589593852669275, 5.797591104805564, 5.342973655716529, 5.056882012538044, 4.881025780493259, 4.7708831014424655, 4.5928793523250695, 4.386755106841615, 4.267781935854995, 4.202987375106877, 4.191398317659736, 3.985181047127978, 3.9336045297776474, 3.718447409876729, 3.4874072676413865, 3.2502855225662426, 2.942059354220673, 2.4655798643352758, 2.0158573950827368, 1.6350570978289507, 0.8773721878246139, 1.0521627078068234, 0.7633370162384321, 0.2816339893402082, -1.3030186650538196, -0.1170479612661105, 1.0738520836529657, 1.0247645914609402, -1.04137402075725, -2.208781628954738, -1.8858778074460474, -0.3693122819600129, 0.7556097389469832, 1.3737776505708763, -1.0592774686030881, 7.7620648253456295e-3, -1.0713453354572233, -0.2819376321546997, -1.2335454234119563, 0.8523555000772874, 0.9043158483420148, -1.0368956443356143, -1.7541646145789027, -0.6047454688649462, -0.6164029318493154, -0.5497497566422922, 0.40049665864827105, 0.39453711554810206, -0.5180525340585416, 0.23560699798283335, 1.1064713531760886, -2.5553459852716256, 1.663721722680902, 0.74134506548652, 0.9582213460360351, -1.7289492523593981, -0.16733940983898327, -0.4187745252504838, 1.1409734913866418, 1.0146047192711007, 0.6022048191451992, -1.813343871817259, -0.8339962289646127, -0.6793770980132897, 0.17247955792563366, 0.470193898235311, -0.5549421168499817, -1.186922058802114, -0.689157768073878, -2.4019247632531036, -0.4415793485562984, 0.32263554675426387, 1.035818289909044, 0.6941500925335711, -0.7917932528168333, -1.2332824694527218, -0.9017102245971198, 9.236828404858967e-2, 0.6735848792139941, 1.115806374506212, 7.87097466701106e-2, 5.227826245807219e-2, -1.7538435680903988, -0.5226487175118113, 0.48507161670034427, 1.1818530172172206, 0.17965805842120616, 0.9463911035343548, -2.674924357791787, 0.5973813823054399, 0.5455502541865104, 0.7694384992013195, 0.3085836204569404, 0.32035376568622603, 1.376585423751842, 0.125296242612249, 0.4033485131780982, -0.13108231907195161, -0.5644233021300876, 0.5625675621830653, -0.6529419030169179, 0.7770170254616362, -0.17330249914813306, 0.6606168655555481, 0.888128630156289, 1.1172718965123656, -0.7808995364076559, -1.2162052799231506, -0.9974647017436905, 0.44295075877043105, 0.6584740225485418, 1.5377775388422341, -0.24287877099973026, -0.2637697425482132, -0.7684836079787885, 0.7951655053929619, -0.3120428238406906, 0.46641824038014773, 0.6181847810199143, -0.3280475812791583, -0.5097361568014768, -1.1734191296240701, -0.373063853307116, 0.35817748479307226, 0.9032448825011092, -3.5704457768830036e-2, 0.9374309602294331, -0.9553522945858017, -0.542352513496759, 0.261384624806781, 0.9821925191379013, 0.7960580691328888, 0.4441937904977059, -2.9034699285445272e-2, 1.1518001125565733, -0.44084149481258, 1.016920255777899, 0.7540472469999142, 0.8974770305623126, 0.6939213393335877, -0.5570393395606524, -1.0221196603120248, 0.8444150982642297, 0.3289856127687738, 0.5387099436919184, -0.15567424237951166, -0.2402558865688651, -1.8530408887386882, 1.271109002196089, 0.1870557405668636, 1.1576018433032191, -0.2996944775661866, -2.4069137394562224e-2, -0.25107844276345154, -2.090585066789812, -1.2046117815388206, 0.8902704199924061, 1.1469789890950177, -0.13317768315586018, 1.4798541553978664, -0.41796199226082104, -7.425716949677957e-2, -3.3095667529653545e-2, 1.1100272501487398)
