seed <- 225
log.wt <- -10.868516962719983
penalty <- 2.8115950178536287e-8
intervals.send <- c()
intervals.recv <- c(56, 112, 225, 450, 900, 1800, 3600, 7200, 14400, 28800, 57600, 115200, 230400, 460800, 921600, 1843200, 3686400, 7372800, 14745600, 29491200, 58982400)
dev.null <- 358759.0022669336
df.null <- 35567
dev.resid <- 226547.90291870982
df.resid <- 35402
df <- 165
coefs <- c(6.717349615038823, 5.829929936898326, 5.802860365216154, 5.315655810667107, 5.078213522291485, 4.843762757710223, 4.75131868333707, 4.641450428004639, 4.391937170502497, 4.283130061142418, 4.310969945321043, 4.132970177241856, 3.998948743415618, 3.923830936585456, 3.7601765080459084, 3.511121267169395, 3.2436476535379613, 2.9590292355224155, 2.5017890657985893, 2.065628267142499, 1.5361477909869599, 0.9123725881478568, 1.0280584338330478, 0.31238612345468236, 0.5776776288350487, -0.978534384801891, -0.30517364424442905, 0.9360177421887704, 1.0128699330683388, -1.2144534651753833, -2.365778959680105, -2.7701040658761675, 2.6140487386165052e-2, 0.7708704852163035, 1.240909932300086, -0.951625336439907, 0.326939464737465, -0.41362443893616474, -9.110172875455232e-2, -0.6775211525832778, 0.9147691703946963, 0.9088881133015924, -0.799266788804337, -2.6419842935276923, -0.498463888952798, -0.8399546440557472, -0.7067709596785052, 0.2470679551800739, 0.21714094364367686, -0.6891131696201528, -0.1658079726838738, 0.8200751003126928, -2.0254045819008835, 1.622222756935046, 0.7685221550363219, 1.2455423694428187, -2.5053036684260173, -0.1524763712625588, -0.29714487184507044, 1.4362760572429396, 1.1766760152481779, 0.7802649957931788, -2.0754015499817666, -1.4315426298549307, -0.6060899662095092, 0.15137097753322531, 0.5598752260668148, -0.5105274098728543, -1.3427089908027363, -0.757884435573712, -1.925087277556818, -0.5771053563815302, 0.357377514104416, 0.8802860089437008, 0.6854093167479656, -0.7085764038965157, -0.9038583715941506, -1.302192944326565, 1.2676528592696627e-2, 0.7972297237477567, 1.1949193392505766, 0.11774207155609596, 0.21082558107893196, -1.283823788431084, -1.5806248007711379, 0.23600728583923822, 1.3174599018548059, 0.4001969976578387, 0.847488056942412, -2.3632028607751048, 0.5427596690710584, 0.8528520999480406, 0.7991133450611424, 0.3264663980207222, -9.07655521662005e-2, 1.3023928293926257, -0.7056145269409985, 0.25066274603801264, 0.1422712375616487, 0.22616823508004197, 0.26780144568089653, -7.095259903191936e-2, 0.7741995888980022, 0.4166244418299007, 0.6131021492102932, 0.8178757752713712, 1.0788144074361998, -0.7184390925245475, -0.8244023737313405, -1.1806107365960843, 0.4747575950770114, 0.645175407146095, 1.5478897932779063, -0.4405471646260339, -0.1651760867326118, -1.1742007213245933, 0.7182513661930553, -0.12638317183818265, 0.5574645695334959, 0.5792787077890149, -0.4049095291808112, -0.5110758633707178, -0.9951956768308129, -0.3613476825652961, 0.19914274322939102, 0.8001659780869047, -3.170463139822833e-2, 1.0704216467956138, -0.7328475850466826, -0.37055529417445776, 0.36677451670774347, 0.932183868176884, 0.608959341828297, 0.40414580319314813, -4.887985330861479e-3, 0.9951584486435323, -0.5863161013179322, 1.075979744283354, 0.7444825055044596, 1.1620009024077116, 0.7254751021096767, -0.6440481176268588, -1.4519313758774628, 0.5046157373630961, 0.5222813283005195, 0.3776353810572196, -0.17387691335063274, -0.45594524846997697, -2.1783759730775194, 1.2158795933226945, 0.10815738412489215, 1.3423633049333117, -0.19716650430299867, -5.4025283680855254e-2, -1.1147403765501034e-2, -1.78320770482227, -0.27150100607332295, 0.8439563724604795, 1.1915474199354914, -0.38785881365899066, 1.5100838515066566, -0.383158129527889, -0.14874659067895957, 0.20978200149604798, 1.1994888483202863)
