seed <- 299
log.wt <- 0.0
penalty <- 2.8115950178536287e-8
intervals.send <- c()
intervals.recv <- c(56, 112, 225, 450, 900, 1800, 3600, 7200, 14400, 28800, 57600, 115200, 230400, 460800, 921600, 1843200, 3686400, 7372800, 14745600, 29491200, 58982400)
dev.null <- 358759.0022669336
df.null <- 35567
dev.resid <- 225593.68272712824
df.resid <- 35402
df <- 165
coefs <- c(6.516696619359217, 5.9908751624453584, 5.539962662552339, 5.332678944380743, 5.209980114758596, 4.870328281748726, 4.832343914843013, 4.615418972791362, 4.388705146205739, 4.304094001665883, 4.288247207912079, 4.127032869438618, 4.024615701959143, 3.9767595372673235, 3.746823056385619, 3.5443227246119338, 3.263002712715513, 2.9329493603890424, 2.5063808547558732, 1.9857224497815629, 1.557951391843263, 0.878787667971933, 1.046605029882996, 0.6157676802517529, 0.24418223452536092, -1.364564601369071, -0.2562056543143291, 1.075165166531021, 1.0712745423783183, -1.105123995858927, -2.1279256523580314, -2.745020990927912, -0.48270149188539385, 0.7354034740827123, 1.264896610098637, -0.9579734378737582, 0.5735293968487273, -0.4503798546619336, 0.10199941289927908, -1.299650197611425, 1.0083894605158605, 0.95551710433257, -1.2067613231454473, -2.1041694942588087, -0.754167622647005, -0.6948119580690334, -1.0100795588453966, 0.39347775442916944, 0.44135833650317857, -0.7789002949835542, -0.15673490149511526, 0.9119087361665225, -2.529433514289769, 1.5833942631472873, 0.8421449807612165, 1.0826866872079703, -2.347758617472581, -0.14716953078468697, -0.2863902325451522, 1.5706646217270497, 1.072493715987502, 0.869663105074663, -2.035662168612702, -1.1067418758021241, -0.9036106020236765, 9.818827239836116e-2, 0.6035314049134163, -0.2586070063518137, -2.1695259472258446, -0.5944812826728801, -2.219933800655245, 0.11699913156983094, 0.5710156356037677, 1.0135609365918956, 0.7434106851644001, -0.42864817290693863, -1.4877249341999952, -1.3502331763802415, 2.638902487488913e-2, 0.8597612708765636, 1.2679406920029863, 0.18917871014987797, 0.12440827333545894, -1.770675943722103, -0.5220776068497608, 0.40749129458293776, 1.2036337164194828, 0.3458308301352182, 0.974436384523776, -1.9441364152060838, 0.44855910628319, 0.7071041090810009, 1.032873319313159, 0.2853503946024148, 0.11075498547395353, 1.2407404649927298, -0.3792734859687653, 0.40534496140109605, 7.682201320892146e-2, -3.0689875396702777e-2, 0.6902573585149125, -0.4052122565137453, 0.8352503198714019, 0.3557523816539651, 0.7558782128169915, 0.8412581250990847, 1.1862370417207142, -0.5589863118986264, -0.47305434152925746, -1.038052754742263, 0.4177283502476923, 0.7637334268523186, 1.60705597042265, -0.6840596789914619, -0.11473784609123469, -1.5481085010680078, 0.9260878213320012, -0.3345104501030038, 0.681664399485239, 0.25860585891128496, -0.5398881345839883, -0.7323081131711899, -1.3093151638156033, -0.661731300503255, 0.37227124245934795, 0.9398268103851339, 1.04550957733067e-3, 1.1146720072601741, -0.37678827791006725, -0.4344138208033778, 0.33991366813561913, 0.8815245825337846, 0.8039383450990346, 0.33870017644534955, 3.8765882971726895e-2, 1.0875545939702562, -0.3893816460149876, 1.0422780886293668, 0.7426707348752661, 1.0923000225301864, 0.9297946697929852, -0.5436056801250722, -1.207368745933709, 0.5044909040181763, 0.3470777183653143, 0.43131034183322586, -5.048181629006205e-2, -0.4694606763418295, -2.0002880399083627, 1.231565689003666, 0.10620277134982463, 1.3341709748660677, -0.10195791116363183, -0.1809856493480544, -3.0707670153064016e-2, -2.2946353049392934, -2.13930181400111, 0.8981348029988909, 1.226039643616275, -0.1872706550930107, 1.586753777621598, -0.36200470494606735, -0.15636903091193108, 0.1094585391305375, 1.3203251530463682)
