seed <- 130
log.wt <- -12.011977117054098
penalty <- 2.8115950178536287e-8
intervals.send <- c()
intervals.recv <- c(56, 112, 225, 450, 900, 1800, 3600, 7200, 14400, 28800, 57600, 115200, 230400, 460800, 921600, 1843200, 3686400, 7372800, 14745600, 29491200, 58982400)
dev.null <- 358759.0022669336
df.null <- 35567
dev.resid <- 226627.6080771415
df.resid <- 35402
df <- 165
coefs <- c(6.772964559727385, 5.760171868913927, 5.726771125756897, 5.304229691556917, 4.93849619204112, 4.922550280608972, 4.7003010430519625, 4.588281687225022, 4.402579908883059, 4.248868519778835, 4.324317788440899, 4.140597243471134, 3.996434751212165, 3.9384405297948666, 3.757553777092283, 3.5246727700910885, 3.216389435579029, 2.9117608633489445, 2.4908072126471583, 2.105569167400545, 1.5091068739901843, 0.8948625080651009, 1.1194857619865641, 0.3165612352100391, 0.5605027937469204, -0.640761382686745, -0.2676656999329067, 0.9726179447477291, 1.14629197026335, -1.0144952640349023, -2.247161111585051, -2.9986943974867497, -8.212736892172556e-2, 0.7621983457205025, 1.3738803296965432, -0.9269135634708486, -0.5896167250215959, -0.8726867011798405, 0.4113538796009781, -1.2992870695316112, 0.9688528700642554, 0.781043083945597, -0.6569441664126427, -2.3782285234425595, -1.1113177949048736, -0.8545564157580944, -0.6383443088714819, 6.427605610422982e-2, 0.44876225129641334, -0.8179002114297247, -0.1472225171990617, 0.8715931504507984, -2.728161199743065, 1.6209009751554468, 0.7560893836397488, 1.2047199209275221, -1.9617799921394357, -0.13541529992910603, -0.784556399157148, 1.5869524737342435, 0.7629088027575779, 0.5859358697470044, -1.66876102643352, -1.3252743998216718, -0.7474189729019947, -3.710893241715593e-2, 0.5633976657043108, -0.41369458755493776, -1.3156454684579832, -0.6040816552910169, -2.5764213245948175, -0.4453306177816313, 0.5457541668783219, 0.9260874003663673, 0.5489473335051047, -0.8007346390839208, -1.481130445126274, -1.1984292024441072, -4.1680709430818356e-2, 0.7795372455229351, 1.137644389949789, 0.15681691625853406, 0.22885483856695163, -1.9288477041418368, -0.10121015007925876, 0.2983186635128862, 1.184113040252758, 0.4273619618277426, 0.961049982600338, -1.8330712890243115, 0.4850534261404167, 0.8578633723260646, 0.745964265474552, 0.311606602854367, 0.25977259240068545, 1.4906875050770947, -0.3629801803186014, 0.39617935548828925, -0.13077592848373804, 6.48074622632171e-2, 0.5396487528049918, -0.347168820596859, 0.817653509072406, 0.5600094545036914, 0.5605558829495908, 0.8767564150492392, 1.1624409926909773, -0.7030158430421566, -0.8706734185278296, -1.0211809634117768, 0.35304775123907045, 0.7134795491816486, 1.6486155650481407, -0.5091420766789211, -0.26351001371252974, -1.123939570781694, 0.75998440281291, -0.28895027132017187, 0.6451935178733852, 0.6421087385917266, -0.5314432456331791, -0.46565452320366496, -1.0689130446081718, -0.13069267661114656, 0.442882851408875, 0.762094673081608, -0.11127146437032641, 1.0887798645549016, -0.39444694302746725, -0.38608128111476286, 0.40534303575017555, 0.8480809428642301, 0.8168073775241633, 0.36109530880293705, -9.78185744805666e-2, 1.1709005754355297, -0.36958625551016233, 1.0117596424258026, 0.7240861669778513, 1.001859028690631, 0.7089702162326027, -0.564560273619399, -1.2970070042854671, 0.5749332353055276, 0.3449346161045417, 0.49360190324584013, -0.2664318555386941, -0.3643377918870497, -1.9848122954623808, 1.2148311608732831, 9.174880487267492e-2, 1.333320659267275, -0.22582273482909324, -0.16859559091524617, 0.10135796794360388, -1.5194924584506506, -1.0237462887274773, 0.756965280748438, 1.1501266420787082, -0.3004340669712203, 1.6037671765542476, -0.45121395028557715, -0.11746149089600359, 8.846753347289472e-2, 1.1780211448611304)
