seed <- 318
log.wt <- -14.899472163275542
penalty <- 2.8115950178536287e-8
intervals.send <- c()
intervals.recv <- c(56, 112, 225, 450, 900, 1800, 3600, 7200, 14400, 28800, 57600, 115200, 230400, 460800, 921600, 1843200, 3686400, 7372800, 14745600, 29491200, 58982400)
dev.null <- 358759.0022669336
df.null <- 35567
dev.resid <- 226016.87913702166
df.resid <- 35402
df <- 165
coefs <- c(6.5420001318547225, 5.89066754956891, 5.887260159093337, 5.340452821154244, 5.03166967583458, 4.773808258648525, 4.779071258512306, 4.633522476938171, 4.40512912599268, 4.297444377583107, 4.272490562156923, 4.190002360405037, 4.037798859784632, 3.9364905399171453, 3.7488031043707615, 3.5435587820450247, 3.2239557203393128, 2.9618367616736916, 2.521270160415294, 2.084052637578553, 1.5957089091009613, 0.8851840333363641, 1.0048252963396487, 0.3669978569027113, 0.7957294665732194, -1.4228174781765237, -0.11730110003471018, 0.8675427633203441, 1.0968490606351986, -1.7244375527754392, -2.3630027604496795, -2.6293247443042733, -0.5182315692626547, 0.7494718076996795, 1.33659734769146, -1.442815618433447, -1.0463332767271498, -0.7679682342641927, 5.442471427625703e-2, -0.6299208180034812, 1.0076483118462363, 0.6017999817096156, -0.9551279584420366, -1.6016185509358256, -1.0453349245692791, -0.8086863606764233, -0.4281931639650791, 1.7592556479038665e-2, 0.534954109453855, -0.7156192341235139, 0.22518898855449526, 0.9170362977910879, -2.7322368074579773, 1.6553221849091189, 0.8294807146501566, 0.9567207660606802, -2.3901749220564636, -9.458184556150026e-2, -0.5053934348632907, 1.1340450258903452, 1.6049625215684706, 0.777726314481391, -2.058933462233687, -1.3787821372397941, -0.9240024802445279, 0.33434956606530436, 0.7375618694047852, -0.35239749329299236, -1.4161222535157638, -0.6277175654846326, -2.4623510495662098, 0.26290740049209804, 0.6590372136537728, 1.0124373381969392, 0.7159607005953111, -0.43495345462576707, -1.4615090210976232, -1.1487194167112587, -3.505579209681073e-2, 0.7025807906924233, 1.2707407452777149, 4.273520929469379e-2, -8.346640670563553e-2, -1.9032818688080708, -1.155117595509719, 0.3802114687821418, 1.20519521506128, 0.4225290038725544, 0.9975647122362638, -2.0818553251405056, 0.4222380774875942, 0.691896552011967, 0.8410182382495186, 0.3901322530191488, 0.26035510718662036, 1.2940845852481297, -4.089656761532676e-2, 0.3620281031795586, -0.2947059357174467, -0.30476280627341285, 0.5529543422394851, -0.47232986266385346, 0.8206009744026368, 0.19385598833872805, 0.9294122023847136, 0.8421503533362463, 1.0677312761558684, -0.3098748708751114, -0.6107244996007088, -0.9301942151264403, 0.4191061060719888, 0.63498526291858, 1.6682033427855107, -0.3981148573271186, -8.577094187253308e-2, -0.9200536252231534, 0.8192937578690346, -0.23315253637053354, 0.3900006338259241, 0.4906834253563122, -0.2506175782180276, -0.6212634483546216, -1.2644508327944146, -0.37456610690072556, 0.38502740634937116, 0.9300159171305845, -0.13139069766876893, 0.9741762116692861, -0.37845786438571405, -0.35190289902002575, 0.37591502612012345, 0.9195019080957868, 1.0398523962964379, 0.4679806454171549, 1.3171949991272168e-3, 1.091930940721559, -0.3198006929585701, 1.1196002014418693, 0.7176602363176828, 0.8731199385967346, 0.7951502673906677, -0.7242592031788881, -0.9296998825939747, 0.6692255748630958, 0.5171422029145384, 0.5828753148631803, -4.5285780968421015e-2, -0.5923927548011482, -1.8405853424363547, 1.3017751909217274, 9.525161614384993e-2, 1.2066747379711895, -0.17193874219184987, -6.93732463940545e-2, -2.6320749625479686e-2, -1.499065975210894, -2.0479883927893527, 0.8746034251249325, 1.1594841921901813, -0.2186461907797897, 1.56988716810326, -0.11740602756007545, -5.244533787680222e-2, -9.563057158474696e-2, 1.2646450648100895)
