seed <- 781
log.wt <- -10.81572063763928
penalty <- 2.8115950178536287e-8
intervals.send <- c()
intervals.recv <- c(56, 112, 225, 450, 900, 1800, 3600, 7200, 14400, 28800, 57600, 115200, 230400, 460800, 921600, 1843200, 3686400, 7372800, 14745600, 29491200, 58982400)
dev.null <- 358759.0022669336
df.null <- 35567
dev.resid <- 225705.7984762606
df.resid <- 35402
df <- 165
coefs <- c(6.579435782253965, 5.90812636913313, 5.539571970260099, 5.380617431096316, 5.154686568164361, 4.891357706456393, 4.752646306829596, 4.656794672393392, 4.40376403194388, 4.267490838713602, 4.29021622658517, 4.161925796723663, 3.9884544201747962, 3.9606999441348645, 3.7407651405505424, 3.5283879214525475, 3.237434299952282, 2.9607065030366555, 2.4828768615731716, 2.045122734392597, 1.5786999570200595, 0.9220790757178754, 0.9892557135407353, 0.42456708871342863, 0.6269538249313538, -0.8661399600912917, -0.2238001565401764, 0.9338866322565257, 1.1264567862644062, -1.756473117960645, -2.350110064653349, -2.0324487315888415, -0.3573834516148112, 0.7686163695073003, 1.2233386990180277, -1.1596315163184228, -0.34768984772280026, -1.236291347193831, 0.2650021364871698, -1.0060555679725192, 1.0222706515212243, 1.0023555328731881, -1.145555600691056, -1.7491888205833444, -0.9418006545649292, -0.6216774835595158, -0.4618499409019571, 0.1942071456335951, 0.4565814057458142, -1.232031792922664, 0.15604594949434208, 1.0325581720070653, -2.8639149924925835, 1.7009564048181753, 0.7290144789496992, 0.8510393963596338, -1.9367173320613602, -0.3744566845916934, -0.4775073794765957, 1.1628358078208592, 0.7549388604473286, 0.7594181336379632, -1.9267892945713636, -0.6687875800308337, -0.7201487609178561, 0.2595124604291109, 0.7094154677242042, -0.549318199388112, -1.054736221186901, -0.6141457882027253, -1.674559702031632, -0.2137039358035678, 0.48190710454186386, 1.0415544718840255, 0.7455641707844671, -0.6959650396361131, -1.2631195443736611, -1.3366342934395485, 4.874264882389508e-2, 0.7005901091555216, 1.0546443175576896, 0.10970838598027151, 0.30478554707682953, -1.8898585167103468, -0.7017241151328094, 0.3897028790340347, 1.3229269813191495, 0.8231027363775697, 0.9751717306008778, -2.2608594799029773, 0.6557516819595032, 0.6556205105862924, 0.7042251543925667, 0.3173480334826209, -6.823084148789918e-2, 1.1823614563227824, -0.34686079406116055, 0.37290853318293493, -0.259134757161425, -1.2826952445869557, 0.5152714454202978, -0.11581014037546901, 0.7427017033769631, -5.408098829442482e-2, 0.7089971824092283, 0.8685445998156258, 1.048529254214495, 0.17549128316127127, -0.33326503176936906, -0.7380415114975764, 0.500043101967572, 0.8211156723823834, 1.6696914897258959, -0.295401309831677, -0.10557858110430239, -0.8352728440139612, 0.7444735713018545, -0.25701311540745114, 0.32643289667351716, 0.5115360538778817, -0.28771376136459836, -0.37973919615513246, -1.451898382581006, -0.5532336460512404, 0.4284970686364944, 0.8118615735130126, -1.4508429570803083e-2, 0.9545540093844633, -0.5639313565298292, -0.36969418979482166, 0.12697183285019487, 0.8045491940829224, 0.8185221561924746, 0.4264086387514048, -7.72874041897002e-2, 1.0925594035879327, -0.2815167511877017, 0.9637729623814605, 0.6887816916699272, 0.8890531240216594, 0.7059995239021318, -0.6545790406168202, -1.063728005008097, 0.5402999500921893, 0.3679340215843191, 0.5545705439302662, -0.35492518726891903, -0.27710335871141184, -2.2531914324341282, 1.3460134329940914, 0.17818760972775335, 1.159983651516282, -0.1802281225264654, -9.473016233070757e-2, -0.2734380744676252, -1.732654010872617, -1.4895838233924192, 0.9076806074399034, 1.3042528422598232, -0.21938217962238465, 1.6445323092367106, -0.319294025498731, -0.13684260621245012, 9.46878284482284e-3, 1.1164573889207994)
