seed <- 215
log.wt <- -16.099328686821575
penalty <- 2.8115950178536287e-8
intervals.send <- c()
intervals.recv <- c(56, 112, 225, 450, 900, 1800, 3600, 7200, 14400, 28800, 57600, 115200, 230400, 460800, 921600, 1843200, 3686400, 7372800, 14745600, 29491200, 58982400)
dev.null <- 358759.0022669336
df.null <- 35567
dev.resid <- 225385.78607095563
df.resid <- 35402
df <- 165
coefs <- c(6.860716440745122, 5.705716591265427, 5.739674081318078, 5.312589861853005, 5.108727476045472, 4.801825592859414, 4.708567384795838, 4.640500734829234, 4.41319456482082, 4.301257456146459, 4.314949693154877, 4.1622909332554645, 3.989903469335338, 3.9455683862107245, 3.751373725438381, 3.5358606239151316, 3.2768995067371427, 2.966026793309516, 2.5341862409837086, 2.027749252360081, 1.581123747990902, 0.9403414871739219, 0.9698159606835641, 8.918300982849871e-2, 0.49472756423883973, -1.3380224059401453, -6.03563284409095e-3, 0.8592402095856744, 1.0859015344261411, -1.10694743480824, -2.8412577127710676, -2.24139942841462, -0.4897566572932284, 0.7275486426951551, 1.183212032847944, -1.3656349659894746, -3.345956387745099e-3, -1.3207968458787611, -0.2396923915236206, -0.8054029430337161, 0.9777454329691884, 0.7314673549898718, -0.6951312844150631, -1.6217932243710764, -0.5073443224828763, -0.6808850707177087, -0.556244223466294, 0.10428611162861283, -6.0542683782620295e-2, -0.934858438011414, 0.47437050939594455, 0.8676334615406495, -2.2201899507266103, 1.6195982709516266, 0.856451171099394, 1.1702058332725973, -1.654264778894847, -3.3328268410488526e-2, -0.1179588674734802, 1.2038266329378213, 1.0904869298186848, 0.9104797599927655, -1.1907514054358028, -0.8872670216353072, -0.546079202128926, 9.432520526875961e-2, 0.6880842845302929, -0.496657522654952, -1.160698532412781, -0.6718085926427997, -1.6181376930188307, -9.58031789290369e-2, 0.32782605364763556, 1.0530450050952833, 0.6230235961086086, -1.1737173743887845, -1.161879753175034, -0.9910267360228497, 4.401223303134683e-2, 0.65709134256702, 1.1044635828295195, 0.11554439870967159, -3.7315122294373324e-2, -1.4088354657580076, -0.5030033109472765, 0.48212711602545544, 1.2689693618808342, 0.6090024967886495, 0.8037965597833941, -2.1976695847669174, 0.43079326483041547, 0.7790255393225168, 0.7435230086858156, 0.366361580708029, -0.2185112969744237, 1.3101704446363414, -0.3575336718270477, 0.5138534033223363, -0.6915423328389172, -0.4410410418312415, 0.45887542819272126, -0.6253761291783309, 0.8263086409642391, -0.2600465379051298, 0.3832382288829752, 0.8306754545292253, 1.108735375592581, 2.3436780593834253e-3, -0.12434225180359393, -1.0113568646703193, 0.45132135504436616, 0.5767418230575816, 1.580842428675804, -0.5918992924282044, -0.1679250753680081, -1.335666032571404, 0.7455183938001314, -0.3267025776955429, 0.4566700526779047, 0.5645115570574973, -0.761391146180561, -0.4504362470618932, -1.5966807447975642, -0.25591389835455436, 0.2753230582273152, 0.9416481624509846, -9.658534765716452e-3, 1.0505672730196898, -0.7969715968428557, -0.4851728524701318, 0.2520437672805445, 0.6726538282782906, 0.7196301518006485, 0.4967328527784041, 6.0332595835907776e-2, 0.9804242946023937, -0.4311217855777836, 1.0328227143264914, 0.7514096994966661, 0.9644271119771461, 0.7253602533444793, -0.6367737866105968, -1.2692733806349648, 0.6030679289807915, 0.36678292991912925, 0.6291022742547181, -0.3047273944020844, -0.4164521887484371, -2.348353811684338, 1.2595395175121724, 0.1697158506306719, 1.2744125605571126, -0.1971308558157547, -0.1458004152689299, -0.15303660522022752, -1.6797695807307158, -1.1892946084960871, 0.970130390093613, 1.1514124835763162, 8.675218241709683e-2, 1.5251400610179935, -0.16648204829549235, -5.280253726314074e-2, 5.9833085201024525e-2, 1.1040632761993547)
