seed <- 868
log.wt <- -14.186760090171274
penalty <- 2.8115950178536287e-8
intervals.send <- c()
intervals.recv <- c(56, 112, 225, 450, 900, 1800, 3600, 7200, 14400, 28800, 57600, 115200, 230400, 460800, 921600, 1843200, 3686400, 7372800, 14745600, 29491200, 58982400)
dev.null <- 358759.0022669336
df.null <- 35567
dev.resid <- 225217.69912110918
df.resid <- 35402
df <- 165
coefs <- c(6.560446706066054, 5.909858642912859, 5.68160798014984, 5.254635836792109, 5.0365947815824255, 4.791564289744477, 4.830382518866681, 4.659421954784302, 4.3848466572035605, 4.317830190769218, 4.325020926776619, 4.210363956785866, 3.985717671291336, 3.986169692326517, 3.774254993690017, 3.509760264290645, 3.234434439337146, 2.916308180298754, 2.512118827712698, 1.998050512802783, 1.59503536581422, 0.8585163637609803, 1.055024745912241, 4.075291859647216e-2, 0.6096132425930447, -1.533747011762992, -0.2741965529605232, 0.971477168746877, 1.1017958671770671, -1.121228128518208, -2.8011592581895495, -1.8078047104456254, -0.5074918300795183, 0.7350576946882187, 1.2610260937584945, -1.2550497803941725, -0.3049989456285853, -1.114945744236615, 0.23714936387993682, 7.7348950245654845e-3, 0.9827630161244503, 0.9375010353885351, -0.8554639827365482, -2.310019523686687, -0.7509397140730897, -0.7777183148866509, -0.47341373970182526, 2.6221162493808833e-2, 0.582502156465388, -0.6730008314513038, 0.1695314254644701, 0.8059764752532085, -2.679530797710764, 1.7536399995339307, 0.8323744488960331, 1.0039833358804215, -1.7627799277677039, 2.301573481034646e-2, -0.5755609071364445, 1.2464020019447681, 1.3612609769869553, 0.8953852943127993, -2.776617676848268, -1.7658865624538753, -0.42827537111808944, -0.21202901806736535, 0.6622203084507938, -0.2524069698396978, -1.8241102923290633, -0.5810220357126616, -2.4288010385689778, 0.1321412288822605, 0.6046932130545581, 0.959060741103626, 0.7729930042321738, -0.6428536120319444, -1.3720214417919305, -1.6386230706109086, 4.693749966175682e-2, 0.6997145369553681, 1.1625910879637342, 0.2361222070080849, 0.12456532445914227, -2.3319195925867704, -1.3463917907981027, 0.3521795019149713, 1.2797754835388713, 0.364034523972942, 0.8737897155943589, -2.038345203155173, 0.6063142534723206, 0.7176413877994495, 0.8011144871770168, 0.45274423424460997, -0.12171601646050074, 1.4611785167291225, -0.3811857550897637, 0.44272369778696286, -3.0017771995582164e-2, -0.7478513781560631, 0.23588406620529104, -0.4195599610197186, 0.8517822352121387, -0.29644698577838363, 0.6825860100021459, 0.8224681451078769, 1.1574484153296734, -3.424837555032907e-3, -0.5928128894253772, -0.7214856485925722, 0.4145634760980502, 0.7818971151851906, 1.6145971385674973, -0.38204838244826655, -0.24771146199257743, -0.8309644104718413, 0.8097815379518323, -0.35660278457011657, 0.48399039899457247, 0.5951436214426736, -0.6808584285437514, -0.3548460630183845, -0.8912218920275868, -0.6430350161544015, 0.3612788128502682, 0.930646553499436, -4.733674974540319e-2, 0.9848303530742978, -0.6077316434371283, -0.5373866428122177, 0.3089982757792172, 1.145740253190024, 0.8030119789415785, 0.46672515637124345, 7.605834439115038e-2, 1.0694824173602335, -0.39992720400015924, 1.1250999500049557, 0.757407740060938, 0.9320128447048377, 0.7492266181836666, -0.771080130386815, -0.8268336304980297, 0.7110748953063923, 0.584332517360582, 0.4869912171019863, -0.24822018951037783, -9.496225003971744e-2, -1.8542737812542023, 1.3436897733138526, 0.24389363886878065, 1.1987907493209295, -2.689749330701481e-2, -0.10411447125202986, 3.52720781325029e-2, -1.7682603880495296, -1.2391662759165534, 0.794959690470169, 1.2702029857376453, -0.10601377670700667, 1.563919979356166, -0.27874354792110656, -4.925867195867265e-2, -3.933060751308769e-2, 1.274651159715106)
