seed <- 777
log.wt <- 0.0
penalty <- 2.8115950178536287e-8
intervals.send <- c()
intervals.recv <- c(56, 112, 225, 450, 900, 1800, 3600, 7200, 14400, 28800, 57600, 115200, 230400, 460800, 921600, 1843200, 3686400, 7372800, 14745600, 29491200, 58982400)
dev.null <- 358759.0022669336
df.null <- 35567
dev.resid <- 225653.01231899252
df.resid <- 35402
df <- 165
coefs <- c(6.790108014232393, 5.811172864959722, 5.571748632519518, 5.3760785413841345, 5.10613859620598, 4.871853524982912, 4.828566096503668, 4.632247571007426, 4.413110414273086, 4.304959610596485, 4.337765517457043, 4.215141855435005, 4.063043365759545, 3.980702357136953, 3.770035716100618, 3.546929590485752, 3.271879388180642, 2.9717640432167265, 2.4910783171424034, 2.008287755610438, 1.6192902078135745, 0.8748690980150253, 0.9492250323691835, 0.5334754071819716, -0.13433368206189564, -1.3823128817145753, -0.2510519132183757, 1.1051114697524316, 1.054471129424841, -1.3782528931178637, -2.252465804064658, -1.648459451893925, -0.2757078421898332, 0.736808341522297, 1.3019662801194067, -1.0908616618927478, -0.2707151879336372, -0.7167581897618835, -0.20311323339073656, -0.7830976637639349, 0.9480648437460649, 0.7734923360076663, -0.5290123619629402, -1.6076359616014329, -1.4179245060136172, -0.6149392974052458, -0.19297148113180887, 0.3145642934952308, 0.6279092764557755, -1.3159115450493535, 1.7822883069905125e-2, 0.8499405602820229, -2.6687571127225813, 1.618219240859161, 0.7019280358448573, 0.9389023647071216, -1.701121828080577, -5.921433521127441e-2, -0.37095902598490826, 1.2806971133677882, 1.3031009772708482, 0.7315055121047869, -1.5549992736353746, -0.6702023166700513, -0.7025989618584064, 0.3242922289426405, 0.4875122242508093, -0.46018993638976163, -0.9192052496891416, -0.6743562240693516, -2.5797270952152536, 0.2564799975427778, 0.5438038742204925, 1.0068794848443032, 0.7010511633150043, -0.8971749610159349, -1.2807577196711806, -1.6124733174023644, 5.084404852137721e-2, 0.4747916615495803, 1.1262971632885794, -5.515579938877067e-2, -3.5555364316745976e-2, -2.0319723172435857, -0.6283473429296292, 0.3512846468448613, 1.218892331227471, 0.2994139542555559, 0.9565961441861218, -2.0535808823964854, 0.4726294800242422, 0.5870821466110387, 0.6907533076857294, 0.3753612826034926, 0.29752592021094965, 1.3473302582128965, -0.5774532358278465, 0.39267910360286323, -0.14198973469055873, 9.880542230943458e-2, 0.45443689497311734, 0.1496302180134918, 0.7411214854443663, 9.44758010857269e-2, 0.7993131804350914, 0.8411864347121857, 1.0968912785809637, -1.2755560168687106, -0.7497096662616356, -0.7205692026873727, 0.3904608943879338, 0.5852652936062519, 1.5856209375060941, -0.7332880604708423, -0.34833060826402923, -1.08136455888218, 0.7095961153005989, -0.32478032888043584, 0.5329193015775151, 0.7004333759489364, -0.2427859099017853, -0.34697318530918114, -1.3270557104224223, -0.39447302056742833, 0.3624394811610732, 0.913123547446489, -7.200296760548926e-2, 0.8031967500026312, -0.6559701404637855, -0.4112960088762933, 0.3329669851310121, 0.8746141223673983, 1.0621120548414162, 0.43759532681586993, 0.14222893081055085, 1.0407084868419036, -0.29644678111893413, 1.0139295086908375, 0.700064429963761, 0.8935587717347248, 0.7133535115746115, -0.611965551338807, -1.0018656209228658, 0.7309196512279726, 0.2861403987638392, 0.6768516607102353, -0.14207899276226862, -0.5495953699379182, -1.9467193002329968, 1.2820930293982946, 0.19246465430064802, 1.0859248927468215, -0.1404099942260046, -7.651761168280234e-2, -0.3304162104174972, -1.6401242233399558, -1.2197215566359534, 0.8857292695993871, 1.1498326553088027, -0.6847018550923104, 1.5336504446068908, -0.2971849559710772, -0.1447526164529165, -8.028247967036872e-2, 1.0710262823783094)
