seed <- 995
log.wt <- 0.0
penalty <- 2.8115950178536287e-8
intervals.send <- c()
intervals.recv <- c(56, 112, 225, 450, 900, 1800, 3600, 7200, 14400, 28800, 57600, 115200, 230400, 460800, 921600, 1843200, 3686400, 7372800, 14745600, 29491200, 58982400)
dev.null <- 358759.0022669336
df.null <- 35567
dev.resid <- 225724.97513853695
df.resid <- 35402
df <- 165
coefs <- c(6.302232191751902, 5.872921174413919, 5.756255051539063, 5.311211631925793, 5.191118176999272, 4.8509089756020245, 4.8525610611583545, 4.672688011277358, 4.362725896675565, 4.307962879898166, 4.2880208792792125, 4.1606483361832876, 4.037358230051094, 3.9778832183081456, 3.74623932257192, 3.5331503227786394, 3.2587238552145825, 2.937776235974243, 2.4615334201940833, 2.0237618574720906, 1.6263070051378345, 0.8981942074516039, 0.9723557191002552, 0.6299838967095266, 0.787288156675569, -1.2655422656182198, -0.3148863497009518, 1.0012061575083528, 1.045770861419731, -1.332849437645407, -2.51634864586635, -2.239755149948501, -0.3391271166156827, 0.776800125409262, 1.196748234929558, -1.155048842578789, -0.32096338010599146, -1.1700052509096497, 8.1470540813676e-3, -1.5069587953209316, 0.9795048235087199, 0.8938490482913396, -0.8815086056093026, -2.2102284756830266, -1.1224990986178527, -0.5855205656075839, -0.7278163730881635, 0.6030543176732658, 0.3660935420710409, -0.5114810348730431, -0.10157079117113195, 0.9919000666707629, -3.0047629367210456, 1.7613507201148282, 0.7950586509488, 0.9767233092431588, -2.1427181610616444, -0.18376579832323575, -0.6841121935460631, 1.235398515704645, 0.9139475222381157, 0.7574925263662963, -1.4431431349869481, -1.0383577015622751, -0.46063013995394536, 0.16339657562880822, 0.5949535834527421, -0.4970403937117007, -1.419677421684854, -0.5497523622664593, -1.656251920480242, -0.5256510578945153, 0.4770154269744982, 0.8737238478627547, 0.6960538080707718, -0.5920840293673336, -1.3405325263485646, -1.2051305946954818, -8.795878762677721e-2, 0.6612480025785479, 1.1911962819505604, 4.3856127902677795e-2, 0.4572218051579454, -1.8988790111967753, -0.6881835398161702, 0.26435210003692644, 1.1760050753922198, 0.1455761043577814, 0.9349336154548913, -1.7178439275377255, 0.45310594063901116, 0.8057689289930934, 0.9425125495935072, 0.33542518819785516, 8.245304841837513e-2, 1.368049478560071, -0.33082870516865615, 0.5127764520964594, -0.2696213645592905, -0.36906615100561646, 0.5028351869009872, -1.2214340604887068, 0.855605297981532, 0.4479467848668296, 0.7984352497457285, 0.8126396368997578, 1.0541571520330417, -0.46431213622696355, -0.283632897910262, -0.8004510917425961, 0.2265225787567215, 0.7974654235446567, 1.6234682748334837, -0.38822203567249824, -8.59210566638507e-2, -0.8135997809475634, 0.8362781915813985, -0.3495082611028085, 0.6086723801279958, 0.7032194647167443, -0.5673729876170456, -0.4634452514562528, -1.0904382007742215, -0.4722307245693973, 0.2905894607063532, 0.9047984444537669, 2.5334292271249413e-2, 0.9693532564810025, -0.5440759581866882, -0.3992869618782462, 0.2631908687058954, 0.9244775321121095, 0.9263969096541774, 0.5171464217372982, 0.19743371830521309, 1.3033190274596842, -0.3782577937699507, 1.069753246901879, 0.7044954468300093, 0.9171561131600141, 0.7674660258447581, -0.6759814415545667, -1.121052079026451, 0.5416944861964951, 0.3860646021580409, 0.4022056657604736, -0.2538015463113176, -0.14207334608909652, -1.8003280695010653, 1.3296172059507112, 0.2563784043676592, 1.1931125822830841, -0.18394751151595648, -0.12309989512844088, -0.44556664233201393, -1.9619866437758413, -1.6658246491533015, 0.8832278807395395, 1.169299152897559, -0.1186960316265737, 1.6074092434700855, -0.257285185301755, -0.11319452072474928, -0.2106851773149085, 1.2161569689667353)
