seed <- 938
log.wt <- -12.571316046742448
penalty <- 2.8115950178536287e-8
intervals.send <- c()
intervals.recv <- c(56, 112, 225, 450, 900, 1800, 3600, 7200, 14400, 28800, 57600, 115200, 230400, 460800, 921600, 1843200, 3686400, 7372800, 14745600, 29491200, 58982400)
dev.null <- 358759.0022669336
df.null <- 35567
dev.resid <- 226513.1848449566
df.resid <- 35402
df <- 165
coefs <- c(6.490112789677084, 5.872439736867553, 5.552165763732468, 5.242987261198685, 4.9793375171493, 4.814114206320349, 4.773849716776774, 4.639928340687879, 4.390473445059681, 4.2146784109038755, 4.3504038296035175, 4.116908047453126, 3.9954418717093056, 3.9612229083267447, 3.7470393310319916, 3.5080557565760513, 3.231155264877568, 2.918895103463247, 2.4594148084238756, 2.0378941501866468, 1.6344049647025283, 0.9003605206347547, 1.1178206285627907, 0.49647266512878474, 0.4895505608509509, -1.3764762346405273, 9.013925025608084e-2, 0.9109139208376201, 1.0033396858344465, -1.1513670380570835, -2.427974870230643, -1.9749903702355647, -0.5061163374087922, 0.7314368518869019, 1.4471352960094237, -0.8838954373212431, -0.20603788521718186, -1.201740077715561, -7.331880533431094e-2, -0.14062747618615382, 0.9355389781832231, 0.761236162595372, -0.90115836375649, -2.316107880489012, -0.9138785994520204, -0.9520997242851549, -1.3722107563877726, -4.678545450786281e-2, 0.31824956932504184, -0.5275371791677951, -0.3125423950724853, 0.8025978825865968, -2.143206898634854, 1.5873885553254676, 0.8566518142467062, 1.1581428760679713, -2.1357793455622387, 5.126443862078325e-2, -0.29796528378903026, 1.450004874444894, 1.2724298434465862, 0.6810580357500401, -1.8948801122294137, -0.7765600164991641, -0.30223226092477035, 0.33975860533437857, 0.7527714752333926, -0.35297004442086966, -0.8997062177745745, -0.7782907027641202, -2.0036356508181363, -0.4426681875720392, 0.382488617825995, 1.0173645125283555, 0.8309664183416787, -0.9530683602790381, -1.521243932804442, -1.4722267541268963, 1.5010780951972487e-2, 0.7120911352511025, 1.140886226373105, 2.833984118395593e-2, 0.11984369088364845, -1.4027299394851982, -0.7496752942241168, 0.4524735241019893, 1.3306597354472902, 0.4176080951265106, 0.8254080044483277, -2.114784074359204, 0.28144944935768595, 0.6666703178219406, 0.7522912850424582, 0.4426969623518026, 3.4709981942922546e-2, 1.153978711951876, -0.38907186418858497, 0.2298194958843751, 0.15934466860738375, -0.4859551620846745, 0.2491850725887325, 9.331170801098851e-2, 0.8471992904443134, 0.29618293468058543, 0.7714484741884231, 0.8506096641962292, 1.1480708911356403, -0.3175371467519845, -0.39384746909082735, -1.042725306784016, 0.5338490174949169, 0.4250889113329792, 1.5517434497105742, -0.5767653597233613, -0.12334633616454667, -1.3674007084442834, 0.7430184739647557, -0.20525054964060507, 0.44915993668293486, 0.6900408517513564, -0.7587372436121813, -0.19108686974750524, -2.022722753117885, -0.3620048752723704, 0.21762957440840366, 0.7518752252914328, -8.720217787105633e-2, 0.9301215625027506, -0.5193628815130165, -0.339863886535429, 0.3725395354783638, 0.8832444550664577, 0.7909572058246138, 0.4651174736038141, 0.18302475342422003, 0.8855889059857373, -0.5002653905735778, 1.0103207937139036, 0.7461264465647728, 0.9389582812879561, 0.7444241203601939, -0.7958802734330453, -1.0625853522082116, 0.5771353463328827, 0.18692228840181283, 0.6520943564394703, -0.1270668030521888, -0.28235636786722923, -1.8231555223699942, 1.2554847015048822, 0.16843476285120526, 1.2918837216880223, -0.3575676670894812, 6.667685778410087e-2, 4.711708250744367e-2, -2.1572607390379472, -0.9432283293421052, 0.8416382697473586, 1.3025470252346687, -0.44122545768082877, 1.5072592401337443, -0.4842325255100511, -0.12796227162721027, 1.7418174289310886e-2, 1.1803424688711002)
