seed <- 873
log.wt <- -13.385517896327348
penalty <- 2.8115950178536287e-8
intervals.send <- c()
intervals.recv <- c(56, 112, 225, 450, 900, 1800, 3600, 7200, 14400, 28800, 57600, 115200, 230400, 460800, 921600, 1843200, 3686400, 7372800, 14745600, 29491200, 58982400)
dev.null <- 358759.0022669336
df.null <- 35567
dev.resid <- 225712.2700642489
df.resid <- 35402
df <- 165
coefs <- c(6.794875521055658, 5.86357062763607, 5.772691310978021, 5.344518172389876, 5.132849857173251, 4.921128682607912, 4.742095009207545, 4.664167472325066, 4.403498189785315, 4.288162928061655, 4.353966679466106, 4.202266685911363, 4.031322011274482, 3.9656057497800514, 3.77374411857221, 3.5364350380589897, 3.2286707686863982, 2.9968475670330395, 2.5102455256478953, 2.1102483390196816, 1.6113253609152904, 0.8861107590309852, 1.0341299647592208, 0.3443721806858476, -0.13713538864225586, -1.3310777170652321, -0.12962025764863738, 0.895350085080708, 0.9837748804612508, -1.6903194951862663, -2.3674173621962193, -1.9715433123282828, -0.38738859012941407, 0.7021883327166251, 1.3269619428162978, -0.6531974826673851, 0.1614326364054949, -1.0872726968006192, -0.2428935448558998, -0.9817906616038354, 0.9478755204899618, 0.8641887272883361, -0.7211048463440076, -2.2762675604813674, -0.9079160369366391, -0.7042819951655029, -0.9419502025546724, 0.4172262905451046, 0.5504747513939449, -0.8488892898477396, -3.414037280357482e-2, 1.034458757271709, -2.662127519875004, 1.7198118130841744, 0.7115286219405973, 0.9716895481546708, -2.000884084578698, -0.2770931094187105, -0.34866948107204354, 1.2829692732426772, 0.664378400534008, 0.8014125101882787, -1.4069118522064015, -0.8492291739528426, -0.3556148374377665, 0.26279190705581124, 0.5375394552060323, -0.5588906202536185, -1.7011242733458989, -0.472931763762492, -2.1226308469337765, -0.4735874977250735, 0.46997494180181115, 0.9584728688207611, 0.656414871991185, -0.9993630756546608, -1.1931998068919936, -1.5737416619240059, 1.8356250902634135e-2, 0.6857791145552425, 1.1744140735656794, 0.15217207595522447, 5.981947734888652e-2, -1.3784467040064678, 9.152152619624002e-3, 0.470025774165588, 1.1355444773719938, 0.5311089344777759, 0.8487375566696437, -2.1816324534213996, 0.41160285411485226, 0.6338688561585507, 0.7680508076088137, 0.3754543442360602, 9.84647327005884e-2, 1.2424120673767576, -0.12824148831283597, 0.5820557491994112, -0.18881360476507844, 0.2724491506101923, 0.33610755072248405, 7.01581482057226e-2, 0.8823864411404576, 0.27174521982845384, 0.4919608511759835, 0.8574944783175351, 1.2184533988033657, -1.2868903385642376, -0.7637517957823066, -0.7748488317404577, 0.43848247828384596, 0.5588278810802455, 1.559214418570951, -0.6909161698313221, -0.16270772601787656, -0.9690057021186669, 0.8128448051262365, -0.373437912759473, 0.3842123857453502, 0.5270598112605238, -0.3038673045630627, -0.4890381652949556, -1.1109978936327771, -0.6052934512952003, 0.3705454487444819, 0.8928796263208493, -6.385964985185526e-2, 1.0352403479276642, -0.4298948247226176, -0.33051627609419904, 0.40077419988172147, 0.7945540743374991, 0.6888853932000821, 0.3528480322635379, 4.3832367907501765e-2, 1.1543028376127957, -0.28703969550335084, 1.0440191190791581, 0.7730124154561453, 0.980274364351006, 0.894293711549573, -0.7811017284321035, -0.9576153973668761, 0.6270778876552787, 0.2938215161405772, 0.5135259790015093, -0.2736277996410292, -0.5126634947865459, -2.068919543767959, 1.340576266986672, 0.16950607765412581, 1.2181830158177334, 3.440775341438417e-2, -3.405720462415078e-2, -0.151950174128147, -1.443549562140562, -1.5051238147950794, 0.8527857871098763, 1.1127311299988034, -0.4981577888403512, 1.5206460278172074, -5.7815827657723654e-2, -0.18884253200495632, -2.107327161146719e-2, 1.2512358072725231)
