seed <- 379
log.wt <- 0.0
penalty <- 2.8115950178536287e-8
intervals.send <- c()
intervals.recv <- c(56, 112, 225, 450, 900, 1800, 3600, 7200, 14400, 28800, 57600, 115200, 230400, 460800, 921600, 1843200, 3686400, 7372800, 14745600, 29491200, 58982400)
dev.null <- 358759.0022669336
df.null <- 35567
dev.resid <- 225851.85555869195
df.resid <- 35402
df <- 165
coefs <- c(6.56734247701321, 5.819328974384391, 5.542648432377236, 5.240939480198077, 5.118720947851716, 4.8637089485246126, 4.813237147479071, 4.684409367156065, 4.330391098830931, 4.196092413946237, 4.273055598538729, 4.133103059797194, 4.020798298034714, 3.9717486861802103, 3.7747689827860422, 3.536208673579142, 3.2601358447460886, 2.914439763107042, 2.5260695544284615, 2.038111006501879, 1.451868136933947, 0.8879495641702365, 1.0205220828794805, 0.18041807432584123, 0.4924747163614659, -1.6197262758786186, -0.3522878626176468, 1.1018161081676432, 0.982651670537987, -1.816391778147394, -3.122220367711093, -1.5158740132101227, -0.2074003988623825, 0.8082280533574675, 1.372141159636031, -1.4103047841757304, -0.7030121883610976, -0.8428164897672669, -0.19380247974099005, -1.0450649082250465, 0.8794375745297129, 0.8194878965292983, -0.7562282204326718, -2.272082216459879, -0.7823884922298212, -0.5342076872933176, -0.6335483771956378, 0.2674937913682255, 0.21834334064170696, -0.42169475672227313, 0.175215831207849, 0.9889834951308605, -2.3926157400140338, 1.7829364801347627, 0.9663838415207949, 1.0376966816014732, -1.9701142863200272, -0.1449502566410539, -0.33233236174229647, 1.7694214691533015, 1.1199767220874657, 0.7932942467334002, -0.9395156750500876, -1.3158403963005845, -0.6049373527166573, 0.31241349206738717, 0.7069500685791079, -0.6719691988350303, -1.6644121729049168, -0.5729809284643813, -2.369601566421443, -0.3151429574153156, 0.3214553137232368, 1.140877078110112, 0.6256239772918597, -0.8407255852909561, -1.1182095922237518, -1.623997648265699, 0.11006466127675156, 0.5560586110271251, 1.2274854428869009, 6.070387641334012e-2, 6.114858449057884e-2, -2.116955532592008, -0.2228787085705318, 0.5382789632825538, 1.3291703727140245, 0.1418606139732138, 0.8854086171126838, -2.6238446942760087, 0.48816022239686147, 0.6744183575131494, 0.7906783031869449, 0.2806628264750734, 0.20212350377717092, 1.6464827352456735, 0.31426935310320564, 0.3816397487653425, 6.757908368458289e-2, 0.5014381180983962, 0.2610288557808541, 0.16781788856533156, 0.9029166101944179, 0.13088045897877162, 0.7080382986794258, 0.8420238948965131, 1.2564153126390074, -0.4218371834461016, -0.3815112709795972, -1.5293285100292473, 0.3458794129832404, 0.797515450448371, 1.5362937568956567, -0.39838048872328463, -0.2640550973734418, -0.8849364044746324, 0.745762658521986, -0.434475493417674, 0.5190799120889883, 0.741459930499043, -0.9719536160749268, -0.4456280215354866, -1.984898482698783, -0.2936505437197633, 0.511084335852782, 0.9745838039747047, -1.867153032544569e-2, 0.9609286465861702, -0.6037146730663487, -0.5033788679674419, 0.3786749560704019, 1.0850614054480834, 0.5277479617987179, 0.4430555533990014, -4.780861991845092e-2, 1.1361858928494997, -0.3769053149752682, 1.1441543372308451, 0.7753328381572514, 0.8130941680019069, 0.7291292404061024, -0.6498436201054423, -1.3652339294833225, 0.7562159663899538, 0.31916835806210786, 0.6843119650913554, -0.20900476484932592, -0.573201580723575, -2.0690587782335417, 1.436134546935346, 0.2723631953225532, 1.1071502653812202, -0.13521673941156137, -3.973136142317682e-2, -0.10938927673891331, -2.18231291480101, -1.0340799817917605, 0.8777364985511544, 1.1838492069936772, -0.599316664408081, 1.505821967453664, -0.17491383602540375, -6.099622160522328e-2, 6.463464388974917e-2, 1.1621528191136374)
