seed <- 792
log.wt <- -13.029271642109594
penalty <- 2.8115950178536287e-8
intervals.send <- c()
intervals.recv <- c(56, 112, 225, 450, 900, 1800, 3600, 7200, 14400, 28800, 57600, 115200, 230400, 460800, 921600, 1843200, 3686400, 7372800, 14745600, 29491200, 58982400)
dev.null <- 358759.0022669336
df.null <- 35567
dev.resid <- 225967.24745271652
df.resid <- 35402
df <- 165
coefs <- c(6.384212890945479, 5.846548835109967, 5.762372248426439, 5.362196606651196, 5.184062858890901, 4.90402250193478, 4.753485508868519, 4.574862743175692, 4.410878208105585, 4.28005045346768, 4.279442667284394, 4.157197523967607, 3.9568582081661665, 3.9754079394834583, 3.749615087796691, 3.5197048240194424, 3.2430950138308683, 2.9356184523169766, 2.4533996754103957, 2.0629565502724407, 1.4292833398789364, 0.9428524116308384, 0.8398241888436627, 0.49762102456269863, 0.34293877437609677, -1.3411597122628818, -0.2106738494561754, 0.8124532261003908, 1.0365016854068252, -1.8375652436997525, -2.4964903737565787, -2.27299693483512, -0.24987617153856684, 0.7589806645448345, 1.1647672187194138, -1.336145395286455, -0.4758308029169952, -0.8132773376528627, 0.11296938328357543, -0.8113830156813633, 0.7649296360126873, 1.078926448050942, -0.8213045044878102, -1.6429450810018802, -1.0024889492143516, -0.7124365400540666, -0.42111540931754277, 0.19696999214880806, 0.3992680143022362, -0.9345057514427442, -0.537900176089753, 0.8230011130034625, -2.3364246253275773, 1.8138174645584022, 0.8292585354661106, 0.9758652604003843, -1.7201789657773585, -0.12332652088289603, -0.15893542566042748, 1.6451835719172438, 0.7093155202698701, 0.8506903436752994, -1.3797706970317307, -0.3783733690311889, -0.2683163626262078, 0.31113370694633663, 0.6459938906197855, -0.4449394421979295, -1.3313479951021192, -0.6238140604080106, -1.7338410213609956, -0.4884008871400776, 0.1851543920019281, 0.8950742334253716, 0.7441319318101051, -0.8829197004722548, -1.3178499648095443, -1.2132514209934808, 5.392201240654074e-2, 0.5376523156140134, 1.0838424970371523, 5.9491321343782794e-2, -2.7621583131516445e-4, -2.020078131618302, -0.2165274402544656, 0.2879986650769213, 1.2615250026583915, 0.3587774663321181, 0.8161894394265612, -2.387161304441544, 0.464158959038105, 0.5688992619142272, 0.7281793433019809, 0.3579940209748831, 0.16513704948269808, 1.4030206481234744, -0.4197770683345085, 0.40433571931605994, -0.14919572371112286, -9.340210475494574e-2, 0.4215438495410217, -0.3261287366379107, 0.7947721204801804, 0.43388938447403447, 0.8935313827159731, 0.8586733966955828, 1.0257864037481175, -0.6286189594463408, 0.15201869536422807, -0.9056696440608891, 0.39960281503979045, 0.594325077443274, 1.5353531763995634, -0.5109648282727438, -0.35167584953229725, -0.8623096332037266, 0.6993041224412739, -0.43998026190532874, 0.28006457198483575, 0.7090588312197168, -0.4931320553941783, -0.20664252219330873, -1.2464349085820077, -0.5879960540319779, 0.31951248518330816, 0.8883156925760795, -5.244178906730423e-2, 0.8761981264772464, -0.649176064768663, -0.33579697193715885, -2.4909122190007573e-3, 0.9580687979860834, 0.7229153932123258, 0.49581616955002, -4.562916198357141e-3, 1.1318243678958786, -0.5459630439358562, 1.1107219185610662, 0.7984409303558444, 0.8148315188688854, 0.6730590278982866, -0.729712906799135, -1.0152688642281744, 0.6969275547166986, -2.9811480161954056e-3, 0.44449866402134053, -0.16555138078977247, -0.4587559945318904, -1.8718884894278793, 1.2827619319828072, 0.21718136587394632, 1.0799280989398026, -0.2411750564879489, -1.292455320376362e-2, -0.14365158416128698, -1.6336070471835524, -0.9033622746103646, 0.8228411725476921, 1.1758605190669784, -0.5075510122715041, 1.4464122141571032, -0.21060562863022847, -8.181529739653455e-2, -6.407287545000756e-2, 1.1163268294942297)
