seed <- 260
log.wt <- 0.0
penalty <- 2.8115950178536287e-8
intervals.send <- c()
intervals.recv <- c(56, 112, 225, 450, 900, 1800, 3600, 7200, 14400, 28800, 57600, 115200, 230400, 460800, 921600, 1843200, 3686400, 7372800, 14745600, 29491200, 58982400)
dev.null <- 358759.0022669336
df.null <- 35567
dev.resid <- 226447.83308110308
df.resid <- 35402
df <- 165
coefs <- c(6.725922499539724, 5.648799917196835, 5.555636528053421, 5.238549195360467, 5.069423278310483, 4.808470663519332, 4.821814032665329, 4.63381780900684, 4.328882822852496, 4.284848709589701, 4.266784742617882, 4.153304427621327, 3.960978305002695, 3.9534402281767926, 3.75064278088432, 3.506291530566604, 3.21621738310722, 2.9374544384793806, 2.5304526784152865, 2.027290105831695, 1.5585846677671589, 0.9664016757267286, 1.0029464264907832, 0.3285972904648724, 0.19241306609084313, -1.0901346060076769, -5.293154758365189e-3, 0.8511683805369386, 1.0788869087511157, -1.3130116343992606, -2.0603295251325924, -2.1782237784129284, -0.3617270847746446, 0.820726120791222, 1.1564604360900381, -1.1934592745562538, -0.3133698841765923, -0.6653274291186512, 5.797039109378882e-2, -0.43874911739646444, 0.9684315018120188, 0.9744214076858697, -1.2352797636134323, -1.7397820468028133, -1.0825982036454882, -0.8648645332022157, -0.3136200874075584, 5.007668691269965e-2, 0.1460188551170555, -0.3994481665213249, -0.16313622183516455, 0.893646964970088, -2.4981282786326604, 1.6602965192389894, 0.9188468948013653, 0.9433385580125991, -1.917368305235452, -0.39942852302313986, -0.5900064960651901, 1.0880490673707004, 0.8037223338345939, 0.529147282039248, -1.7771656149101862, -1.1431432480289314, -0.9056572419394157, 0.13535147144962595, 0.631771383030726, -0.7195914436872725, -1.6223034318520893, -0.5973049885625572, -1.5147311079141292, -3.6817589659472907e-3, 0.5608758627990424, 0.8056865262154727, 0.6928369981251383, -0.7374655730100703, -1.0153025991660818, -1.3860638329017971, -7.032257071560578e-2, 0.6714664639816355, 1.1635912083135846, 0.2171032032118587, 7.335381814131957e-2, -1.0664865991886134, -0.4626225690507826, 0.29849431157132045, 1.2596483524643918, 0.710355264140982, 0.9480416275712342, -1.9481439666574105, 0.45455168347025493, 0.7438049972409337, 0.820743313842765, 0.2832896572392178, -0.2952771943558338, 1.0415139109550793, 0.8356825406651498, 0.3857569739128286, -0.17883182233089118, 0.25348765692975783, 0.1963172221585049, -0.3280044193237486, 0.7611840545047296, 5.990183833329136e-2, 0.8209882456361208, 0.9093149476685616, 1.0731549138110386, 0.16174711479840972, -0.30404583203226804, -0.8496534680691724, 0.4554887402470383, 0.659728391717428, 1.623993574383214, -0.42086592803768, -9.50198829014882e-2, -0.867774286292871, 0.7992564977953288, -0.2767313091204801, 0.3967980738355431, 0.38975120961437193, -0.41157101179642186, -0.5297470509460537, -1.4006758646435102, -1.1261818811459965, 0.2364465965960069, 0.8558826680512391, 1.3408612128046794e-2, 0.9819652565623594, -0.51326810869447, -0.341350067338612, 0.4330674534878344, 0.8320304201268863, 0.9421239171313376, 0.36249861208647527, 2.491234324835849e-2, 0.985408060216788, -0.42516718875797044, 0.9727108265383159, 0.7085208877588941, 0.9307169906608086, 0.8043422378922626, -0.6206687673801373, -1.3142481760033762, 0.5976039031646725, 0.26971356373742134, 0.4757900591284294, -0.16813260381432812, -0.7962746624227393, -1.804498714071674, 1.2366858094741802, 0.1031357202586008, 1.2277761725345695, -5.939234769352311e-2, -9.648741601072679e-2, -0.10789806011044661, -2.2257419706968844, -2.2589408423194155, 0.6769369557091425, 1.202378457113611, -0.11198023650775676, 1.5966365912955367, -0.4392589211185344, -0.130467493589456, -5.359872213029652e-2, 1.1477359784155676)
