seed <- 653
log.wt <- -14.313266111456205
penalty <- 2.8115950178536287e-8
intervals.send <- c()
intervals.recv <- c(56, 112, 225, 450, 900, 1800, 3600, 7200, 14400, 28800, 57600, 115200, 230400, 460800, 921600, 1843200, 3686400, 7372800, 14745600, 29491200, 58982400)
dev.null <- 358759.0022669336
df.null <- 35567
dev.resid <- 225708.18755891544
df.resid <- 35402
df <- 165
coefs <- c(6.575543379640242, 5.733571343598885, 5.697656816781279, 5.3241954331907335, 5.0843685502536875, 4.935909686269896, 4.82721468594112, 4.666794295083906, 4.370676908825611, 4.33852495798128, 4.298870157678923, 4.209477069698061, 4.04281810939169, 3.962439711386371, 3.7872632428612363, 3.5448956884588063, 3.264082804853617, 2.9712477204611467, 2.5168234766438924, 2.092930482490242, 1.608983901128164, 0.9179501638140171, 1.0214403230587414, 0.3836177764996801, 0.41189912592313804, -1.635939486786226, -0.2531154571140668, 1.0494609762500156, 1.052547031820514, -1.1144147651614986, -2.3800039685684706, -1.5973133922421652, -0.5497525178473297, 0.7647749996902744, 1.2234832530017792, -0.8148187496229234, -0.4508745388546091, -1.0379256808885808, -5.341883605179434e-2, -0.691903662352359, 0.9446449498729347, 0.9890984795301738, -0.8407386065545286, -1.8881458968458564, -0.5983488621916168, -0.9913920668343317, -1.1117480748995179, 0.21347962073283766, 0.29187071449136326, -0.573381490981926, -0.12406264571509854, 0.9570614927500896, -2.5728597109694507, 1.6561443405692389, 0.8505900448606031, 0.9857524141409674, -2.021296642181981, -0.32311810914817224, -0.5282762689723267, 1.085194087644347, 0.6857113657183624, 0.762480882215965, -1.081734016474775, -1.1646353031396406, -0.9197590822970272, 0.2742753905252393, 0.6367684462915785, -0.4051021330142871, -1.2739739205946186, -0.5781739416630437, -1.5508489618225523, -0.9367565720987027, 0.7381843878388568, 0.9655086220299314, 0.75725750687949, -0.7712681294824445, -1.2679911939502535, -1.0987556729044634, 6.549243433206331e-2, 0.6699352852256001, 1.1426723030915866, 0.12080516700570251, 0.3145009189909656, -1.1128630829892308, -0.39296007515710907, 0.4492852421788347, 1.1321060567137642, 0.3496003063145186, 0.9179124582726291, -2.2000439945961467, 0.5342029817360009, 0.39496819252905946, 0.8056058064254404, 0.4210074355858576, 0.24705342563668914, 1.2148477031113623, -3.948950776189771e-2, 0.6962747894495883, -0.10421622079900189, -0.6672692019930319, 0.26840112336627353, -0.40564397409907976, 0.7464938919588406, -9.491668432989192e-2, 0.6901157419385058, 0.8506176186732183, 1.1629090476205697, -0.8077303998575346, 2.287297538625788e-2, -1.2308648612895707, 0.24186667966871767, 0.6198086497740511, 1.5818026873742281, -0.7552461790161662, -0.2812502672626952, -1.0442058742327534, 0.7024992539005428, -0.28571461758657, 0.6586109103550003, 0.6508505059927528, -1.2774020413565472, -0.3045870398380657, -1.3763036241028528, -0.4253403368657205, 0.30332309017454023, 0.8414901946295048, 3.0029313439995552e-2, 0.9084150210072587, -0.5444013395094747, -0.26051215938297134, 0.366026689991804, 0.8667214173930536, 0.9034805912245929, 0.4444057005750129, 5.533656052600045e-2, 1.2446321609675088, -0.23235310537208173, 1.0453298283385817, 0.7079828054734034, 0.9177118538141328, 0.7049985004551842, -0.6359239248594066, -1.3982395815279607, 0.6268530366312247, 0.4435648231342231, 0.5446891509722499, -0.3311251163578362, -0.19878823098358164, -1.6324732652385512, 1.2440236836975072, 0.13304322560235057, 1.0929794624927336, -0.21616390822192302, -3.205652946671997e-4, -0.40491168143318756, -1.3693953434368804, -1.3368578205866357, 0.920054172362836, 1.137409112827436, -0.30135872123940444, 1.5568050169463445, -0.47625733151294936, -0.20261030130914992, 5.992175145518785e-2, 1.1580455847355628)
