seed <- 513
log.wt <- -15.762085088736278
penalty <- 2.8115950178536287e-8
intervals.send <- c()
intervals.recv <- c(56, 112, 225, 450, 900, 1800, 3600, 7200, 14400, 28800, 57600, 115200, 230400, 460800, 921600, 1843200, 3686400, 7372800, 14745600, 29491200, 58982400)
dev.null <- 358759.0022669336
df.null <- 35567
dev.resid <- 225817.28487047573
df.resid <- 35402
df <- 165
coefs <- c(6.373895946883201, 5.749188091149798, 5.753431935652545, 5.360687618542695, 5.079765553671252, 4.917589265210822, 4.698549757177038, 4.6257726849658924, 4.3495557670981, 4.228300084562557, 4.279816677303856, 4.16543948776853, 3.997544118603673, 3.9738073653181214, 3.767929200336736, 3.524894905239737, 3.215759836672453, 2.9154095251636813, 2.5125187066751304, 2.0490841387202416, 1.617108734588263, 0.891338523270275, 1.0252506531632917, 0.4657696591650234, 5.7191150522659585e-2, -0.8386101856401303, -0.28123863431438, 0.9240066884131422, 1.0719979222783143, -0.6576506920161361, -2.143963544863019, -2.3429229419594195, -0.45962649779380416, 0.7755102934394951, 1.268285422928017, -0.883548264473958, 0.4509541238885613, -1.080767554295225, 0.2964748985762543, -0.47641391630244523, 0.8863129127082386, 0.635883943380291, -1.0822429926535158, -1.7139835249131408, -0.558434893309307, -0.5383287624883635, -0.6523621263073177, 0.10882319278136408, 0.6538057762918412, -0.8237611161602917, -4.3219228705412886e-2, 0.8829648459529011, -2.2662579336135744, 1.6601651884581548, 0.6865137413540081, 0.9099060903672517, -2.3207261539060373, -0.2767641971782403, -0.5142957391791305, 1.4717702754565656, 0.9794582650148619, 0.6705043163169698, -2.010734961359053, -1.3680891958313133, -0.5938269730656369, -0.13104499642768458, 0.5757686226888822, -0.8545866168008545, -1.2526263412180583, -0.5978175635150405, -2.168188980454946, -0.6996892181805573, 0.11250154856401685, 0.9828049383261523, 0.6122241602590222, -0.7053821754023226, -1.2886229533527045, -1.260362863348499, -3.5451183342444354e-3, 0.6777523343163784, 1.2039865429767318, 9.089415206144157e-2, 0.35096195154396176, -1.848659405398694, -0.4414721098604095, 0.26453507742184856, 1.2320935065876748, 0.25757428595260795, 0.9285246596392238, -2.297763707600354, 0.7618099766182262, 0.7973429272758477, 0.8274010720745204, 0.4597183026648326, -0.14453507642774202, 1.2278273270219673, 2.937768250287603e-2, 0.28607626671947756, -5.094971728214198e-2, 0.13035442411802128, 0.5087386374738643, -3.68631054406621e-2, 0.6587564412363467, 0.20261039913444642, 0.6478001323822579, 0.8058241570723828, 1.1707833599906559, -0.15838704313642668, -0.5030613514701058, -0.830212071543031, 0.4588069789908626, 0.5502803972047676, 1.6152839176617257, -0.7980629384272462, -0.21937693829279936, -0.710991261109338, 0.8670266488550351, -0.3024020364754895, 0.4562782872107537, 0.5334175305797787, -0.8944529681917841, -0.5262761903083487, -1.0545718075633908, -0.4741699275919389, 0.21701118026659133, 0.8966361032144473, -2.9027365199221285e-2, 0.9893109790654918, -0.6602695514572562, -0.5159109342448202, 0.36736246007606144, 0.9085723211839309, 0.5899633333279091, 0.426982326616347, 2.0673658036889473e-3, 0.9154144718738711, -0.3831538424256174, 0.995322780564192, 0.7475086704667208, 0.9122572018628061, 0.766712971920502, -0.7598213776674871, -1.142408695124286, 0.5625507900738157, 0.15373969562338657, 0.5908047171569139, -0.2702202499874376, -0.11520633431690361, -2.281250898531192, 1.1793253114483138, 0.17559612422168558, 1.2448623418033697, -0.2960853764276528, -3.224055693893511e-2, -1.7131517419290358e-2, -1.688447165072791, -1.1880051462138268, 0.8779194753893411, 1.1092676889943411, -0.5213335640704012, 1.5852433709607212, -0.1855850238049111, -0.12779761724311386, -0.11155792904292737, 1.2348414459030408)
