seed <- 1091
log.wt <- 0.0
penalty <- 2.8115950178536287e-8
intervals.send <- c()
intervals.recv <- c(56, 112, 225, 450, 900, 1800, 3600, 7200, 14400, 28800, 57600, 115200, 230400, 460800, 921600, 1843200, 3686400, 7372800, 14745600, 29491200, 58982400)
dev.null <- 358759.0022669336
df.null <- 35567
dev.resid <- 225573.60095109427
df.resid <- 35402
df <- 165
coefs <- c(6.626916480286545, 5.852686461233516, 5.780909649646267, 5.307332898506294, 5.085086999339739, 4.821963654533911, 4.6606516459972145, 4.600150787775717, 4.37492381845312, 4.224833677516152, 4.291286633414082, 4.157848393230502, 4.037214821281695, 3.95215302523632, 3.7621976183150823, 3.547715965943899, 3.2083807781722165, 2.957216235350076, 2.5048011909794585, 2.0355732938246334, 1.595755561022752, 0.9270870596308558, 0.9692465256147704, 0.3639921441531088, 0.7635414632802241, -0.8523055291568586, -0.1712518001719145, 1.0665951007680448, 1.0109177313371736, -1.969884689073748, -2.614120977484303, -2.7432577597873533, -0.22556733870213652, 0.7632815940130423, 1.255016902571916, -1.0957670316114212, -1.2043431358808863, -1.0165784929424098, 7.966410390397304e-2, -0.3162427601275422, 0.9405445333040753, 0.8450255449242154, -0.8380436915143501, -1.7245432243671601, -1.2802452525876955, -0.6000253874874416, -0.6750672300483093, 0.1685889286577773, 0.33485739759741423, -0.5701959940379006, -0.4252328995580951, 0.9035424657010813, -1.6140642229303486, 1.7397886403499532, 0.8170064341736727, 1.0982734009511568, -1.8755768761507554, -0.30000492927788136, -0.7302979123845562, 1.4917829758945351, 1.0526235542439175, 0.5815172686872119, -1.9719061728700238, -1.0067754598123675, -0.6074953700661189, 0.35066279368846753, 0.669727169305803, -0.39875546274162504, -1.0012235641803746, -0.6469868340212297, -1.597215830938235, -0.5160595122710439, 0.674900012467162, 0.8660306568117289, 0.6344411857143338, -0.6827213105854987, -1.573042656531601, -1.2761796900601658, 0.11436850097765279, 0.5974983058838149, 1.1635474893258342, 0.22614725360072327, 7.214802657768477e-2, -1.5608187301745646, -0.18390571977905712, 0.32728883940835135, 1.2185033681796025, 0.32164462431774843, 0.8699116993004229, -1.8321836585428062, 0.5409180389670726, 0.8788832066530708, 0.8676272717426295, 0.29331164214513933, 0.39291623329410086, 1.3892060831952981, -0.5492402923509612, 0.3541578605121699, 0.21101454843735648, -0.40862634134027914, 0.23849337547783167, -0.4355717733712326, 0.815249565229341, 0.13954555895913842, 0.735924162711775, 0.8641609832653803, 1.1471732443371851, -0.6466509056976601, -1.066239974576849, -0.7084410941578334, 0.4973282226909571, 0.7451049216803732, 1.5495358190596265, -0.5588994546905682, -0.33031229888589647, -0.9720732380814205, 0.7544688588769132, -0.3889513059444494, 0.5471258982152798, 0.6177220830453368, -0.38859582300784895, -0.6261004744062629, -0.9627806285045467, -0.6587699373409643, 0.20244265011070456, 1.0517409044730017, -3.8140151408737125e-2, 0.9890231137624437, -0.6396271709800867, -0.413201332207819, 0.38074521222166036, 0.8261724342665471, 0.9375445344907054, 0.3737904771016452, -9.11206518413884e-2, 1.19923063608839, -0.4120435047116502, 1.06262595533656, 0.7582927284469744, 0.8595744135577726, 0.7181190300267557, -0.6482242811898825, -1.557924880842248, 0.8284802630489755, 0.6551399818572706, 0.4468558311842362, -0.2311598285926932, -0.6835734852343461, -2.1046556107275407, 1.3169443819376998, 0.16516256721954412, 1.2330031927821659, -0.3684157329817995, -7.659446252641754e-2, -0.20386618861919514, -1.8666487325069323, -1.026281998341118, 0.8239806509959003, 1.2125005526123853, -0.4794084541146725, 1.4994555563773064, -0.29406895497150054, -6.01078850267937e-2, 4.282849242798984e-2, 1.1509691228989924)
