seed <- 853
log.wt <- -13.793075027890069
penalty <- 2.8115950178536287e-8
intervals.send <- c()
intervals.recv <- c(56, 112, 225, 450, 900, 1800, 3600, 7200, 14400, 28800, 57600, 115200, 230400, 460800, 921600, 1843200, 3686400, 7372800, 14745600, 29491200, 58982400)
dev.null <- 358759.0022669336
df.null <- 35567
dev.resid <- 225796.93491801876
df.resid <- 35402
df <- 165
coefs <- c(6.811728170691188, 5.73348557017874, 5.767564666700388, 5.361590057511393, 5.106790750878705, 4.8335549938826174, 4.759896912298146, 4.578640674940962, 4.391198234887626, 4.204744537359432, 4.2967862237898595, 4.156674032169941, 3.9873453023660734, 3.967791012081589, 3.7619889955169383, 3.5330627176225486, 3.2742855534270743, 2.960649705821452, 2.48637260376775, 2.085519217730424, 1.5087317122535577, 0.9565883670327807, 0.9802553628032418, 0.3480009492927557, 0.4869176197588836, -0.9326013798511956, -0.1901481529225012, 1.1458370272398004, 1.0390013647924576, -1.339997508688536, -1.9523341209192286, -1.5677223753488494, -0.40878862031331886, 0.8074218523729295, 1.3304372421162063, -1.3409318835043467, -0.3731615108650846, -1.281856503142482, -0.14270604831108316, -1.1994588990010684, 0.8962375738564652, 0.9365956708704702, -0.8996890658334776, -2.3160168193597634, -1.435642339825162, -0.9506751552195878, -0.8137910360291026, 0.7735463265412712, 0.1060141467068575, -0.7148872633762322, -3.568238958639745e-2, 1.034068607476341, -2.1432008888736016, 1.6623218963733917, 0.7010737104674767, 1.0532358902232395, -1.6190832347258965, -4.555979849345604e-3, -0.7038439609506508, 1.1906113694161211, 1.1199464699070898, 0.6682348594378621, -1.7778379132434288, -1.453708710358122, -0.5702561267348948, 0.3777220395268387, 0.6771823608013915, -0.33378650050153325, -1.233916040752452, -0.7348615063203562, -1.9996900523724181, -0.7953669488553198, 0.33001679500391734, 0.9496205076411344, 0.624206308102749, -0.7073807391501944, -1.0529873510931478, -1.9157135540890238, -9.075274343116524e-2, 0.6853780575674321, 1.106926437965606, 9.952542426380306e-2, -6.604550475132622e-3, -1.3487189636551564, -0.6880317198288647, 0.3326947605225511, 1.1823594304097456, 0.4676333037474972, 0.7744879121439093, -2.2990218769578594, 0.40818336871272015, 0.6182120197806142, 0.8085072346038722, 0.30522321591768425, 0.304377252162313, 1.408435462321253, -0.3420095051782201, 0.29859006000382826, -2.2656678881791285e-2, -0.32487516123025006, 0.3828172599571281, 0.34087674864801526, 0.7303459540303429, -0.23011665333563627, 0.67667556233133, 0.8834721942820897, 1.1829119521969615, -0.8425341828328993, 1.4112389020728151e-2, -0.6696217590345726, 0.362407526957897, 0.8389830749378594, 1.5057733257989916, -0.27783975003873523, -0.2080660981411582, -0.9917041195370176, 0.8029188701704221, -0.254029368890045, 0.39604873573748284, 0.7501059140673167, -0.20756149337190222, -0.38585829121160337, -0.9105902637036707, -0.431060569680322, 0.15118035417100764, 0.6861851870448277, -0.10972505849766337, 0.9919937190647546, -0.6124886872068351, -0.43916870267464453, 0.4247947755246602, 0.9025360360835436, 0.8474993534811439, 0.4405449119970264, 4.3488439791316016e-2, 1.066764925521627, -0.42582297913853545, 0.9345667455875986, 0.7329187193274131, 0.9211160684482036, 0.7516252989117, -0.6122169213775025, -1.0547987753872363, 0.588734042823292, 0.3621061641711461, 0.45877735439706374, -0.2954868877769555, -0.26805079771582857, -2.0005939729365894, 1.266471269221061, 0.17846976053759922, 1.1669413532389734, -5.988667990329935e-2, -5.6723419538007316e-2, -4.009694532633187e-2, -1.6344181216978655, -1.655848708805701, 0.8363627426165914, 1.1626466291639839, -0.16875206178735305, 1.4433635280564556, -0.3721668674981898, -0.16760678705418405, 2.469359759413488e-3, 1.2231521987438885)
