seed <- 183
log.wt <- 0.0
penalty <- 2.8115950178536287e-8
intervals.send <- c()
intervals.recv <- c(56, 112, 225, 450, 900, 1800, 3600, 7200, 14400, 28800, 57600, 115200, 230400, 460800, 921600, 1843200, 3686400, 7372800, 14745600, 29491200, 58982400)
dev.null <- 358759.0022669336
df.null <- 35567
dev.resid <- 225848.33188200998
df.resid <- 35402
df <- 165
coefs <- c(6.533965758611187, 5.822392342863986, 5.806705208548337, 5.319239584290864, 5.185268528714132, 4.819889968379727, 4.8334139852960325, 4.644159022522254, 4.362079671935275, 4.247257808951726, 4.339714172867015, 4.161976508723196, 3.9870297155117083, 3.946333746113142, 3.753898897447728, 3.526549512471047, 3.2423751812606336, 2.9614120812060767, 2.4881938668819754, 2.094978079034013, 1.570755923244249, 0.9360470757278713, 1.0655797342236892, 0.2797211492616723, 0.3655056228503265, -0.7588918923500645, -0.422641287740984, 1.1105246236359567, 1.0448014755955826, -1.5989296282345127, -2.165055791603879, -1.6041077510426012, -0.5080220909566004, 0.7415820668134395, 1.361788837689169, -1.3808853614554633, -0.5683222253816168, -1.6250707474988286, 7.92082874497515e-2, -0.18946198589617186, 0.9254497921521692, 0.9392298894112951, -0.9253754501884391, -2.2142202474547825, -0.7971812546619269, -0.7649000812506496, -1.18712616985457, 0.4462687280489059, 0.7480529371054561, -0.6949292307141682, 0.1818145939033148, 0.8121283413676299, -2.5554188639215103, 1.5582076652491723, 0.9269191437091865, 1.0809737319455726, -1.4984876680366492, -0.3129531136755042, -0.3562638494775399, 0.8746700121116019, 0.8664561434831152, 0.6805148381187096, -1.8549421541855582, -0.6803980296418405, -0.6409245657915766, -3.783842086184812e-2, 0.6558450656098075, -0.4016886056097473, -1.145410063023271, -0.6294391603912687, -1.8589264431986878, -0.13829869436555695, 0.6851656975046926, 0.9319902309190284, 0.5153978851210295, -0.9131407515612375, -1.4349061382319062, -1.3039959449770648, -3.0209869436846056e-2, 0.5468762868882433, 1.1056924876149337, 0.19555981545958426, 0.3482951918082144, -1.5598173967360698, -0.9513086830463451, 0.532936096803577, 1.1833451523165637, 0.1840250593597743, 0.842234427511566, -1.4692054570022548, 0.46738214007994683, 0.6980555598980341, 0.7514865384688514, 0.4036603482765202, -0.12084005820779557, 1.3879052091647646, -0.6376149906902043, 0.37509082110623104, -4.777310443177502e-2, 0.16949932735888643, 0.38600098343840433, 4.07002903298623e-2, 0.7230051380963751, 3.492081301468585e-2, 0.5919531028225984, 0.8636079393269187, 1.1712411121657955, -0.24237490290890185, -1.6830464866634896e-2, -1.0126303322131336, 0.4494529025375726, 0.6308093076968506, 1.5672600642282881, -0.5148447897599648, -0.31558936790534664, -1.1604649682492958, 0.757288716811398, -0.3169969214771994, 0.3275404677176292, 0.6828979065455983, -0.5101817466279975, -0.6631853986985402, -0.7907436619013568, -0.7238337954608063, 0.3538318753517141, 0.7497531893464623, -5.891748809832189e-2, 1.0109535102814458, -1.0999135824970545, -0.31353699087895254, 0.43108227419097805, 0.9906942573521431, 0.8152398416516062, 0.573140649754633, -6.973829434265497e-2, 1.0520190173482173, -0.3296316387244436, 0.9415171459338134, 0.7101788824347407, 0.8756147818556221, 0.7498167426297321, -0.7408142135543868, -1.1524198915712167, 0.7912426054587258, 0.3575203087558036, 0.614781041588937, -0.4252212973933093, -0.541798424662876, -1.6743886380834332, 1.1616283251840118, 0.12637896483224784, 1.1351366801566936, -0.10639274865422338, -6.1816764376327035e-2, -2.99512054856775e-2, -2.1320235124774465, -1.1536824407382182, 1.0462539231836385, 1.2018409786673634, -0.9103726895443903, 1.5156912264749176, -0.4662222646190739, -0.11456136752942087, -2.04979168391536e-3, 1.1991698194821985)
