seed <- 665
log.wt <- -14.33602119334206
penalty <- 2.8115950178536287e-8
intervals.send <- c()
intervals.recv <- c(56, 112, 225, 450, 900, 1800, 3600, 7200, 14400, 28800, 57600, 115200, 230400, 460800, 921600, 1843200, 3686400, 7372800, 14745600, 29491200, 58982400)
dev.null <- 358759.0022669336
df.null <- 35567
dev.resid <- 226189.13358064095
df.resid <- 35402
df <- 165
coefs <- c(6.52782346625298, 5.701304497939499, 5.695336057893151, 5.331956255697064, 5.0778689854614205, 4.806745481313354, 4.761694650279707, 4.703814646409936, 4.3567501331851455, 4.294686205477404, 4.337446097589238, 4.147201165951362, 3.985655898847715, 3.983409058655221, 3.750690332279981, 3.542571304352922, 3.232678324669548, 2.9714774811894107, 2.4897350696191305, 2.0858487920057502, 1.6515836882889412, 0.8937007150594736, 0.9765711040514455, 0.3848471457471423, 0.2828660046397304, -0.6570159134262354, -0.173530372758746, 1.025308196199197, 1.0265751331675648, -1.3042071980180399, -2.108225611486693, -2.270610309465424, -0.4064127518382159, 0.7252083167363995, 1.3526274344948217, -1.095117013396975, -0.7233176729697257, -1.0473437727006363, 0.19430827462422232, -0.7310113507234388, 0.9626628338950876, 0.9391418205344091, -0.8101171105463655, -2.018354605583548, -1.0772498234043826, -0.6290213254071496, -0.8228666152678511, 0.24480223730708248, 0.16252764634097422, -0.9128143725133235, -0.31106532639249984, 1.0175640096632033, -2.236730695060326, 1.654717591934552, 0.750012443007942, 1.1268006053717787, -1.6613462054310577, -0.3348819396743726, -9.445737531430172e-2, 1.6256669139149647, 0.9318229593877039, 0.8082444573645217, -1.7120792399750626, -0.8038038124285052, -0.7423094321179952, -0.22369190243148612, 0.6619266984020551, -0.30525300583420123, -1.452367505385273, -0.6601188679943821, -1.8537488314271804, -1.012127939798773, 0.6068528401249693, 1.0120287094145737, 0.6124399383712285, -0.7573327977875344, -1.2855819890386844, -0.9354498099777774, -5.9181735613301964e-2, 0.6989541336008741, 1.0755643900723533, 0.11223770080202883, 0.23187213328557899, -1.2051648374745119, -0.43476154228558034, 0.5068270478486722, 1.1969428224061183, 0.4558008214058793, 0.8499801885789093, -1.367877006570561, 0.48604352481830454, 0.5538834434572509, 0.7339280194386323, 0.39206128238408544, -4.5844462443537994e-2, 1.2835983725450122, -0.8218764520727562, 0.3552583977668724, -0.30579647881305805, -0.7204414807522431, 0.2913407793160286, -0.5302880424485164, 0.6980809707644049, 0.15250533631103994, 1.226973781253226, 0.8447784995781973, 1.1305692764775477, -0.5191537482450733, 0.2533426746523364, -1.344429574405978, 0.4147127594159196, 0.711866499606104, 1.5357449045352742, -0.9099727099947164, -0.14411492179779595, -1.1808646033177874, 0.7682914799396084, -0.16276914183754945, 0.5300336720453038, 0.41448843926670254, -0.5759375541548822, -0.5222875144490164, -0.8908323636022564, -0.29517404303238637, 0.28618666802689097, 0.7858671645491353, -7.497688067106409e-2, 0.972663827364072, -0.6747324097161351, -0.5169026673597045, 0.22068083548676726, 0.8179667284219458, 0.8508415770050884, 0.3909706430408034, 7.920660035968213e-2, 1.1011220950012377, -0.39660405042345376, 0.981458148170545, 0.653506291840708, 1.0159705050008074, 0.6716608397848678, -0.6336639031288008, -1.3000911937880408, 0.5055778983430513, 0.4167591526066439, 0.5088013090119542, -0.2749232362449305, -0.6459520541474962, -1.803097286542122, 1.2580124486166548, 0.10732924179031268, 1.2447694917641652, -0.29729510954857913, -3.0628669158275546e-2, -0.32534597760054185, -1.4453841966305627, -0.9491196332745075, 0.9017605830478003, 1.1706166226094126, -0.3579460830040212, 1.5118329456630761, -0.3477105043643347, -0.16028291050849658, 9.535181330867103e-3, 1.0929852948349656)
