seed <- 690
log.wt <- 0.0
penalty <- 2.8115950178536287e-8
intervals.send <- c()
intervals.recv <- c(56, 112, 225, 450, 900, 1800, 3600, 7200, 14400, 28800, 57600, 115200, 230400, 460800, 921600, 1843200, 3686400, 7372800, 14745600, 29491200, 58982400)
dev.null <- 358759.0022669336
df.null <- 35567
dev.resid <- 226388.91163960163
df.resid <- 35402
df <- 165
coefs <- c(6.469447125049251, 5.726725167654455, 5.688885417617089, 5.417669174316802, 5.116494921096741, 4.845610934242575, 4.803885802114588, 4.607112299290395, 4.33560985187067, 4.27723475597401, 4.28411520662227, 4.128977830083786, 4.038245742659807, 3.9406263747091095, 3.706247239904079, 3.507978525095981, 3.2358778679672677, 2.9532778674676803, 2.521507471789039, 2.0665253325834496, 1.6286314616576036, 0.8903826687058441, 1.1117734540147612, 0.5606057413291525, 8.1773046582105e-2, -1.0299718142193184, -0.3362508072192761, 0.9963202850487473, 1.0092651355102562, -1.2465761408198468, -2.368411922632684, -1.7198105508163426, -0.299081386336975, 0.7793130995457023, 1.3483489579558727, -1.8612664165564117, -0.10330245378307976, -0.6642567320735847, -9.652400666349428e-2, -0.8827316680504833, 0.9391018401608907, 0.985534433887682, -0.6911542223335575, -2.41091383725539, -0.7838500846944766, -0.6385461652517436, 0.10052295700162725, 0.6123186859958327, 0.3771978904484118, -1.2416016329821788, -0.37759796951007074, 1.041051090160919, -2.5942699150925717, 1.6830621981567901, 0.8768604585380372, 1.107611230761937, -2.933658822874258, -0.22440493627567645, -0.4846771215599312, 1.41445683773182, 0.9521598360993098, 0.9343668583923023, -1.461957224190761, -0.920577406465095, -0.31503413508662403, 7.956288350255211e-2, 0.6468068156061235, -0.18501173818529107, -1.0026947885472035, -0.6224605266647705, -1.9804065328409002, -4.044693195627589e-2, 0.7361423523503161, 1.0448846233310887, 0.6853398350870303, -1.0376139228388699, -1.079035385369917, -1.1376830419603101, -6.370850271267216e-2, 0.6788004891661226, 1.2041510960086186, 0.16822347526049844, 0.3087745792679704, -2.5998064602780153, -0.5455129074781653, 0.4206083378805428, 1.2404928414322898, 0.8157107391749259, 0.8527576161329152, -1.919114254069791, 0.502681685968055, 0.7422574563948915, 0.8614446079418705, 0.3609025074899453, -0.7943368714526621, 1.587243172877409, -1.3454716983707193, 0.5544553512612312, -0.18730970270534955, -0.18137814954368228, 0.3278037496325836, -0.5968706888067111, 0.8766480699665242, -0.33888915413370496, 0.7764334202202386, 0.8354866651120011, 1.1681655361415009, -0.2688136243740236, -8.24356201147372e-2, -1.4774786332169292, 0.37147621316785817, 0.6527456087483403, 1.5536057177601956, -0.7287256946792543, -0.33363156124105503, -1.292586262413246, 0.8566058102647899, -0.4054684096945074, 0.5285424832217566, 0.9077048079018055, -0.3746595959295597, -0.612588456652309, -0.8483373511803055, -0.6377000903482045, 0.21109208536924318, 0.8944975739832925, -6.58310047699351e-2, 1.020060065852115, -0.7398146707666603, -0.34243824816630075, 0.5290339466073386, 1.0292842704175518, 0.8386060420598568, 0.5860159313752115, 0.1074538013559655, 1.1427207824536074, -0.4373162157159362, 0.9967733148950896, 0.6646954707196723, 1.001811071594709, 0.799820717639898, -0.6957383315352258, -1.6518099928214505, 0.9122190841618465, 0.2552858615661909, 0.6300732878055451, -0.3298407333526214, -0.8915349473915516, -1.9582497368830003, 1.2725107592085463, 0.125604722059453, 1.2536484767171905, -3.706366539415958e-2, -0.10525179852571827, -0.18393139553584875, -2.2534991672507156, -0.7897827534299376, 0.8554928790984501, 1.2330551037785196, -9.7012320948679e-2, 1.4902792435814916, -0.2829713432979432, -0.17056000916783212, 0.14302275231693637, 1.297707766538311)
