seed <- 1050
log.wt <- -14.796825539625216
penalty <- 2.8115950178536287e-8
intervals.send <- c()
intervals.recv <- c(56, 112, 225, 450, 900, 1800, 3600, 7200, 14400, 28800, 57600, 115200, 230400, 460800, 921600, 1843200, 3686400, 7372800, 14745600, 29491200, 58982400)
dev.null <- 358759.0022669336
df.null <- 35567
dev.resid <- 226592.56758409605
df.resid <- 35402
df <- 165
coefs <- c(6.353615496379667, 5.874845263101233, 5.5620192321551665, 5.36687473400845, 5.030159026652855, 4.862324629742823, 4.7463975243055225, 4.567824213360501, 4.354762182641113, 4.225099453363618, 4.2482760889882005, 4.156104350345141, 4.015352750762269, 3.95155431686292, 3.7456490763210915, 3.495218637462375, 3.2540661532530706, 2.900617457232479, 2.485860707060167, 2.039916159694225, 1.6179682092960863, 0.8960040153563411, 1.035331652818891, 0.4299184741287092, 0.5258935120307678, -0.7511150430634054, -0.3360965672189306, 0.8872749321849954, 1.0805006019734509, -0.7226196023136094, -2.239900060766758, -2.5570812331286104, -5.513562845752382e-2, 0.7438301208739415, 1.334475410007849, -1.367922104423869, -0.3033167683227196, -1.6434216813692597, 9.950215492918377e-2, -0.8408874847409862, 0.9840298837823288, 0.7143095507787806, -0.8906222381487076, -1.9257461932980053, -0.6483250291169333, -0.7319305013452896, -0.15962707954576297, 0.20047784723320733, 0.33073339363935217, -0.40262641487066736, 0.2877849383675832, 0.8616147078689312, -2.2979215625615748, 1.6542889805324852, 0.7315220163380081, 1.1124337015070935, -2.343860253207627, -0.18362649808050255, -0.9372860980445671, 1.1883245966573828, 0.6728128263559013, 0.809279409053011, -2.040186326785695, -1.3448599247017827, -0.46438976003739096, -0.11105842817101567, 0.64341437446825, -0.5142385467058188, -2.1768325443544367, -0.6431085676578224, -2.0338022516754313, -0.8137890994949044, 0.5794006500180371, 0.9313716809543926, 0.7402341405407562, -0.7166050829166306, -1.26035096096522, -1.6158597115953963, -9.999679011470274e-2, 0.7257258694445472, 1.2737934337074304, 9.895463214436111e-2, 0.28974721410446325, -0.48767585346993353, -0.6795379928379457, 0.42971976195067496, 1.2121152918585554, 0.5707612200900838, 0.8491407936603002, -2.247586743567484, 0.5711723145973127, 0.6092303750986608, 0.8908866796454318, 0.451614507007708, 0.32861737906949523, 1.3375099165766238, -6.526809445617227e-2, 0.2589367088430482, -0.23073734849237867, 6.1019983019413394e-2, 0.1927094562721468, 0.20522111136493962, 0.8734402329495254, 0.20543177565100773, 0.6880706387116965, 0.8537456073748222, 1.1294055088412789, -0.8460358384039731, -0.8202955683338243, -1.1590535109266724, 0.34465535429326405, 0.5501912407205024, 1.6062174719310647, -0.8615719881746497, -7.163499302565324e-2, -0.7904623044601269, 0.9209231951297905, -0.3745087508824909, 0.48229218742024377, 0.48488111696330527, -0.7043913446254502, -0.4849754328592443, -0.8387877254404406, -0.41223245922874246, 0.3050377356307244, 0.7861755145065115, -0.15601926589139073, 1.0065736446926776, -0.4546257926643569, -0.40973230620840845, 0.2948326091648408, 1.0137602668287413, 0.7910138855297169, 0.5279402745708445, -0.1226252981186282, 1.090652174678321, -0.28697852288844683, 1.1237799042833345, 0.6990414058806417, 0.967622347126352, 0.8820870544229276, -0.6549997292222846, -1.748774813557975, 0.5357732645609102, 0.5161770097289394, 0.5612164963620042, -0.2929191371943469, -0.5972549896965482, -2.2474688804712546, 1.293692546157807, 0.14811181743458024, 1.2361628323643576, -0.2108745452833037, -4.62425293605409e-2, -1.521171860329146e-2, -1.6752225871562167, -0.843221508726604, 0.9227277513552573, 1.1770605232610354, -0.10967431727757779, 1.539473743673953, -0.21877113380174765, -0.20852881372115142, -7.565226829209465e-2, 1.2338927914669295)
