seed <- 176
log.wt <- -10.048276114615135
penalty <- 2.8115950178536287e-8
intervals.send <- c()
intervals.recv <- c(56, 112, 225, 450, 900, 1800, 3600, 7200, 14400, 28800, 57600, 115200, 230400, 460800, 921600, 1843200, 3686400, 7372800, 14745600, 29491200, 58982400)
dev.null <- 358759.0022669336
df.null <- 35567
dev.resid <- 225900.7450800595
df.resid <- 35402
df <- 165
coefs <- c(6.383929276289289, 5.623854707462418, 5.67841412612833, 5.271531544366623, 5.01205755256771, 4.8232796657285855, 4.74946563673858, 4.659484860115571, 4.352402408419931, 4.230583650774406, 4.252227681677354, 4.182221251886699, 4.087205261677751, 3.9639222754404138, 3.7581848689868056, 3.4877474682652734, 3.248855120360771, 2.933133271720336, 2.5092469983083525, 2.070876048030247, 1.6041097835484484, 0.881019631729248, 1.1143409489990124, 0.5210627884102632, -0.686585530355111, -0.9359870468759386, -0.18356243491491822, 0.8497801532727208, 0.9711745767293347, -1.3111793528744886, -2.4057370727671152, -1.9731844293570415, -0.19927148736492187, 0.7401920638515653, 1.3604035938021573, -0.8639678019389707, -0.403972603956385, -1.2851502855394124, 0.13650861058451408, -0.4153558329105598, 0.8580089614517913, 0.9506885353823743, -1.0686290360388735, -2.0807524420501493, -1.0267673772315742, -0.7085468075146151, -1.1397493079647092, 0.19534683453966875, 0.42317421390781457, -0.7116666956910228, -6.640018277611097e-2, 0.8738225755297964, -1.756652597661394, 1.6080689323697628, 0.7410740705706089, 1.0512587380327545, -1.8559075581240732, 0.13367396922264493, -0.1814132837651474, 1.5947666508085565, 1.3054964604242014, 0.778764383353633, -2.0652638606874056, -0.5460422867107355, -0.6438972806599378, 0.3039631364618384, 0.7326894473425023, -0.4390051010621317, -1.2652454608664983, -0.7883705521545697, -2.136150138609814, -0.4267446101826263, 0.23544709952716752, 0.9087498390581348, 0.8096307906770774, -0.8071408897373841, -1.2635866443940558, -1.2406108121515416, 6.087531016644332e-2, 0.7618691023262328, 1.144864583282583, 3.5429363198261406e-2, 6.943777376297898e-2, -1.5893865009084986, -0.31853971145410603, 0.28467872862914784, 1.3807885590848177, 0.6469385096908217, 0.8317151232017995, -1.6354616983379096, 0.41047617803083997, 0.7629917300404536, 0.7980507643140666, 0.3938637016029054, 0.27575874676399603, 1.4015658757217222, -0.12835500934633576, 0.5842879867320893, -0.20596570154304797, -0.4389152546058405, 0.5138314992352939, -1.0942017389574443, 0.7598793954817503, -0.20788094116672184, 0.7396073849806806, 0.8542154288118394, 1.1719620763334102, -0.661247515247756, -0.16900492166127853, -0.8608995778748981, 0.43254650189789334, 0.6059156384573355, 1.549449973659187, -0.34892139613940737, -0.17417479650321063, -0.8961079610504542, 0.733689754284359, -0.35281709688967794, 0.332307937557981, 0.3808693576132339, -0.2975334176761558, -0.4669712093180168, -1.606107960390456, -0.9616203002791415, 0.33338215550831435, 0.7385234251922582, 6.028097117238978e-2, 0.9144366902991717, -0.7303977579572225, -0.32865667239255425, 0.4835567000273414, 0.8626892878835827, 0.848637857804131, 0.3433968813182467, 8.176648427567056e-2, 1.0059699073591832, -0.45880567152029095, 1.0347586174915078, 0.7410192886731022, 0.9144762224913442, 0.7258060793745755, -0.705290150157115, -1.3424166402908912, 0.6957814171305559, 0.23923119138695945, 0.5006898656179797, -3.782237267610495e-2, -0.45997380449118647, -2.4715447864992393, 1.2021306259025022, 0.25385069264958854, 1.2255328787933772, -0.25591529736974755, -0.15471287930805794, -8.038406616274384e-3, -2.1107357838297305, -1.0479956286008933, 0.8601071305900432, 1.3238815664680248, -0.3533784155749881, 1.536924690949401, -0.20775827433943725, -0.11160444877804204, -3.363448729679521e-2, 1.1914863726776739)
