seed <- 895
log.wt <- -15.8331147216014
penalty <- 2.8115950178536287e-8
intervals.send <- c()
intervals.recv <- c(56, 112, 225, 450, 900, 1800, 3600, 7200, 14400, 28800, 57600, 115200, 230400, 460800, 921600, 1843200, 3686400, 7372800, 14745600, 29491200, 58982400)
dev.null <- 358759.0022669336
df.null <- 35567
dev.resid <- 226505.28404411845
df.resid <- 35402
df <- 165
coefs <- c(6.758463911508143, 5.768461945673259, 5.684332773104885, 5.365000414855688, 5.067279861624945, 4.913818076202379, 4.744716521756321, 4.572331862665, 4.354954239954852, 4.213090340618717, 4.26057895373601, 4.132093188710798, 4.0458863722249525, 3.951936433941438, 3.7507655024787168, 3.5268327756881543, 3.2605008642172972, 2.95278273949038, 2.521416994380773, 2.0878777448975057, 1.6633514701480219, 0.9224954227048173, 0.8438822671580255, 0.3820967247964768, 2.1943536742998145e-2, -1.328924364464823, -0.3063567141829683, 0.8673446352644626, 1.09609328955923, -2.1311233854970415, -1.9991626987590214, -1.856456524692582, -0.1440107239162399, 0.7758104642931354, 1.095773727632219, -0.6946160142516459, -0.5459334092309233, -0.810328573116331, -0.17358294488287784, -0.8355770892526759, 0.8693581564185179, 0.8995547288634356, -0.9180319490997686, -2.734915975966109, -0.6787038087169455, -0.6701218910293754, 0.14780550785091476, -0.3507859777740872, 1.032111557051622, -0.8277579916046612, 0.26743126032009473, 0.9046520727345403, -2.8625831755204874, 1.6238157491834135, 0.7935332940839545, 1.2138871031472611, -2.2382084759574226, -0.1055965357824834, -0.5548984790630846, 1.5800100228292364, 0.7577716583241529, 0.9791765041078162, -1.9002919604206403, -1.3855037652926656, -0.5195708910842163, 0.17585730834430113, 0.5554824976298719, -0.5638059699134381, -1.4872082113700067, -0.7295194805067243, -1.2445192334078414, -0.3139320502086246, 0.7438246626039354, 0.9680281218926791, 0.6637274046336463, -0.65875768685649, -0.9727296375700991, -1.0626794593445066, -5.477980395054333e-3, 0.723481059140203, 1.1890472543761663, 0.1058121146467278, -0.11915810457841414, -1.9766689171721095, 0.14702650720875599, 0.45741301039377086, 1.2248838972811473, 0.5316778091637953, 0.859830135585407, -1.4183264265478301, 0.4099664895777487, 0.7802374635650814, 0.7950419458806463, 0.27545560728840707, -7.410215978724485e-3, 1.3999393796274082, -0.35051589767436175, 0.4145489729252349, 0.1262288811726763, -5.3928563663753794e-2, 0.6224031800909205, -0.16244062223406128, 0.7335199775492951, 0.10071712348689861, 0.4923496314882024, 0.8425095092602478, 1.0103305261045437, -0.14292297663662457, -0.479957457392564, -1.0255678254539895, 0.4491719176299971, 0.7062899122028997, 1.6260203684503114, -0.5675787835868487, -0.2971411480107846, -0.9461723561833005, 0.7650578048545453, -0.4228282883618288, 0.3595326282107573, 0.6250811265133244, -0.5439292755449744, -0.5990573150608037, -1.1514334569189224, -0.809024195455171, 0.2374838173297749, 0.8289226691576265, 8.217013556904924e-3, 1.062974799727535, -0.5283764278913228, -0.3515469897540024, 0.1852266725342133, 0.8861744818257852, 0.9232860990252878, 0.48125778658679647, -1.3032652309091734e-2, 1.1759956241772869, -0.45874690337189167, 1.0592293496487457, 0.6575618074325177, 0.9319714159685331, 0.8300663830576042, -0.5542619892356813, -1.5428908513655601, 0.6274306693601751, 0.394340015150877, 0.5154805343748734, -0.3533538272424081, -9.627568662043316e-2, -2.052340789913642, 1.188542052636547, 0.20360617210914064, 1.2005277000072185, -0.18025167516297463, -8.820794352343353e-2, -0.17367444509703836, -2.0218064689093196, -2.0999679962648092, 0.7757311394193613, 1.1666081949193425, -0.34689306640175804, 1.554782450026105, -0.4337731806237651, -0.14207347567470333, 8.755416171276749e-2, 1.1851963033576145)
