seed <- 765
log.wt <- 0.0
penalty <- 2.8115950178536287e-8
intervals.send <- c()
intervals.recv <- c(56, 112, 225, 450, 900, 1800, 3600, 7200, 14400, 28800, 57600, 115200, 230400, 460800, 921600, 1843200, 3686400, 7372800, 14745600, 29491200, 58982400)
dev.null <- 358759.0022669336
df.null <- 35567
dev.resid <- 226231.0976390548
df.resid <- 35402
df <- 165
coefs <- c(6.681959356975998, 5.642001156703507, 5.631062869974331, 5.254610661069056, 5.067486924411255, 4.850972491342661, 4.671276133370337, 4.569335784232367, 4.364179271211261, 4.259075888538801, 4.257133960315749, 4.151070269541883, 3.9546982614490322, 3.935256045720814, 3.740634352558178, 3.538763042631473, 3.247186571818275, 2.9570369889759003, 2.460230284268644, 1.9862562241617374, 1.6282780234187018, 0.9118811896554719, 1.0066161150763213, 0.34543473051343293, 0.8232148251405617, -1.049347121855548, -0.26695668571279385, 1.049277503367486, 1.0908550000487895, -1.132326845876273, -2.1266405919880564, -1.7993868129803827, -0.4242632753234938, 0.7654522019860541, 1.395503974961631, -1.1466626506228716, -0.9800632443405348, -0.6353596919573598, 1.4374486142754888e-2, -0.38553749444296326, 0.8867679332889961, 0.8669643528309234, -0.8891255623034705, -2.1228481983994603, -0.8696770729378038, -0.6583047850123865, -1.2133381166600385, 0.24319147771961178, 0.5077784127940372, -0.5757120869112271, -0.5396350372250188, 0.9450046617642079, -2.178533504602262, 1.7859412425752026, 0.7443853294720444, 0.9906505058356626, -1.965691439832837, 1.121915861502837e-2, -0.6065520971052518, 0.9284021001805857, 1.1428504638118608, 0.6146819141938188, -1.2346375443074018, -1.3263786565336928, -0.5491970247332912, 0.3899910279344619, 0.5354780281277352, -0.18450387329881812, -0.9112720663290593, -0.6179049836473267, -1.874381704051655, -0.4528069533004297, 0.6341302009275678, 0.8537814310097483, 0.6513879217551684, -1.5079537281903035, -1.528452960846392, -1.120020278475346, -7.753902052138231e-2, 0.778129146344746, 1.1136677675404398, 9.754946528107658e-2, 0.2441773425993195, -1.4463228568214255, -1.3857673624553506, 0.3767734182685063, 1.2376216160591142, 0.33492134956697, 0.8199235048653918, -2.3199337589007025, 0.5345463930745301, 0.7790563573471648, 0.7832074055189289, 0.45003053629430867, 0.1386823091629055, 1.381857494002807, -0.8673008626427374, 0.3442208353734654, 2.2144437588068484e-4, 0.12688523983705224, 0.361719610819527, -0.32583849985298713, 0.6901614435907868, -0.3996556083522112, 0.6190730573491021, 0.8267843685995823, 1.191123624785352, 0.23251707021463264, -0.689354156546878, -0.8603100904477865, 0.3348578793630314, 0.6404092205206238, 1.5481748468702479, -0.657206647617981, -0.15183673128023756, -1.2377893027731315, 0.7168297425454325, -0.5752617980895955, 0.48892305057382274, 0.3775012326697531, -7.211659658351316e-2, -0.7452806409037998, -1.2508878699198192, -0.36672501710011907, 0.21300014464738884, 0.8129478090162363, 9.960484053749167e-3, 1.001008210135701, -0.8469021028984499, -0.4129098287387742, 0.1952405924656145, 0.9475665005708028, 1.130793157444081, 0.4208429440666027, 8.295098488760116e-2, 1.09913946146251, -0.5344671151989773, 1.0211961973503332, 0.7226659066900852, 0.9944860407092917, 0.6846624237957687, -0.6760087739482317, -0.9737114757252524, 0.5647335181372912, 0.6048040400876812, 0.4310216791935617, -0.28205216707781455, -0.4017028284301652, -1.6042984622928305, 1.1931793300011033, 0.1422273299224207, 1.2425049328758015, -6.142747728746205e-2, -0.12252675099525821, 7.716383917248421e-3, -1.975411663264189, -0.848968877636759, 0.8246874099699616, 1.2527549716591673, -0.2073397118215959, 1.4745080271332258, -0.514893928985177, -0.13428300883832414, -4.1651397444390226e-2, 1.1617930378592785)
