seed <- 396
log.wt <- 0.0
penalty <- 2.8115950178536287e-8
intervals.send <- c()
intervals.recv <- c(56, 112, 225, 450, 900, 1800, 3600, 7200, 14400, 28800, 57600, 115200, 230400, 460800, 921600, 1843200, 3686400, 7372800, 14745600, 29491200, 58982400)
dev.null <- 358759.0022669336
df.null <- 35567
dev.resid <- 225750.50025887135
df.resid <- 35402
df <- 165
coefs <- c(6.472403806761778, 5.808806217094604, 5.684333793292199, 5.339503629237445, 5.0398553077289305, 4.870474733763199, 4.662393775908364, 4.63857736157675, 4.397973919693414, 4.272225026975613, 4.3576996721518375, 4.173540454488372, 3.9881131725866603, 3.9291346239694556, 3.732649786423945, 3.501689060228805, 3.2535196092573586, 2.9593312939041203, 2.482980329584065, 2.0197647772029645, 1.4978679436171998, 0.9260544454341707, 1.0634695095147224, 0.26678856447675753, 0.586483243104133, -1.0091191101877983, -4.324993108841705e-2, 1.1685052184444729, 1.0315604585961684, -0.8328772489672176, -2.237106924138628, -2.3836202850171, -0.4830458531698228, 0.8375524673036688, 1.4700905720653585, -1.101656333545713, -0.6341794653076458, -1.432861835970675, -6.402430771218814e-2, -0.9574042454533681, 0.9276557185504839, 0.7333704632517222, -0.8124524858936258, -2.1501602015114902, -0.9385911834510413, -0.8421313690861946, -0.3889158095219884, -0.12444009765818781, -0.12718949045386835, -0.8090413645500644, 0.24146751155255444, 1.1374014795539484, -2.784828072289243, 1.830080026440759, 0.8227253438033563, 1.048828174106102, -1.9499312512060636, -9.341070819858234e-2, -0.26559221999898025, 1.6331550585917836, 1.1372717404957509, 0.6829238219865973, -2.2316249966668265, -0.592696687030416, -0.5499188264601648, 0.1700925327305528, 0.5708150582654928, -0.5055226076250656, -0.706846922243458, -0.614914718450259, -2.5880334615443528, -0.48843820542817296, 0.5011686658664511, 1.0645600277003224, 0.7567667933778358, -1.0128843781379129, -1.2820000207019413, -1.5746527481957602, 9.192252896565518e-2, 0.7814947192359839, 1.0620991193374205, -5.1579622596397666e-2, -0.1271727057772477, -1.5962049371141394, 0.14813871750560303, 0.46819702101890226, 1.3179875038636044, 0.14424735519095022, 0.8758511613212691, -2.220402496846788, 0.3504449635849745, 0.8352286766561563, 0.7962140772278999, 0.4140528854216657, 0.15832631853439913, 1.4471907665714896, -0.41130221972835085, 0.3352257589795761, -0.22102705385258484, -0.25175873830114753, 0.45544298389332577, -0.44538157249186655, 0.8269297695921, -0.20336335828779603, 0.7261943731249119, 0.8141695921956112, 1.1477421289623264, -0.6423488145382777, -0.6944258312549986, -0.7815454392708583, 0.3652846004587844, 0.7580929319057108, 1.5716985074524046, -0.6724579234108377, -0.21310371921733792, -0.4569868010764327, 0.668395291725331, -0.3232029748318748, 0.47075889834800055, 0.5478906540035018, -0.6092292191809605, -0.358871142939989, -1.1135377623843552, -0.730769695078866, 0.2980482570700005, 0.8244975792441276, -3.56659501020659e-2, 0.914982100110948, -0.7223145676086674, -0.547254172469838, 0.2830655300706219, 0.9969550564468191, 0.6341142777741771, 0.3357563627498119, -4.653041848768503e-2, 1.1926742967419806, -0.3557387378709866, 1.1188661595372997, 0.6943999138148444, 0.867790276209499, 0.6856853351102975, -0.5662255002812054, -1.206563187618287, 0.7269767698466649, 0.22176206647228477, 0.5426106568419894, -0.16456248829905804, -0.5336379271018321, -1.6655456827555728, 1.3158164648229678, 0.18172491353230172, 1.2627002213104639, -0.3075248134130587, 4.6889675559103096e-2, -1.7175573034547923e-2, -1.665868481652547, -0.7526124852925842, 0.9621652436422036, 1.2030505492382182, -0.3217696107335365, 1.47777425319427, -0.2469512361150758, -0.2406334122070418, -1.1370914111380364e-2, 1.169666394566201)
