seed <- 847
log.wt <- -9.752743424541919
penalty <- 2.8115950178536287e-8
intervals.send <- c()
intervals.recv <- c(56, 112, 225, 450, 900, 1800, 3600, 7200, 14400, 28800, 57600, 115200, 230400, 460800, 921600, 1843200, 3686400, 7372800, 14745600, 29491200, 58982400)
dev.null <- 358759.0022669336
df.null <- 35567
dev.resid <- 225492.01708757173
df.resid <- 35402
df <- 165
coefs <- c(6.48617632373591, 6.071890424884293, 5.47145792513219, 5.218784387098985, 5.134886589619165, 4.801351403235659, 4.805721759194183, 4.607693287988236, 4.379874151450699, 4.246333279340959, 4.296843341928345, 4.19949171122075, 3.9651975598280194, 3.9466108740471517, 3.762012192678282, 3.5295576487790874, 3.283271166655243, 2.9504828199897397, 2.462360610426131, 2.011439637665926, 1.533496223440906, 0.8776895287013379, 1.0816329740747277, 0.44881048988815325, -0.23654126082158317, -0.7041430416463844, -0.26596571194247437, 0.8490523148093229, 1.0546619653658615, -1.2692584227393804, -2.293848374427842, -1.746652018970537, -0.4415705438514541, 0.7336034672392848, 1.4076462371881506, -1.397601588982993, -0.7344585117838908, -0.9072973838867987, -0.18821999554846933, -0.24337490625286767, 0.9685635682917915, 0.9953768884007569, -0.659223974991451, -1.4139698424077236, -0.9453880669919783, -0.6972402543976924, -0.5267817978992931, 0.5303884186182632, 0.6342546516207485, -0.5726644893051311, -0.24455008780784043, 0.872432582693025, -2.75338658045225, 1.761108826679214, 0.7128243715968269, 1.144085505420661, -1.9210246024005728, -0.13230067559964148, -0.32315980410041123, 1.3493726508190023, 0.6037871604949896, 0.5811158220332504, -1.5738526030093112, -1.14949366835094, -0.40894397695810863, 0.29140797587886424, 0.6279581901678354, -0.5032008119156216, -1.1369001148880267, -0.7078196212961929, -2.8240044291617115, 0.11266798833547619, 0.6182547389087741, 0.8863930466908954, 0.7420104146924905, -0.7085835477620895, -1.0509404533743527, -1.2522513407665619, -0.12241454443789154, 0.6637187176990251, 1.209297450888961, 0.2208889169139758, 0.3458129896808914, -1.6273661707251807, -0.6368412612439016, 0.32559934220670594, 1.2399769103264902, 0.2929027639764877, 0.873096678715409, -1.9229384567767318, 0.59453600738517, 0.5208647976187227, 0.8317739763316806, 0.312181949106862, 0.23095299026295454, 1.4947125458846096, -0.5910090125860307, 0.42598489536511247, -1.5657432984590762e-2, 0.124051580451977, 0.32753442796996135, -0.2776950993723384, 0.7594840491037232, 2.6404458920665785e-2, 0.7250179776966619, 0.8281689862077344, 1.151789075570903, -1.0818615772413467, -0.187213836008091, -1.0400424694817316, 0.5424450522566184, 0.6128476967723077, 1.609405509726365, -1.0136246256184216, -0.28447172860933556, -1.4479434947641767, 0.7640150778715051, -0.18725279563345174, 0.5109509919650274, 0.631579756034045, 0.23202038269135078, -0.5600961068442727, -1.211709926933978, -0.6934121714064898, 0.38711805907708724, 0.91508029436368, -0.11810474841855487, 0.9099189268804139, -0.711817577255698, -0.3905302920503804, 0.18585360339086288, 1.0177314234695132, 1.0839185054115321, 0.406581905421825, 5.8853355773934725e-2, 1.0955524357004292, -0.33538307224869485, 1.000598019378405, 0.7172817980742197, 0.8043102713025232, 0.6864776458224757, -0.7721556781920782, -1.2219981217106304, 0.7066000493222442, 0.2729286804554364, 0.38789083202167074, -0.3369100686729471, -0.7168380949386854, -2.295735636630098, 1.2468253144311963, 0.1944368752828076, 1.1537575295322764, -0.29789778633685077, -8.52335309997787e-2, -1.8694709261541223e-2, -2.185033985421797, -1.0591002371393419, 0.7706776474248566, 1.2535800938499622, -0.3351369856924834, 1.6240095105170016, -0.4746293738586244, -0.12845792072547127, -0.11129403931619179, 1.238016563113245)
