seed <- 478
log.wt <- -12.435417066290677
penalty <- 2.8115950178536287e-8
intervals.send <- c()
intervals.recv <- c(56, 112, 225, 450, 900, 1800, 3600, 7200, 14400, 28800, 57600, 115200, 230400, 460800, 921600, 1843200, 3686400, 7372800, 14745600, 29491200, 58982400)
dev.null <- 358759.0022669336
df.null <- 35567
dev.resid <- 226885.7120111984
df.resid <- 35402
df <- 165
coefs <- c(6.467441702477679, 5.808629879276547, 5.795481956823027, 5.407216616193437, 5.003426159369273, 4.813254174546368, 4.7184451711799085, 4.583387791211642, 4.3693035216301, 4.189124274813732, 4.216567899433844, 4.175065279780105, 3.9512750734103954, 3.93912613396201, 3.7414965345884204, 3.4959125713036125, 3.2002766973549335, 2.9185530247752642, 2.4726839734857937, 1.992814276314337, 1.5649411113097695, 0.8677443801485891, 1.107242783413524, 0.5101008306080447, -0.11366047217496685, -1.1932034486905236, -0.4159310316859317, 1.2009482185601363, 1.070971832653672, -1.5020440019575048, -2.444458706608047, -2.9520062429826845, -0.3746091427071937, 0.7323778354260814, 1.3606275637269039, -1.2973400784890134, -0.3337021330544522, -1.1091037350569874, -0.1116135653913089, -1.0997753233572178, 0.9287696795250047, 0.8018580013921915, -0.8531560400578692, -1.5426870178593661, -0.8836411415391499, -0.7209409703345357, -0.5074177887594268, 0.6824425833483833, 0.19876845121435466, -0.8019364355125281, 0.30071485505949874, 0.9047173840328492, -2.2087544578130993, 1.9078332731375818, 0.7759674986297858, 1.1203191195601405, -2.347605625278314, -0.13231651120238205, -0.8024854097167147, 1.158395217113818, 1.2080523399650005, 0.9195637502448409, -1.747010645669752, -2.05557689654093, -0.8053686774643765, 0.2856139578769489, 0.6637780094461558, -0.24291107254982186, -2.061261297634339, -0.6782819342069208, -1.8642837418956288, -6.557027312779724e-2, 0.38324954318988796, 0.9303801215597302, 0.6410235270754838, -0.732921162916824, -1.1140381953052396, -1.4237750704246297, 0.18729841106819897, 0.690706824849714, 1.2923660919833546, 9.129167145732486e-2, 0.11607623872677628, -2.391976913892146, -0.4850434419897784, 0.35806836816493004, 1.2841803765862652, 0.6601493970986893, 0.895640830649396, -2.531838862906771, 0.4217879433051633, 0.7735926453061008, 0.9465713404236403, 0.39652387149147905, -0.1346407468297332, 1.3780746484267623, -0.7506285759975541, 0.7007316668324076, -6.732792419402392e-2, -0.17742196930079585, 0.5729168150715693, -0.19363181357021247, 0.8256526041369101, 0.15190743885298377, 0.8491796804183879, 0.8440157683643185, 1.0728691557787216, 2.4985594717193186e-3, -0.4782033964576721, -1.243330089580904, 0.36047244486156743, 0.6983071543449213, 1.6114664498887805, -0.5333453908850306, -0.35424398160184023, -1.4256751400592815, 0.8869397876758622, -0.29266374743662815, 0.5193878671485304, 0.6276962148199678, -0.14096707813037285, -0.3995605655723971, -1.0825497609467767, -0.5619807261389929, 0.26918211800982095, 0.9824804519260139, 2.849653860122884e-2, 0.9543483781591683, -0.5141497078099319, -0.41728748338800337, 0.3673775142076953, 1.089687998111091, 0.8611512593530924, 0.4373376117253717, -9.156549650248222e-2, 1.2916266121542206, -0.3277047827653099, 1.0853017041509345, 0.7507580785760049, 0.9647693494058799, 0.9100384156706386, -0.5960333879303726, -1.1310374379778665, 0.7914199448640189, 0.5776512203923365, 0.5423199036762048, -0.20248932397151867, -5.463541549486041e-2, -2.424220484538944, 1.3733920685020622, 0.15651898979746331, 1.2647286796002013, -2.921081623109057e-2, -9.442949238913409e-2, -0.10371599782267985, -2.48542873125488, -0.9266677163098918, 0.8587328522098507, 1.1320965447789126, -7.34372724411827e-2, 1.5311388720886105, -0.2518443172417392, -0.15839934529313557, 0.24290703771694355, 1.3253824150280917)
