seed <- 824
log.wt <- 0.0
penalty <- 2.8115950178536287e-8
intervals.send <- c()
intervals.recv <- c(56, 112, 225, 450, 900, 1800, 3600, 7200, 14400, 28800, 57600, 115200, 230400, 460800, 921600, 1843200, 3686400, 7372800, 14745600, 29491200, 58982400)
dev.null <- 358759.0022669336
df.null <- 35567
dev.resid <- 225389.4312272387
df.resid <- 35402
df <- 165
coefs <- c(6.42556866099547, 6.098510650109053, 5.77161104493099, 5.236500035130967, 5.154608588328484, 4.821436246795656, 4.772821163941525, 4.63511079677574, 4.427270021197675, 4.313987272655314, 4.3137284606084, 4.207325891879067, 4.022252814568299, 3.9651022736380828, 3.773675748170156, 3.542412623849737, 3.2389360950422845, 2.9252697248443553, 2.5090785166589775, 2.0918612789646565, 1.5488007703702513, 0.8765911435260872, 0.9927972312033788, 0.42925768507429296, 0.3913272972749631, -1.6019928099184217, -0.35891826652127923, 0.9416855203785179, 1.033643572664558, -0.9439094118734398, -2.2453147835459646, -2.2611356115668757, -0.3940532067241614, 0.8199433842452049, 1.239223164122381, -1.1611261433498312, -0.4675569743329806, -0.6963299130828996, 0.15501048381664642, -1.2881930972798807, 0.8576960197361553, 0.9790106598370214, -0.7442923698283488, -2.0363522858075283, -0.7868103724960751, -0.6448560283828307, -0.28813656265505144, 0.22394254196763738, 0.4633242403602607, -0.5702691148812254, -8.018898975371826e-2, 0.7965945647098035, -1.9480181745355998, 1.7279737979994012, 0.8924987711803196, 1.1509949931751913, -2.3114161656781156, -0.485343083662076, -0.5707267382080189, 1.2613495093647151, 1.234250899456052, 0.7985724888005281, -1.7698054823910874, -1.108344662607959, -0.48398718662303897, 0.3738706074963264, 0.7505757422653085, -0.35567241972559743, -1.7619708980759232, -0.4096849664612487, -2.0482095002049903, -0.13401660213620864, 0.6274192992357718, 0.9292401859844647, 0.708071017855078, -1.0012281175677449, -1.3354677285945415, -1.3374751763834565, -0.12703288471822155, 0.8341691372671112, 1.1358283804869893, 0.14217446157016084, -5.404402452946471e-2, -2.136240624280479, -0.37637675352770106, 0.3309140583108335, 1.2017032531191527, 0.6834887929755994, 0.8200648079391427, -2.4465455953605764, 0.4347142507283778, 0.7171378529021089, 0.7703254966677223, 0.304911571163253, 0.16980116318810773, 1.487302450199309, -2.131535491900198e-2, 0.44381646991733287, -0.1588084640601197, 0.2577620834058342, 0.39472626955468626, -0.6308059283194782, 0.7818974700715853, -0.6411027994854952, 0.7753058110017411, 0.8679496836032803, 1.113772096380771, -0.37595783762578816, -0.43425439806819127, -0.8511601118014338, 0.3358176262539112, 0.587581600930588, 1.5245249935555172, -0.34669039749993796, -0.2756045925296648, -0.9964539146475747, 0.8413748655805039, -0.26830026109030053, 0.35400072980392616, 0.5011665355462653, -1.2562593521597007, -0.4884102711427098, -1.1875263235791536, -0.38721049669414137, 0.2659413540503913, 0.8468194169402742, -5.631119364607774e-2, 1.0923934332052068, -0.27862050556802725, -0.5175319398631899, 0.4285020081661018, 0.7150436622376154, 1.0643614533777996, 0.3500366701979282, -3.157618657687561e-2, 1.0228302879989315, -0.39193493484295544, 1.0053245031878095, 0.71035842056135, 1.0670360751605092, 0.8086850217555741, -0.6755990041059381, -1.1715887378163088, 0.5075491967472485, 0.4947185690965544, 0.4772383418327412, -6.053740180302443e-3, -0.301880628462487, -2.2420801266710972, 1.31276130839694, 6.937675413906713e-2, 1.304770347488577, -5.519400811186125e-2, -1.0254960542476207e-2, -0.16539082945092232, -1.31827037374478, -1.7196389257938394, 0.8783440057828091, 1.1922750720176807, -0.20308584778704467, 1.5048911337667132, -0.5403337844208919, -0.19086558467763665, 0.12421519203414375, 1.256545581161612)
