seed <- 209
log.wt <- 0.0
penalty <- 2.8115950178536287e-8
intervals.send <- c()
intervals.recv <- c(56, 112, 225, 450, 900, 1800, 3600, 7200, 14400, 28800, 57600, 115200, 230400, 460800, 921600, 1843200, 3686400, 7372800, 14745600, 29491200, 58982400)
dev.null <- 358759.0022669336
df.null <- 35567
dev.resid <- 226766.52691384262
df.resid <- 35402
df <- 165
coefs <- c(6.708988358733106, 5.626236228623435, 5.958060812803024, 5.435395569558485, 5.057675972012613, 4.845069986565356, 4.780756691357255, 4.65429193397247, 4.393349893949407, 4.315952507128134, 4.302751413743324, 4.149012780152113, 4.032691709125717, 3.9373823164516404, 3.721428232586637, 3.5183466277483673, 3.2226443911376825, 2.9301116963869847, 2.5217895550416456, 2.0396228876496147, 1.580501796860384, 0.8754954194910316, 0.9841544125612807, 0.12417632862147851, 7.326019069602792e-2, -1.275829063458689, -0.2861211700812098, 0.7955350706793661, 1.0726625119158544, -1.0126433643531483, -2.353248132339928, -1.4655413054473279, -0.3734521865974792, 0.8098217622045425, 1.2823992518541039, -1.4300706015369633, -0.10512143686034203, -1.0517836733678294, -2.5675206900809454e-2, -0.4378570060497213, 0.9791112420060569, 1.0896065585054444, -0.8189996120417746, -1.8514984265439975, -0.9985560523934968, -0.7237818879814978, -0.22302519309075672, 0.3264677931421893, -9.264425312823868e-2, -0.6904875713380827, -0.35226762768846126, 0.9916436485231501, -2.504667240000268, 1.745050815916275, 0.8233473279449793, 0.8493150333184352, -1.9218167260337389, -0.20507157856906902, -0.22657356266855427, 1.4315422854702118, 1.2304917103697814, 0.6786403639776579, -1.12937977752209, -0.567046668874417, -0.3222218597536693, 3.4112339838121507e-3, 0.6005037494482403, -0.675440765092846, -1.170108065773267, -0.6269194347824839, -1.9294203435345483, -0.29529285254889787, 0.584024513980831, 0.9856341148901984, 0.721872530233037, -0.9154266091475147, -1.6660926332186157, -1.4437935474432164, -2.2369900924930124e-2, 0.4874227331811913, 1.1061117085610046, 7.377761070417248e-2, 0.12012257837055151, -1.8706489585106194, -0.4631327374895941, 0.34823257517677564, 1.1447810397694371, 4.222666673280897e-2, 0.8396774120218875, -2.567769021703668, 0.4766976227808748, 0.5518154898804902, 0.8284093531933203, 0.3711399768898311, 4.562694800244418e-3, 1.178630258009497, -0.6110577354434982, 0.41515286076088054, -0.25773994501404945, -0.3378245322556913, 0.30022289063947233, -0.5443383589374307, 0.7687870989057655, 0.47216761965626997, 0.965183830466145, 0.8346217424694894, 1.1006135397973273, -8.130441085016246e-2, -0.994698383583646, -1.3464658713545417, 0.2917164745046256, 0.706021293053786, 1.5575730253897335, -0.6061332198564824, -0.2711909040012534, -0.8994756709194308, 0.670896838195193, -0.338738291250141, 0.3738343645123916, 0.507221172597052, -0.24296396550378818, 2.379661389642547e-3, -0.9396926423512337, -0.37445608422617693, 0.3694843685946585, 1.0018298236485903, 2.720158017020563e-2, 0.8240576513781436, -0.6946389196176787, -0.3333709331257105, 0.13288654270145586, 0.8564403399643141, 0.8764889668309591, 0.5832727572907477, -2.12885670211835e-2, 0.975576139639539, -0.3564952048937181, 1.1224961497031514, 0.7592561221527909, 0.8533559535941555, 0.7148243616299504, -0.5921701339302049, -1.2778935642261633, 0.5643050293611549, 0.35703850331341314, 0.546943707546105, -0.2902087285154528, -0.7587678127589389, -1.782832963534081, 1.320908158832945, 0.20270730714401586, 1.077959518671347, -0.252194278504047, -0.14480425211988268, -0.34166072107732787, -1.3114663837192617, -0.6116853731819205, 0.8043101384871186, 1.1440036205873227, -0.11962410531618307, 1.5135784508326824, -0.10862522829633324, -0.1926922592389813, -0.2241378316763821, 1.125340136874028)
