seed <- 582
log.wt <- 0.0
penalty <- 2.8115950178536287e-8
intervals.send <- c()
intervals.recv <- c(56, 112, 225, 450, 900, 1800, 3600, 7200, 14400, 28800, 57600, 115200, 230400, 460800, 921600, 1843200, 3686400, 7372800, 14745600, 29491200, 58982400)
dev.null <- 358759.0022669336
df.null <- 35567
dev.resid <- 225211.74496917083
df.resid <- 35402
df <- 165
coefs <- c(6.6908881735834465, 5.950242059199546, 5.774528776983754, 5.430803131020216, 5.106320261204216, 5.013033990069957, 4.870108424789756, 4.581399138051353, 4.389393879220894, 4.323377317018424, 4.286048139968536, 4.181025989760678, 4.035229691630143, 3.9912637017705554, 3.7907075272475144, 3.5515123313970043, 3.241058127255632, 2.977054472496167, 2.5352460147145583, 2.0051049556625076, 1.49770453678038, 0.9111008079598971, 0.9017512364010197, 0.15266904336595946, 0.5512718114592442, -0.7396208366038696, -0.24405503526457412, 0.9917639635062805, 1.151034029376478, -0.8751084928473777, -2.8031102730155393, -2.1982568062366963, -0.5880252616293831, 0.7663727394137794, 1.2466897884102124, -1.3225670018427118, -0.43137189978239704, -1.4373466553231316, 7.651102280571132e-2, -1.437075147963736, 0.9693833381266699, 0.7661924009818041, -0.9844722465034853, -2.3136930889731975, -0.8719097034630692, -0.841247914775869, -0.42808796472646, 0.22460128222519773, 8.22637170524947e-2, -1.124954674890661, -8.468950501674495e-2, 0.8839757778019129, -3.2387552711375465, 1.5948256171199273, 0.7331099209262125, 0.9957799712173704, -2.695513296584816, -8.454812530424191e-2, -0.17925126434246924, 1.0294044452513569, 0.9553560762607552, 0.7675084879456414, -1.9178434387812742, -0.1306381064796695, -0.61085892629718, 0.383983712765808, 0.6891349345243653, -0.5908311868528462, -0.4908986818799413, -0.6899769369370232, -2.097205883868507, -0.12181782114596801, 0.14940393336752317, 1.0434043446122527, 0.7438162764799565, -1.082466701894648, -1.2821056501733785, -1.2277536709519075, 9.469439553050227e-2, 0.6674010962652539, 1.2044920125296652, 0.15710509250755553, 0.22657224390498318, -2.0894397932561226, -0.310476625504007, 0.4584143745619216, 1.1663153413435121, 0.45487594464671743, 0.9382830659582313, -2.409591993744182, 0.5205664814251074, 0.8988083880358277, 0.783909993947284, 0.31471433742838534, 0.3268751835431194, 1.2921705097678802, -0.4266880826890943, 0.8429146303249082, 0.17678241097221223, -0.42897355489830746, 0.2966662359014965, -0.25774896074124, 0.8868208576813538, 0.13582456639558307, 0.6885467460162271, 0.8299408599575014, 1.1280158513428573, -0.47089997338215495, -0.14823368676860416, -1.6049356546337323, 0.3301765096915516, 0.6111669048369641, 1.646097280729069, -0.6674151523311057, -0.14439253143998884, -0.8192331174152006, 0.7536108378466262, -0.3563528389104057, 0.24021414083491757, 0.8142217768259071, -0.35646414919981884, -0.374361739633384, -1.2547234131501914, -0.6176670131096413, 0.450352204779069, 0.8073247295985789, 9.826355783376607e-2, 0.9528975049770703, -0.5201445489734076, -0.4857723226461291, 0.1848081555112218, 0.8925071846225211, 0.8008934054129871, 0.5679930015917726, 5.869651930802035e-2, 1.1578845856540216, -0.232691098776476, 0.9655885624967738, 0.7560211856193761, 1.0095590311618858, 0.779909767369635, -0.5371038905602441, -1.1947643338672636, 0.4610196649762986, 0.32984362008266166, 0.6056856171367174, -0.25765076535717063, -0.3583658500146065, -1.6886535763479917, 1.2211906315395036, 0.1927232942671918, 1.185307341577551, -0.18188462470474343, 1.5768191866783677e-2, -0.35561715314356174, -0.861869317408225, -1.1957981196917495, 0.9952991049115418, 1.2066640769688803, -4.448080208528718e-2, 1.6012483678618035, -0.30148738388666313, -3.935957684898015e-2, 7.643629984730689e-2, 1.1379067595258128)
