seed <- 419
log.wt <- -15.685107095681795
penalty <- 2.8115950178536287e-8
intervals.send <- c()
intervals.recv <- c(56, 112, 225, 450, 900, 1800, 3600, 7200, 14400, 28800, 57600, 115200, 230400, 460800, 921600, 1843200, 3686400, 7372800, 14745600, 29491200, 58982400)
dev.null <- 358759.0022669336
df.null <- 35567
dev.resid <- 226719.93241342972
df.resid <- 35402
df <- 165
coefs <- c(6.387050409771523, 5.804120259103282, 5.50417838931616, 5.342199647263457, 4.953723399643172, 4.927619078508001, 4.705731829792332, 4.6544240313630825, 4.341592856217454, 4.23321780337335, 4.337592624312424, 4.186102497371285, 4.010082055444959, 3.924299346555371, 3.727699123703529, 3.52152597541595, 3.2475198473913123, 2.9522918544730383, 2.499431933224318, 2.072436400713705, 1.6027485233182825, 0.883001796151976, 0.9093042524744764, 0.3747631216242773, 0.2983271050846557, -0.7298049615806166, -6.938865334918472e-2, 1.0864726780051182, 1.0908668893424918, -1.4433448184566384, -2.174786718263574, -2.1858544513958176, -0.13930923870907225, 0.8225907766583196, 1.1608195941858461, -1.4828585216605903, 7.629691176952443e-2, -0.6880176335659063, -0.13059001775923618, -1.5941206239213697, 0.9551571831538208, 0.9113339588025428, -0.7913513664848836, -1.77024024136564, -1.1075325879850868, -0.5724167894022676, -0.8014523124520716, 0.4643316066879419, 0.6897902638942551, -1.294671842684682, 0.14101200042272866, 0.9392914443735485, -2.5843210347186454, 1.8246671976669686, 0.8542687188315591, 1.1359310535215201, -1.998367842706298, -0.2923255191189516, -0.738172002784905, 1.5316067195538006, 1.253674332885508, 0.6801735940683992, -2.3583840366311346, -0.8720270297192224, -0.8569337164919932, 0.19875736406955344, 0.5078336868252676, -0.46529757234643915, -1.1631106747220343, -0.5857242272084039, -1.189943350013548, 4.09378109704306e-2, 0.5701180130543038, 1.0080112241499952, 0.7391151782903014, -1.3325102313619155, -1.308776730022373, -1.4663886912710853, -4.959363381114784e-3, 0.7210730504874291, 1.1723338681726425, 2.3463094238649024e-2, 0.12007892264705225, -1.91282125152899, -0.49630567220755273, 0.4057277002348424, 1.2381823790724957, 0.5548050091355711, 0.8822371248758585, -2.499891191653987, 0.405709775415862, 0.6756025443289392, 0.7816733297666403, 0.3439902448866038, 0.21369043696158396, 1.3123511071676024, -0.3716870621024896, 0.266317838692014, -9.472132484400245e-2, 1.3028533788942134e-2, 0.4091992596295204, -0.2405580438461957, 0.7430491096073467, 0.1112184608953241, 0.8160155362694479, 0.8669751443383311, 1.0131637642442395, -0.6649980158801754, -1.397738883647544, -0.74471747160585, 0.31944444699785607, 0.8190555605515651, 1.6176029668221934, -0.31736665556446036, -0.17816531741609595, -1.615788674906862, 0.7442812971519256, -0.24198549160381524, 0.2525443174254975, 0.890869871879729, -0.21754849648564456, -0.6853325257670773, -0.7365307518465897, -0.263374313213787, 0.36771704252879867, 0.8134886616927759, -5.020189887168457e-2, 1.0512679159033997, -0.7717644043975133, -0.49364922639111314, 0.2335618734350703, 1.0009987070760353, 0.8815271131744117, 0.46789224281902636, 2.6047904306476858e-2, 1.1266123593258548, -0.4593283257852282, 1.1140777741197867, 0.6971518483321841, 0.9920097497169842, 0.8128025344763569, -0.6443077568116591, -1.1253581770326389, 0.7017412262612619, 0.4211456883641953, 0.5001976820413061, -0.25940775869115396, -0.14094873657246476, -1.6976221099749598, 1.3123132538210778, 0.10983490935762222, 1.1674169656354914, -0.29122102846483344, -0.10961204573793894, -4.823731909047595e-2, -2.2569223821513242, -1.707599313783636, 0.8142241531985757, 1.1852206340314193, -0.3362846503918327, 1.5842014506404272, -0.20708880938041666, -0.1183833839525564, 0.18266119952550103, 1.1441992111477928)
