seed <- 999
log.wt <- -14.403899519253155
penalty <- 2.8115950178536287e-8
intervals.send <- c()
intervals.recv <- c(56, 112, 225, 450, 900, 1800, 3600, 7200, 14400, 28800, 57600, 115200, 230400, 460800, 921600, 1843200, 3686400, 7372800, 14745600, 29491200, 58982400)
dev.null <- 358759.0022669336
df.null <- 35567
dev.resid <- 226469.52097545651
df.resid <- 35402
df <- 165
coefs <- c(6.455509116799718, 5.781630575765908, 5.472005547755187, 5.499749996698312, 5.151370224172486, 4.857116023212046, 4.78707726867011, 4.649437845135668, 4.421601357927014, 4.294111741056633, 4.340556276234937, 4.124678633805095, 4.014926784496231, 3.987422576626341, 3.730847072662896, 3.55686549232619, 3.274329903676759, 2.9245597673779518, 2.4467051092685113, 2.0136896234737094, 1.5281669822477921, 0.8346803374166851, 0.9338582356865551, 0.3595506252847595, 0.24143680588021235, -1.044079189378419, -0.3534858458188805, 0.9085347793614332, 1.1030410820968368, -1.2107877077912392, -2.2575185871767633, -1.8466513460452187, -0.4678495882975929, 0.7210972665401397, 1.2286331855737027, -1.4032888408691904, -1.4561733381383982e-2, -0.782450193652658, -3.128051264025859e-2, -0.6126959054672058, 0.9649152065305717, 0.7677027624587586, -0.9665195168842261, -1.9225513990830059, -0.9864252624202154, -0.6462334675914402, -0.31838329342547933, 0.3111973003893656, -0.11477566475487125, -0.8091051377426096, -2.2194540415399887e-2, 1.0096050375790366, -2.694702653359041, 1.57871498109594, 0.6940838930607672, 1.031505951058175, -2.3551325794654305, 3.0221532165133874e-2, -0.3746824581727454, 1.0081816134361132, 1.096885382393292, 0.8630795086019636, -1.4267295259111112, -0.9077281266640593, -0.7583419212374147, 0.21615896031370474, 0.5847873010792505, -0.3842400198630453, -1.116849342493408, -0.7054790996963709, -1.9194039732381751, -0.2635771673884358, 0.4037044934327982, 0.9202214170765586, 0.6672710487619015, -1.020181989800813, -1.2164838123097363, -1.375065022754658, 9.079440218996584e-2, 0.6341404121709826, 1.164982197197733, 0.12057217671374941, -0.13121533725386816, -1.2171257375383027, -0.1762548724805511, 0.2219362597083654, 1.2056108752791221, 0.32561821877510855, 0.9500872925734718, -2.1856163791890078, 0.555126806663292, 0.48447823130461826, 0.8814735194017504, 0.2990620060243088, 0.1341073364792018, 1.1701593658692235, -0.40161397063699417, 0.42048135474012566, -0.28375591542206563, -8.141451141028297e-2, 0.17329379196176817, 0.14118647176773078, 0.7856356485148157, 0.19493192515420774, 0.7676146547117634, 0.8089545748910058, 1.0952194379544877, -0.18074292286710758, -0.8122539595207718, -1.2777425485742526, 0.47495165510667897, 0.624889801088227, 1.6267135411194402, -0.6341729809996586, -0.11760463986756257, -1.306733328293596, 0.8126560487261932, -0.43833044731426746, 0.553474823324049, 0.4688175132653608, -0.1288854921351525, -0.3824231142376643, -1.21729974516678, -0.5704483981316858, 0.464257592393754, 0.7737044981846511, -0.12684474466283155, 0.9907563916071646, -0.42279471618720266, -0.3741487066969078, 0.3242940785720292, 0.8503593842187245, 0.6802486898429212, 0.45249111390518154, -2.5435916262064373e-2, 1.0566329213609187, -0.31047174333889893, 0.9930406283054021, 0.8039105169569282, 0.9548432120938252, 0.712802680104837, -0.509850790045831, -1.4737769672305352, 0.6101317426048399, 0.20204860604618452, 0.5758535601154366, -9.774674393029947e-2, -0.38314970436657264, -1.8585292075394764, 1.0727213171930816, 0.10684266791487634, 1.1840166303206925, -0.20258234061507102, -0.14054538240634892, -5.2125068269160336e-2, -1.7136628764053425, -0.9759782846856903, 0.8417369694379585, 1.1100951664190462, -0.3496621223240751, 1.5562208311087062, -0.13758752858493242, -0.15269374778856634, -1.4496660424851515e-2, 1.2121047293366667)
