seed <- 1003
log.wt <- -12.969763393092204
penalty <- 2.8115950178536287e-8
intervals.send <- c()
intervals.recv <- c(56, 112, 225, 450, 900, 1800, 3600, 7200, 14400, 28800, 57600, 115200, 230400, 460800, 921600, 1843200, 3686400, 7372800, 14745600, 29491200, 58982400)
dev.null <- 358759.0022669336
df.null <- 35567
dev.resid <- 225818.22581693847
df.resid <- 35402
df <- 165
coefs <- c(6.899471014061158, 5.543271343056861, 5.668979433882568, 5.278542420873294, 5.007392605652667, 4.867915930606023, 4.782481076544823, 4.633661819917394, 4.400939523310844, 4.2675995956363835, 4.335061330557378, 4.13515557277776, 4.062849199284992, 3.919232369078662, 3.7654369895789883, 3.555982508425709, 3.218578890594347, 2.940304595510239, 2.473911603053478, 2.0686292916589966, 1.5382302900221196, 0.9379227323512066, 0.8822034507546744, 0.6061613387621226, 1.9998740798526458e-3, -1.0813309388865118, -0.31555022967203894, 1.0577232269016836, 1.0628119695586575, -1.922679163764282, -2.3672020446546163, -1.4502714175254503, -0.4578508745095957, 0.7697435947378664, 1.1968425430816418, -1.4191821620313918, 0.20452640700225652, -0.8237388672975637, 0.15485980838590485, -0.7949473214647602, 0.9521649394165135, 1.0316068940914318, -0.5439863580311408, -2.2024667702974687, -0.9728585338625657, -0.8220839853723899, -0.1615570517602424, 0.4762750450215396, 0.4820175703337207, -0.5722874948114961, -1.1960560193020782, 0.9162077106646014, -2.5804593360455685, 1.6905511173154086, 0.7735260868489169, 1.00036802171268, -1.9179581006247317, 0.14202585916652546, -0.8267527046582117, 1.226533988107711, 1.0322229147437914, 0.5215920863349216, -1.035518217723361, -0.8658148093537851, -0.39774179079422955, 0.3006203847174091, 0.48806065560784645, -0.4812139595823962, -1.606620607942789, -0.7053570909663739, -1.8365902674278778, -0.38906596337223565, 0.45864188733853845, 1.068337606121793, 0.6592878864377741, -1.0667722723210415, -1.3138912792329067, -1.5366315929230179, -0.17025461544637172, 0.613446071859367, 1.1978091881603397, 0.10843372282752045, 0.2681241741932689, -2.156409203840053, -0.3310872578063368, 0.337200554962853, 1.3106588588974428, 0.46649403875043927, 0.9120275469711453, -1.9577647627613164, 0.5037548428409129, 0.6773274818850918, 0.8260295471787704, 0.2756850780302744, 0.1396844940859926, 1.5646467742943369, -0.669891884014503, 0.2898028894020587, -0.27280210767339996, -4.523680434257296e-3, 0.4390842742672286, -0.126519315775419, 0.8077347981946634, 0.4439713150241603, 0.6859119008980468, 0.8684202268067991, 1.0177276965915438, -0.10570265065139096, -1.063767151447319, -0.991796523397108, 0.5220846628950594, 0.37253693409217326, 1.547399114804599, -0.28990800405669415, -0.24386613390653297, -1.6653951564397003, 0.8513075580896438, -0.25667941956412926, 0.2958539507714136, 0.565316661416374, -0.5570933431148984, -0.3088048745702047, -1.0696865578070456, -0.24831864559573294, 0.22077527077679826, 0.7584385509850657, 5.653903919689643e-2, 1.0164973843083585, -0.483572681568182, -0.4780760285981754, 0.3566597017954777, 0.9284543340963319, 0.7761441248147761, 0.3323023385882429, 8.995704275914278e-2, 1.2111388311724518, -0.43365266851716006, 1.083106529558632, 0.752778034138249, 0.9355535169990126, 0.8184133898993139, -0.7786560000723315, -1.232805382612711, 0.6587277115828166, 0.34467809622877044, 0.4433199798242268, -6.702789781407537e-2, -0.5364129507646597, -1.9462183059481517, 1.1956356998988003, 0.11629970892727197, 1.183558706628265, -0.1361415960105522, -6.137868934666017e-2, -9.939060481499967e-2, -1.955755873386181, -0.6783912381586414, 0.7854032437288083, 1.2197927706166618, -0.5073110616470919, 1.5377002647432985, -0.22645633728602374, -0.17338401371606768, -7.137519457194663e-2, 1.1955308102921756)
