seed <- 843
log.wt <- 0.0
penalty <- 2.8115950178536287e-8
intervals.send <- c()
intervals.recv <- c(56, 112, 225, 450, 900, 1800, 3600, 7200, 14400, 28800, 57600, 115200, 230400, 460800, 921600, 1843200, 3686400, 7372800, 14745600, 29491200, 58982400)
dev.null <- 358759.0022669336
df.null <- 35567
dev.resid <- 225852.1820396218
df.resid <- 35402
df <- 165
coefs <- c(6.686148957839956, 5.934254099819148, 5.642896431055036, 5.3531639152747035, 5.057331017868738, 4.849696790085637, 4.7292260990303685, 4.617354053897353, 4.353459386630768, 4.244221645866771, 4.280749607949901, 4.154978392212678, 4.009180095142924, 3.958899765757341, 3.741758891989423, 3.530067926552986, 3.2579166161181976, 2.9464810559139734, 2.4650764734992565, 2.056536440061402, 1.4937450550912572, 0.924275828878771, 1.0224148424115242, 0.5988709011956439, 0.38757017347766415, -1.1840501717837113, -0.47836858821435635, 1.1284330917335093, 1.0913518186820204, -1.1301021930868502, -2.611608958434159, -2.4476711466703773, -0.49013736989909507, 0.7783615141008304, 1.429020841205177, -0.9691188494926402, -0.44733108019861884, -0.7585899793451584, 0.2643652001216203, -1.9950322424811886, 1.0058022887294984, 1.0061397610290246, -0.6180542055181395, -3.2543563967599107, -1.107028625545792, -0.6278071119140818, -0.2690393176270368, 0.6800238300461413, 0.24791902536967592, -0.6932350522258276, -8.705396157770841e-2, 1.0261534759312534, -3.5897114119648172, 1.7782415111186713, 0.8067153463069531, 1.1842662834889768, -2.52355090977466, -0.408551268712154, -0.4320901403745389, 1.506385626406001, 0.8443418148648858, 0.6570010082972261, -2.0084084396103887, -1.1423222258951498, -0.36619748961530846, 8.680642237143807e-2, 0.6970091509344263, -0.15906809804875152, -1.1324314275211127, -0.4694323303947731, -2.5276587952840095, -0.6667373044267643, 0.28689647702552423, 0.9441579900487249, 0.7229452435315237, -1.1182130632653815, -1.4265859212113003, -1.1452358512834402, -5.1805941651186696e-2, 0.7765272949393113, 1.179235501259252, 8.360845345295162e-2, 0.3430552199571547, -2.6261898177006175, -0.10589076241089357, 0.39860200645994737, 1.2320822220776144, 0.7357425288834841, 0.9120413007645561, -3.0071416235389243, 0.35017065142086157, 0.8480279856697154, 0.8891496051780244, 0.34544870508906445, -8.523838334682331e-2, 1.5532884911526603, 0.20168414364038226, 0.1200614746540985, -0.1431409003459539, 0.378556394337379, 0.548551064232994, -2.884123238885157e-2, 0.7815971239707715, 0.434349355113818, 0.8510288813713023, 0.8366586963357127, 1.0688780243403404, -0.21306803333398644, -8.080857810337661e-4, -1.0355982811868882, 0.40374180617327055, 0.633185180492469, 1.6990302130457238, -0.5739629567137604, -6.211176960483031e-2, -0.7284138771373679, 0.8427513712637339, -0.26469543848835564, 0.3210185039914095, 1.0104816043498688, -0.9007571477726877, -0.34755377863224296, -0.8410656416655041, -0.44780897671639897, 0.43554855363685224, 0.897205282494767, 2.1296014290233242e-2, 1.0155442011730398, -0.45865647956795647, -0.4270435348125346, 0.31964248672306494, 1.1223861758183102, 0.7772932399356008, 0.45791137105667834, -2.130060203933509e-2, 1.327571009300633, -0.29056579543417493, 1.0676318475635473, 0.6978968051690555, 0.9443463972984614, 0.8342687980634171, -0.7232230632761066, -1.227569360069123, 0.6762360461766888, 0.28965546705936945, 0.5212473097380543, -0.2937583200296978, -0.43602618396192666, -1.6549629995141402, 1.2879779425465907, 0.17797810598844338, 1.2568987070088269, -0.1487342312221759, -4.760045025937241e-2, 3.756607807284115e-2, -2.6725586701913153, -1.580573265209857, 0.9200461029191256, 1.2499619815788323, -9.023898835866674e-2, 1.6356983786483361, -0.2387189101123718, -0.18908232287241072, 0.12954929392412445, 1.2641048863950322)
