seed <- 189
log.wt <- -12.041250810373146
penalty <- 2.8115950178536287e-8
intervals.send <- c()
intervals.recv <- c(56, 112, 225, 450, 900, 1800, 3600, 7200, 14400, 28800, 57600, 115200, 230400, 460800, 921600, 1843200, 3686400, 7372800, 14745600, 29491200, 58982400)
dev.null <- 358759.0022669336
df.null <- 35567
dev.resid <- 226751.2280631754
df.resid <- 35402
df <- 165
coefs <- c(6.380631600296757, 5.619322147944022, 5.7961779874548744, 5.275950881098914, 5.040661798980377, 4.839035763159815, 4.780024611835371, 4.713300759604923, 4.396024870015355, 4.257017996869661, 4.302382650064562, 4.131051871778078, 4.012257744236859, 3.9710196403694704, 3.747553379204946, 3.51450330183225, 3.2484228604219867, 2.9310499929294136, 2.5499840071407482, 2.0965405362332943, 1.635325935841598, 0.8885105241309882, 1.0629297247864642, 0.41743497747536457, 0.6371168068034772, -0.9735087631210461, -8.429703817137069e-2, 1.01119328227614, 1.199699721390802, -0.9044347103634635, -1.9470602115916686, -2.9836792111711414, -0.5180023219350647, 0.7336929193848661, 1.3120212219979515, -1.7362986801852542, -0.6881906985767204, -0.5706692963978703, 0.22195864112354718, -1.5151884458146583, 1.0277979365315537, 0.7372662738955991, -0.6116291507205811, -2.3701085315887953, -0.33044751418773693, -0.6885939308271205, -0.1536983768364627, 0.2234713939794262, 0.7287510971493049, -0.6987324320507489, -0.17217558415390155, 1.0234983518105492, -3.3350981405502163, 1.7644794761946516, 0.665850636702263, 1.0445318896739606, -2.7583203951512454, 5.7740327743639616e-2, -0.12176362209377371, 1.096812924377154, 1.2101653583583825, 0.784807597339461, -2.455499434790736, -1.4913595781533424, -0.5162990597586333, 8.993652857924468e-2, 0.6909517135070798, -9.112619341709965e-2, -1.4397690135960188, -0.7183257933403532, -3.060271423887319, -0.184093587864686, 0.5066270911627307, 0.7507739011163559, 0.7560565518110792, -0.7078212387481614, -1.313524641301483, -1.4186405793444052, -0.132207211026525, 0.7736117424057597, 1.255385227952989, 9.20144466470479e-2, 9.220914754137215e-2, -1.0193851455338407, -1.7746394963021515, 0.33013897401258313, 1.2921204160063449, 0.6907816380308571, 1.0018075801113917, -2.38154767515421, 0.3639374304210149, 0.878555819675408, 0.7844583954064481, 0.2832680639865173, 0.2666412564343132, 1.2117152188917288, -0.10328283593494658, 0.18173228403157474, -3.0438118072030163e-2, 0.14217846818783195, 0.38278269540605697, -0.3756814458465376, 0.7531461877812999, 0.4039962879230642, 0.8817564881663408, 0.7831841264851757, 1.146987635772395, -0.664745458171764, -0.24351106978744588, -0.8779371826560265, 0.5699462345816636, 0.5811587494043376, 1.658391001770453, -0.6510881351784715, -0.18588587212979585, -1.1196951151471746, 0.820282697992973, -0.3784604906931151, 0.5316229987544143, 0.7385045204055178, -0.41569515624167325, -0.3674338791451117, -1.5881786271720486, -0.33502509249757745, 0.40855127838860394, 0.9484414207473187, -0.14159414773933413, 1.0461995207172072, -0.5970328124946049, -0.43489627361292527, 0.2725104730371636, 0.9083426113152775, 0.937939695310855, 0.32914963945996906, 0.21209895600108364, 1.160557941068036, -0.35972090117034194, 1.0544303267943484, 0.6809436691276717, 1.0198409255544862, 0.8532376882920789, -0.6025070827816225, -1.1379969400747896, 0.5928297683989234, 0.17053448069147262, 0.36225584543859446, -7.601720765956011e-3, -9.368128849066723e-2, -1.795665316519908, 1.235500533256816, 0.11629000563745448, 1.2503728849132327, -0.20455523571545803, -1.5626837123354158e-2, -0.21119209543168427, -1.58458854308789, -0.9658152726333089, 0.7494233119722576, 1.2860097236022536, -0.46629278707333405, 1.6412778457017227, -9.866201358104637e-2, -0.2527430499688087, 0.14749998046100998, 1.253006795269244)
