seed <- 1037
log.wt <- -13.327817459581421
penalty <- 2.8115950178536287e-8
intervals.send <- c()
intervals.recv <- c(56, 112, 225, 450, 900, 1800, 3600, 7200, 14400, 28800, 57600, 115200, 230400, 460800, 921600, 1843200, 3686400, 7372800, 14745600, 29491200, 58982400)
dev.null <- 358759.0022669336
df.null <- 35567
dev.resid <- 225568.7983334516
df.resid <- 35402
df <- 165
coefs <- c(6.48797660786315, 5.780264952927584, 5.876620710951144, 5.28357544569108, 5.022484057582143, 4.770318441641916, 4.743163358137399, 4.6917995679252575, 4.395728088973701, 4.325470323688379, 4.327662646776939, 4.171696933835098, 4.058008804356669, 3.9625177871695345, 3.7733602671203514, 3.5206598960270106, 3.2659140559573334, 2.975271362996604, 2.5017083034404277, 2.062150847426882, 1.4698643937890203, 0.9290177101195909, 1.1188862051756108, 0.25391821802065917, 0.3484119424080935, -0.9374534327368258, -0.4591580949607966, 1.0725932141642696, 1.0315392878438172, -1.2398326634747534, -2.5681443529394397, -2.1906267947809384, -0.448288422900033, 0.7791950177603538, 1.3634780762153986, -0.6078486882282189, -0.19996721385543045, -0.4637681284855553, 0.10849910955043122, -1.183991493089519, 0.8731396242387476, 0.9137595606794252, -0.38499960412345885, -1.400128077093112, -1.0805710087671463, -0.8033665375040573, -0.47860668204020146, -0.11003064480774365, 0.5022649830186688, -0.8700807054126718, -0.527860287820659, 0.7463523201256903, -2.0296129887114778, 1.606027785020856, 0.7579062507963354, 0.9497985431763666, -1.7087268287775135, -6.0774654227521596e-2, -0.36790479577104085, 1.0480811550639164, 1.3647748244973523, 0.7700052413922597, -1.5251418330524305, -1.015082263544213, -0.9419845961845421, 1.4285045315344524e-2, 0.609735585126315, -0.5489931418908913, -0.6804410979597154, -0.7510384207103931, -2.8474860614905793, -0.5717489165130553, 0.42576139263559365, 0.846371166710764, 0.7173080727972659, -0.8182207008434241, -1.0140804417725535, -1.2568167218174444, -5.585770987974326e-2, 0.5761172660989184, 1.008625140269149, 9.494199178449962e-2, 0.22496893547999144, -1.5346244834985319, -0.1497421294273154, 0.4769102594364073, 1.2815891905779537, 0.5748737757481308, 0.9178466990087271, -2.0702401263600527, 0.36688156631052604, 0.596805997756932, 0.6227475769087616, 0.3712156160955019, 6.455019161849233e-2, 1.1125661839279843, -0.6186749467430714, 0.4654081645801337, 3.329848160664694e-2, -0.13813130368684562, 0.2338798928247325, -0.34121736967674465, 0.8311263541863146, 0.34327667026882347, 0.9530014524572675, 0.8280824499039098, 1.152833151774137, -0.4879703560500262, -1.0445041341421855, -1.4155409224582232, 0.32643272858120337, 0.6018156245416276, 1.5750482450426797, -0.4271879370362117, -0.16059640418349103, -1.0530284548684783, 0.5906721147890609, -0.3192196317430194, 0.641569265324181, 0.5010594627861352, -0.24386422139605823, -0.4953566369054298, -1.1145839743303905, -0.10717731258348485, 0.36145854549022705, 0.7591166723683721, 1.1742359171337795e-2, 0.8600328150149266, -0.637973386250914, -0.4847086128385959, 0.291808374896951, 0.8515465955070178, 0.7387730558470711, 0.3493443906168534, 5.175060975241116e-2, 1.091276643515582, -0.4173344781966687, 0.962646746882642, 0.6960707182464387, 0.8950105709502162, 0.6199119304562921, -0.6085538536572694, -1.0730857561850529, 0.5835076629312919, 0.21954401869940554, 0.564450973980072, -5.6033056038721954e-2, -0.544461917051214, -2.1288949756319235, 1.2349753996248833, 9.315949124217565e-2, 1.1390849817934305, -0.30974044014684277, 2.5208925017194652e-2, -9.101090499793137e-2, -1.0384561891394402, -1.342777571542125, 0.7097096292822356, 1.1638990533370703, -0.2798465872966001, 1.5389951860480775, -0.1555163915263179, -0.1970242539532274, -0.1673503764261536, 1.0707829699216267)
