seed <- 852
log.wt <- -14.500520737705335
penalty <- 2.8115950178536287e-8
intervals.send <- c()
intervals.recv <- c(56, 112, 225, 450, 900, 1800, 3600, 7200, 14400, 28800, 57600, 115200, 230400, 460800, 921600, 1843200, 3686400, 7372800, 14745600, 29491200, 58982400)
dev.null <- 358759.0022669336
df.null <- 35567
dev.resid <- 225888.25541857572
df.resid <- 35402
df <- 165
coefs <- c(6.37994592271103, 5.685002224665773, 5.6693436735509435, 5.341382779126244, 5.095202936980343, 4.847947268322143, 4.774359003247908, 4.663610060360525, 4.399984296275493, 4.314899542657377, 4.302175335583605, 4.160681812273645, 4.015935072398912, 3.9699255342620163, 3.7330362856935744, 3.5278193269973386, 3.273847947826852, 2.9535111975530306, 2.5038964127199193, 2.0732167253293525, 1.6162212992348015, 0.88029059208811, 0.9736220967888269, 0.3327905678498509, 1.0126661778248713, -0.8292958723399474, -0.27525998016071224, 1.0028884700081138, 0.9879909142443983, -0.9539801408341121, -2.2342930369552203, -2.3526710001659277, -0.36132042212943144, 0.7459726965790828, 1.256742231110274, -1.097725128658221, -0.27303545022726267, -0.9355307408675309, 6.113983407911141e-2, -0.9640115150680136, 0.8664224238639755, 0.8693860436411546, -0.8904609724346939, -1.2305239089796864, -1.3188604926900473, -0.7985640261191216, -0.2214112915071482, 0.22465827435250954, 9.263708456634831e-2, -0.33614920467250486, -0.36521350786737633, 1.0642215775418018, -2.5100754250476323, 1.7633675209049104, 0.7390549982506037, 1.0545211766834648, -2.283957175286362, -0.10431941544841619, -0.8885701399148499, 1.320505422505723, 0.7522699100919942, 0.6271726957613029, -1.5286776676807863, -1.2359453113896441, -0.3792675087693122, 0.27408476683590816, 0.7031322961396026, -0.6479429249788954, -1.0845444620605682, -0.6055298389918901, -1.7816458801483508, -0.8115914983611958, 0.6232903008090173, 1.0151680105789276, 0.8345554013878628, -0.7187980258208599, -1.1485399904622842, -1.9116465571991574, -1.2735792949679404e-2, 0.6039390276888591, 1.1544455324583887, 0.2369287116543761, 0.3256211294088042, -1.3480725182473208, -0.613983902591793, 0.48355771694230415, 1.2990314285885887, 0.5063798769845927, 0.8156142868163604, -2.1699189999402777, 0.4902831143540387, 0.615476907987427, 0.8702380866272446, 0.288922821911743, 0.11630352188209762, 1.011542561751215, -0.8376705956935798, 0.22962242532509758, -0.11032463433735669, -1.304005356953199e-2, 0.4164032053817479, -0.3238552808414131, 0.7585642754900045, 0.2727187702409425, 0.9931708383609396, 0.8154253947900253, 1.048521637358601, -0.46517013759666714, -0.6123075111094077, -1.6065058864969886, 0.3932316994074195, 0.7977460875932532, 1.5452439323026441, -0.7299020013159047, -0.235275187199849, -1.1597180882313547, 0.8095941924344274, -0.23179125132379713, 0.32985361661231527, 0.44483605822636213, -0.24924213266381562, -0.40798938230368376, -1.1472205346197282, -0.7757955985772328, 0.2122210036152009, 0.8889174600561326, 1.7082874757000013e-2, 0.9563987741278265, -0.6300280519450998, -0.3581013523434451, 0.20757576492317567, 0.9789154086770121, 0.9885486727208983, 0.5281769712808971, -0.17397210726838302, 1.1674121573068375, -0.35503087581356685, 1.0537498932073566, 0.6921604001955505, 0.8871020232504041, 0.8374644095890942, -0.7395837257005919, -1.0832409253366857, 0.632507786212749, 0.33334882637978347, 0.4289630860734727, -0.25218059578766083, -0.36386674585081774, -1.9646958533344883, 1.372454207296553, 0.1496014820385134, 1.1844954067185312, -0.1800589479276651, -0.12965060709606388, -0.28337176117703966, -1.2231967967120425, -1.2165213801070396, 0.8028101807185947, 1.264890664258928, -0.46719091915847016, 1.5137138872027895, -0.1326569118112586, -0.17711445168594758, -0.18379616434165794, 1.1938564925690902)
