seed <- 539
log.wt <- 0.0
penalty <- 2.8115950178536287e-8
intervals.send <- c()
intervals.recv <- c(56, 112, 225, 450, 900, 1800, 3600, 7200, 14400, 28800, 57600, 115200, 230400, 460800, 921600, 1843200, 3686400, 7372800, 14745600, 29491200, 58982400)
dev.null <- 358759.0022669336
df.null <- 35567
dev.resid <- 224918.82111521528
df.resid <- 35402
df <- 165
coefs <- c(6.865621636135355, 5.804423292076601, 5.711188265886248, 5.340121824554762, 5.146977495002694, 4.9651211897862435, 4.827731423577327, 4.640285154906711, 4.407813639983984, 4.339750933994725, 4.365527742065847, 4.2336814461782994, 4.058105169767986, 3.989024733330017, 3.7968479660791195, 3.565595897059169, 3.289931132454984, 2.9559945984375826, 2.5030012404864057, 2.0964926485215822, 1.5378551981217965, 0.8800018640388582, 1.0446603008612454, 0.5263442376259622, 0.4509643368274709, -2.335580928106357, -0.23248447136803488, 0.915315016189966, 1.0673243965167576, -0.8018100370697551, -2.2053503435753585, -1.7173201930211273, -0.4249175613028766, 0.7312341109546069, 1.2398482951396916, -1.435533457813912, -0.6432879437393431, -1.0697278914730606, 0.42604066001438057, -0.39464814291114597, 0.9477653676340883, 0.7294102388366912, -1.1445575201690708, -2.1798171005645584, -0.9177152964272663, -0.6999776916467619, -0.6461056418494168, 0.43619515276826026, 0.3109077391758756, -0.7685494001636216, -1.5222308516425927e-2, 0.8654797890362722, -2.76055430274856, 1.5938576693589859, 0.8441500623929478, 0.9315529021389056, -2.3173904792396236, -4.000994924437392e-2, -0.2501397048166322, 1.5425332948641144, 0.9493152965495916, 0.9520616107705523, -1.7589803161552875, -0.7046213298506644, -0.6718173562964741, 0.21597518960250595, 0.7159852226125385, -0.6848152537653784, -1.7241422068905803, -0.6076366142016643, -2.201502319453052, -8.87878875979429e-2, 0.2320455689817991, 0.9791232835050272, 0.685793986909094, -0.6909970481101817, -1.5156476179611242, -1.0025708577594576, -0.18100634520048653, 0.6545750524230257, 1.3309860507304643, 0.15532219767342448, 0.23180107916575818, -1.424386874474516, 0.6908537157523104, 0.4552736014563729, 1.2030396935117726, 0.40840094234981095, 0.8433528966903429, -1.88566079086985, 0.40025050429156156, 0.7415772167865203, 0.9288695193270637, 0.3095165113011888, -0.32113750179476963, 1.2717383577837709, -0.6593945522747333, 0.715848184952158, -0.2446344346141212, -0.517607671674953, 0.35535276415807865, -0.5095774777252507, 0.7763541452371548, 0.24823126056261588, 0.807863071720755, 0.7634768773778374, 1.1278631360721372, -0.8739631924967832, -1.0858198197314546, -0.7564942101229938, 0.56589517728664, 0.6340078460229998, 1.5560008642031038, -0.7908935415670404, -7.084416195388023e-2, -1.0625619296736317, 0.8519699247923473, -0.5340031748657086, 0.6560619542360223, 0.6435011375994086, -0.47964031293607345, -0.12419356149668764, -1.5506117597411584, -0.5327652493377737, 0.428169879761696, 0.7702976973054216, -3.14484703110193e-2, 0.9378452399891768, -0.5932123258626518, -0.24873148695332503, 0.2497472376316785, 0.8935200000180858, 0.7427274596088603, 0.46018348508775225, -0.146665648377157, 1.0837061043241047, -0.2644239512161166, 0.9093435357493906, 0.7318348417797979, 0.8942001874421163, 0.8325009087782921, -0.693412004353196, -1.0732996626402287, 0.7047250374115647, 0.43648265935128117, 0.5931066854014587, -0.20463113387532764, -0.649897655542455, -1.4877968797056134, 1.1395141257056725, 0.14829611828984132, 1.1873456226502126, -9.506336769694496e-2, -1.578064008106387e-2, -5.779717255236168e-2, -2.1958858056880226, -0.9451541475655825, 0.8989491401893953, 1.2724605549255281, -0.41637260049593644, 1.5022739389640782, -0.3678857515674296, 1.633594660600134e-2, 4.9186995032153284e-2, 1.3202517620710315)
