seed <- 979
log.wt <- -15.053879351030172
penalty <- 2.8115950178536287e-8
intervals.send <- c()
intervals.recv <- c(56, 112, 225, 450, 900, 1800, 3600, 7200, 14400, 28800, 57600, 115200, 230400, 460800, 921600, 1843200, 3686400, 7372800, 14745600, 29491200, 58982400)
dev.null <- 358759.0022669336
df.null <- 35567
dev.resid <- 226109.1104072416
df.resid <- 35402
df <- 165
coefs <- c(6.242268188392378, 5.706820425496399, 5.6859635945355205, 5.297407931959957, 5.082346269082292, 4.846009073999339, 4.665183839069411, 4.601596606270151, 4.392244278722071, 4.272176816220248, 4.242866070935802, 4.150287402758241, 4.040694399733213, 3.9147531184630204, 3.737048485609108, 3.5161301827084905, 3.256944049742079, 2.9098818416803898, 2.491322338076001, 1.98507994471408, 1.5811962908427046, 0.954482015097613, 1.1751984733858831, 0.5169448752238814, 0.27159973041563856, -0.9736291110351171, -1.965849171458051e-2, 0.983714295599405, 1.1036020224876963, -1.259566061709772, -2.2800579667248337, -1.4783581730008422, -0.35393599475785925, 0.804731261246226, 1.388585621566243, -0.9209992070014671, -0.6445362986908835, -1.6281386996039333, -0.29474690634951595, -0.8390853371804161, 1.0046767947844144, 1.037990081698629, -0.7878809670323218, -1.4180576552689945, -0.6805534863740078, -0.6396756179926121, -0.9330680915499349, 0.7701529768309159, 0.49332702587687033, -0.5354256055085674, 0.279390504923938, 1.1692970201461825, -2.771941027469934, 1.7976175667815801, 0.7491135634222594, 0.9772359832923956, -2.199458998803598, -0.26982432387036653, -0.4342839642615644, 1.25055663984694, 1.2870863232319811, 0.839505089116209, -2.5282211541869146, -0.7125896150109765, -0.9668295322988101, 0.1405600604598705, 0.5568342534360591, -0.7774426934112594, -1.1624202374469175, -0.7512803383187867, -2.323869516767528, -0.551330649743413, 0.5102063660218604, 1.0903113578715828, 0.7376785196519308, -1.1886837188099486, -1.271954190599105, -1.0174375761118384, 0.17532496997019115, 0.6980949153633922, 1.122046339835524, 5.148676119558749e-2, 0.19738224126759946, -1.6687527989884754, 0.43033865998624654, 0.5853658951481572, 1.2678879410804191, 0.6402562382635624, 0.9205285426019536, -1.7533620098627447, 0.46970415128369836, 0.5383993886806588, 0.7310739120924707, 0.3990420985032258, 0.12010078986650399, 1.3065972760161018, -0.4261997945799847, 0.40311982080626035, 1.7473764829099986e-2, 0.21679473372810032, 0.5498733925092235, -9.951842281320696e-2, 0.7135018081504493, 0.442815129800144, 0.6934310546072207, 0.8498227214220566, 1.258527879219084, -0.5040562203110892, -0.5343515070274213, -1.0347796496040538, 0.3427542560977095, 0.4043299350375924, 1.6121857838718496, -1.7335983404027453, -0.32646118097283866, -1.825623892996122, 0.7754318104028393, -0.2859768137996023, 0.6031485685688084, 0.5475737972275233, -0.57992171443522, -0.7928998639196525, -1.0172983343543032, -0.6640546895693491, 0.3065819417884601, 0.9169089231896488, 2.8813052133941242e-2, 0.8757624886972294, -0.6318031502943829, -0.3549956289158115, 0.3591777394811106, 0.833952698858609, 0.5935242282498827, 0.5864016046409044, 0.10518094944231017, 1.086737340171776, -0.3397462078405236, 0.9708904288074425, 0.7409432266817708, 0.919870236424368, 0.797152169830643, -0.727877204694289, -1.4343972185039355, 0.6659446759387633, 0.38346912978436265, 0.5602082266674573, -4.9172104628028436e-2, -0.5812742866794317, -1.7024376308827065, 1.2610505109297359, 9.283713535890113e-2, 1.1440492108903575, -0.27717110549792384, -2.9934929873267336e-2, 2.3497477727829136e-2, -2.2465840638982852, -1.7845421488333366, 0.8999609354207372, 1.1587310552078842, -0.5154419156965144, 1.5554601110476234, -0.2615351609667745, -0.13267204570729413, -9.674493847123729e-2, 1.1862076864061013)
