seed <- 458
log.wt <- 0.0
penalty <- 2.8115950178536287e-8
intervals.send <- c()
intervals.recv <- c(56, 112, 225, 450, 900, 1800, 3600, 7200, 14400, 28800, 57600, 115200, 230400, 460800, 921600, 1843200, 3686400, 7372800, 14745600, 29491200, 58982400)
dev.null <- 358759.0022669336
df.null <- 35567
dev.resid <- 226335.7533640047
df.resid <- 35402
df <- 165
coefs <- c(6.7227216003052055, 5.793063422920986, 5.7373295025685636, 5.252544880530356, 4.974095359605701, 4.804045040754324, 4.701621237390948, 4.675940996339231, 4.392026381701727, 4.2483929645320675, 4.281819091041291, 4.164148034882911, 3.967341119344587, 3.9692376089765715, 3.7680453248914536, 3.510537152728539, 3.2241797623390354, 2.920711257881775, 2.4990051293341105, 2.0409622038436512, 1.6226422358893784, 0.9254549602695826, 0.9329041813010923, 0.3863921372167388, 0.8097055602987178, -1.2363215524022635, -0.3700083940191526, 0.8613746824909639, 0.9906945124815126, -0.990838864145235, -2.0940466132612, -2.1733933514484134, -0.540000956173426, 0.7963704856765536, 1.1807780689543388, -0.8318873527753161, -0.15834557764812116, -0.704991594131525, 0.19411652321635237, -0.8493578704638161, 0.8260080202876964, 1.0876833151115464, -0.8760252294594031, -2.1219439442461874, -0.9964412817100916, -0.741264257083209, -0.15318537431812201, 0.34868685386471077, 0.5522905970767316, -1.0550366486585374, 0.5500373434984894, 1.0456419312863285, -1.5200200851240517, 1.6307187177177938, 0.738134034862657, 1.1277044599402488, -1.8905387614986102, -0.345413978939735, -0.6334246233088121, 1.128877540940113, 1.1582862976409598, 0.6743317810813162, -2.0204839652445785, -0.7369238739794794, -0.7635540822934993, 9.665034199084672e-2, 0.5817914757809447, -0.31286158441692585, -0.9023561642744474, -0.689906066957249, -1.80239221504513, -0.40139471929309245, 0.6321438586119216, 1.1013458902442834, 0.6330548921988886, -0.6853798971652845, -1.4325034735308555, -1.3093812093366788, -2.7560454355535238e-2, 0.63704249745327, 1.1040718258541105, 5.9034956520237096e-2, 0.1902610537911039, -2.0153157977358207, -0.4991427313632922, 0.6437710299181727, 1.1786404618006894, 0.29406352270755587, 0.7354688597906105, -2.087566834087366, 0.3442473289193735, 0.6763616423292249, 0.7966819800203379, 0.4262408508112386, 2.732809268522444e-2, 1.5531531945140102, -0.3656600280022061, -2.3335119418837803e-2, 0.22474798117825395, -0.1534095200536413, 0.5230409932342533, -0.5402464593700432, 0.9909390244298871, 0.3578902267830082, 0.7698552219539945, 0.847158575091912, 1.050868779788125, -0.4433175853214908, -0.7245507514148609, -0.8044339751213149, 0.4204056760678985, 0.6499000865195657, 1.5217550529898962, -0.6238138187250428, -0.2302944538405126, -1.2182759426067697, 0.7011629496274268, -0.2979287701820519, 0.3630384643167887, 0.4999894314270612, -0.7251094642521957, -0.5828699570303737, -1.6755226392218774, -0.5889048459398494, 0.383173476586492, 0.8503203261620451, -0.10643307021230074, 0.9782182449865541, -0.6127733610904743, -0.3237498404714436, 0.2680852521692894, 0.9253120298361072, 0.8137440643824597, 0.49629080082645616, -0.10123160114809948, 0.9635193405583014, -0.46990484050522213, 1.0154854330935326, 0.6809122922932409, 0.9512736353771724, 0.7247733679297619, -0.6428979016134876, -1.2180144848566994, 0.7107496843493771, 0.17568733559985708, 0.5661888575929133, -0.15787963135192973, -0.48875990585541784, -2.2262623859074253, 1.2272232707525652, 0.1555908132852429, 1.2046954178056628, -0.3147545046015278, -1.3099013122394003e-2, -0.20624719547720727, -1.8612454170224126, -1.6690491609299802, 0.925060487099661, 1.124123353025041, -0.31176365010517293, 1.4321039519904568, -0.3562342191639387, -0.15725514844234245, -0.1067113019568782, 1.1603196839628682)
