seed <- 1073
log.wt <- -14.535110133631349
penalty <- 2.8115950178536287e-8
intervals.send <- c()
intervals.recv <- c(56, 112, 225, 450, 900, 1800, 3600, 7200, 14400, 28800, 57600, 115200, 230400, 460800, 921600, 1843200, 3686400, 7372800, 14745600, 29491200, 58982400)
dev.null <- 358759.0022669336
df.null <- 35567
dev.resid <- 226077.57860035123
df.resid <- 35402
df <- 165
coefs <- c(6.703685051320038, 6.005907527018898, 5.607391284094655, 5.377193885981698, 5.147546371971837, 4.812017605309698, 4.817515674204683, 4.569073409599969, 4.388816438777894, 4.239114945906402, 4.293079376205379, 4.177120128823428, 4.016944224104592, 3.972572520425997, 3.741119430112454, 3.517303278730108, 3.2359754907654437, 2.9587737221378543, 2.4603094246281456, 2.1079388675008253, 1.6196768705743951, 0.8767233049432717, 1.0686542951280449, 0.28064986871217557, 7.576031053728427e-2, -1.309266481638892, -0.19492809065415598, 0.8331514321151682, 1.0386846375600884, -1.60578240137758, -2.646847498561139, -1.9965554261069423, -0.4144589744429707, 0.699775602135757, 1.3430372189955266, -0.9288040063876026, -0.1401248742537298, -0.7557284650651928, 0.32233138499416586, -0.9881144735412637, 0.8710676220935111, 0.9979549533707257, -0.7960273186785204, -1.8936016270879847, -1.5057325688514518, -0.8415700367210692, -0.14070359701082938, 0.1830485667714437, 0.8418663989795068, -0.6458177834014505, -0.33456377760156075, 0.8975162743465107, -1.9363032231671935, 1.7554094510384364, 0.6775148472488639, 1.0524761948026302, -1.5702443521595268, 8.671260561641606e-2, -0.4531717718662454, 1.2457460427643312, 0.5888458370731762, 0.7148124717926427, -1.7587936293935618, -0.5065023776350016, -0.807579573317955, -7.782665904940204e-2, 0.7478835695774686, -0.3880366150445507, -1.6780119907881477, -0.6972331891662459, -2.312831029861582, -0.2712512634801801, 0.3813785985448636, 1.0459807080309482, 0.6698054833877719, -1.1831349933522362, -1.1697556299509062, -1.3509559197685947, 1.8062080263230494e-2, 0.6799442584054852, 1.103601829041149, 0.12232572748334679, 0.348465934452091, -1.8532108723604417, -0.8705996834210756, 0.37640909053071026, 1.1534444335257692, 0.48336137194725204, 0.7870067786857765, -2.0490538437977444, 0.5315375081057957, 0.7075617435367733, 0.8768258177681787, 0.4298506607333316, -0.3370832220903155, 1.247316833845817, -0.5767444891232457, 0.29841157443239436, -0.19956664724628118, -7.202713644610856e-2, 0.4411107426913474, 1.3967134789696687e-2, 0.9255865290994796, 0.17982578320842266, 0.8188740910406802, 0.8316998884954583, 1.1525071669494347, 0.11279201931557004, 0.1697804381916078, -0.9447791711043317, 0.3411156714183505, 0.6544212527460462, 1.5308032061233323, -0.6345494330939858, -0.14712949721331375, -1.2302830280962012, 0.8651442880285868, -0.40015921447869696, 0.27738779804037544, 0.4983719182671975, -0.17473267458245018, -0.6821603827985241, -0.9491531642544928, -0.3598039909303252, 0.1941184237550535, 0.8572845460761372, -1.8707222321830384e-2, 0.9737135287991291, -0.5372601296427828, -0.40816324006211485, 0.3712239315222964, 0.6738615941363897, 0.9702800076889638, 0.5435532542234902, 8.221956607613369e-2, 1.1457562334304527, -0.3742319525470422, 0.987047416154569, 0.6878537014017037, 0.9134949970060666, 0.8411195012021407, -0.5792493884914549, -1.3290682166638856, 0.5271254879232121, 0.3263297003647771, 0.5274012154239038, -0.2858355302036379, -0.32552144016423823, -2.0508015423461385, 1.2552342939980028, 0.20359631478173731, 1.1638211582722653, -0.10115643267740897, -0.12071272048782788, 1.1581492405126528e-2, -1.715646189507926, -1.592039569999664, 0.8311839695742443, 1.153924299951481, -0.579102152516256, 1.4758805104199204, -0.14872953834046046, -0.18332301370342136, -0.16236096769510208, 1.3012989214815804)
