seed <- 254
log.wt <- 0.0
penalty <- 2.8115950178536287e-8
intervals.send <- c()
intervals.recv <- c(56, 112, 225, 450, 900, 1800, 3600, 7200, 14400, 28800, 57600, 115200, 230400, 460800, 921600, 1843200, 3686400, 7372800, 14745600, 29491200, 58982400)
dev.null <- 358759.0022669336
df.null <- 35567
dev.resid <- 225559.77464642018
df.resid <- 35402
df <- 165
coefs <- c(6.5931043547952015, 5.808895758874577, 5.752246576662917, 5.326389968389936, 4.97076947927489, 4.822204023755324, 4.698441087614376, 4.6656113511440305, 4.4223098532606055, 4.2682200055727435, 4.276289931670509, 4.167100802720148, 4.019109122325623, 3.976176211340701, 3.7715150024454958, 3.5619779211747638, 3.2680346376012026, 2.965797942499667, 2.501002295330206, 2.0464296516055955, 1.6491624666954772, 0.9168422464449508, 0.9477377890776326, 0.2662629472698192, 0.5296900123697919, -0.7915486032787091, -0.14317195976428354, 0.972365879626277, 1.065426640276931, -1.3371978872938857, -2.097049151560695, -2.3517541222392944, -0.15176802743105505, 0.7709426024605536, 1.3309669045578219, -1.1599646475164511, -0.18002098248115303, -1.3890585949740908, 0.22236346244922184, -1.3157771668389242, 1.0298876758092623, 0.9700738203110895, -0.6135551056634866, -2.1440573100793334, -0.8102764145704965, -0.873257419206934, -0.5451065475578241, 0.11905555054626096, 0.540144500795943, -0.4610914915448987, 4.869268255821667e-4, 1.0580721915760656, -2.767723261549216, 1.7355573635692063, 0.8228480043573749, 0.8910540349234997, -2.1788339409397937, -0.28285395909261535, -0.16621747466034473, 1.4380329462008066, 1.3108607521155626, 0.6759056403601296, -2.070270433099031, -0.7003232301922042, -0.47309268097604656, 0.3008214316621222, 0.5353502934695088, -0.42218975297168, -1.64081601087796, -0.6236109903723701, -2.4391827740403573, 5.898244385548967e-2, 0.5916871620596909, 0.8211074682757736, 0.6497492518376694, -0.7906309956800537, -1.4463273002145305, -1.5822735664668188, -5.7317701498456004e-2, 0.7299505699156191, 1.1574561121115003, 0.11532716705196049, 0.1479635076503143, -1.6300719189645059, -1.003190749689171, 0.41783113341958517, 1.255657967210768, 0.3301498924772774, 0.8399048401061667, -2.692760401047682, 0.5143725363950209, 0.7432718103526609, 0.8487736619539542, 0.48222446737409447, 3.811736370042659e-2, 1.0700807605014897, -0.40365558836298066, 0.2595518436424981, 0.19289178840916507, -5.44041979316791e-2, 0.49642040291664624, 7.735895057304586e-2, 0.7621022034465135, -4.524487653099055e-2, 0.8347749872686423, 0.8486812283733132, 1.1446854297116464, -0.2936003433488828, -0.9271099554172263, -0.7969887637735206, 0.4600767634935739, 0.5970188203253549, 1.626597347458443, -0.5698625004836054, -0.33825391660980375, -0.7841288602046422, 0.8025443830784023, -0.22415924642401505, 0.4705754777049502, 0.5667097935982459, -0.4463538684725234, -0.26540756675412874, -1.3448270655616859, -0.3068458678083863, 0.3888741184284266, 0.9093453150434865, -9.602080546561147e-2, 1.1745623289029727, -0.6484121201763681, -0.37390546074481534, 0.37571124451473564, 0.9764554670242203, 0.7984242931993933, 0.2750922690521115, -9.389491293608043e-2, 1.129569798896146, -0.2870227748415662, 1.121100597091255, 0.691756519306335, 0.9818232439218623, 0.7312701117748932, -0.6887067621612891, -1.1302350622606834, 0.785739994994091, 0.11959532844021985, 0.48740905945662877, -0.2706762442541885, -0.3461140922934261, -2.0308206073439057, 1.2892408331146838, 8.872695756719186e-2, 1.269371888877763, -0.14051522929864238, -6.752387370297307e-2, -0.17501585839832093, -2.197682994160628, -0.9300709045575484, 0.7671976061186362, 1.1416144553891836, -0.573081032156474, 1.5578755999294516, -0.22140395607301597, -0.2129598337439761, -4.2658954868493235e-2, 1.195802487106917)
