seed <- 726
log.wt <- -15.616711167743274
penalty <- 2.8115950178536287e-8
intervals.send <- c()
intervals.recv <- c(56, 112, 225, 450, 900, 1800, 3600, 7200, 14400, 28800, 57600, 115200, 230400, 460800, 921600, 1843200, 3686400, 7372800, 14745600, 29491200, 58982400)
dev.null <- 358759.0022669336
df.null <- 35567
dev.resid <- 225529.61321800484
df.resid <- 35402
df <- 165
coefs <- c(6.58983955294918, 5.634328871695403, 5.672468033945757, 5.35281819664951, 5.114603468801624, 4.848134094767061, 4.7578089732334865, 4.6876123206587215, 4.399339101424085, 4.293635161451942, 4.318042240143748, 4.178971740606204, 4.045280234267479, 3.9636248824319336, 3.787004709428743, 3.529505366252688, 3.2368192105178712, 2.957083445505596, 2.490076192417708, 2.031537874085343, 1.5366007269301025, 0.8964166650391467, 0.9835489682313171, 0.3518185364332161, 0.18638423735164109, -1.365583752965326, -0.3820875349522327, 0.7468443032617106, 1.0817030618476229, -1.2091211109756004, -1.9348236443237987, -2.6673279583545475, -0.2376160856651122, 0.7988327507586132, 1.3195149455871287, -1.1323439020929067, -0.4039718331676816, -0.9700225659743548, -0.19699739391881974, -0.15977561508667534, 0.9017603994045853, 1.0712365562922062, -0.7056650732353523, -2.2596313124595375, -0.7709402919763164, -0.7792018743886729, -0.7964016549575116, 0.3298488086566214, 0.5135115339954963, -0.3459028122777404, 4.5723334900093046e-2, 0.7207076071041184, -2.2879696256835844, 1.7440554617352393, 0.79115823648641, 1.1856685587538487, -2.354568061798393, -2.0457836886713193e-2, -0.4887923768218111, 1.6687927477559514, 0.8763141037313948, 0.8037623223930783, -1.82347234011427, -0.4779657641121452, -0.5986919175785056, -0.10706941365426813, 0.6759710207522752, -0.4372014298162957, -1.2855738691107086, -0.7178270484124514, -1.992865929418977, -0.20523965388463183, 0.28635178403332645, 0.9536469540762093, 0.6061578098964927, -0.6142229160372278, -1.4248560070937655, -1.452146211802143, 9.199070888356385e-3, 0.9107290046247055, 1.1220692752321824, 7.609483778829712e-2, 0.3036915717912484, -1.6563863475038414, 1.7024912930799413e-2, 0.34560856236124765, 1.1830687883542186, 0.37113173071108146, 0.8282376187395836, -2.1896422885457016, 0.5500452030016947, 0.8746653015537916, 0.893074298221041, 0.28652112922588713, -0.5412906467719234, 1.4981537374325784, -0.12575472338341573, 0.5504583826806234, -5.988347431984262e-2, -0.5209818841997867, 0.36809165000822575, -0.31389274943366746, 0.6416825492150838, -0.19950983595441082, 0.963622718770255, 0.8314518512270809, 1.1861181729466859, -1.1016212796169114, -0.765776485901807, -1.1443913442664182, 0.3022661415204335, 0.537529981384019, 1.5941172821069063, -0.5142076687504286, -0.4327682227231704, -0.9051753177843227, 0.7129110181296693, -0.23391445740927364, 0.6055692650685119, 0.7722013968078174, -0.10452732262478348, -0.5031741257445022, -0.7919095848838748, -0.3213236170570734, 0.44185258215187684, 0.9816939220753846, -8.005194437137461e-2, 1.1938281046793187, -0.8550008543295463, -0.31043211477751376, 0.3695073086964013, 0.927716192143987, 0.7294507963062046, 0.46295801740872916, 7.893340355622816e-2, 0.9106206447975334, -0.4034432458682289, 1.064769151161951, 0.6929449724161448, 1.0974057936870363, 0.7102103366725725, -0.6623229470673413, -0.9689464243575409, 0.4762016612271987, 0.3410624586243819, 0.4723567609427401, -0.10163617962862187, -0.6456975679241194, -2.0231067701293974, 1.337100878042502, 4.186996586855324e-2, 1.286252465287699, -0.10290985422880383, -0.16516095509704376, 2.034680000647123e-2, -1.929141897359066, -1.5500694618955868, 0.7402836013657194, 1.139837029590151, -0.5468669028414044, 1.5223049720945874, -0.41277652614545146, -0.24956213397481944, -7.97033742173425e-2, 1.2047213700830903)
