seed <- 1033
log.wt <- 0.0
penalty <- 2.8115950178536287e-8
intervals.send <- c()
intervals.recv <- c(56, 112, 225, 450, 900, 1800, 3600, 7200, 14400, 28800, 57600, 115200, 230400, 460800, 921600, 1843200, 3686400, 7372800, 14745600, 29491200, 58982400)
dev.null <- 358759.0022669336
df.null <- 35567
dev.resid <- 225065.06915892503
df.resid <- 35402
df <- 165
coefs <- c(6.482977945267888, 5.875499788648339, 5.629891645511635, 5.457527783144279, 5.045505680740297, 4.806630441737006, 4.814939472492724, 4.644858508229865, 4.408857226187323, 4.303742894667232, 4.387594653514539, 4.1858455756892665, 4.023416998259148, 3.9743829894127596, 3.7998033676258856, 3.532182724941562, 3.259405215958214, 2.9666030437710864, 2.525526295659564, 2.0187891219595135, 1.6456564189609542, 0.887867528587048, 1.04277164463891, 0.4323222616023815, 0.43669155831633993, -1.2072756768748545, -0.3389729502987825, 1.0306387427756225, 1.1124986514050095, -1.404510069541766, -2.4645527214811045, -2.2033839959443493, -0.5355782780037193, 0.6970588296879887, 1.273448812266871, -0.9466655450744351, 0.47638889118278765, -0.8199721125733144, -7.692990521915876e-3, -1.023299171002581, 1.011695206000907, 1.088836706120822, -1.2152841752590258, -2.179077088687895, -0.8713042460707134, -0.6588869555176082, -0.29959467164768994, -4.522793521205752e-2, -7.588150460797526e-2, -1.2807598811151784, 0.3860127240015858, 0.8986942078226814, -2.9853170719902598, 1.7194953336920336, 0.7741500099271408, 1.0327374209625029, -2.40612637771734, -7.34223153318772e-2, -0.5395948023094048, 1.4520650156493669, 1.0914810952846925, 0.8829136580446074, -2.020110273020169, -0.6609048733556512, -0.5930710752992732, -7.67072757129293e-2, 0.697790957439156, -0.34180533655050055, -1.282603989282655, -0.652140393134183, -1.52697574040244, -0.7435143946446819, 0.16503303525708451, 1.078592876520584, 0.7668600193562121, -0.7180219723370683, -1.1706093420568393, -1.4234147688970138, -2.3560779534604212e-2, 0.6953946369473363, 1.2092755411924083, 0.20663979936619348, 0.232649925726566, -1.9529353339618765, -0.7587385700203811, 0.45363458071621415, 1.2667720815556753, 0.5239442379299256, 0.8947313541365839, -2.205958439618424, 0.566097496773119, 0.477769928516543, 0.8446749505480219, 0.27381169471483785, -0.12132072240279478, 1.268451767189402, 0.3707810730060113, -6.593691547432436e-2, -2.567149576509543e-2, -0.7470532495238433, 0.5120510084343171, -0.4169417192504626, 0.8003020357752136, 0.5656273100889967, 0.8274332042493343, 0.785368550671795, 1.0299877196225917, 0.4185965896070831, -0.7898112644739443, -0.7580453967786789, 0.4642225519168896, 0.6639307263133389, 1.6274365890032851, -0.3239459100217786, -0.13130599267319845, -1.2888837960667334, 0.7736121302299807, -0.19921704460594453, 0.4172962589804209, 0.49345936462319107, -0.2643265869520485, -0.4621439215417223, -1.7027895451458395, -0.3706202257324108, 0.33740990538940446, 0.837586106406753, 1.4748730438823975e-2, 1.0276858567548668, -0.3416656677939901, -0.4792322713303367, 0.2227456632183521, 0.7879972376890177, 0.7997445183713353, 0.5355593959246615, 7.763283003292519e-2, 1.1615082705170305, -0.3468666594042161, 1.137396437506472, 0.7973512415705593, 0.949085083504454, 0.7402063095565113, -0.6685477407049631, -1.4337491447801727, 0.5978176943663213, 0.3151787181418009, 0.637305298861532, -4.813413000165165e-2, -0.4854448629166221, -1.9803010900745013, 1.3939884908942954, 0.21547631626768793, 1.2319168856923366, -0.1597763934315063, -0.1192996824027548, -0.29766494291114315, -1.7623667218337422, -1.7665409635056961, 1.006128094290464, 1.181871177890175, -0.27337183049042996, 1.5803425244557066, -0.32582489157818206, -3.1213119243839297e-2, 3.293309478249049e-2, 1.2018528165235998)
