seed <- 470
log.wt <- 0.0
penalty <- 2.8115950178536287e-8
intervals.send <- c()
intervals.recv <- c(56, 112, 225, 450, 900, 1800, 3600, 7200, 14400, 28800, 57600, 115200, 230400, 460800, 921600, 1843200, 3686400, 7372800, 14745600, 29491200, 58982400)
dev.null <- 358759.0022669336
df.null <- 35567
dev.resid <- 226019.50536180346
df.resid <- 35402
df <- 165
coefs <- c(6.391658419794194, 5.734589170233616, 5.719594941468667, 5.197483062656606, 5.054917533167004, 4.827476291700232, 4.754343879136173, 4.5946411154481686, 4.341277164868712, 4.275646937912022, 4.293756890497995, 4.179372896490507, 4.006292937003983, 3.950271352530495, 3.8017052643342386, 3.5399726670600598, 3.2210382685467644, 2.9410518087626327, 2.489215805205848, 2.0955925971199814, 1.7230644551344372, 0.9178149748212927, 1.1520471521189315, 0.523456963071775, 0.26903333866045337, -1.1936157300032824, -0.13561165411700737, 0.8846808812037978, 1.0942437039009987, -1.1538146689788003, -2.686495232729683, -1.7801594792563546, -0.4658279022222641, 0.7577351781580927, 1.3088239404494404, -1.5304254410818576, 4.4493222257458394e-2, -1.4925373767962276, -0.1588576277920437, -0.8676138405191383, 1.0005415939212816, 1.0215518917700437, -1.159071167298513, -2.1567522212675625, -1.52155859311536, -0.7126987171264652, -0.9472662416192744, 0.10261807685684765, 0.321963726890556, -0.7197085877765961, -2.221993257268781e-2, 0.8802719790741822, -3.0658511512455906, 1.672931282909625, 0.8055477286264311, 1.0754609868388882, -2.4133334181828863, -0.16723914585728958, -0.6224300439289197, 1.3821921473940189, 1.2227654465723434, 0.621378252903613, -1.4816785411453515, -0.9394648573094742, -0.5964400863285889, 2.2373383697807975e-2, 0.7250559339400094, -0.3308833089251955, -1.0563885504935195, -0.5597545944956417, -2.153475462918943, -9.100121341812564e-2, 0.42859081769408586, 0.9733483166425216, 0.6126166621301029, -0.6533005176475505, -1.0403365246378735, -1.3191049367676309, 0.11675999556826061, 0.7644431010048598, 1.3682538897451841, 7.068983863488205e-2, 0.35344256743933206, -1.5121651672478136, -0.5054749820489182, 0.5235910176867566, 1.186715629658166, 0.42427571922299284, 0.9030379114157693, -2.110432783990901, 0.513021972433595, 0.8350571715310574, 0.8873607517314117, 0.3313089217889926, -0.16355750343690112, 1.277937424043471, -0.6674950939632559, 0.40978359535131925, -8.812145876863277e-2, -0.40270767551628966, 0.5221573742237329, -0.6230129098168904, 0.901391093901037, -0.36373106827869905, 0.9441866010357409, 0.8248943168678237, 1.2507509771590577, -3.3464731842303995e-2, -0.4456250817063957, -0.7953857345320048, 0.3666030113809486, 0.5864816670177486, 1.6525065433312458, -0.6166369095863015, -4.6709999535853544e-2, -1.4208980623049305, 0.7945178624194733, -0.3892438267990192, 0.5362821187008753, 0.5054679168903926, -0.3994553471925767, -0.17680088739906225, -1.1598193118455178, -0.44359066134326053, 0.2988916595345151, 0.8081164345798251, -7.346821367288624e-2, 1.0239693185120706, -0.6247672347098031, -0.3587414609261408, 0.3881225244919131, 0.7472864200322306, 0.8773358123291906, 0.48426981539473685, -6.452557896624862e-2, 1.105436124510191, -0.28459526298269755, 1.0967941455441188, 0.7727377978461285, 0.9782769657256366, 0.8689126861006758, -0.6820123132007704, -1.0906429226577834, 0.6793453877310734, 0.3785842222695116, 0.5571728703302717, -0.22047665058276253, -0.37974270141883437, -2.0547900987905616, 1.2588071190430106, 0.22865015051620238, 1.2868018470824403, -6.295742320991077e-2, -3.275317186577325e-2, -1.2097105797840152e-2, -2.0512477824297095, -1.5247160817624683, 0.8085044481979674, 1.16537545262086, -0.19472611727438022, 1.5706343376573777, -5.757204840393549e-2, -9.74200595946618e-2, 8.841474933772858e-2, 1.2816013309013636)
