seed <- 1049
log.wt <- -15.524779348290227
penalty <- 2.8115950178536287e-8
intervals.send <- c()
intervals.recv <- c(56, 112, 225, 450, 900, 1800, 3600, 7200, 14400, 28800, 57600, 115200, 230400, 460800, 921600, 1843200, 3686400, 7372800, 14745600, 29491200, 58982400)
dev.null <- 358759.0022669336
df.null <- 35567
dev.resid <- 226416.29627771408
df.resid <- 35402
df <- 165
coefs <- c(6.498228185783569, 5.690946177610053, 5.708189157825725, 5.421666944352256, 5.13541867053285, 4.829261705478898, 4.790976112896727, 4.631290616000213, 4.307810255314184, 4.263346630089376, 4.317331578852246, 4.165018197966464, 4.001063249402909, 3.9165216805567606, 3.759805675788287, 3.554945637725563, 3.2196986102636855, 2.979397212234468, 2.5038214766770284, 2.0383544872424544, 1.6505355992444108, 0.9170585827676929, 0.9369447633952345, 0.48358577583360246, 0.6988940693752526, -1.5763295562769757, -0.3087724576902481, 0.9698569546239997, 1.0783353414240502, -1.5523220113630658, -2.259386992888554, -2.429052749641135, -0.6581102672147302, 0.7530457941685054, 1.3320413951156704, -1.3553352427091179, 0.2792159536888276, -1.3488335530177358, 0.2745036509550185, -0.9772195160287043, 0.8951048458791987, 0.9948392366026468, -0.8116140887986446, -1.9971756956264708, -0.7920376530116943, -0.7917208770515247, -1.0212575091776095, 0.5338571719754063, 7.494481549461657e-2, -0.35688303163924107, -0.28234997450868377, 0.6845234296251118, -2.3009844833463178, 1.798803845170428, 0.7456814313916544, 0.9521574361601034, -1.956159460180148, -0.2723310378740445, -0.3384412336739857, 1.4324414574001578, 1.1479813178849596, 0.8259990446585325, -2.182885602862216, -1.0427750986435393, -0.7704259592965056, 0.22270321029123666, 0.7274223840163785, -0.2929188285474035, -0.662331945228391, -0.6602352773543521, -2.0325831360995568, -0.7747345185527119, 0.4825276366852666, 1.0822437622836472, 0.5398099687037733, -0.7029412989358156, -1.4475720601345075, -1.470752505800565, 3.779894544500688e-2, 0.6903406081666997, 1.188670584054962, 0.11396840002963485, 0.2677286478111178, -1.5749320456154012, -0.8797678267620052, 0.5814819911191748, 1.2248815184422122, 0.6323775491577862, 0.8294131299515861, -2.397550524443089, 0.25413493513276497, 0.6091215246044478, 0.6983828134734793, 0.40722445181889205, 2.5955032996012168e-2, 1.4416895770382758, -0.8623703794190221, 0.514163266136932, -5.7593988561808696e-2, -0.31192698177929873, 0.3987405713221576, 7.44134765627107e-2, 1.04291345988032, 0.5158510799581782, 0.9348731293852584, 0.8537675722055248, 1.1341749501408356, -1.0430691969817953, -0.37751383077520956, -1.7697701534954189, 0.5786587456223926, 0.6692605361816178, 1.5697734947831992, -0.8138150087710113, -0.253543945904582, -0.9237077651616084, 0.6635731177322223, -0.15834918461277178, 0.3386212268620386, 0.5916230903070717, -0.1946871399377597, -0.1377016808628491, -0.8508722734230868, -0.26376765138703956, 0.4101088759134654, 0.9013660485613288, -5.476234410549959e-2, 0.9708357940094647, -0.825323749689986, -0.38633918947149953, 0.41296090080210657, 0.9696715194396794, 0.9640271594308331, 0.5545646668440896, -1.4948021068146437e-2, 1.2236921536331336, -0.42348971464592206, 1.1040240423079248, 0.6739209498530204, 0.8655031232453637, 0.6917952057490809, -0.7352703660741897, -1.2070617309258154, 0.7167691357456214, 0.4670440626136594, 0.6123857647319118, -0.17475514726612182, -0.6903191822287196, -1.7355164318803715, 1.2863260074617109, 0.11664917294163721, 1.0981835421683834, -0.33865782914856946, -4.08188685522587e-2, 0.15091669275395705, -1.4215667238808032, -1.8002958382794083, 1.0186794795179475, 1.2543235816567808, -0.19076089421851988, 1.4965123900300565, -0.14803581658032286, -0.21921390696343243, -5.91380693359851e-2, 1.0553260540784009)
