seed <- 196
log.wt <- 0.0
penalty <- 2.8115950178536287e-8
intervals.send <- c()
intervals.recv <- c(56, 112, 225, 450, 900, 1800, 3600, 7200, 14400, 28800, 57600, 115200, 230400, 460800, 921600, 1843200, 3686400, 7372800, 14745600, 29491200, 58982400)
dev.null <- 358759.0022669336
df.null <- 35567
dev.resid <- 225470.62429371555
df.resid <- 35402
df <- 165
coefs <- c(6.751226950499573, 6.058208344675141, 5.717753974896014, 5.326203407725541, 5.120514215797825, 4.802980548372944, 4.738206280740372, 4.657596919151436, 4.3706591399312815, 4.273687416338997, 4.301884790518519, 4.141709607215676, 4.008070403933681, 3.939534369593651, 3.7794660466698455, 3.5379114338502218, 3.24591607554608, 2.9419904358625133, 2.4974527391581325, 2.0501847251252343, 1.4305063446241917, 0.8938292440168739, 1.1049681178073736, 0.2655810628816264, -1.4789012192947799e-2, -0.744121704694021, -0.25199588616504814, 0.8998525305397979, 1.0544976114387468, -1.3131082243926537, -2.637125773295524, -1.348237698924295, -0.41619058379602, 0.7999812949564908, 1.4532351782653545, -1.0990798675614575, -0.2940153608334489, -0.8168598124261911, -0.1678652134614525, -0.8074559073051348, 0.9694356419533088, 1.0099970003221839, -0.6745908979954963, -1.866664533237045, -0.8258053140659359, -0.7904227176128701, -1.1134290402007978, 0.20355744716997085, -0.6300546245824654, -1.410590680994128, -0.41359638341579597, 0.7233914792921484, -1.8382629084527629, 1.7696395574899026, 0.750856007099681, 1.0480201372751685, -2.0415993564011954, 9.706401613921321e-2, -0.7806781687342941, 1.180117692093754, 1.4625780295924053, 0.7101511186486289, -1.0596631182876963, -0.39276507034396846, -0.9251124015107905, 0.4051403684225825, 0.6285619253737511, -0.6760718256818367, -0.9022416052613872, -0.6644292975848916, -2.2774492348451854, -0.3176139924854185, 0.4636001359095583, 0.8928449416264836, 0.7748755928102221, -1.143567924774625, -1.518304357130113, -1.3887248460575168, 0.15963417408277258, 0.6904883792204941, 1.1600261381985242, 0.11867899362527295, 0.30621825602886255, -1.4051176338015299, -0.8489760795669634, 0.48303412854800515, 1.230438589025868, 0.295690816953682, 0.8573007720922597, -2.069677436346887, 0.3844266167437533, 0.5094267073998937, 0.6673609043209426, 0.3247334445130789, 0.38620162322447965, 1.274871614416651, 0.17279832260058098, 0.4833909163341677, -5.785942193899091e-2, 9.767791569263264e-2, 0.3112314351369649, -0.6539486503978164, 0.8447914771394275, -0.14810210674322127, 0.3941460574768829, 0.8450561658009336, 1.2063824298898131, -0.2345317558077396, -0.5323956928350203, -0.8546335565112079, 0.3287185582392455, 0.5271905921768837, 1.623508574765419, -0.5186671658323474, -0.16384793611998408, -1.1607062619573867, 0.7262468526469712, -0.34118851259491545, 0.44645134789081964, 0.5305471746494231, -0.3633069494428619, -0.45909785169094264, -1.2687914050474565, -0.4775404189944637, 0.3812243852267167, 0.8209196451628878, -3.244903436889226e-2, 0.9535565500642595, -0.5601586765972054, -0.3953525079515953, 0.30250903735729645, 0.762221670931889, 0.8054115093459577, 0.40559074995745487, -2.4541833664056628e-2, 1.0312918674170097, -0.41006102343202167, 0.9467538122402887, 0.7449150417733412, 0.9049271696615928, 0.7393975749106992, -0.8368328814241146, -1.004512810744713, 0.506629777921028, 0.5956021306326863, 0.5091722157227127, -0.2675117532694932, -0.5037816341242048, -2.051057533676127, 1.1838414867490812, 0.10583638158494844, 1.1428952304564712, -0.10354750394422188, -5.1117241883526246e-2, -2.9896735938964258e-2, -1.6671831904082026, -0.8164524086274935, 0.8011195354790674, 1.177792275174581, -0.24998424652976683, 1.5455998035883005, -0.1921655473596854, -0.11100798201780225, -4.953174753412688e-2, 1.1623655125118693)
