seed <- 978
log.wt <- 0.0
penalty <- 2.8115950178536287e-8
intervals.send <- c()
intervals.recv <- c(56, 112, 225, 450, 900, 1800, 3600, 7200, 14400, 28800, 57600, 115200, 230400, 460800, 921600, 1843200, 3686400, 7372800, 14745600, 29491200, 58982400)
dev.null <- 358759.0022669336
df.null <- 35567
dev.resid <- 225849.62634119275
df.resid <- 35402
df <- 165
coefs <- c(6.699412116971491, 5.6302759600149725, 5.753778566011723, 5.290733067883895, 5.078139950055538, 4.847309863968062, 4.761790430476133, 4.6409071707039695, 4.332041952017908, 4.300742010977652, 4.310618938570155, 4.173547176646162, 4.0058348414888805, 3.948179014081296, 3.7524094988873866, 3.514408470813109, 3.2484107483813607, 2.9549992880855154, 2.5113888241895084, 2.04402899852145, 1.6890944424444758, 0.8624839701888211, 1.0444498485768543, 0.5780986004280311, 0.15790118107230644, -0.9781760863299389, -0.12740632562010898, 1.0832737272286324, 1.1315885166090776, -1.2456440178063, -2.2029289595705746, -2.094565988073206, -0.2546287629881177, 0.7343139341013728, 1.3420502750589842, -1.458980668982359, -0.5298071971566012, -1.4560209897494083, -7.889081092387622e-2, -1.0254541227274352, 1.0453231042682938, 1.229224991513766, -0.6822474909664707, -2.362029968568989, -1.163359786263, -0.878470343363909, -0.2515723519027013, 0.5473284555740825, 0.2319055976956525, -0.7601672788499658, -3.777209606939278e-2, 0.9994429491017613, -3.0797147268396214, 1.8945057183707381, 0.7234940613307477, 1.2144295109262635, -2.2214658258050326, -7.075866280739113e-2, -9.061198746106998e-2, 1.3484902494958533, 0.974906161153752, 0.7661003195037068, -2.3171596688668745, -1.072133953555117, -0.3407728434727001, 0.33007829066029815, 0.6448853392425202, -0.46023442826313515, -0.8583909981338764, -0.6312410249203357, -2.6588625327946733, -0.22898021186849385, 0.43311478026525607, 1.017643190268629, 0.7357722688730435, -1.082859769297527, -1.2791428063687043, -2.0565541687213034, 3.142873117456336e-2, 0.8139618383801493, 1.207354154143149, 0.1286591116522834, 0.1255368557281966, -1.6527566034514374, -0.6688187140053782, 0.3465692097620611, 1.3531432406465347, 0.3203265042333231, 0.9673662932823036, -2.4484696317341132, 0.5118415897235193, 0.6183207728943426, 0.8801344170073462, 0.3206795885971099, -7.946671974291988e-2, 1.381727313856795, -3.144273477871419e-2, 0.44973402355950504, -7.411782513789561e-2, 0.12557896075955322, 0.2653149720138964, -0.38413894988832764, 0.6854397648667547, -0.17959616252019453, 0.7471788064605163, 0.8285992130530737, 1.1900991727749586, -0.8493367750580696, -0.48830239422007166, -1.118024544376434, 0.48774752711481967, 0.6253627629156848, 1.6432920322650604, -0.4927992101657029, -0.21925005474017883, -1.252739832008164, 0.7878408398909114, -0.24490734321609867, 0.47364950106301795, 0.4670532716276369, -0.3415316469521893, -0.3668393868119233, -0.9262386726856743, -0.8081092236366954, 0.26338073274166773, 0.9984192402196682, -8.599638454844342e-2, 1.1639224765838316, -0.8745624152044559, -0.39833437322883414, 0.33954225409848815, 1.0508696629248484, 0.9571704384884623, 0.5419823787099441, -4.795338133207027e-2, 1.2485431590877667, -0.3561966321041141, 1.1569236770561275, 0.679976355552843, 1.1621639951329787, 0.7921934526824834, -0.6019471701039489, -1.1645693989096584, 0.7969049256068698, 0.5724166751715174, 0.6126918418387627, -0.19342739804470896, -0.33066714508561684, -1.867973065478008, 1.368037544746027, 6.32802522950937e-2, 1.355839578754594, -0.22193335481155385, -4.907689995235888e-2, -0.2702449164895032, -1.9804182201537817, -1.2675121467340187, 0.9445073224750535, 1.226303142046165, -8.330384902429742e-2, 1.6075344230824227, -0.3495834842509601, -0.1499232043603916, 2.0528206761557106e-2, 1.179639473021535)
