seed <- 1061
log.wt <- -13.111207054079962
penalty <- 2.8115950178536287e-8
intervals.send <- c()
intervals.recv <- c(56, 112, 225, 450, 900, 1800, 3600, 7200, 14400, 28800, 57600, 115200, 230400, 460800, 921600, 1843200, 3686400, 7372800, 14745600, 29491200, 58982400)
dev.null <- 358759.0022669336
df.null <- 35567
dev.resid <- 226375.46998265016
df.resid <- 35402
df <- 165
coefs <- c(6.654344982807038, 5.884477589128618, 5.6148338747786335, 5.394357101567417, 5.0458418669520695, 4.966864139165316, 4.752682555005993, 4.622636156007907, 4.392754709548979, 4.231933388800532, 4.250420480660062, 4.161594061307254, 4.021225477226948, 3.9391534720877, 3.7318660898373857, 3.508262811546627, 3.214251420708105, 2.932273937443762, 2.4544933851235626, 2.0330098724880648, 1.554381859375656, 0.9176955391757177, 1.0175990572279057, 0.5205196396495402, 5.910656366180646e-3, -1.2170657685352948, -0.16116089138482062, 0.8776480689470336, 1.1186967210725762, -1.4351131165132893, -2.3002969490506855, -2.155416142410707, -0.256028393420587, 0.8327735649439869, 1.2961293088876753, -1.1159469711399956, -0.8290101190097242, -1.4255744801695138, 0.12981041841631097, -0.6053369092275261, 0.9636322433132913, 0.9375548977461934, -0.8765675690971646, -1.8963640558528205, -0.7208421972966831, -0.9972688127114867, -0.3229644482634657, 0.2037858571587198, 0.15708142449913862, -0.4508995778061554, -0.20623913107425082, 0.880829924530639, -2.499615325507489, 1.6336031932513666, 0.7457723652709061, 1.0074462705128142, -2.3232135667242644, -0.20731522797708304, -0.6039915713769476, 1.1533896576873146, 1.316823423231239, 0.9592586205388923, -2.006643245492401, -1.322322528742736, -0.46074078473395597, 0.23120947522719604, 0.6204882181022982, -0.4792579720659483, -1.4082789328133622, -0.5569328037316099, -1.9323947649418516, 4.276531125485389e-2, 0.4286421017465933, 1.084520932893913, 0.8436121654774495, -0.7888037317410808, -1.5303894275391245, -1.2552634738873527, 0.18527605298215893, 0.733522528402016, 1.223266706656437, 0.1805686368971641, 6.75464467009285e-3, -1.5997652724698097, -0.525616224337328, 0.41259068908673296, 1.1435848667606352, 0.3131807544653752, 0.9356750711933489, -1.9636412919893782, 0.49644753360214877, 0.7224692568851365, 0.8459619520253286, 0.4204252697441939, 2.822369430296345e-2, 1.2254605615519691, 0.12337714392923467, 0.34422862042004143, -1.8638944441963017e-5, 0.2259309056387499, 0.36567195933908736, -0.1730537417590227, 0.7746436314766894, -0.3071705011315167, 0.6956786398370951, 0.8417229440053386, 1.0570293671186402, -0.8634070517760183, -0.7575546459336948, -0.7134256009105356, 0.4494488695888318, 0.5760754851948506, 1.5828623321891286, -0.627443989779927, -0.20243704696687817, -0.8804795646989249, 0.8686053441563519, -0.4917250913009421, 0.38909895567685426, 0.8828289154286476, -0.111187309215082, -0.8611531743276343, -1.2753160212897832, -0.4388034812948221, 0.21357973237694086, 0.6808759740802014, -0.1152446987247566, 1.0392928685951575, -0.7288758772463283, -0.3311115001427232, 0.2914996528615258, 0.8690398303484486, 0.7307201183017973, 0.44247786585597987, 4.555195294349396e-2, 1.149011658467144, -0.2751430285180492, 1.0660049464019616, 0.7234208323131062, 0.9012576259599996, 0.820237835560819, -0.6049703338704271, -1.1514229291439875, 0.5885366139865644, 0.3848260542909285, 0.5526315705901865, -0.1171300487120776, -0.6889867250308578, -1.9608289612112528, 1.1828291289029733, 7.668348950576548e-2, 1.244000354757987, -0.277828258216748, -3.8621850321039946e-3, -7.556096701940455e-2, -1.9072070916802422, -0.9240126238692795, 0.8724103023633079, 1.1544997037109566, -0.1784234212067408, 1.5465994680254076, -0.27756200168097955, -0.1281858594137095, 7.069933104675669e-2, 1.2613167474818991)
