seed <- 137
log.wt <- -13.496986547421896
penalty <- 2.8115950178536287e-8
intervals.send <- c()
intervals.recv <- c(56, 112, 225, 450, 900, 1800, 3600, 7200, 14400, 28800, 57600, 115200, 230400, 460800, 921600, 1843200, 3686400, 7372800, 14745600, 29491200, 58982400)
dev.null <- 358759.0022669336
df.null <- 35567
dev.resid <- 226613.10429066196
df.resid <- 35402
df <- 165
coefs <- c(6.7411934984767266, 5.680369597706345, 5.816723302136015, 5.451810730728308, 5.1019588219119605, 4.792230722834961, 4.7332195100496675, 4.631673974606086, 4.41008208015103, 4.31907413335519, 4.327506746826127, 4.196087809649356, 4.007694594501733, 4.005584690266119, 3.7383773931004574, 3.5219175257366304, 3.267159836293616, 3.0052115168983273, 2.545984192653496, 2.088177511842624, 1.5939266693612943, 0.8677749602885453, 1.027586063987203, 0.2213065476408911, -4.2612635343786696e-2, -1.0802044330249927, -0.10969977349998306, 0.9710206636234731, 1.0605780125192463, -0.9316802916132519, -2.103432879025522, -1.6461099211392305, -0.4862468522784592, 0.7409596133722061, 1.2642416510495176, -1.2724694749928618, -0.1337200888574076, -0.8487925940733138, 3.0116461621233638e-2, -1.6240563335460505, 0.9482401748542246, 0.8868656649214938, -0.875337472087104, -2.0965127281706253, -1.2004928874917908, -0.5778289451807747, -0.274240223460536, 0.32144233907307485, 0.6309808586724376, -0.7871542844335587, 9.67189788087034e-2, 1.0500993465421704, -2.9026756286493987, 1.610301211747163, 0.8224310332806872, 0.9591617776933403, -1.7668860992215327, -8.022520703379137e-2, -0.27418425317798656, 1.6594338379130726, 0.4594553254994923, 0.8272114787950431, -2.133746110673515, -1.138006326375399, -0.5363927574609302, 6.0867204294506275e-2, 0.545184817300544, -0.6502696040591657, -1.167012239212176, -0.8862233811206944, -2.6953792136510986, -0.12802260519773376, 0.6521752099492719, 0.9946672784641657, 0.7894196008808683, -0.5559345395926467, -0.9258705071897596, -1.1327723763021966, -0.10088660013219414, 0.6028846451814551, 1.2358394822538978, 0.10213595189554295, 0.22568511274971143, -1.7429375268848082, -0.2897383975399566, 0.20412413514623107, 1.145091732195531, 0.753161236231856, 0.7929208919934296, -2.8497440014385194, 0.46814538631982316, 0.6866081221947734, 0.8111465081168285, 0.3013753752339356, -1.471748682275408e-2, 1.2406934092719712, -0.3859214391887409, 0.6309680568592013, 0.15243777650853174, -0.6518936503425298, 0.31900748476945356, 3.255849444719482e-2, 0.7068688020517232, 0.2667063936210934, 1.0170063667306415, 0.8437804364203646, 1.1020388365304552, -0.1883438343966385, 0.1304758233963534, -0.9835895830921637, 0.35788124604417865, 0.6967757258181844, 1.5282664335961114, -0.6251176059386471, -0.3030721586205238, -0.9787541960588424, 0.7639643495597699, -0.1809334060950143, 0.42502377675715347, 0.688206225812607, 2.180889985077435e-2, -0.6674001744450251, -1.3395322605255433, -0.11286876796523733, 0.34919935400448704, 0.7792092235370294, -7.7855432348281715e-3, 0.9457904032990865, -0.7108502325074647, -0.3945401392785794, 0.3840599377272504, 0.8170701393367119, 0.8092593935897666, 0.44091109607326434, 2.66558842137674e-2, 1.1531716671153243, -0.2893186462739315, 1.094436407671366, 0.7212862037686546, 0.9033378844817004, 0.7531594219506696, -0.6405507167357982, -1.1004791026755765, 0.7047103700097053, 0.3263079318909494, 0.38983063907835613, -0.19460008969652406, -0.4013738353052802, -1.872334300327074, 1.142264668162837, 0.15331328327523747, 1.0929260252743858, -0.36692217411379485, -9.572454176603294e-2, -6.963509901336933e-2, -2.3210894275859935, -2.178470881919165, 0.8794283846528509, 1.1792565541227915, -0.14009518620384626, 1.528379488163746, -6.718859948903916e-2, -2.6714872896508667e-2, -8.576880231794441e-2, 1.1172943562133861)
