seed <- 449
log.wt <- 0.0
penalty <- 2.8115950178536287e-8
intervals.send <- c()
intervals.recv <- c(56, 112, 225, 450, 900, 1800, 3600, 7200, 14400, 28800, 57600, 115200, 230400, 460800, 921600, 1843200, 3686400, 7372800, 14745600, 29491200, 58982400)
dev.null <- 358759.0022669336
df.null <- 35567
dev.resid <- 226156.85553253905
df.resid <- 35402
df <- 165
coefs <- c(6.583646184917003, 5.844761803161759, 5.694937481168657, 5.260212288276798, 5.129457312380405, 4.891358620931293, 4.806001630757518, 4.608942879739437, 4.394164347201013, 4.329125583667974, 4.34657858086068, 4.130924759062102, 4.020631595430794, 3.9536168034588868, 3.762286681552881, 3.5296755846719665, 3.2574911999070113, 2.9516537773903013, 2.4823613445666495, 2.0226019532533464, 1.7004880092908188, 0.8706629085913452, 1.0034123719584445, 0.2804916445222625, 0.5608108200893951, -1.210159972844159, -0.30765418140200856, 1.1925576752845863, 1.018302918899138, -0.8159210348803864, -2.1196648153019786, -2.0738894867321838, -0.30891163277545197, 0.7272746567707437, 1.2435277621993748, -1.3861049728719996, -0.2642066482861409, -1.2608578995201343, 0.5023254274613023, -1.1922122812987128, 0.9246712774601578, 0.7524421500238637, -0.9721110738994168, -1.794030157163913, -0.7873875071410588, -0.6016497707459366, -0.7112672996039198, 0.2523163999530054, -0.16773077236243103, -0.9062864229451859, -0.42907212462117034, 0.8724620390799479, -2.557922850566891, 1.903085125625631, 0.8781584939935538, 1.020088223487849, -1.9061126206551955, -0.21440814560323504, -0.21258148310438765, 1.312485207768819, 0.7151312722089311, 0.8493209295231889, -1.2400032326279788, -1.702342932765885, -0.88645610222251, -4.8959177872641826e-2, 0.5270476994136295, -0.3422467763973623, -1.4460239521307872, -0.5571679313569884, -1.7708769499544386, -0.20600612835685803, 0.5267647938359294, 0.990153446816201, 0.5449316033449716, -0.6947647146594077, -1.0272124273980419, -1.118592606738578, -5.1206211689777265e-2, 0.6131597985725088, 1.166768711575265, 9.871771949199087e-2, 6.264228229587411e-2, -1.16314544307056, -0.2172064342326851, 0.3195299835970196, 1.175173367461161, 0.5633089448991, 0.7445871163738943, -1.4610768025296181, 0.4917931986095674, 0.5946932908163703, 0.7687053921414505, 0.3610082087568409, 0.17616348961295347, 1.1489333042461178, -3.2783445654189954e-2, 0.8356095692428734, -2.7213400445724737e-2, -0.2353276469142483, 0.6214736356074866, -1.6110446884426217, 0.7117351624691437, 0.12336892595268328, 0.6763531610729512, 0.8299575564579222, 1.087114550029849, -0.6549003741986613, -0.7884321666320669, -0.8823802044502055, 0.3737193888411336, 0.8734451987678618, 1.5260598370401424, -0.34152350981350266, -0.22679935572038412, -0.9897083101111167, 0.7762878889837903, -0.29505183972336096, 0.3806644367193387, 0.6934661034608736, -0.6566009930917104, -0.5960516527641919, -1.4314147862575086, -0.5089976474974282, 0.3626938614158158, 0.8718010697860544, 7.94723072416815e-2, 0.8836348213155487, -0.7021051614769653, -0.4778178310655995, 0.38478644733063194, 0.9723713971787342, 0.8719768758955234, 0.5258196020884267, -4.087934363649583e-2, 1.2239033026957291, -0.3949162850319103, 0.9982757365226085, 0.7014748585338012, 0.8460104299470109, 0.7298365225367448, -0.6611854256060954, -1.2581705733740076, 0.6482711233391336, 0.5342666054894724, 0.5090509855157694, -0.3453852616161526, -0.29613926792510736, -1.8190755247004955, 1.2974492772593569, 6.976017156187926e-2, 1.1045738619592191, -0.15082335083353318, -8.034010596784097e-2, -0.3854150341096555, -1.8981782619708625, -1.0819899072600263, 0.826251635740424, 1.2254725434984817, -9.5892669666445e-2, 1.4877945431234116, -0.42593553894024777, -8.96604352116654e-2, 1.434537835334276e-2, 1.1834125487027671)
