seed <- 1041
log.wt <- -16.056557020271118
penalty <- 2.8115950178536287e-8
intervals.send <- c()
intervals.recv <- c(56, 112, 225, 450, 900, 1800, 3600, 7200, 14400, 28800, 57600, 115200, 230400, 460800, 921600, 1843200, 3686400, 7372800, 14745600, 29491200, 58982400)
dev.null <- 358759.0022669336
df.null <- 35567
dev.resid <- 226125.4095668637
df.resid <- 35402
df <- 165
coefs <- c(6.741953512082092, 5.933758449048922, 5.7634641735014345, 5.368685982682798, 4.9538581967130035, 4.89252701069612, 4.76133295013714, 4.638439165743522, 4.391391525557847, 4.299308718673003, 4.303926530622088, 4.148680649356486, 4.007868593408244, 3.961467565558272, 3.782794900764117, 3.578935953879518, 3.2744249195064055, 2.992110001778999, 2.5377653834529923, 2.065253324268671, 1.5743423528895508, 0.8512737028806218, 1.0994401822425546, 0.3390293556030871, 0.48638950549567433, -0.8125902950057476, -0.3362651467789671, 0.8878276606949355, 1.013699516838525, -0.8250975571777253, -2.3615986149526766, -2.21708651525752, -0.1671098466236577, 0.7310137991331508, 1.243332183721648, -1.1516282394352624, -0.5652080919611165, -1.653511677425046, 4.959509285167018e-2, -1.0402480252185473, 0.9169334550225258, 0.8383015580764709, -0.9433309540922828, -1.7721170577116805, -1.0452384631413951, -0.7803845862749754, -0.9684520274399224, 0.42660462515125935, 0.527719210653021, -0.4085961716632685, 7.2296371844825e-2, 1.0145470855046141, -2.3692396020053437, 1.7052836203694661, 0.7089387837335391, 0.9321584374980654, -2.1547545606843808, -5.393484421186826e-2, -0.17132708670266966, 1.4144578320973995, 1.1244724215662076, 0.7628274704864829, -2.0491390332913144, -1.3239444278462538, -0.39005581832803615, 4.1999875596567086e-2, 0.6749969396133443, -0.49193542829495, -1.2995015661815306, -0.7095326718853208, -2.172375930456266, -0.5622004039457849, 0.49039229750343866, 1.0196110207717564, 0.6564593393392293, -0.46697016591711255, -1.186746165344596, -1.277824433567991, 5.544637354971382e-2, 0.7604251518733381, 1.1282768380519417, 0.12711161362809195, -0.13671334752042055, -1.8909896702918199, -1.169504177142683, 0.38014751401576763, 1.2499774022080292, 0.6164774717794201, 0.7551612175449851, -2.6283763654476733, 0.558455992310308, 0.6244112767073804, 0.790109259807984, 0.41121371807160045, -3.4939550185438685e-2, 1.3738327455061083, 0.1784751701188019, -2.4781743924321625e-2, 0.3061516366318031, -0.5090947114172792, 0.37027715844372777, -0.44307054470037055, 0.8045787367698785, -3.750626495086117e-2, 0.9439280952478595, 0.8049896865617129, 1.1832345462850522, -0.1520860206028362, 0.23403603778025284, -0.8844332159842965, 0.3385280724292565, 0.7934677056620967, 1.5203783952094416, -0.8058805421735264, -0.1722199075941882, -0.8815106621709077, 0.7193129632062047, -0.2756635934370725, 0.7450143743632387, 0.3003502973034798, -0.5620665326845717, -0.22742950211077234, -1.206574772026197, -0.187030002615459, 0.27263213901812916, 0.9564750549230441, -4.738288178339685e-2, 0.9054043934094571, -0.6057154646273901, -0.4816827610765297, 0.26715932373829, 0.9242639690485278, 0.9478721435185697, 0.5239476798652908, -3.488628943509775e-2, 1.1157694135695273, -0.4371998546495621, 1.0776128952633015, 0.7515831805691732, 0.9206104914961206, 0.709991571605383, -0.5731855230815931, -1.0762542109733477, 0.6834591478349665, 0.37434404294432844, 0.5067048099007683, -0.18631430007120664, -0.6552819362444126, -1.9709221101034655, 1.3631481473400875, 0.17155463436359059, 1.1334784751286673, -0.20224277705170418, -5.121854030784159e-2, 2.1881542927262534e-2, -1.7050936382691102, -2.0669220277919402, 0.8181041110733847, 1.1401716262978678, -0.2455200679515829, 1.505081668353904, -2.5717085016944553e-3, -0.2010222824870563, 0.12366770227289561, 1.182943950390639)
