seed <- 987
log.wt <- -14.698033466886903
penalty <- 2.8115950178536287e-8
intervals.send <- c()
intervals.recv <- c(56, 112, 225, 450, 900, 1800, 3600, 7200, 14400, 28800, 57600, 115200, 230400, 460800, 921600, 1843200, 3686400, 7372800, 14745600, 29491200, 58982400)
dev.null <- 358759.0022669336
df.null <- 35567
dev.resid <- 226494.43184332483
df.resid <- 35402
df <- 165
coefs <- c(6.646261179613608, 5.5764826084448575, 5.743007251680673, 5.438699544514263, 4.927174889319772, 4.6970679180537696, 4.802312997591658, 4.670554290356564, 4.378066422629717, 4.271465832049599, 4.306590077122584, 4.179753711423356, 4.023505724800808, 3.9834315001861795, 3.762107964967724, 3.513975110834183, 3.230189901880328, 2.962535425570886, 2.480164507328065, 2.0562178799076016, 1.5240011646680718, 0.8821578264885435, 1.1205609911882988, -3.024781387947854e-2, 0.3146492892771907, -1.0835381846318999, -0.2365848228470004, 0.8632256260716886, 1.0704588611108414, -1.3257844271569597, -2.0126858007357553, -1.8387988702877585, -0.5553922754696569, 0.7303706126668281, 1.2464043725110987, -0.7224793362014799, -0.5542256227001744, -1.6641309979179708, 8.274584291554059e-2, -0.5794727335810715, 0.8239051482791783, 0.8237348389402482, -1.0048775604430753, -2.111925526055183, -0.8853109490625278, -0.6760727316960266, -0.33416761050188054, -0.15550618582889603, 0.4336238565339149, -0.2687961299816093, -0.16959819739343332, 1.0410141223201448, -1.7495887563761972, 1.878737257631888, 0.731739513410382, 1.1102672675050838, -1.9541010166205892, -0.3454024254289272, -0.5728124038078749, 1.2478337516900522, 0.8817394643382944, 0.7191852738252814, -1.742155855730525, -1.513698834893607, -0.9620541724119991, -6.260645347335905e-2, 0.4621666526536709, -0.8480125434321654, -0.5883701718437462, -0.6127653954173486, -2.6899566887681097, -0.2843392718098712, 0.5258258650345327, 0.9368541953212819, 0.667042491067761, -1.2221166064724944, -1.4561728066450255, -0.8393379572161345, 3.037720223806628e-3, 0.6618339817170796, 1.052018419303946, 7.602078698615206e-2, 0.15817820950386416, -1.4841332623853858, -0.2882597295613055, 0.369383276128084, 1.2356436699804114, 0.8213933950343666, 0.8505577162842598, -2.5851621932607087, 0.4605380820209059, 0.6632853183699603, 0.6635471411278883, 0.2592967660942794, 0.2515325570776877, 1.3310877217727966, 0.14789376849184835, 0.5593537360305237, -0.23782967404797303, -0.3655322438740615, 0.29915505883747956, -0.8422448562265874, 0.7733170203555892, 0.24446154610434792, 0.915275801235336, 0.8180289533181994, 1.2113314755535076, -2.7117360498907367e-2, -0.5789373512221344, -0.867713723931682, 0.40691336667189726, 0.5159016462401876, 1.5651743689106854, -0.35132069250600845, -0.25453457468399504, -0.9979318332852297, 0.6835292624539755, -0.14608154288873984, 0.46190679496945425, 0.5640622895457592, -0.7368366946464947, -0.4220667864364507, -1.1788928731180677, -0.12709854991543448, 0.24909263512193572, 1.0189708598563803, 2.5707421397761556e-4, 0.9666930920103395, -0.7592351152349764, -0.3241359156748442, 0.4893768865690997, 0.6693718240719447, 0.7893057334975311, 0.4282195177257131, 0.10530813619433918, 1.1506017080132338, -0.4015102755474453, 1.070858491189797, 0.753479618344181, 0.9697169237148401, 0.6690556400070876, -0.6336098694686784, -1.3300125198905115, 0.4362292436882823, 0.36937206880575646, 0.5001175165967796, -0.13056955622701122, -0.4263736785134648, -1.7698894527475835, 1.2786105113301525, 0.13130230551393654, 1.164293337920318, -0.29968482863182844, -2.7807064979234644e-2, -1.2342064404586092e-2, -1.5447616001648623, -1.304150647848963, 0.7931323072718929, 1.1979774725340435, -0.1578438504295235, 1.4808716751837074, -6.44553791088152e-2, -4.374005087356719e-2, 1.6117305718342842e-2, 1.0586680927350427)
