seed <- 1012
log.wt <- -15.232630386534721
penalty <- 2.8115950178536287e-8
intervals.send <- c()
intervals.recv <- c(56, 112, 225, 450, 900, 1800, 3600, 7200, 14400, 28800, 57600, 115200, 230400, 460800, 921600, 1843200, 3686400, 7372800, 14745600, 29491200, 58982400)
dev.null <- 358759.0022669336
df.null <- 35567
dev.resid <- 226137.3259807918
df.resid <- 35402
df <- 165
coefs <- c(6.466782152503639, 5.632265919056619, 5.824035993922392, 5.323485014266164, 5.039549344282092, 4.90853107222278, 4.725050639473057, 4.639303633402918, 4.390908858136309, 4.265717407474364, 4.318037686177305, 4.190304591590114, 3.989209678989602, 3.9618624847237323, 3.752127815928083, 3.533573440241601, 3.254540226036963, 2.9639968559955205, 2.507021954881952, 2.025146645851166, 1.596972710409846, 0.9178184986947502, 0.9706878778551747, -3.865745800650889e-2, 0.3485443309451771, -1.2256367912273258, -0.3031901452211721, 0.9157576051453915, 1.0058281644885534, -1.5048481786409484, -2.2665120512311105, -1.954098973435491, -0.15659309301121874, 0.8035322666729376, 1.2591998962064384, -0.637897209442993, -0.3370783481256046, -0.3494898773553963, -6.327670731727718e-2, -0.8163534426918184, 0.914022481150133, 0.9648941865024746, -1.2791343613823751, -1.492341426449733, -0.9222240219003659, -0.7205485254354524, -0.4270368029686816, 0.17795270501679705, 0.5938584542153386, -1.0401491424254523, -0.49562958357200726, 0.8903944566827932, -2.499272196204077, 1.6439717881033633, 0.8665636076643994, 1.0407140941636883, -2.0789143898814544, -8.129769034534062e-2, -0.6752772548738749, 0.4671650996603457, 1.3523679621061269, 0.6731839101271858, -1.508694572952969, -1.0965295859105604, -0.3614568508360304, 4.348988950684399e-2, 0.683665479689627, -0.6565158386235722, -1.0136036353074023, -0.9081678031753794, -1.6256241906987274, -0.2940226508871797, 0.5551841554524363, 0.8641761386677772, 0.5426564809733587, -0.43293814533361374, -1.428245621346907, -1.0499078854693855, 0.1153142431360386, 0.6725262545776276, 1.1960014509323929, 0.1262206559776584, 0.24352436051723095, -1.5825187108009156, -1.1406213889880337, 0.37453739862591745, 1.2695003724970382, 0.4310695413573384, 0.8446989500181836, -1.7509715660501968, 0.5351412158895207, 0.6660025171832868, 0.7345172288241882, 0.3364265447727402, -0.29526444915654393, 1.4120434088070748, -9.786257007814991e-2, 0.3758903254669177, -6.56843003251212e-3, 4.254541388296387e-2, 0.4973745669795508, -0.31113337075926367, 0.8863638934103112, 8.007073400885079e-2, 0.8081969696614232, 0.8414833040018305, 1.0452075018057163, -6.643084474567193e-2, -0.43687437308912896, -1.1865273002952867, 0.521003355678559, 0.490473494617505, 1.533522916572801, -0.5550389547407405, -0.2574080244685971, -1.4916435569024933, 0.6764946034005805, -0.2796971007055905, 0.5349317731131439, 0.4523055948175683, -0.2436438151514443, -0.31836754359559244, -1.1416358750503952, -0.508473651320066, 0.2644025632052337, 0.8172341422863224, 4.903829044930305e-3, 0.9874737803763488, -0.88951572548501, -0.4047889868078788, 0.2948876153102064, 0.797755065735941, 0.7997799745049431, 0.4694640286525316, 1.8126423335405047e-2, 1.078378101392564, -0.3371509449773166, 1.014733923559295, 0.7012900070273733, 1.0379123646204313, 0.7329829076514673, -0.6205822484823097, -1.119602141757271, 0.5725431512400948, 0.42512170811621036, 0.47774925991593153, -0.10234017895803595, -0.5850012619924052, -1.882445048405479, 1.2638002276636389, 0.14419192930126493, 1.1717732531103757, -0.2628366056319104, -1.0398915167885124e-2, -0.2056341853528115, -1.260238151394558, -1.8187760899078835, 0.8851695934428018, 1.2700488606199472, -0.4093225258300801, 1.4487210193551545, -0.5762242019615262, -0.13437976808137173, -6.187320262937251e-2, 1.1754943107472846)
