seed <- 823
log.wt <- 0.0
penalty <- 2.8115950178536287e-8
intervals.send <- c()
intervals.recv <- c(56, 112, 225, 450, 900, 1800, 3600, 7200, 14400, 28800, 57600, 115200, 230400, 460800, 921600, 1843200, 3686400, 7372800, 14745600, 29491200, 58982400)
dev.null <- 358759.0022669336
df.null <- 35567
dev.resid <- 226589.0450136738
df.resid <- 35402
df <- 165
coefs <- c(6.582010912748519, 5.902150621883874, 5.806944004815369, 5.172851106276645, 5.058620358188101, 4.857693268514712, 4.795310049767387, 4.641553859311056, 4.342610331698948, 4.264631558380539, 4.205083757442758, 4.151344108574169, 4.015197548102514, 3.9384436341788827, 3.7319536029912603, 3.5413479887255788, 3.2698076047628284, 2.961161886088612, 2.4954945928352417, 2.0105433264836745, 1.6161637755332756, 0.8657419893102642, 1.05526096188889, 0.4417369739650576, 0.6595087529693858, -1.0844577538362319, -0.3415879824934619, 0.8476402201305439, 1.0164120680631763, -1.4470726091293191, -2.9824650696333723, -1.8269610020809388, -0.6111142483155588, 0.73963892575437, 1.3339761285008522, -1.3289892767124292, -0.35235323230944443, -0.2772531389453614, 2.8845541651743578e-2, -0.5466435922856296, 0.9185953567039059, 0.8741730472932734, -0.6356665692817061, -1.8648501485700189, -0.7729936207138642, -0.606411312482024, -0.35092445408952644, 0.1495505118661134, 0.17218410222421499, -0.7872544898402266, 0.2524235416543819, 0.8952454919712496, -2.23977796275817, 1.6907374374102992, 0.8158163074485625, 1.0431100124479449, -2.0486596136636557, -0.17727711221122683, -0.5891487401254971, 1.141878671553166, 0.9893598081040473, 0.7936302092332785, -1.4389842888323416, -0.6549017664091871, -0.8539094834052329, 0.1734243401485197, 0.6391670307590638, -0.6245047398428223, -1.0188712407731568, -0.5822419634524617, -2.4566951365384164, -0.8703664654650785, 0.4140197223618233, 0.8414613684394937, 0.6259033900714206, -1.4799232983719353, -1.6087809826902104, -1.106921539075673, 0.14869398773847045, 0.6544962472709381, 1.124559613257983, 0.14018680499489508, 0.2319354148994607, -1.2051038793749287, -0.4814231501238926, 0.24079079239349271, 1.2158834263567861, 0.3959497088749097, 0.8352235748567736, -1.6842302392355701, 0.48158864580093363, 0.7801130717546616, 0.7870499804025939, 0.38165815720613, 2.8913836279062886e-2, 1.2303389646154348, -0.33895200775072276, 0.671668577734377, -0.11470241236916841, 0.1714598120885236, 0.5387603321819171, -0.1719375881167564, 0.9464486655010208, -0.22457594842692535, 0.9411627924782368, 0.8340179255006626, 1.1796661354276807, 0.2758999551086355, -0.46468040040520914, -1.3067059762582482, 0.3360829262751249, 0.7535438514322477, 1.5741130751552879, -1.291397246641389, -0.16152179151012366, -0.9948128347690395, 0.7202268904049162, -0.3474843081180104, 0.6326632116800773, 0.47097853295749115, 2.4629220819295597e-3, -0.4735469136687789, -1.211672670229051, -0.5993797856817236, 0.4651909282313799, 0.891201159303785, -1.1161804884513363e-2, 0.8811275860183965, -0.8437148316869041, -0.4843000162007007, 0.4950653534642823, 0.809966813293361, 0.8554595232833897, 0.32027818471877734, -0.1065133096929075, 1.1597815852907656, -0.43178859908313355, 1.0634995969330852, 0.72082110508501, 0.9694766777984422, 0.6813943255214695, -0.7259946375222498, -1.240585484337244, 0.5409266792965504, 0.18516386265920695, 0.3696208413962541, -0.32749833376381754, -0.6661487639151441, -1.7195783262547422, 1.3066324541295493, 0.16382526462730163, 1.1653937474642098, -0.13173859864701398, -3.7534452779770494e-2, -0.32012722704953345, -1.6568174811033747, -1.6407499030947423, 0.691768298633185, 1.081820171371226, -0.2766234631246434, 1.505540018999031, -0.29810881301988995, -0.1255457716506198, 4.1987330935217254e-2, 1.172698551734848)
