seed <- 131
log.wt <- 0.0
penalty <- 2.8115950178536287e-8
intervals.send <- c()
intervals.recv <- c(56, 112, 225, 450, 900, 1800, 3600, 7200, 14400, 28800, 57600, 115200, 230400, 460800, 921600, 1843200, 3686400, 7372800, 14745600, 29491200, 58982400)
dev.null <- 358759.0022669336
df.null <- 35567
dev.resid <- 225214.75276102757
df.resid <- 35402
df <- 165
coefs <- c(6.600486291695435, 5.973391860044005, 5.64768460019538, 5.405706766640362, 5.09109382099016, 4.86038793072778, 4.801393134120208, 4.674433824313747, 4.414845208012701, 4.306247150038156, 4.2900190238220715, 4.160655389991084, 4.030180347475475, 3.9898365164413927, 3.745156316445556, 3.55810195183626, 3.249072135466841, 2.970199141149112, 2.506943721853527, 2.048931848771268, 1.4962451440396984, 0.916502619984489, 1.0009572634953061, 0.47708050858095774, 0.7687804445198761, -0.5967761849838825, -0.319096441075054, 1.1136736946764652, 0.9952988795442086, -1.17863833723402, -2.736147464302622, -2.747237299456117, -7.142833054766966e-2, 0.786578057144611, 1.2618859131658027, -1.1364145886856294, -0.2647551426500234, -1.6939247338828187, -4.6654007623521156e-2, -0.9521082794971009, 0.9185825699867957, 0.8976154990480882, -0.6788358718153945, -1.915332551409849, -0.8897119612073348, -0.7145584402146229, -0.5448285856871654, 0.3284250647765646, -0.5792907932621013, -0.8630964185283595, 0.21743078533587595, 1.1633562016397752, -2.5577392246891937, 1.66740703052902, 0.8489692679378752, 1.1855709568478943, -2.3225813899342636, 0.10565598539980395, -0.5689717615717961, 1.3979349921983366, 1.1751209179515754, 0.7467228564266104, -1.6074107827835278, -1.2282217442224153, -0.3824694160260279, -5.426634080804513e-2, 0.6177606121244382, -0.40896496258581694, -1.3895201775705697, -0.7766473676897991, -2.0652297044516943, 3.637661477452302e-2, 0.40235822454119835, 0.9509622236227455, 0.6912658144639626, -0.46589317380621725, -1.1477687392552576, -1.1634952054860568, 4.0475978676145635e-2, 0.704563541204552, 1.2143528702907946, 9.801273778086035e-2, 9.921827023917305e-2, -1.6355617788438683, -0.6039864622816691, 0.1578295127371766, 1.1932688678812975, 0.1822965615447068, 0.8750688656385304, -1.6898415291460143, 0.6584189476204719, 0.7168500646539238, 0.9080926238292607, 0.3193213533760481, 0.18359890370093915, 1.2124507966089135, -0.2785623480231044, 0.4029478502289151, -0.18421269053346254, -0.5099323751319363, 0.5309646469978038, -0.47026874257053936, 0.7226111991250298, 3.2373984214016244e-2, 0.4362500626506659, 0.8142680168445556, 1.1140198451761176, -0.483194675749541, -0.5942516657313063, -0.7031346617106766, 0.5221883919563789, 0.6584659579359144, 1.5347154925139503, -0.656151032256132, -0.23460254949613918, -0.8616156722657731, 0.8659519555903483, -0.16241607219643592, 0.5051008971079339, 0.31899572358460165, -0.2083759601592893, -0.18709306808099796, -1.3468073260473792, -0.5341816794046974, 0.28003877460846766, 0.7942058824404881, -8.883999324293491e-2, 1.1151673197122776, -0.552849979185502, -0.44434678080481355, 0.20913754642932858, 0.9490687979213516, 1.0815304449020757, 0.4565604413881502, -5.337199303940108e-2, 1.2927600116725166, -0.3363041843589091, 0.9739119228493607, 0.7804049051605826, 1.0419295448220214, 0.8415163481465171, -0.8286049257812426, -1.086513053248379, 0.7078243260367365, 0.4866043631164509, 0.4728373175601088, -0.23329568018016486, -0.4906815484320763, -2.2023649885846672, 1.1341325134476286, 0.21340373125506376, 1.2093306912967527, -0.2797280213150514, -0.1137651838436438, -0.10837553435558611, -2.172985781202954, -1.3851720229236797, 0.8561648652230217, 1.1666950616449256, -0.22953362697495708, 1.4919773236240998, -0.25461166081388603, -0.14361876304247814, -7.263561703392275e-2, 1.239655999252818)
