seed <- 620
log.wt <- 0.0
penalty <- 2.8115950178536287e-8
intervals.send <- c()
intervals.recv <- c(56, 112, 225, 450, 900, 1800, 3600, 7200, 14400, 28800, 57600, 115200, 230400, 460800, 921600, 1843200, 3686400, 7372800, 14745600, 29491200, 58982400)
dev.null <- 358759.0022669336
df.null <- 35567
dev.resid <- 226036.76490728525
df.resid <- 35402
df <- 165
coefs <- c(6.172080613290805, 5.975267250685336, 5.585475825329257, 5.33879145502792, 5.094404604372261, 4.916047320667703, 4.7677019320637095, 4.576591947318363, 4.349306528678135, 4.310053029840854, 4.309376041348567, 4.14950428655635, 4.037275382748334, 3.94014245370929, 3.749659873100721, 3.527194905832469, 3.2103880090837587, 2.945007784644875, 2.499224336497298, 2.0013524121857764, 1.656019171594029, 0.8914704958973828, 1.0613116323103273, 0.4500085815550255, 0.565705008402772, -0.8354609135998133, -0.23158697305035802, 0.9639874661276907, 1.094489657776539, -0.9715695876978441, -2.379286141055574, -1.8190478925091953, -0.25130399001734954, 0.7650850316250275, 1.2300920321599502, -0.39527464630403997, -1.7652771949402084, -1.2572586091043059, 0.18003537071538098, -1.9487434370126662, 0.9449920091608917, 0.8103390270628661, -1.129746176498484, -1.8217419798452543, -0.8710157012168438, -0.5515524229314444, -2.3483900448731308e-2, 0.549037255335858, 0.575993812336682, -0.4288495015059638, -0.6120823243608615, 0.9641113328585875, -2.738812761402696, 1.636169693050156, 0.8446603511385816, 0.9660395201754323, -2.7648432893864197, -4.848470463490232e-2, -0.20828750600952164, 1.0271464678834517, 1.0274092466521716, 0.807350656625053, -1.6044270843528623, -1.206577564056724, -0.8372329882325016, 0.27142307363839785, 0.5931537081156811, -0.2328152618490764, -1.5397330807231404, -0.7790188953709226, -2.7609118087624647, -0.3390169720143204, 0.48805109846027067, 1.0649686070719067, 0.7234375749420684, -0.7664509685384002, -1.127172207911471, -1.1749146527500132, 0.123983243807999, 0.594918164811264, 1.2195394496192968, 0.12954136303160307, 0.18199526119381484, -2.539218213729718, -0.3257943397999958, 0.35336149092213076, 1.2751176313158485, 0.6551316887004126, 0.8607179932719504, -2.611254158944829, 0.5190685060215299, 0.564864392645491, 0.9702886538703426, 0.3226133646031805, 0.1351382983801272, 1.4100236528737442, 0.8664062471386449, 0.2250557779081898, -0.20672341124135593, 0.20678456229076386, 0.3973590156993542, -9.108309480062762e-3, 0.7761618735935293, -0.3482575248106598, 0.802673978760263, 0.8447741576948092, 1.1123094975765215, -0.21542833070047313, -0.1956303410515156, -1.5099776664496531, 0.5602688971001123, 0.5852157867916411, 1.6137978692933594, -0.7128429176999471, -0.2654717380050702, -0.8152985526791505, 0.8561495042650178, -0.2283653261010308, 0.3853608730506835, 0.3755650981928631, -0.2141943817966118, -0.33513723933891915, -1.1633606205196434, -0.30214789531953506, 0.2927273592263252, 0.9133808792613889, 5.0148217451581795e-2, 0.8933840888232086, -0.5054319750383532, -0.4411085752926288, 0.22544755850042086, 0.9078694977068716, 0.6519954805679793, 0.4604272968948154, 5.758436461430898e-2, 1.1367067231064876, -0.2522694684946925, 1.1107634593122475, 0.7627375615720331, 0.9141007003443459, 0.8140033022665648, -0.7004156404401073, -1.2634300183632836, 0.6555340184797083, 0.4052186282222392, 0.5039537656599613, -0.2346638422961453, -0.165114133087857, -1.7979137538971608, 1.2543048328526822, 0.18192538496030142, 1.1632361317225586, -2.1808020763946934e-2, -0.2045388480813019, -7.554191958786569e-2, -1.886246409279033, -2.0798832641924254, 0.9515663349166376, 1.2564004171334617, -0.12290356186043895, 1.5493172755098161, -0.5166913386052967, -7.733479110199226e-2, -5.9381786828988335e-2, 1.2914811683645155)
