seed <- 913
log.wt <- -14.427676741475334
penalty <- 2.8115950178536287e-8
intervals.send <- c()
intervals.recv <- c(56, 112, 225, 450, 900, 1800, 3600, 7200, 14400, 28800, 57600, 115200, 230400, 460800, 921600, 1843200, 3686400, 7372800, 14745600, 29491200, 58982400)
dev.null <- 358759.0022669336
df.null <- 35567
dev.resid <- 225604.10552320429
df.resid <- 35402
df <- 165
coefs <- c(6.508564984437104, 5.639840463916119, 5.754891267538766, 5.252361743871003, 5.021920464225755, 4.861615106831891, 4.751201025566896, 4.671063957177728, 4.330053060261454, 4.347093617102404, 4.285187960481569, 4.173754989557791, 4.007871345067111, 3.9471524922460617, 3.7275354266941267, 3.512991268104857, 3.278749394965377, 2.9648033624424257, 2.495137978658412, 2.0661632236718392, 1.5385916736820937, 0.9440007987711233, 1.0859658090931952, 0.3548775209932031, 0.5173834476594086, -1.2611575184220372, -0.3858603290966806, 0.8770609354774903, 1.1109454603577626, -1.111637061696529, -2.327482423627753, -2.18935041319243, -0.5279154065921994, 0.7609162912152423, 1.3395273968125863, -1.1906058656653637, -0.6433966293685704, -0.8432802306046493, 9.40775448918454e-2, -1.3413206633789183, 0.9403454225800103, 1.2344858502376086, -1.1980499595741518, -1.945976468362459, -0.947180122350554, -0.6308109826656682, -0.24863830589106675, 4.316376838434386e-2, 0.6681610788515725, -0.5764073128595064, 0.11031442955903246, 1.007878455067054, -2.7448675894016934, 1.7786803411687921, 0.860443838718628, 1.0749445958478008, -2.1621926030887324, -1.8651142308813394e-2, -0.44660700727705116, 1.5640242826380921, 1.2117880448525553, 0.5911982185326216, -1.6610632778187808, -0.24795731538892707, -0.5705432926563014, 3.516137087001446e-2, 0.643719282741308, -0.48324565413752696, -1.0071030723991716, -0.6170239693172673, -2.799568580008495, -0.24431851451311973, 0.5730552061486033, 0.9199458405474881, 0.5888187750868964, -1.0324342567866638, -1.4515350886378475, -2.0809253396433935, 0.1516563133398614, 0.8090861293566479, 1.0832344216192984, 0.18772424551577563, 0.24709979131776008, -1.4748444211608949, -0.7848539246895918, 0.3170845124923688, 1.1390428014943912, 0.42291084416668073, 0.8563607276419299, -1.8585530691293637, 0.5087454557898207, 0.7675910376602224, 0.7876694226430452, 0.3312492742113408, 0.10055485868531393, 1.3807434157028615, -0.976743986650969, 0.6438395942016969, -0.12235229024298051, 8.910736153434036e-2, 0.4200602193409377, -0.31938519885103506, 0.7831792286515491, -1.0892400622730804e-2, 0.920471655645418, 0.8301386315820276, 1.157845634227664, -0.7249767075685893, 0.19850838694959586, -1.1433903316878529, 0.31688053608237293, 0.5034178332135434, 1.6150904137344375, -0.5215785166785044, -0.23549842572244442, -0.9041242848835028, 0.8266719899389788, -0.3871095193283693, 0.5280814321748926, 0.736557475091671, -1.159718153585613, -0.29597975072758914, -1.009356764350957, -0.6539258881591349, 0.4125955635284665, 0.8646391430270692, -1.1387067293392806e-3, 0.9600738926189308, -0.7868441053066415, -0.46324272004266864, 0.2758887144341307, 0.7920093474357167, 0.6518888874484163, 0.39584232841638245, -0.13966214812880395, 1.023986513609347, -0.3191148779788673, 1.100777995973485, 0.7299076496383211, 0.9139626786657281, 0.7217960683331405, -0.7203849969074388, -1.1356793685213107, 0.5122574353532511, 0.33396226245020466, 0.4826086671480438, -0.14042241552846738, -0.4939901401652389, -1.8401187273641433, 1.3431800978647603, 0.21582775562373613, 1.1915852011197305, -7.235880725062362e-2, -0.21680591072546898, -0.10447037504757525, -1.7488877366911617, -0.5900346200656161, 0.7696959829630519, 1.2095831380520565, -0.15473367918956196, 1.5707817688554617, -0.4648456131430119, -0.13131000884947713, -0.18365431407041533, 1.1637505588079284)
