seed <- 536
log.wt <- 0.0
penalty <- 2.8115950178536287e-8
intervals.send <- c()
intervals.recv <- c(56, 112, 225, 450, 900, 1800, 3600, 7200, 14400, 28800, 57600, 115200, 230400, 460800, 921600, 1843200, 3686400, 7372800, 14745600, 29491200, 58982400)
dev.null <- 358759.0022669336
df.null <- 35567
dev.resid <- 225369.34167457453
df.resid <- 35402
df <- 165
coefs <- c(6.671585209800919, 5.5397585902212425, 5.758255435148528, 5.437068331476962, 5.05246264186463, 4.802235954023264, 4.8635610875062305, 4.687040451195018, 4.399876700843155, 4.301397485784072, 4.334868257632642, 4.186647716240474, 4.019048165465603, 4.0132459690785245, 3.748582886509914, 3.519503042191413, 3.278992254423171, 2.966714651990518, 2.548642627873367, 2.085547609971746, 1.643731928544664, 0.874585381984799, 1.0792391136278705, 0.14505534262018296, 0.8130873202803772, -0.8064284958967243, -0.3871550995631619, 0.8793761983304246, 0.9906234091848658, -1.4456148969574567, -2.159944871296749, -2.4803739146188275, -0.5263114334657014, 0.7497601544933002, 1.4621111161946876, -0.9881311651143979, 0.416018507858734, -1.412241761650387, 0.19824483285721956, -1.5422155558612225, 0.8589345336879571, 0.9123614764381107, -0.3611803143725729, -2.074911309487782, -0.830762724742179, -0.6568312638979956, -0.646117705117827, 0.2854056122800025, 0.2077113972709934, -0.4874579359125301, -7.502521905036197e-2, 1.064985007515891, -2.341615933454254, 1.690415279009703, 0.7573161865388267, 1.1417151412025717, -2.2019135048241396, 8.077190922427774e-2, -0.8166674058040522, 1.5968531896570324, 0.9484599636539388, 0.7840285329397529, -1.6024005399916086, -0.7034783004688581, -0.557369572833952, -8.932696700253091e-2, 0.5569584981980537, -0.4760264742894292, -0.49083298510673856, -0.6942335608059986, -2.191417894447229, -0.3296823139618242, 0.6520313346288745, 1.1301907284962696, 0.6882609544580018, -0.8322081059476379, -1.405651470997356, -1.2282019858476008, -6.529141704708277e-2, 0.7756005092952829, 1.0457491294981658, 5.119749152099454e-2, 8.061029398108313e-2, -1.9387860534063535, -1.1688977444373485, 0.21687402151024443, 1.2464177084218675, 0.500626474461643, 0.8033406740493174, -1.7117078140336441, 0.2581776562835671, 0.8070793151560482, 0.6668244399938722, 0.31470832356733075, 0.26635776773659087, 1.1987516300952077, -0.6229664579473222, 0.49596737634510735, 0.20302514924949724, -8.86499313233916e-3, 0.46763592599893333, -0.3501227272348238, 0.8818722618017403, -9.69937361399682e-2, 0.8036122494269121, 0.8245772200905086, 1.100722752296131, -0.4146291660478689, -0.5757319277507402, -1.2616224238349163, 0.31561246153317163, 0.6910741490488181, 1.5420023359094086, -0.8322614874629635, -0.2880261104395226, -1.1870310107272048, 0.653757208611615, -0.35597282954035114, 0.45748259331791286, 0.3091643209338199, -0.3278625331231531, -0.5653021863046244, -1.5110868778985915, -0.5090812999753257, 0.2502005855383086, 0.8869827639142643, -1.4348450050388907e-2, 1.0722868804163277, -0.6123430550082397, -0.4058147940798743, 0.3778166123633589, 0.7411791412980246, 0.8528689045106336, 0.49306937752284485, 3.0526177231708706e-2, 1.0898863668537755, -0.31135776844090557, 1.0380507448434668, 0.675536305718187, 1.0221950618277647, 0.6675008801958214, -0.6942005289837441, -1.0696705878070407, 0.5474580680629667, 0.2896305218082913, 0.568252740219042, -0.2779053465722523, -0.2405657719434178, -1.799529289675522, 1.3062289300584025, 6.568070900808514e-3, 1.3094377605181549, -0.2538015968619741, -8.854750357319344e-2, -0.10046665634142171, -1.1526386064167629, -1.4843492867532893, 0.844670026565889, 1.1714857993244863, -0.3895341688817486, 1.5027865710330681, -0.17680331572499097, -0.247637816234896, 0.1870217768469866, 1.0785213922825887)
