seed <- 1085
log.wt <- -13.318738010420164
penalty <- 2.8115950178536287e-8
intervals.send <- c()
intervals.recv <- c(56, 112, 225, 450, 900, 1800, 3600, 7200, 14400, 28800, 57600, 115200, 230400, 460800, 921600, 1843200, 3686400, 7372800, 14745600, 29491200, 58982400)
dev.null <- 358759.0022669336
df.null <- 35567
dev.resid <- 226900.05169625144
df.resid <- 35402
df <- 165
coefs <- c(6.81433808738109, 5.651972314166142, 5.775950103319743, 5.30255028133513, 5.069134551718124, 4.838573307872926, 4.790946604602123, 4.5463923498668475, 4.345188863161728, 4.269403717236295, 4.246997798920675, 4.17280443210142, 3.975680023953139, 3.976510669146915, 3.7219155075018935, 3.4856115022898075, 3.249241306976753, 2.916969171418164, 2.509511204809568, 2.042221695931068, 1.5479425175377386, 0.9316471241460276, 1.0188332940407618, 0.29664142174286334, 0.535424647381752, -1.0108163086902664, -0.22574562463017905, 0.9480983878990717, 1.0920551050574856, -0.8482825098413522, -2.5445673955702643, -2.139788534765936, -0.10827644445966614, 0.795592421930296, 1.3215413727448642, -1.4729349825952411, 0.18935099012012233, -1.0025476453764117, 3.440128903301213e-2, -0.5631596999205081, 0.9604844674463366, 1.0634468514586755, -0.7732729314823272, -1.9062309606271954, -1.4116555731303515, -0.7733529912211766, -0.7144447887017099, 0.24988370046269315, -2.1227507606113673e-2, -0.3743586734147225, 0.11852884227491021, 1.094695455187418, -3.0420265679952885, 1.7047471754611474, 0.8053726983901045, 1.059515667657744, -2.4077594148709, -0.4797771549429421, -0.2523870502368245, 1.5464013717878535, 1.16915001707183, 0.7939899392172479, -1.2848227167271904, -1.07876396688069, -0.48567574167376265, 0.2828462326350586, 0.695959658047667, -0.5262375617056355, -1.2485644544788366, -0.6531370109935162, -1.919227205237649, -0.30491576503939943, 0.7222522083242712, 0.9081996202787382, 0.6033618543223416, -1.4320396372327078, -1.210237408958166, -1.4444077433073412, -6.90151651057149e-2, 0.8718271373005516, 1.2940788993680554, 0.19031900067711308, 0.2716854704935501, -1.6620707546739308, 4.758135165179762e-3, 0.32712120367754066, 1.2234166868298169, 0.713819116205218, 0.9275840520524122, -2.5141983927158997, 0.3821068017233837, 0.664125712402154, 0.841744462621561, 0.4361438084117372, -0.10268465634198118, 1.3285482664551616, -0.15303601123371144, 0.5035788364981897, -0.23913547800469276, -0.7469887682420555, 0.4707951484930829, -0.40515909514385906, 0.7544335176907778, 0.4426714239526841, 0.8106744936075597, 0.8481094750460841, 1.0673763272968813, -0.323042142334938, -0.9772968052553228, -1.4107859102731213, 0.4452242070805314, 0.7497467550145444, 1.5843535764742038, -0.7576987582876141, -4.809871412097173e-2, -1.8693705905249731, 0.865326399404123, -0.3432226988932718, 0.32234356792711155, 0.8352839629478404, -0.689465507864362, -0.4439788801936888, -1.5495203057078302, -0.29875321790730514, 0.3471405463095231, 0.9319015129112688, 2.6533275983467903e-2, 1.0415808800298028, -0.5158054290580413, -0.37506304864954926, 0.4090476681847083, 0.8869918267635363, 0.6285543622649236, 0.36658690239271796, -8.214305577265232e-2, 1.1534496015487066, -0.3922033899759854, 0.9501027141231637, 0.6820011985615269, 1.0254944044735468, 0.8121654164091016, -0.56252875418519, -1.4347643080431467, 0.6063870824359501, 0.18055394640377306, 0.45792044575627305, -0.1789116102618589, -0.4434336038427711, -1.8566720315792815, 1.258152926937498, 0.1738370409372083, 1.285748785403265, -0.15288252636631375, -1.4730171325718579e-2, 1.268030787346112e-2, -1.9871739879523582, -1.5890184747723513, 0.8850904701275679, 1.1353459115637237, -9.66704218288848e-2, 1.6044022443494674, -0.22145091423079272, -8.528998505479911e-2, 5.0663636403934446e-2, 1.2209541709536922)
