seed <- 104
log.wt <- -15.149777295744514
penalty <- 2.8115950178536287e-8
intervals.send <- c()
intervals.recv <- c(56, 112, 225, 450, 900, 1800, 3600, 7200, 14400, 28800, 57600, 115200, 230400, 460800, 921600, 1843200, 3686400, 7372800, 14745600, 29491200, 58982400)
dev.null <- 358759.0022669336
df.null <- 35567
dev.resid <- 226082.70257996683
df.resid <- 35402
df <- 165
coefs <- c(6.51311546524944, 5.955341310652134, 5.8211461583632795, 5.395509831212928, 5.07024784083321, 4.936295976529579, 4.7331301313011895, 4.621670066114794, 4.386220378273731, 4.270024890794188, 4.291525143147415, 4.157563859670366, 4.004440538228131, 3.9295619535250292, 3.7598662688326567, 3.5160333070797045, 3.232976677860945, 2.9543788188371143, 2.4860726185906756, 2.0789837472639228, 1.646466885412032, 0.8767603749988045, 1.0911270500588364, 0.4214877635184718, -5.426832189636119e-2, -0.7807791360478669, -0.19021455232570925, 1.1312119715009694, 1.1296440455702013, -1.1272243979065746, -2.540893651223082, -2.0228618717331974, -0.35815707725092116, 0.7281548769188775, 1.3488908139584606, -0.6330508218340395, 0.4294585944981692, -1.0927902770122493, 0.294664651988751, -1.1967469103498216, 0.9986226114675495, 0.9443931366745505, -0.6801389412186534, -1.5550088382433456, -0.9962781751599906, -0.6458710263696046, -0.9563177747228728, 1.7500382917553892e-2, 0.1906986405178403, -0.7568593406744347, -0.925432065068808, 0.9351493580847562, -2.6448489368427026, 1.603672882633192, 0.7634576645402051, 1.0382380787372998, -2.0375118929875753, -0.17354992720784135, -0.22297858508325527, 1.126950925487327, 0.9036200943821576, 0.7585436491082348, -1.8609682712196514, -1.2274554450668713, -0.8610554737662346, 3.699834950354139e-2, 0.6570234873690753, -0.6438320341588595, -1.2313385468587488, -0.48132791902224736, -1.9750924656735003, -1.002857855663371, 0.34171376463564196, 0.9350336043505045, 0.7717720127957606, -0.7309359704629026, -1.5051799336749065, -1.1353604250062768, 1.7613158776044364e-2, 0.7067528271380531, 1.1995018054187059, 8.726004397844965e-2, 0.2403210535202623, -1.599721549215376, -0.5487156577313472, 0.326299973299745, 1.3479597206673606, 0.3864173941751692, 0.9108732592559394, -1.8463985719560065, 0.5051719753770637, 0.6319883309625715, 0.8040006779485911, 0.34154287988295334, -0.4289266810862798, 1.2363213269963829, -0.39129035367137477, 3.450223787218865e-2, 0.11393567785739313, -9.077658723448072e-2, 0.7307721973501479, -2.7675833062621905e-2, 0.7038626182339667, -0.1570995844167581, 0.5122624966570906, 0.8388248562329857, 1.1791284953070116, 0.2179094313667518, -0.4406009711225198, -1.0293184637934043, 0.5888879251130866, 0.699256582773582, 1.6054958055382638, -0.788057013852018, -0.17606288797877384, -0.8983867740420906, 0.8111324404120253, -0.3523632057703652, 0.4910521094251646, 0.4545466512386987, -0.38606375570499335, -0.18041576158717917, -1.4007909875552453, -0.18161675709491196, 0.2186659107721027, 0.7429096647757364, -7.389832756990922e-2, 0.8870139333666436, -0.5561166784415386, -0.40472725308312374, 0.4025870733292745, 0.9057065003492932, 0.7304325037483946, 0.45251566919345604, 6.002639708381378e-2, 1.1461555099378429, -0.3170539494519324, 0.9564141431695772, 0.7386384105199763, 0.8647709611782983, 0.8391720287913302, -0.7135582658606334, -0.9915470500683353, 0.5158136074494692, 0.19682020794755084, 0.4679757597708357, -0.14610586265267664, -0.5314985484248294, -1.8191924476045254, 1.1445991309889336, 0.1604325744122174, 1.1487404200315168, -0.22416979149873303, -0.10114543469819676, -0.1782440389647676, -1.6606063626111918, -0.9718047456031407, 0.865292085520209, 1.346265353315807, -0.33916059783850094, 1.553256911385936, -0.504271065962121, -7.520608123814564e-2, -3.154488201294221e-4, 1.237502712969685)
