seed <- 1097
log.wt <- -14.906270790729298
penalty <- 2.8115950178536287e-8
intervals.send <- c()
intervals.recv <- c(56, 112, 225, 450, 900, 1800, 3600, 7200, 14400, 28800, 57600, 115200, 230400, 460800, 921600, 1843200, 3686400, 7372800, 14745600, 29491200, 58982400)
dev.null <- 358759.0022669336
df.null <- 35567
dev.resid <- 225616.75489670935
df.resid <- 35402
df <- 165
coefs <- c(6.650678652656321, 5.682008059612005, 5.643699562658973, 5.26352104437021, 5.096204779352313, 4.902461058303935, 4.778309419264919, 4.580410247094013, 4.436947277298024, 4.271621554870743, 4.323164576271167, 4.203123190197966, 4.000227189499562, 3.9588191784606965, 3.770093691757521, 3.5607556788192474, 3.2546410407041133, 2.906868725424649, 2.49541661290965, 2.0410897694071877, 1.69523897200172, 0.8885655498408725, 0.9883224674892604, 0.36058242706385946, 0.633758106514297, -1.2270761140279416, -0.22974076791927647, 1.012939080472655, 0.9879591736005268, -1.2101838974690085, -2.319314446466322, -2.8405746607776967, -0.4562409550821753, 0.7364871671738238, 1.0770440160679222, -1.0157557045324948, -0.470980992350114, -1.2793412780967088, -6.638003745506844e-2, -1.8423475929259205, 0.9614759544194468, 0.864501234219261, -1.187444963264849, -2.857666951622984, -0.6853994563802108, -0.6394068369852024, -0.5412475223095791, 0.20956829279272246, 0.17225408343811213, -1.0591026618738257, -0.29344147436727386, 0.936799544015522, -1.9622561610415645, 1.7039928105470354, 0.8024946186207484, 1.2741763427296553, -2.717052970325027, -0.2763104146582915, -0.5591813244481794, 1.0920941289804682, 1.01487049497463, 0.788335761894237, -2.4376105655834404, -0.8956645042667093, -0.4933939736099877, 0.47061904197540594, 0.6689433399567097, -0.29084028410256524, -1.5995997871743113, -0.6621024099825488, -2.080845726746114, -0.1676885538548436, 0.40064715377836796, 0.9769972472679295, 0.7809725589389439, -0.9741346326000793, -1.717729620778389, -1.4578643495922377, 0.11274941730517747, 0.9632783705510091, 1.2891257041413817, 0.17337006850159845, 0.3145479694307761, -1.4838592972518583, 0.30135562345743167, 0.6230420741905934, 1.3885717950023542, 0.5176526231708245, 0.8827663097942886, -2.1613706400267336, 0.4154492936631278, 0.7281533238679712, 0.8937599007932298, 0.2979165089210411, 0.29964792952955377, 1.1946430317442, -0.167780834048847, 0.5951101036009495, -0.14627911404209068, 0.3619726875252794, 0.3520219474810464, -0.32072531392557857, 0.9248646392506835, 0.22679910874390552, 0.8906587411787004, 0.8523166318066193, 1.115249728679952, -0.23154199758268684, -0.6399059191594211, -0.8404075793221678, 0.5363353265201569, 0.6923926454501582, 1.5902933609740746, -0.7033061720849276, -0.18227647258072713, -1.1690509970827392, 0.844765715682742, -0.34109749209371676, 0.42586907189315654, 0.5296142855884979, -0.9928397665858677, -0.5302038365048469, -0.8934047744707116, -4.828825442148238e-2, 0.28046455882675386, 0.710443323670373, -5.075839937087316e-2, 1.1803844381161086, -0.5472510196777152, -0.4137255015394853, 0.20475740337279055, 0.8966107850076118, 0.653310596946787, 0.4656331224648574, 0.18169898860599634, 1.208375552878514, -0.3211718548194926, 1.0607203602274413, 0.7562590852535401, 1.186157420736276, 0.8149421348948873, -0.5429261674098913, -1.1534803325429264, 0.7856675104648142, 0.17417906954837986, 0.5343879450672212, -9.483708414798164e-2, -0.7149806874403757, -2.1060185556839475, 1.2078360778901458, 0.23285923724220814, 1.3903332653061011, 5.089712522676903e-3, -7.308710357492934e-2, -9.068368041660133e-2, -2.16993490842031, -1.0788676165137847, 0.9526252153395556, 1.2741151489182898, -0.2547164618583928, 1.545588860837505, -0.1646624754315606, -0.17382534960940782, 0.20885062353487766, 1.2672022794257316)
