seed <- 919
log.wt <- 0.0
penalty <- 2.8115950178536287e-8
intervals.send <- c()
intervals.recv <- c(56, 112, 225, 450, 900, 1800, 3600, 7200, 14400, 28800, 57600, 115200, 230400, 460800, 921600, 1843200, 3686400, 7372800, 14745600, 29491200, 58982400)
dev.null <- 358759.0022669336
df.null <- 35567
dev.resid <- 226142.43646932245
df.resid <- 35402
df <- 165
coefs <- c(6.58388565621178, 5.65240820448182, 5.673143153440406, 5.479976203007181, 5.066745097192691, 4.967519610685276, 4.747691467298022, 4.586052360477233, 4.334773285427626, 4.2811181462054995, 4.397922418521412, 4.152638846401869, 4.005775381304767, 3.953052601016219, 3.7515327230501017, 3.5211018312511584, 3.2430639104128707, 2.9243366074791814, 2.5117845191327377, 2.026250467152137, 1.6188031523786393, 0.8809527865097256, 1.1116829144537363, 0.4334548644177696, 0.40942908956642377, -1.0112744682171468, -0.16228785173162535, 1.0182497733301488, 1.053648899487531, -1.4243998698013098, -2.511945994920332, -1.4596759358536995, -0.4686405957810466, 0.7917913835193844, 1.2929430774263488, -1.3422370547108715, -6.62017914881944e-2, -0.9581387017200192, 0.19496756916271735, -0.8708735959529443, 0.9385321059234496, 0.7572183573761118, -0.47567694754113765, -2.9478904157642396, -2.09233518204042, -0.846098640961938, -0.7716809489350732, 0.5605288305656374, 0.7370641673873144, -0.7673971993984031, 0.19388302722505463, 1.046673589289241, -2.451639359888857, 1.7123446390272383, 0.7482840998078788, 1.0235758002373603, -1.504508190648319, -0.20000177071627906, -0.5375607486564591, 1.1056816844206354, 0.9757294430014851, 0.8735661900948525, -2.453885101252243, -1.7842195383146027, -0.7708085895597259, 0.22405899446508928, 0.45997747547249485, -0.19226131647248412, -1.0293626275318095, -0.5351361616870343, -2.1772017634002863, -0.40888104528653124, 0.4602376960130497, 0.9708730689595819, 0.7549481168393268, -0.8261906043540519, -1.4063760276210844, -1.1067506091624797, 3.452522503273863e-2, 0.7663932370943329, 1.245802898609451, 8.771794841792743e-2, 7.858977329165126e-2, -2.406181957084384, -0.21727779841793007, 0.3141170051105623, 1.3555601815077527, 0.6801875515199708, 0.8796770565236642, -2.0901682783241413, 0.45664307971422846, 0.7791915288200498, 0.8488066499217688, 0.35180101499279426, 0.15867090864218286, 1.255068209087938, -0.7362676995202043, 0.25023900007913136, -0.30680680192174614, -0.1696807309025738, 0.37968140292790614, -0.4513281617358699, 0.8518738040562891, -0.14917094074878182, 0.713987230465809, 0.8701314077340633, 1.2069886744340623, 0.4395748054561553, -1.137681323696614, -0.8144736994164031, 0.3655452057885993, 0.6554596480785656, 1.5884889623223657, -0.7497452961267042, -0.3825296725807812, -1.2221006585412892, 0.7857427204282486, -0.19793039420049002, 0.663615380033706, 0.7569103007105513, -0.48641609878926695, -0.4962392778249912, -1.406370250478365, -0.1774252092520833, 0.3186357386339362, 0.931408026400938, 3.6842765399113526e-2, 1.0256557094618513, -0.4985340050318407, -0.5265438135634128, 0.3084016996361355, 0.9160200013341171, 0.8351017683543895, 0.40468221587501035, 0.17344188007576242, 1.1211307479606685, -0.35818835370347185, 1.0849230659028288, 0.7875941685267438, 0.9093954293685185, 0.7879025903110347, -0.6578755857828273, -1.3560502692687006, 0.8463963678383851, 0.6757977269156695, 0.548700738358747, 1.0781290123949698e-2, -0.3788940743654244, -1.733576411065219, 1.285227151396728, 0.19613070645808003, 1.2602202591596983, 4.360826980019446e-3, -1.880817426172561e-2, 2.1601302342766346e-2, -2.1563350067494427, -1.4495151793261125, 0.6853451280991085, 1.2802227346607578, -0.3144175570368799, 1.5619245760194576, -0.17278801941857727, -0.20171870942520922, 0.20666730323857377, 1.2067776843171156)
