seed <- 1055
log.wt <- 0.0
penalty <- 2.8115950178536287e-8
intervals.send <- c()
intervals.recv <- c(56, 112, 225, 450, 900, 1800, 3600, 7200, 14400, 28800, 57600, 115200, 230400, 460800, 921600, 1843200, 3686400, 7372800, 14745600, 29491200, 58982400)
dev.null <- 358759.0022669336
df.null <- 35567
dev.resid <- 226584.69012057604
df.resid <- 35402
df <- 165
coefs <- c(6.518885657322433, 5.927544879332051, 5.605427356371948, 5.1877363805745835, 5.210539540434097, 4.851272367346669, 4.750589502894044, 4.654533951520567, 4.4014958075426565, 4.2717859073432765, 4.279507312303693, 4.191338457472545, 4.019130984593104, 3.9575803392975764, 3.7124795011725, 3.551340415434415, 3.278800458691615, 2.9802633632495423, 2.4947327692668235, 2.0544233883358385, 1.5168480613744155, 0.8915799369495498, 0.9840305585866618, 0.4856008271294979, 0.6790177778245345, -1.1587850000243012, -4.065410252822221e-2, 0.8457030528151838, 0.9446267272061334, -0.8441867187458735, -2.3073630205786992, -2.5780480433735593, -0.22602649503292638, 0.7290940775006295, 1.2458081374024135, -1.17327411491924, -0.8298865155128222, -0.6754301759179208, 6.643536051592959e-2, -0.6654445018965093, 0.8136227274468629, 1.030101378228326, -0.8868825138656528, -2.6355936847771244, -0.8033648324224447, -0.7483428977282078, -1.4508052880946232, 0.17993220787960093, 0.7020056449611374, -0.6166427269871967, -0.8662156002585244, 0.961607693079029, -1.8641991436503413, 1.7911284871092557, 0.6475813586109804, 1.12868308677753, -2.1684162799090685, -0.23528647314598555, -0.7323967697069771, 1.2437532313536765, 0.8462927456142676, 0.7328509429920829, -1.8226636231837225, -0.58901164196054, -0.9203933322673667, 0.3699108689111143, 0.6092338968527099, -0.42585379649139293, -1.6349639446450543, -0.5467237158894457, -1.4940503709280664, 0.44443242349346956, 0.6597788429905311, 0.9738077160805475, 0.7441262107583184, -1.081439823409763, -0.9767939590732178, -1.1570847848241013, 2.6113887541905783e-2, 0.783613261850545, 1.1009570259552193, 1.7146973961894824e-2, 0.3834541865219833, -1.68020794619335, -0.9754971699688058, 0.2925724248717982, 1.2843265968614062, 0.377685845417436, 0.8155103770788596, -2.533008254265102, 0.6544366628859896, 0.7475466909891137, 0.8664610815228808, 0.3586227163967128, -2.059136445079886e-3, 1.0610444343721088, -0.37876823803038073, 8.568543555108585e-2, 0.1285028099268638, -7.35452814806474e-2, 0.3398790891448922, -0.8069799788020446, 0.7536921527762233, 0.33270217903748667, 0.9089706037748883, 0.8679356679455609, 1.0751540623806004, -0.3351379922075166, -0.5842602870658746, -0.9826397271945664, 0.5174897361684655, 0.5144893481045244, 1.4764638148767912, -0.5826341658168104, -0.1038710867744742, -0.8498666922939015, 0.8380791932106492, -0.1715120673435945, 0.2855729534752405, 0.42251415602070647, -0.5302654874835508, -0.32524832181697094, -0.9343327967456299, -0.3931035564622136, 0.1674300820561933, 0.688186921484141, -5.577939057541727e-2, 0.9785560623603693, -0.6758603966798828, -0.47154602488644076, 0.4524458528209243, 0.9395412969655605, 0.8491646112067577, 0.34865454358906844, 5.5434626310837544e-2, 0.9855718423344031, -0.4853045750462498, 1.0722435089052593, 0.6574702529958166, 0.9546506077486542, 0.8014518393559945, -0.6495760663851, -0.8518109004243534, 0.641156703804475, 0.11079326844063779, 0.5237040397068191, -0.27928978806609717, -0.3958094962998073, -1.778277279631372, 1.2110380533838978, 9.384875026448963e-2, 1.2800151743960115, -0.17943145190103282, -4.139212737573093e-2, 0.10465671441128513, -2.2293552276990107, -0.5483751929764447, 0.8014708491495843, 1.1468405702403175, -0.48670348024107873, 1.4674354718588618, -0.23871531556820277, -8.848095013385486e-2, 0.28359515377628225, 1.1721436567707342)
