seed <- 720
log.wt <- 0.0
penalty <- 2.8115950178536287e-8
intervals.send <- c()
intervals.recv <- c(56, 112, 225, 450, 900, 1800, 3600, 7200, 14400, 28800, 57600, 115200, 230400, 460800, 921600, 1843200, 3686400, 7372800, 14745600, 29491200, 58982400)
dev.null <- 358759.0022669336
df.null <- 35567
dev.resid <- 225097.30712290257
df.resid <- 35402
df <- 165
coefs <- c(6.534874128097828, 5.735043984784101, 5.874577184283567, 5.305468402412558, 5.090277781754153, 4.782893173965821, 4.7251427831652375, 4.663680884174105, 4.439115789068572, 4.24386474143683, 4.291378086742418, 4.1903165035228405, 4.0077128641036674, 3.9832155494656383, 3.782402988217437, 3.563927157794397, 3.277980838245914, 2.990581209428935, 2.513594385167747, 2.06623971111311, 1.6221095644974617, 0.8969035219706382, 1.0349199789309844, 0.5478596306079339, 0.35082295532020685, -1.0308283530172477, -0.3174044254148898, 1.0145115367302813, 1.0532832209513523, -1.7275605657845114, -2.6497771617155945, -2.0878105051273725, -0.3456750362884646, 0.7690853034932248, 1.2444850586905927, -1.103448540695393, -0.35705294727306935, -1.100862001611777, -0.2103975716615468, -0.7961044680739091, 0.8586207249222471, 0.9137820296025416, -0.425448367508659, -2.059848104061793, -0.7128751459359459, -0.6671802339061949, -0.9901613468350068, 0.28035292088445973, 0.20722321621120607, -0.4663380664751989, -4.82328112326274e-2, 1.048275861261159, -2.135660275291517, 1.7352903476871198, 0.8084377845618841, 0.9877417933506375, -1.8273144345957333, -9.534538557601094e-2, -0.608785846922829, 1.5264083259746166, 1.181625011551029, 0.793012460631545, -1.296283924630047, -1.0826342030603258, -0.7362717216548111, 0.13066449571730235, 0.5637110608067111, -0.5063232818288931, -2.3596210050429343, -0.7749079518520854, -1.8614917274715441, 5.416865015022819e-2, 0.43438013974420503, 1.0019065267616534, 0.5356420007425285, -0.44128745089988336, -1.238761727642633, -1.49434139931701, 0.16315984180613582, 0.8183917012889558, 1.2132712523778253, 3.699186893497547e-2, 0.2272079821936174, -1.8365495386644364, -0.7083731703275243, 0.3738620505913074, 1.1888728932748354, 0.3008467579721144, 0.8180604109142169, -1.59328923719614, 0.359661262428879, 0.8227211010079741, 0.8970912537263596, 0.27428012682185515, 0.258162314935387, 1.583977022063377, -9.116866333161343e-2, 0.5976105074190796, 0.12943289067209665, -0.2570082732701415, 0.2484742058680756, -0.6067731565010044, 0.7631762077347314, -0.2045592019387927, 0.6997220800645965, 0.8698386274273665, 1.1858538857512697, -1.2772381022442452, -0.24412367722849548, -1.614301547491385, 0.47577062542056975, 0.7559951949014867, 1.5434173654278638, -0.2837272202383663, -0.20365196503446714, -1.2829998298711731, 0.9414325788405238, -0.21360276359282312, 0.39265075601464305, 0.5655901272048675, -0.3371671981356529, -0.3459140699206139, -1.0698863089326203, -0.5439727123201937, 0.38895998348537775, 0.742641219560536, 8.388793119140942e-3, 1.018815114668993, -0.6475929979426891, -0.36213334847030026, 0.26336811486398176, 0.966346759645824, 0.7869589420246761, 0.4981882417187402, -8.286693153685331e-3, 1.0840799286343652, -0.3758145509444082, 1.0815143228309942, 0.7446036385392503, 1.0118139979290734, 0.9116336763621149, -0.6954542589144953, -0.9289291545721129, 0.8292433806479318, 0.45968033231542893, 0.4507419480871564, -0.4607188399197089, -0.5812168878544793, -1.91731603328486, 1.277321486086261, 0.16213620752746613, 1.3199458459247235, -7.371576013247738e-2, -3.8475506336264946e-2, -0.21728001557894763, -2.1367106355751617, -1.682804940870402, 0.8429223033066768, 1.0814921648350058, -0.5014852840204503, 1.493008397249445, -0.17552232244789082, -0.2943973022653591, 0.16211136865769876, 1.3036435385668586)
