seed <- 884
log.wt <- -13.117342524170429
penalty <- 2.8115950178536287e-8
intervals.send <- c()
intervals.recv <- c(56, 112, 225, 450, 900, 1800, 3600, 7200, 14400, 28800, 57600, 115200, 230400, 460800, 921600, 1843200, 3686400, 7372800, 14745600, 29491200, 58982400)
dev.null <- 358759.0022669336
df.null <- 35567
dev.resid <- 226390.8392762419
df.resid <- 35402
df <- 165
coefs <- c(6.483275364996705, 5.833154587078784, 5.66960341843526, 5.319484920333837, 5.053888095303368, 4.874433536937303, 4.756988518215053, 4.676526638102635, 4.447756187530074, 4.200160558213322, 4.28965363098934, 4.158984556196488, 3.9887984035643123, 3.9653236584073177, 3.7365452291697805, 3.5142224553616925, 3.251727854731821, 2.9474727644226824, 2.482632193048005, 2.0455766665836483, 1.6364982956457585, 0.9203612233594942, 0.9602599673020286, 0.30483160607658766, 0.45950049184751385, -1.175490233753959, -0.19814913457227915, 0.8432783997060351, 1.0227927282291474, -1.033007330254433, -2.3010740502079283, -1.8855326747318637, -0.6147974779938464, 0.777533846904678, 1.1826695648002936, -1.0887973709982663, -0.22280215190417152, -1.3074023101997423, 0.22996510768211723, 6.308882414813982e-2, 0.9690362124087273, 0.9057669516849977, -0.6061461593833269, -1.4135580634473135, -0.9945827403110523, -0.8473060647546236, -8.686031845564432e-2, -0.3059294915823836, 0.7542855851283465, -0.6790449665071137, -0.12797470863362462, 0.8990154911290443, -2.9587594762170664, 1.7242672533682553, 0.7889196361773902, 0.8988835933057444, -2.082906586728729, -0.39192252779445674, -0.5595974651765622, 1.3318121843796837, 0.833041301475315, 0.7922180119691206, -1.8064350623741976, -1.1269980561917297, -0.24025845246150765, 0.12811641820126884, 0.5449929582759847, -0.4903323739969852, -1.2469975712195989, -0.4751400705336651, -1.8888101038273182, -0.3873866371320776, 0.37220203914738803, 1.1481640756199463, 0.658051627377796, -0.936785819744729, -1.3077274975211437, -1.03786861211673, -7.472529455832312e-2, 0.5792123027012855, 1.2004641560705192, 0.13429281414598265, 3.1249629027409218e-2, -1.562014671785338, -0.98879218298198, 0.5958590959708419, 1.2881310611533532, 9.762729095973463e-2, 0.9645198150497966, -1.7560064803495672, 0.4629500804748261, 0.5791198753136014, 0.8145242904265404, 0.34798698022411245, -0.3960435189473702, 1.4220043546315237, 0.3189783765083218, -0.3896556562865804, -1.3813773873735335e-2, -0.13217001887407856, 0.4396658945812165, -1.0746238505163717, 0.6863378485947492, 0.1392790490359361, 0.7637724004366588, 0.8842374370779932, 1.113059459786319, -0.6274046112203405, -0.9180336227761305, -0.7401873657466678, 0.31832581873019666, 0.5877580735380263, 1.5776581368721212, -0.7474489175012928, -0.25867710657265797, -1.3581464726135901, 0.8008196792295413, -0.33174012689587223, 0.49305684139727146, 0.7550784591036852, -0.6077879994507676, -0.48727713719042, -1.0534959313701573, -0.3590620510048133, 0.32167936127635804, 0.8325592049364187, -3.281906789508436e-2, 0.9083209435342475, -0.3794152755469667, -0.31980712600700095, 0.4085202714400909, 0.9043769095030533, 0.7722639823057659, 0.5825742839549872, 2.9568808126200552e-2, 1.04259280563918, -0.4164408769528898, 1.0174531209027253, 0.7284255664010396, 0.9056246133447733, 0.8410798424979701, -0.7196361711312272, -1.0709716690741702, 0.6670777961982376, 7.120806721681608e-2, 0.6649562002124577, -0.4354061310593759, -0.4365407713867257, -1.879072345980295, 1.2584109317666674, 0.11537383283167295, 1.1290847045728472, -0.31695413654013194, 2.113978540447592e-2, -0.1865326582723505, -1.413648527174429, -0.8440638865164393, 0.9952860019570916, 1.1112323188137259, -0.5418041679180639, 1.5069065007154003, -0.21761869012195248, -5.355824413839822e-2, 8.04450298126489e-3, 1.214993419679003)
