seed <- 1074
log.wt <- 0.0
penalty <- 2.8115950178536287e-8
intervals.send <- c()
intervals.recv <- c(56, 112, 225, 450, 900, 1800, 3600, 7200, 14400, 28800, 57600, 115200, 230400, 460800, 921600, 1843200, 3686400, 7372800, 14745600, 29491200, 58982400)
dev.null <- 358759.0022669336
df.null <- 35567
dev.resid <- 226333.51725048202
df.resid <- 35402
df <- 165
coefs <- c(6.836682036619508, 6.067162477522342, 5.777099009714389, 5.361268026068043, 5.002645945983473, 4.823900412046621, 4.805982894859796, 4.604536241710351, 4.3358276763594805, 4.288520830144444, 4.250242270929476, 4.1735479680760115, 3.959909156269889, 3.963272222327126, 3.76630707504333, 3.5449143059935664, 3.24540319503596, 2.912751479735691, 2.4878516834807005, 2.057747772860197, 1.6146850977331344, 0.8799345795166827, 0.9436814510429609, 0.5850978309196808, 0.19425710485476724, -0.7958785056421945, -0.43163789215747206, 1.0743740658003196, 0.9722384413149401, -1.6589999641728572, -2.3090739868251404, -2.2975609409703543, -0.2950415061902821, 0.7497852363140188, 1.2600388300737815, -0.8657162001795294, 0.38060297393293835, -1.287754762545704, 5.99958781478575e-2, -0.5388843923371086, 0.9662756740830438, 1.0036906992973769, -0.7725570301313878, -1.8708216546470942, -0.91027360936066, -0.7063164165258243, -0.448810266772764, 0.45021844165535724, -0.15104332515269064, -0.3867382345080302, -0.37394857847926977, 1.045207024336549, -3.0077547957507718, 1.8522204178667376, 0.7978246418231911, 1.25140894489369, -2.114729508405423, -0.18159776579962902, -0.32329530351490365, 1.2380882620677145, 1.2490835716735456, 0.8598585461135236, -1.5592476034529448, -0.8242268566899196, -0.50867265017385, 9.244808372524545e-2, 0.48979487262809135, -0.5898294302928462, -1.7787218411532748, -0.6514485456798552, -1.9351668093355228, -0.1829353734216695, 0.18600778562473821, 0.9770966845690193, 0.8063816569204082, -1.459651789747978, -1.0903720998875248, -0.967778684498051, 1.4954322730205518e-2, 0.7257345855924251, 1.2066242974147288, 4.1250986256819264e-2, 0.23361424168889197, -1.3805178913935117, -0.40127450717807017, 0.3907991550919512, 1.2748499863221183, 0.573723338208875, 0.7932568163796574, -2.586381420966027, 0.45415341992043556, 0.8531566352609957, 0.8815248519329374, 0.4433684784718664, -0.5313952187971017, 1.3029594068645862, -0.43316586863192785, 0.32235122726141363, -0.23755169462346745, -0.42245100505449035, 0.41602415272302284, -0.40511321654734783, 0.8591841205824139, 7.855893802861018e-2, 0.6964752609480633, 0.8490875982421947, 1.0416901822528715, -1.285172477241052, -0.7288628581921994, -1.1908702955709443, 0.3253559386718543, 0.6212262701944474, 1.5858121724815994, -0.5125113984145343, -0.2568778710883995, -1.5603883121429232, 0.8648834744378467, -0.31956283304628197, 0.5918304775760439, 0.674599419798324, -0.3984154215980347, -0.679423647038866, -1.0909897226681027, -0.4877568685859889, 0.3233573406791886, 0.9199423126688684, 1.0586266555265731e-2, 1.049192390606488, -0.43246995420182377, -0.33307611225923234, 0.3029020913496421, 0.9676494889010703, 0.6959584271096374, 0.3298422308377952, 5.146381464483895e-2, 1.1723245158687052, -0.41584930423716077, 1.1561554234810507, 0.7053002650639955, 0.9642870503150638, 0.8854899983412504, -0.6687991568180384, -0.9658850157809271, 0.6488850947435726, 0.10074277486463479, 0.5485077100424286, -7.527384598825726e-2, -0.4226418317746146, -1.5977725694187954, 1.3991400134179124, 0.18765752850193254, 1.2953054547077079, -0.19865343943040156, -0.10262604867257927, -0.1692046597828894, -2.1531560027145633, -0.6938906573073486, 0.9122098913895792, 1.2506020626624434, -0.3312424702187687, 1.5634568218062703, -0.2928122658584494, -0.18094654976062033, 0.10095633864822866, 1.1948919756669705)
