seed <- 654
log.wt <- 0.0
penalty <- 2.8115950178536287e-8
intervals.send <- c()
intervals.recv <- c(56, 112, 225, 450, 900, 1800, 3600, 7200, 14400, 28800, 57600, 115200, 230400, 460800, 921600, 1843200, 3686400, 7372800, 14745600, 29491200, 58982400)
dev.null <- 358759.0022669336
df.null <- 35567
dev.resid <- 225803.90656713315
df.resid <- 35402
df <- 165
coefs <- c(6.795169992564497, 6.049179282781242, 5.6452553152262475, 5.175834078278867, 5.100761397364941, 4.931870599429612, 4.678654015919283, 4.652237929762784, 4.385120255943835, 4.236342899474628, 4.275913525661027, 4.114862034157833, 4.0073884786421345, 3.935738555909065, 3.7236001814331536, 3.5422722924796943, 3.2332950601582118, 2.9312354614555365, 2.5092549007177793, 2.0474492783272753, 1.5280866440445078, 0.9303384321932545, 0.972177084135543, 0.27252082456013293, 0.50338007252807, -0.7364894737594416, -0.2174593292433708, 1.0314882433858095, 1.1857900246518138, -1.32493861640312, -2.460695730143974, -2.396069672364894, -0.8150598085631833, 0.8804751721911072, 1.2280697317310278, -1.17846806998951, -1.0377606955801677, -0.8081286822137937, 6.989621266698277e-2, -0.5877661919682267, 1.0494861429581297, 0.9046877659804774, -0.6627382970965675, -1.7733990648819526, -0.6176260887675807, -0.6228081999505737, -0.45448140439107354, 2.447931441053727e-2, 0.14781966255645293, -1.0441140371112254, -0.20013964673733112, 0.9521862035226214, -2.6875754076572806, 1.7679873552545202, 0.7203096610477056, 0.959904382482102, -2.057638103590745, -0.18750486978655934, -0.6895953304536566, 1.1391429508935278, 1.4663774994333743, 0.707703845870827, -1.6048158918970759, -1.3097240824111565, -0.4803976887703164, 0.20669052778766775, 0.5526036911483564, -0.3908589658578014, -1.9121383614089262, -0.6993373271731154, -1.9443021399104605, 0.299254778537994, 0.6388755836775779, 1.006052180442417, 0.5077775701940873, -0.8456031388131066, -1.5973216358990792, -1.1895322465148586, -1.3913802453792222e-2, 0.6379693118727644, 1.1719963798396649, 7.494657954549362e-2, 0.2026576359298234, -2.1325508078217386, -0.46332282544162917, 0.31872452166794324, 1.2476324540836508, 0.38840894274737414, 0.9489600333918737, -2.142147422124896, 0.524611390241879, 0.7641862014575344, 0.9568397834990733, 0.3398856834767473, 0.19279950772924095, 1.0770620626590544, -0.6159855693950059, 0.31329460203139575, -0.2094662129038361, -5.5466980549322115e-2, 0.523449503984768, -2.3247577852988748e-2, 0.8040530672197992, 4.7571279342228726e-2, 0.9985833907956144, 0.8571585586698046, 1.069777306430431, -0.21121272248347966, -0.8301381317240175, -1.0421276056668733, 0.41659739206429963, 0.7000884201488005, 1.649851818834792, -0.7780800692689164, -8.68235032403879e-2, -0.9294122829819683, 0.9137232743067171, -0.37688593782715224, 0.49083567909017445, 0.5631826386507521, -5.1176921700941756e-2, -0.42682395980568266, -1.0835951488615212, -0.5442754589333694, 0.3864243737415192, 0.720653195126425, -9.890791482109086e-2, 0.9234830250508093, -0.7588072904223218, -0.40654438549955696, 0.3141818978722539, 0.8331997411053327, 0.8212002598130768, 0.325240592427106, 0.13970376244354527, 1.079473978312086, -0.48432059017519813, 1.0238000365115612, 0.7311818327236398, 0.9347936611920608, 0.901237929622887, -0.623078628402088, -1.1010777344937601, 0.6314156766664043, 0.5418711133747294, 0.5469769911011733, -0.24047043985410455, -0.3508280481093463, -2.1139216358504767, 1.1882833637301302, 0.15402571610014718, 1.1861550977486153, -0.12102219186334008, -0.16664507743746174, -0.28104223366952163, -1.3180263871889757, -1.1211400475415327, 0.8396910250161631, 1.1743392780446018, -0.45798188733218576, 1.6195750607893455, -0.35415631222604177, -0.1637061107256986, 3.5677026940382404e-2, 1.3399110865521409)
