seed <- 885
log.wt <- 0.0
penalty <- 2.8115950178536287e-8
intervals.send <- c()
intervals.recv <- c(56, 112, 225, 450, 900, 1800, 3600, 7200, 14400, 28800, 57600, 115200, 230400, 460800, 921600, 1843200, 3686400, 7372800, 14745600, 29491200, 58982400)
dev.null <- 358759.0022669336
df.null <- 35567
dev.resid <- 225840.1737611221
df.resid <- 35402
df <- 165
coefs <- c(6.441235337028601, 5.726653262761035, 5.706937217812681, 5.353561137655353, 5.062965951073244, 4.874901161169997, 4.825170140376126, 4.608575286362959, 4.297283865560179, 4.261984374545502, 4.33766593215345, 4.149331939932, 3.989267003488502, 3.9432081538854757, 3.756155445253284, 3.5554183666086274, 3.2480984190990263, 2.953127910901622, 2.5089057838288293, 2.0526057699602647, 1.580585109753419, 0.9257041482707615, 1.0458903214275117, 0.7041661662045237, 0.5255846777878886, -0.9900031611216842, -0.3324703173701364, 1.0993049011966889, 1.0196311037177535, -1.482043495417652, -2.3020207148493768, -2.3081483562303267, -0.346840404524932, 0.7853566755921714, 1.3285421257733847, -0.8745178420829567, -0.4300961363834292, -0.9533131085962117, -0.17303392258540973, -1.436690352845274, 0.894012854128092, 0.8625528185661334, -1.2322244281314179, -2.829491772292765, -1.0502419744653968, -0.8029703199265458, -0.1609291171329142, 0.4145966708782942, 0.34566042433279576, -1.0198279184979313, 0.4705865050886068, 0.9009457991738431, -2.2116266792828343, 1.8573557209936622, 0.8492297774530101, 1.3010568152655708, -2.3592760129382433, -0.16530352625118191, -0.4118395656618683, 1.1921285582048762, 1.2919600693283528, 0.8501757118187991, -2.1850832276687884, -1.7255341923427219, -0.5779565988655598, 0.2823796225728607, 0.6948438460356109, -0.5066572473925464, -1.248554333209335, -0.5783115425721621, -2.2553502791365263, -0.43670917681394383, 0.3795502815887596, 0.9402683896961471, 0.5783621341622035, -0.38647574220917236, -1.5067123858056355, -1.395110679280656, 0.14007065151765563, 0.8591351638810697, 1.1699596527878846, 1.039906144879895e-2, 0.16815304447206644, -1.9532194982871818, 7.740744115123734e-2, 0.26816199796194184, 1.2871298453582196, 0.2346575260725865, 0.7659582930027654, -3.067026300225971, 0.5154069878448739, 0.799588399182592, 0.8705506168410498, 0.40906086043336665, -1.67321852967833e-2, 1.4240509585222212, -1.1440615921500419, 0.5195166598794061, -0.41341268623065863, 5.9422719069404155e-2, 0.3891100530869944, -8.237106483832546e-2, 0.8334704615126951, -4.656817306711174e-2, 0.7308016466934211, 0.8405215348371295, 1.1440563611180696, -1.3154638280006006, -0.4392293461062394, -0.979746848267165, 0.5090220346630879, 0.7309382186995854, 1.5887014778186044, -0.35978372604358816, -0.24344173462539453, -1.1331994589634242, 0.8312433142612303, -0.37298652021682627, 0.5567610930926321, 0.8885720590384016, -0.3293498903692939, -0.4065807697940849, -0.9633752131361454, -0.23793383774589294, 0.32278003494256835, 1.0488653400485104, 1.8777224281700953e-2, 1.2171880857894406, -0.44616672233830107, -0.3503974013750319, 0.2315483977959944, 1.1336808327706607, 0.7493188981220014, 0.3679829900533634, 0.1441790335241605, 1.2505370739164334, -0.3925250337929676, 1.1439275190831273, 0.7603052718765027, 1.1235337890828154, 0.7655833257894674, -0.6119682057617609, -1.454667898426438, 0.8397613880856233, 0.34895697439516793, 0.538771920936851, -9.777494568326175e-2, -0.1990751989038963, -1.8352824483094, 1.4072873596498305, 4.897513338832844e-2, 1.3026966815047059, -0.1074234487729912, -8.910476447890137e-2, -0.1754322980251906, -2.0170462885199294, -1.3757018016972036, 0.864594135930497, 1.1758707598779492, -0.2900969140815906, 1.543909329359851, -0.21603311510794518, -8.339247630413388e-2, 0.22086607324021185, 1.1903643398761599)
