seed <- 134
log.wt <- 0.0
penalty <- 2.8115950178536287e-8
intervals.send <- c()
intervals.recv <- c(56, 112, 225, 450, 900, 1800, 3600, 7200, 14400, 28800, 57600, 115200, 230400, 460800, 921600, 1843200, 3686400, 7372800, 14745600, 29491200, 58982400)
dev.null <- 358759.0022669336
df.null <- 35567
dev.resid <- 226039.07235254793
df.resid <- 35402
df <- 165
coefs <- c(6.650310460286749, 5.854287608841971, 5.807528578751592, 5.328035728001597, 4.925666730611542, 4.77329360147527, 4.811418622544971, 4.671828342330432, 4.413549737038058, 4.294276140185179, 4.300372039516947, 4.211337340634917, 4.006841908950881, 3.966829818775876, 3.76889422328852, 3.5164210984561177, 3.246392254810182, 2.963663168914539, 2.4820068730665956, 2.0953247680030174, 1.6039281519163657, 0.8713554194987957, 1.0712273777365735, 0.5449144702179536, -0.11547988156770583, -1.101736055432541, -0.1889005739806734, 1.0142761859766143, 1.0308235133726786, -1.3495688392083893, -2.5426306929182614, -2.185074669901068, -0.5663756218362308, 0.6951505386721514, 1.344321071459201, -1.1010364685084633, -0.2511737038372675, -1.1976182535086954, 0.14826172163907064, -0.9779681919648137, 0.9308095284161064, 0.8421738158216541, -0.6541682917851152, -1.7308620219784965, -1.0449114703601126, -0.5421477962558907, -0.9226831640765141, 0.2940020996170175, 0.5639747783476035, -0.7900775867815427, -8.611025893444185e-2, 1.076416382313657, -2.631809497622385, 1.5965516674435993, 0.7632698889592625, 1.1337077578605579, -1.434360151976091, -7.98097271947982e-2, -0.7583395484238391, 0.8460514584968734, 0.6255918335902879, 0.8977882982005351, -1.6153576489511752, -0.3253450268587049, -0.438933913978818, 0.31627855417011486, 0.8260954641146772, -0.47231952221112866, -1.2610941354808463, -0.8060429951440189, -1.7896054205444145, -0.14698402824655687, 0.7102679483470226, 0.9904379367293791, 0.5956620020037233, -1.1964132358933113, -1.4359110417378913, -1.345203236685694, 9.868998980635969e-3, 0.6504473383573938, 1.1830959153367615, 0.11088028172917298, 0.3467270370728623, -1.2152147621014597, -0.3968779063495998, 0.2777087411179702, 1.1497437272820845, 0.12029268175587923, 0.8850515410843793, -1.801086871676339, 0.45974524633805364, 0.782338654930651, 0.7794550177536175, 0.23022449573139547, -0.29406419502618075, 1.2844496636523088, -0.5477401155108541, 0.36898732158105346, 0.14425822656212903, -0.369267734012178, 0.5093236317557807, -0.12217303789760726, 0.8617821172219854, -0.2713880904873378, 0.4595111066774266, 0.8206442619600531, 1.1924917991837227, -0.5227890255971401, -0.13623320495560806, -1.0724544316887943, 0.3253186629591462, 0.4990064650070312, 1.5695539090444257, -0.5589672137479026, -0.309788308152508, -0.6329421033926814, 0.787430326944039, -0.326346853689106, 0.4059247410883599, 0.4573914556427873, -0.27476884462351137, -0.3118838134687315, -1.151123452436716, -0.2837781479040103, 0.229543466986651, 0.7938581882962873, 2.9041149770301453e-2, 0.925508334243947, -0.6379105492915289, -0.41052141996505653, 0.40379751660678437, 0.7247150445665083, 0.9730318372165501, 0.524003602136374, -9.7218507086644e-2, 1.0670623122187575, -0.3749097577808741, 0.9806144533583585, 0.7663645232453505, 0.811557099110351, 0.7453505073733935, -0.563583539064773, -1.0935916366120277, 0.4978874838314432, 0.3660636884777943, 0.5210852259412916, -0.29351483749063884, -0.4275789475316422, -1.8115304739337874, 1.1627084301290391, 0.13770260966306902, 1.1404652816978196, -0.14671267386817008, 1.9733372222232096e-4, 9.379442153548914e-2, -1.66338739157129, -1.5166564291347253, 0.8937590151737095, 1.0689809384340523, -0.19670274310729477, 1.5379890943935903, -0.5151859100032937, -0.3472827054374144, -0.1514380582299982, 1.1365217287276965)
