seed <- 762
log.wt <- -15.776710622273502
penalty <- 2.8115950178536287e-8
intervals.send <- c()
intervals.recv <- c(56, 112, 225, 450, 900, 1800, 3600, 7200, 14400, 28800, 57600, 115200, 230400, 460800, 921600, 1843200, 3686400, 7372800, 14745600, 29491200, 58982400)
dev.null <- 358759.0022669336
df.null <- 35567
dev.resid <- 227704.4388880761
df.resid <- 35402
df <- 165
coefs <- c(6.606917456837419, 5.578364632440119, 5.732538442300105, 5.230863872218896, 5.026567625127628, 4.878880476714865, 4.775547288033367, 4.602264703696103, 4.373647180596235, 4.235154316059816, 4.315456843315739, 4.14344725101351, 3.9842254835984705, 3.92757894646248, 3.69098799709323, 3.495697695453873, 3.2083702618593426, 2.9134135128668346, 2.478940543934239, 2.03341967457382, 1.4952761342819005, 0.8718182801795711, 1.0048119686961556, 0.3628124244371169, 0.5779834402763232, -1.2589151785126702, -8.157381947483087e-2, 1.076610365611893, 1.1060069990814547, -0.9003858698418092, -2.3849598928647353, -2.7832645399291334, -0.572011667332028, 0.6897099246105662, 1.2112508035142404, -1.4764426051408488, -0.17012631845038845, -0.7123349603114805, -0.23891428391985586, -1.2810238792498387, 0.9242472631250379, 0.8873817837972515, -0.7920360766312893, -2.157007395011798, -0.4808450843693643, -0.6068630857530631, -0.2373220207156963, 1.474399801041702e-2, 0.2794409655652257, -0.8838449973952263, 0.17239930349734794, 0.9828583443542752, -2.820971922407378, 1.6943216343359744, 0.7065375558695557, 1.1200394553534714, -2.260994103831602, -0.21223234011960693, -0.18337418886311949, 1.0397862801353814, 1.042498953520688, 0.6988909649412837, -1.6545165193183384, -0.8438214730067495, -0.3760982034611046, 0.4420785985856718, 0.6521860132634499, -0.12168059177949381, -1.7043970654591447, -0.6590462418442138, -1.9594006735765777, -0.47942961524071215, 0.4423852217162946, 0.9748998501370315, 0.7327742263307557, -0.8448997588685947, -1.3128335692994944, -1.4471721042255332, 0.12171185356387738, 0.7487445900883146, 1.0587472540959928, -4.757876552053735e-2, 0.3353667633107309, -1.2471488899338112, -0.7453960685071632, 0.6194350750516399, 1.2244289474975254, 0.2705691851636489, 0.7719230656572148, -2.970582001226363, 0.5069585110481566, 0.9510867592934812, 0.801963849169434, 0.3939596198684055, -0.40345211907872663, 1.1699840487671131, -0.112957575628031, 0.5729313711901244, -0.31521993335242887, -0.5421172380791802, 0.3948466022213072, -5.0248846897916366e-2, 0.8071589486376092, 0.29561841951547496, 0.957624537869436, 0.8340736129073779, 1.0732271569575642, -0.19895167668248132, -0.46839844949597037, -0.9190369346564891, 0.3065624819830232, 0.6290837434299357, 1.598722286839321, -0.506444590893048, -0.12341486397118734, -1.5703241506183885, 0.8196924762512274, -0.25784376870710723, 0.34401753124192397, 0.5693027540581712, -0.8500279155085743, -0.5846606930136418, -1.0660555278291846, 9.852063112774329e-2, 0.4246332890344552, 0.9978311695522, -0.1416709690048521, 1.034296524115655, -0.28602376789604855, -0.374988934650974, 0.1940984186818807, 0.7937317830175415, 0.888126548753367, 0.21688914592165529, -7.010759072361478e-3, 1.196805595013443, -0.44768280243007, 0.9987348041416453, 0.7065647607770714, 0.9988097839758979, 0.698414263750562, -0.6462783766757048, -1.1794497407826388, 0.5815129576244192, 0.16752448180044402, 0.48225904535735953, -0.25572257828854056, -0.5777604095186449, -1.811218193968073, 1.2400048328311981, 0.155953223797762, 1.300252075185263, -0.16475684103396845, 1.5270075705058546e-2, -0.19977389938571186, -1.1299014590523606, -1.0510532840422353, 0.7934873112904103, 1.1828484619468755, -0.16482510597793368, 1.548425185607075, -0.3855194101594987, -0.21498906448534358, 0.18342906981118626, 1.1325861487854694)
