seed <- 440
log.wt <- 0.0
penalty <- 2.8115950178536287e-8
intervals.send <- c()
intervals.recv <- c(56, 112, 225, 450, 900, 1800, 3600, 7200, 14400, 28800, 57600, 115200, 230400, 460800, 921600, 1843200, 3686400, 7372800, 14745600, 29491200, 58982400)
dev.null <- 358759.0022669336
df.null <- 35567
dev.resid <- 226749.93440813813
df.resid <- 35402
df <- 165
coefs <- c(6.340929902271489, 5.9447416217444395, 5.555467149967104, 5.263084569127041, 5.061315907743914, 4.88944620576515, 4.706245264000011, 4.593262701658069, 4.35090273643929, 4.229573826979144, 4.2867917794122805, 4.156821649295933, 4.009805241662397, 3.962997343046897, 3.7728905999470737, 3.5145270213577167, 3.235620762760268, 2.946843298317247, 2.4571526844443983, 2.07067140163127, 1.5887440231758168, 0.9102972092046342, 0.9137889903461555, 0.586766288884728, 0.2437590076405979, -1.057925705891506, -0.2343508085946527, 0.8167617561594293, 0.9926437572243185, -1.2273553934269767, -2.352545188706495, -1.9440935587447163, -0.18020982959273843, 0.7771381126856743, 1.1643294155241803, -1.3598574348663155, 0.19804515908298773, -1.4832234345299573, -0.11753752069748344, -0.6662017283502639, 0.8595308327980067, 0.952767669324988, -0.993636645771503, -2.0074914951274963, -1.543669804894786, -0.7825250324072827, -9.370626138175123e-2, 0.21885022470881593, 0.2082883821337245, -0.9541062380770822, -0.4115509173238216, 0.9286138351598203, -2.1666283976532164, 1.6157417214704262, 0.7999889886740356, 1.0214553791833403, -2.3161217996492924, -8.283170782866889e-2, -0.3952693633808417, 1.3198500363294408, 1.3847615917111362, 0.6576048131531854, -1.3982723138581399, -0.9509946026223014, -0.5706802151703899, -6.282799263015772e-2, 0.764407204942679, -0.378266984223527, -1.0925014629847398, -0.5990437554137938, -1.8365506557489304, -0.7960263049744183, 0.3188126233115604, 0.9242489594980113, 0.7095947446527311, -0.6865738892013622, -1.3671340756730195, -1.4674359859431338, 6.357423270687017e-2, 0.6473083617932118, 1.3000681070562419, 0.12018463030462488, 2.8232241710173436e-2, -1.8059116354378848, -0.704393844212603, 0.42472400147887296, 1.1999228066040923, 0.38813200977993484, 0.8294114896557416, -2.106414366036626, 0.4314094189713663, 0.6142638917011144, 0.9351153413736746, 0.3726397834577838, 0.11213861940968049, 1.2600793072636796, -0.6220001462001468, 0.7490011772108368, -4.66582458649218e-2, -0.25692805260581486, 0.4650573751044859, 0.10055840214122586, 0.7490693493749603, 0.15635775483873898, 0.7073035204566587, 0.8230753255049746, 1.0205951991564521, 2.5085299871338812e-2, -0.45167897733842444, -0.5986760816034317, 0.3655644349442557, 0.6653479690896162, 1.5076833839607924, -0.41581999468824316, -9.77480047981929e-2, -0.7204055180037469, 0.8402191689038564, -0.3438721635373308, 0.4163357886117481, 0.5964617727811551, -0.4959917053644199, -0.42377586698310177, -1.067689947019059, -0.29741556430039323, 0.29957019759500697, 0.676974925379646, -0.10154495007316842, 0.7986895644559081, -0.42224610375614313, -0.4244006169096519, 0.152991322323299, 0.8836474931696853, 0.8625862628060704, 0.47370909781340165, -8.649005571419904e-2, 0.9437255800859732, -0.4572760010065122, 1.0306061992478028, 0.7273093130604004, 0.8546212707346033, 0.6794256138076625, -0.7050324726571491, -1.3952422066038406, 0.7264767821377955, 0.37610493122267175, 0.47481570487486846, -0.14586160416299992, -0.455514897517065, -1.852630430222191, 1.2687266708967426, 0.10225263408552429, 1.0778102473484024, -0.12771083258327579, -6.562931240374478e-2, -8.764308996630525e-2, -1.6554218298680154, -1.3182932847931474, 0.813603573055898, 1.2333294270342159, -0.4289524156775707, 1.4604520833870194, -0.3655218557356875, -9.253635246647729e-2, -0.12024891395584819, 1.220328081862758)
