seed <- 962
log.wt <- -16.466994515209873
penalty <- 2.8115950178536287e-8
intervals.send <- c()
intervals.recv <- c(56, 112, 225, 450, 900, 1800, 3600, 7200, 14400, 28800, 57600, 115200, 230400, 460800, 921600, 1843200, 3686400, 7372800, 14745600, 29491200, 58982400)
dev.null <- 358759.0022669336
df.null <- 35567
dev.resid <- 226279.549320506
df.resid <- 35402
df <- 165
coefs <- c(6.836063247854137, 5.828073373139083, 5.74809523575819, 5.339421717964389, 5.027751510997555, 4.727353958052445, 4.70503759207942, 4.556830913589137, 4.372551121782697, 4.2560861575778794, 4.330364877914245, 4.207898735890085, 3.986802465595429, 3.953328478351891, 3.7599058853788914, 3.529798909605387, 3.229575953915205, 2.9066541626618867, 2.471040124129143, 2.0523171965818965, 1.5073756130841844, 0.8804223213268683, 0.9415010557467204, 0.10310939337239156, 0.33379350314238915, -1.2438318219024271, -0.48667672746061297, 0.9767077729116301, 1.0463352759358795, -1.464869188636143, -2.7485604961987002, -2.1249646246413905, -0.6213623977117768, 0.7837522881662965, 1.1976851594616373, -0.8593352005799085, -0.7386797514424095, -0.4229321068724392, -0.11888403096198094, -1.0388660705708166, 0.9244543044149172, 0.8842303019064066, -0.6063308864868489, -1.491221354576964, -0.615901402874345, -0.6592528990489831, -0.2043403036958701, 0.16841287152720047, 0.556022061543136, -0.8289520017325369, -0.2173827796607758, 1.0158567402040557, -2.2508291340972173, 1.6535967194341463, 0.8265623990964187, 0.9469608499072418, -2.0678948864576983, 1.2776082296868161e-2, -0.10003437648477775, 1.1153260845101516, 1.5667744314037808, 0.7209364172678357, -1.2887333970997763, -0.5499041996218214, -0.6576708337948151, 0.47444972921290685, 0.719055753497184, -0.4135505072622802, -1.2947299649803237, -0.6526362189000429, -1.8794819326035634, -0.4798605392877994, 0.5403291024821302, 0.982864262356912, 0.7508976609084608, -0.8065193038698665, -1.6759807904147472, -1.1726416990972393, -2.0058353428703997e-3, 0.6943437139521291, 1.1687738175717928, 0.11421094797548974, -0.3194176950598526, -1.5449548252583474, -0.8493531430374217, 0.3623961242582557, 1.3602558202301664, 0.3286151523147942, 0.8477452204427651, -2.1837634530383525, 0.503142991844185, 0.6158184144333986, 0.7608107835034563, 0.38660287257950765, -0.49445249755947285, 1.0914112482196048, -0.8303556714362144, 1.895289435898406e-2, 0.19410699337166745, 2.8401701620889938e-2, 0.44827965995462393, -0.46805910662621536, 0.7662074723084215, -0.21310170479269933, 0.6778179541643141, 0.7953536425972173, 1.1332937761468687, -6.126549705005124e-2, -0.91865663006326, -0.7512607649774034, 0.5219212051509716, 0.4061469750660575, 1.5557871606196927, -0.6530960271165742, -0.32434693215859184, -1.1137685868952691, 0.8077101775301513, -0.35163957241466826, 0.6322430252969998, 0.6664455006409837, 0.25372643732185374, -0.5467685944718931, -1.887879192634916, -0.3760316687057155, 0.3404013169673867, 0.8512161364006984, 4.809022183200573e-2, 1.0039497878101136, -0.5111752730124642, -0.42792804670908313, 0.27511564957267093, 0.8387755567048525, 0.9570220451403051, 0.32541821283269423, 0.14323018893314676, 0.9861036064011873, -0.3884356904094907, 1.060291408288495, 0.7107043726096454, 0.9865635178495555, 0.720356516245777, -0.7425095846802875, -1.1342342051819183, 0.6060847210310001, 0.5146514670756882, 0.6306659668179515, -0.23273072600875508, -0.5254491482116399, -1.7170013695286295, 1.318329010023573, 0.19860992723244544, 1.1955931317716266, -0.16564014666271296, -0.13915183318963856, -4.787765563946946e-2, -1.6441493138300882, -1.3852738521299892, 0.7525114120640464, 1.261874985232383, -0.4450615575387484, 1.5269148799094368, -0.2996838307518891, -9.112898823332734e-2, -8.662263755547667e-2, 1.141234822683766)
