seed <- 132
log.wt <- 0.0
penalty <- 2.8115950178536287e-8
intervals.send <- c()
intervals.recv <- c(56, 112, 225, 450, 900, 1800, 3600, 7200, 14400, 28800, 57600, 115200, 230400, 460800, 921600, 1843200, 3686400, 7372800, 14745600, 29491200, 58982400)
dev.null <- 358759.0022669336
df.null <- 35567
dev.resid <- 226473.78967112093
df.resid <- 35402
df <- 165
coefs <- c(6.644862144311796, 5.791431753677452, 5.732629475320781, 5.143201784108563, 5.060478890026146, 4.908320682210544, 4.823481494994596, 4.675631995280186, 4.345634240524682, 4.250397609331959, 4.2219757439273815, 4.18267626985572, 4.012175669981691, 3.9460484893988914, 3.7277860870248816, 3.5285179762371914, 3.2082951790734766, 2.945506552948631, 2.437851050114069, 2.0419237281579585, 1.6349163241541114, 0.899612483846968, 1.0159201089329128, 0.4665027301881089, 0.28016447161717767, -1.1069943243360507, -0.1277595926571489, 0.7680114303575167, 1.0201495676104488, -1.1225793705408214, -2.393046326107208, -2.170818899326955, -0.37249374919611344, 0.8205689720887325, 1.265308880968727, -1.1104195298890964, -0.4485719155597546, -0.8420820790165571, 2.7749610433376978e-2, -0.11069827686419911, 0.876181163365187, 0.6893929997435356, -0.5191352509605086, -1.7216742884497591, -1.2093084198363222, -0.5982460685632225, -0.7190067245914032, 0.20960458097774373, 0.611445688320209, -0.31927749936200317, -0.654535810348167, 0.7092688255963704, -2.3651744600972773, 1.7028154288024973, 0.797732878992429, 1.0550709913533654, -2.3480206705683715, -0.1281773849051552, -0.21045389005834267, 1.5969798308102778, 1.089078253705249, 0.8872659936337873, -1.9596620156675117, -1.1701086708234902, -0.38732538116991677, 0.16293346180922091, 0.5843107271785803, -0.5076391203762142, -1.091987851517187, -0.7797031475268755, -2.07723280898968, -0.2636842569022545, 0.4609245168255956, 0.9200020469936304, 0.7872553611709145, -0.9776679797415433, -0.8543924569594886, -0.9495475522130155, -0.1843508512458189, 0.6821233457715313, 1.1986381811728009, 4.234731690131778e-2, -3.8379374019094095e-2, -2.0837133656986113, -0.6083315622711697, 0.33613527338321136, 1.262063489638246, 0.38748368911814945, 0.7479585558276729, -1.9341156760128264, 0.4339949825730036, 0.6866435404418838, 0.7472622133757377, 0.4097334364560734, 0.37020969254382025, 1.482244336906239, -0.1744598621878937, 0.15468179246571828, 0.14741616634166538, 0.253539356389085, 0.2836726518435441, -0.7916642772835758, 0.9026793042335252, 0.2787803553732573, 0.9586736994788436, 0.8065473544821963, 1.0739197496902688, -0.8421521038912212, -0.7033458737489006, -1.168117099240744, 0.4916392924794465, 0.5641116070061352, 1.5547552513491911, -0.5492142417979099, -0.2833249184785728, -1.628025745225651, 0.8613094465602911, -0.2863912041299458, 0.6574712296572915, 0.5095866045254921, -0.5551907971183533, -0.43554801343558913, -1.19852161674242, -0.9200900646286614, 0.191239274707007, 0.8818515550724657, 3.292778666866678e-2, 0.9882889940104583, -0.7068614644552687, -0.40511142453076066, 0.29538665597028585, 1.0334857032753275, 0.5385290904793071, 0.4096801472268773, 0.11172998685007796, 1.0121398285562835, -0.34461204976618837, 1.029590203415274, 0.666705659052421, 0.9282929048712601, 0.8542272815834436, -0.6850217551122112, -1.5383474638405272, 0.6756895546895043, 0.279203732044268, 0.5029992249113732, -0.1557332615747141, -0.3324493083416041, -2.2148684748827074, 1.2299343898285002, 0.16964648008527128, 1.2135970558536022, -0.14201761732638574, -9.615857900739352e-2, -9.479605626425826e-2, -1.6741240849915324, -0.769445742105743, 0.6612545367762991, 1.2683583900761661, -0.18354043662402936, 1.4924163581725378, -0.3493969208234739, -0.20814047199172203, 0.1953608657031854, 1.250578950728402)
