seed <- 309
log.wt <- -14.664810052327928
penalty <- 2.8115950178536287e-8
intervals.send <- c()
intervals.recv <- c(56, 112, 225, 450, 900, 1800, 3600, 7200, 14400, 28800, 57600, 115200, 230400, 460800, 921600, 1843200, 3686400, 7372800, 14745600, 29491200, 58982400)
dev.null <- 358759.0022669336
df.null <- 35567
dev.resid <- 225336.06969835018
df.resid <- 35402
df <- 165
coefs <- c(6.9306125218724395, 5.730696287039242, 5.666906285850914, 5.38092135228005, 5.11320842815575, 4.890809403306831, 4.714445457494217, 4.640973536880337, 4.450474660198093, 4.2928962354367926, 4.247908937939332, 4.204612319955995, 4.000913482967424, 3.97881810765887, 3.7979897981311854, 3.520097926811848, 3.24363611092108, 2.9705087649640203, 2.5035281672001997, 2.006395491139784, 1.5451902767370442, 0.9107289486225687, 1.0082906067044748, 0.537495712713703, -5.497696835336822e-2, -1.1928804579720556, -0.20977616035796234, 0.9989461032667987, 1.0814759466550645, -1.284216438630875, -2.0517109397419544, -2.4152620639278024, -0.2658391057500772, 0.765286396588441, 1.3404858373506163, -1.124936454773157, -0.17963841339361203, -1.238227995964929, -0.11668444843631277, -1.0216130065159064, 1.042690390715332, 1.0836149235435284, -1.1485309120049825, -1.255143740050386, -1.0248796606516801, -0.6979870082203782, -0.5346208894823639, 3.034448600646015e-2, 0.5252022839526368, -0.7072496898773842, 4.6897377249221946e-2, 0.9526130177224258, -2.4461768444758287, 1.675181733160662, 0.8389254943776487, 1.089615768874462, -2.0904594126403038, -0.2452538433331195, -0.7474079087339123, 1.2830255620502138, 0.9929049188780937, 0.8403140479019221, -1.623489238337275, -1.7784591058950152, -0.4958898966719918, 0.11829688755347269, 0.6312798064947194, -0.43060819493194685, -1.9530898398689256, -0.6550895065168928, -2.2205337195372734, -0.2505732914580568, 0.6794205374927862, 0.9613890905195204, 0.6108390040043996, -0.5094273093659415, -2.114467933073675, -1.4462277695438022, -9.996956434609437e-2, 0.6236062077657925, 1.223260160315636, 6.226613937292059e-2, 0.12299612411007374, -1.658503790470987, 0.14056175370988624, 0.3687750991017483, 1.1402737003619565, 0.45409548684355266, 0.939215661906672, -2.089013703405603, 0.5327659202729378, 0.5760181702179947, 0.9063567226109137, 0.35743494264425285, 0.4680938774686759, 1.2928522388288461, -0.42238792533279645, 0.5366748632045775, -0.1873658809123673, 0.13910504186094297, 0.4447338110837136, -0.30078797726555373, 0.686419553788331, -4.928943222013288e-3, 0.9121283978175753, 0.852024633190959, 1.1307499528616596, -0.16110194516539, -0.15067903535467542, -1.074374510819492, 0.36597735025070854, 0.5984749573357118, 1.6336116922718207, -0.601926843001331, -0.15805980603157158, -0.9182598550849033, 0.8387051790309885, -0.22081386512646312, 0.4245549228410537, 0.2688956326940013, -0.9284266091156155, -0.46925843084249685, -1.109395146299768, -0.5457526609125231, 0.3666981755994224, 0.899063405776804, -8.728236851253736e-2, 0.8541469921242565, -0.5443002757757174, -0.3441216825234733, 0.21864214352800776, 0.9087493778512551, 0.6334162405048256, 0.5644868196416784, 6.2079034797845864e-2, 1.202916613895952, -0.30253267050455246, 1.074172364931938, 0.7436391149374412, 0.8247524745187025, 0.852102259480089, -0.6850468081592104, -1.0418435193168636, 0.5780243814522893, 0.15788216380606873, 0.5587817116177511, -0.12393891670032238, -0.1888077049680526, -1.79558600711482, 1.1748720535328236, 0.2393954919926162, 1.165190940433249, -8.36728498819589e-2, -9.942834653975101e-2, -0.16940742779419488, -1.7042719097291776, -1.3932789467942095, 0.8515694534892333, 1.1445833243798156, -0.302091433267977, 1.6462276736088925, -0.30302863665216484, -0.1268717912265659, -0.109127756717411, 1.2296884253134048)
