seed <- 964
log.wt <- 0.0
penalty <- 2.8115950178536287e-8
intervals.send <- c()
intervals.recv <- c(56, 112, 225, 450, 900, 1800, 3600, 7200, 14400, 28800, 57600, 115200, 230400, 460800, 921600, 1843200, 3686400, 7372800, 14745600, 29491200, 58982400)
dev.null <- 358759.0022669336
df.null <- 35567
dev.resid <- 225784.4168924675
df.resid <- 35402
df <- 165
coefs <- c(6.428214698195964, 5.880370712761759, 5.52783605778294, 5.320125901054342, 5.03532381060222, 4.853027946906819, 4.77111623663668, 4.618235035644034, 4.305604576364761, 4.2898702901011285, 4.352086348701502, 4.184427761408107, 4.002550127117845, 3.9402834692075586, 3.7507427315033226, 3.5609541962436513, 3.2171359340056616, 2.9448963246359487, 2.507553278717693, 2.083231252524483, 1.6334414890767384, 0.9465107992604108, 1.0139384812209833, 0.285418927911539, 0.2865096479492522, -1.2165638742057108, -0.4063244563447909, 0.9026554021911114, 1.0994388113965992, -0.6818780667292059, -2.555085047862894, -2.158922408100744, 1.1016259455272464e-2, 0.7599040560023259, 1.173323175061406, -1.1258426561970327, 0.10499006765241543, -0.5396706572795444, -0.1393313553893831, -1.0133495399029089, 0.895920477135168, 0.8205663301117083, -0.547203930799257, -1.9159829255338683, -0.9048309985156251, -0.7488795422154086, -0.5851659099810256, 0.25227717440942676, 0.3378022164582637, -0.5412419374800903, 0.21627809773053971, 0.9747466494726379, -2.7155484248448936, 1.5984264580236731, 0.8666284149003333, 0.944591745021856, -2.13706019576217, -0.2526507471512226, -0.3324349409544368, 0.6493324745474839, 0.6807655034838355, 0.6154582698110794, -1.298578983322169, -0.49464197679571514, -0.5223112693021276, 0.2103619737425698, 0.5986526843269615, -0.8001897052362962, -1.15501397405868, -0.6378682532856856, -1.9334420543027488, -0.4546891016011419, 0.5989693114960726, 0.96080378495554, 0.594584969174455, -0.9143621211177885, -1.2846069218370886, -1.2519783775619135, -4.7221057454698526e-2, 0.6977661711750136, 1.0038222192972164, 0.14457283248391686, 0.22070229124059482, -1.8379492742377534, -0.671237654074059, 0.4729953401165362, 1.1283078238725817, 0.21123269521930674, 0.8945477736463561, -2.5078842609219345, 0.5148457102786045, 0.6880656291505614, 0.7889605866968115, 0.4644794781514238, 6.347637415117088e-2, 1.3276399872463784, 0.41883814381526385, 0.18891319439259896, -0.5011288275001431, 4.085452317667701e-2, 0.5065195105209914, 2.9450401381570835e-2, 0.7462323387194661, -5.851870016447063e-3, 0.7742691914789787, 0.9038489339410315, 1.0690660263499583, 0.35187584558116874, -0.8131904716091558, -1.265036339303364, 0.3689221634867724, 0.6368463012379572, 1.6183020031807298, -0.7303695711974099, -0.3374888167892664, -0.6527252769878487, 0.8052447434857689, -0.37912382013208507, 0.2781929455505099, 0.5434929790241698, -1.2136681179464077, -0.5396991595103374, -0.7867664385173763, -0.8219989892455738, 0.39101728704320976, 0.7315686114134176, -9.256594985311733e-3, 0.9719110126516379, -0.829576146127334, -0.475520729156644, 0.2159486263534967, 0.9103686899364131, 0.8610769407547447, 0.49243940331276337, -2.8564094852162075e-2, 1.1737466471804745, -0.3932258128035884, 1.0501720154382646, 0.6839875439128724, 0.9728239553509576, 0.7368135554599787, -0.6605610579033772, -1.0975462169178658, 0.5630919363820279, 0.3767073744863651, 0.4890059554088576, -0.2959411271934393, -0.2332460889190564, -2.0163538666825445, 1.233227719679992, 0.1766741470204222, 1.2225968756103736, -0.2585215785129777, -6.471194999455165e-2, -8.605879777204332e-2, -1.465016983002732, -0.9675629624665807, 0.8825960197816154, 1.1485422288550593, -0.4624835024971269, 1.5263004325472866, -0.5016632333807423, -9.076539126720955e-2, 3.591679691486303e-2, 1.1648763371027067)
