seed <- 601
log.wt <- -14.605641080929688
penalty <- 2.8115950178536287e-8
intervals.send <- c()
intervals.recv <- c(56, 112, 225, 450, 900, 1800, 3600, 7200, 14400, 28800, 57600, 115200, 230400, 460800, 921600, 1843200, 3686400, 7372800, 14745600, 29491200, 58982400)
dev.null <- 358759.0022669336
df.null <- 35567
dev.resid <- 225690.68372066336
df.resid <- 35402
df <- 165
coefs <- c(6.836850442177489, 5.908254293911996, 5.528746979126666, 5.289850784100186, 5.101898841487656, 4.853475288556156, 4.918080371598083, 4.736170956030561, 4.412407424515971, 4.306508934056701, 4.331432968932341, 4.175381237617288, 4.060912209122897, 3.9692792352280386, 3.757011470614772, 3.556803992753643, 3.296533464052792, 2.9604665119271356, 2.513634682927491, 2.0781095413701105, 1.7192516330148222, 0.8499353119795923, 0.9726038399245589, 0.5055458437199372, 0.25118101024006545, -1.160216013089537, -0.2660612815679298, 0.9888870467083092, 0.9531190140236705, -1.75952966426797, -2.2455941956584913, -1.8165314157359886, -0.5022134764775904, 0.7657343509453364, 1.220243795173832, -0.8482450667486645, -0.5019891049989982, -1.1303307526056288, 6.555828775256599e-2, -0.3697961893610236, 0.9170344397314729, 1.1084057953046598, -0.6878846762363298, -1.7121674683648254, -1.053050204464833, -0.6450098544151226, 1.2705214127039123e-2, 0.27687297232447866, 0.22511252430120965, -0.6306194611614203, 0.4501911176932911, 0.8918505231832117, -2.5436383725989113, 1.766179523076002, 0.6629840717427737, 1.1036914253593024, -2.3729288726595805, 1.3204136536601096e-3, -0.9782164809871937, 0.8272732723018628, 1.0524667158490517, 0.7572901090194577, -2.0025496644791625, -0.8720035459005581, -0.9088296133718716, -1.211357958929127e-2, 0.6497453943432726, -0.6393529590967397, -0.6689114483640501, -0.7038524076357947, -2.0703739929593032, -0.3874817039730656, 0.5588340344474815, 0.9391180526806238, 0.6530529677339452, -1.1579012992561823, -1.0268968072410114, -0.7994722159597679, -0.11502576684475001, 0.6984999359240227, 1.041084303791922, 9.35369267907632e-2, 0.14572818517327407, -1.3615132009885869, -0.6318876987385799, 0.3892270088527471, 1.209531975696779, 0.6160734025342538, 0.8440342390465404, -2.907839502234491, 0.4875783759013022, 0.7352536634092504, 0.7421077978588962, 0.3324713295494077, -0.13906935451821578, 1.3207279914144752, -0.5815284092738408, 0.43511777129954105, -0.2888795601853032, -0.38037089883118275, 0.49608453469901626, 1.8146325502253712e-2, 0.8447522272833325, 1.177102178890823e-2, 0.7856861191362744, 0.8357857159035746, 1.048334645290998, -0.6084319336554151, -0.1318604367053084, -0.6601212634859102, 0.35232582817411834, 0.4902405162057898, 1.5403482776098834, -0.47637993899899334, -0.27221083167308063, -1.4938618155730408, 0.7605127979889119, -0.38369827030352655, 0.5825552152155504, 0.514795505477579, -0.2493629493862482, -0.7162711701324928, -1.2566227647561763, -0.5977501498306174, 0.3834554844982393, 0.9427522118124084, -3.309776212997402e-2, 0.9653365875355671, -0.5811164742409043, -0.45430485733647524, 0.34427030250390844, 0.9577862166840626, 1.0090376132169738, 0.4337447496857749, 3.993570471239811e-2, 1.0926660215811432, -0.4369293057423699, 1.00875102710628, 0.7063103614376229, 0.8935832065533972, 0.7155529610418374, -0.5528271316862361, -1.1025634714623083, 0.6718686736065269, 0.40472325198332904, 0.5248783086918585, -0.1683807923579553, -0.49312158743222256, -1.7628570152818022, 1.2794783594165806, 9.25091315000193e-2, 1.2031842524538123, -4.0812428844243236e-2, -0.13909152744556402, -3.62178974821988e-2, -1.8691985701632152, -1.4047265509351456, 0.8181826602450044, 1.2118981815833327, -0.20877383960095794, 1.5450751246273065, -0.16837834116776484, -9.006632966563807e-2, 5.0593565746350724e-2, 1.1740889252332631)
