seed <- 1090
log.wt <- 0.0
penalty <- 2.8115950178536287e-8
intervals.send <- c()
intervals.recv <- c(56, 112, 225, 450, 900, 1800, 3600, 7200, 14400, 28800, 57600, 115200, 230400, 460800, 921600, 1843200, 3686400, 7372800, 14745600, 29491200, 58982400)
dev.null <- 358759.0022669336
df.null <- 35567
dev.resid <- 225827.59484510377
df.resid <- 35402
df <- 165
coefs <- c(6.40924639958371, 5.84034412141061, 5.595286901329845, 5.49386275187078, 5.039452540331606, 4.810934009418341, 4.724062820545378, 4.694510529695948, 4.3900032502812865, 4.2435650914621394, 4.369813276882445, 4.157978648743511, 4.005746810116343, 3.9333601002123193, 3.734926613927924, 3.549781458111082, 3.245731178559912, 2.953986169090781, 2.4772614616173203, 2.049739912048174, 1.6800829276650697, 0.926278633924379, 1.0702084082841143, 0.5740611789799296, 0.12289680852602942, -1.2996063967638718, -0.4644873998549478, 0.9129148133256251, 1.0861645773626087, -1.6327205913662333, -2.6971505132255915, -2.573491951703878, -0.10346142681608013, 0.7958094943183275, 1.4279262181372105, -0.8388790808642261, -0.5691822779272783, -0.7310816920262472, -3.908802158668428e-2, -0.7880836624040926, 0.9414978956348361, 0.8431829537554271, -0.8428453361537106, -1.93996251550514, -0.8068389699804396, -0.7231142732361926, -0.6508500712428039, 3.7635712958577566e-2, 0.35383213327860336, -0.3457423092426521, 0.12751563514360698, 0.8218642344976839, -2.5020407349551523, 1.719699697643686, 0.7915026835749964, 0.9938664668955253, -1.8932063822274359, -4.8822386669117444e-2, -0.3620251678484144, 1.8874074661637168, 1.269861756143189, 0.6199251415373425, -1.4365493540033674, -0.8769696703648121, -0.8236979814700286, -3.7365710527414116e-2, 0.527709328475478, -0.2781457333825499, -1.7878148666265667, -0.5541343158627985, -2.5588024011753463, -0.3117573338218588, 0.6817316034042853, 0.9114785824863292, 0.585094565578822, -0.8210485899162419, -1.2388959199018221, -0.9914163869965847, 0.11961397501675694, 0.6780013050400059, 1.157781626976358, 0.17805042886133846, -2.657563234772076e-2, -2.007797778131722, -0.12243739382977102, 0.23214332456227138, 1.211297528903162, 0.23410588373567426, 0.8871554667879876, -2.106790126556806, 0.5426174942854743, 0.6104507949459482, 0.8019487607732453, 0.2820709034674229, 0.1497811716514526, 1.0411565766599662, -0.93033976239585, 0.3446315564237646, -0.3226795463924382, -4.4452109312356804e-2, 0.30572150053895897, 0.22101705908634198, 0.7831279145891381, 0.42786686329857987, 0.3081968344731068, 0.8659641502620948, 1.1729372847037283, -1.251207953056889, -0.6028715923618815, -0.9717422774120036, 0.4833948900097439, 0.8006713022102523, 1.6051200107607844, -0.8128252097941582, -0.29810527414365545, -1.1129851832998623, 0.7994888887439471, -0.32990940682139064, 0.5085962759472092, 0.8190884779479801, -0.627476450706622, -0.32329143665828264, -1.1023578797424172, -0.886885816175682, 0.4285889118746428, 0.7986741606960394, 0.13026453930262605, 1.0060410928882413, -0.42172623791738767, -0.43450236257233615, 0.3204437234284685, 0.9883383727012505, 0.79979351494329, 0.3564430989613346, -8.118050840736481e-2, 1.1029951545860528, -0.4926468174977965, 1.0792234282804258, 0.7933576553331676, 0.8986896261405073, 0.7783094728897909, -0.8428731637564719, -0.976415207987869, 0.9113055310164034, 0.17740155475567224, 0.48121964403780115, -0.11064663033104456, -0.13098163527733486, -1.7350952410939688, 1.2078045118461467, 0.20645586944428254, 1.2386045311430598, -2.774463303657518e-2, -0.11481770191562131, -7.522460155008953e-2, -1.8493511705531314, -0.5532098938296879, 0.7256227640942782, 1.1496867206829098, -0.32412990490478505, 1.5381283319587988, -0.28848378606706987, -5.6548336499003045e-2, 5.106470353953895e-2, 1.1950669327479737)
