seed <- 623
log.wt <- 0.0
penalty <- 2.8115950178536287e-8
intervals.send <- c()
intervals.recv <- c(56, 112, 225, 450, 900, 1800, 3600, 7200, 14400, 28800, 57600, 115200, 230400, 460800, 921600, 1843200, 3686400, 7372800, 14745600, 29491200, 58982400)
dev.null <- 358759.0022669336
df.null <- 35567
dev.resid <- 226275.66681800486
df.resid <- 35402
df <- 165
coefs <- c(6.323413789090652, 5.608122918911667, 5.593336042843961, 5.396256455524016, 5.060651354564458, 4.86840341462937, 4.831035592354658, 4.635444072367244, 4.370542169628266, 4.23478359086908, 4.260594879153064, 4.2076909615432045, 4.028240218005219, 3.9901932141726664, 3.756035553551773, 3.5392934791276875, 3.252381553850525, 2.94295300458795, 2.523277550728247, 2.0345168610547395, 1.6752243894876981, 0.8866366306480951, 1.022424489636736, 0.45242216396283075, 0.6578924368604827, -1.0044226575347586, -0.4321171969007515, 0.8874714739352413, 1.0606058875064173, -1.4091606332231086, -2.1207148457430254, -1.469161926487859, -0.523687361525094, 0.7789189350617864, 1.2908890592205666, -1.241843051981341, -0.2845616693115371, -0.7956859891883156, 0.2624587828216868, -1.0738859437039532, 0.9254387291182141, 0.5936484801368005, -0.7561919143950933, -2.7900044881196986, -0.9350600033061991, -0.6289704880743137, -0.2672127495037141, 0.23021512860328647, 0.16585988842000876, -0.48541447478745764, -0.2728891019358865, 1.0203668906676555, -2.871150693745143, 1.7214253047653592, 0.6659073992075012, 0.9285440176445714, -1.7640013818192637, -0.17776260544680997, -0.48319862619120607, 1.6545768715640679, 1.1741444478458185, 0.5941136948223436, -2.0962104562556836, -0.9034980846649976, -0.727790436544038, 7.39119026509234e-2, 0.6360571675514073, -0.460970969949774, -1.4796327778096374, -0.5505644007190315, -1.6240589167933723, 7.58869604198794e-2, 0.8402984917397838, 0.8831982631081283, 0.7755667273741791, -1.0146891509509035, -1.0525513557298152, -1.3611045812880638, -1.7349462723892276e-2, 0.7331600163569106, 1.2206683062422505, 0.12793899510927464, 4.804386339887977e-2, -2.2757132106616487, -0.9565742018580617, 0.26633274977576576, 1.2236921067607038, 0.6005708494417846, 0.9383874195293568, -1.3847201852005455, 0.5745366478153141, 0.6949426656828027, 0.7734548880126726, 0.2797026066512815, -0.492411211804814, 1.4326644612800135, 0.21588726123964055, 0.35820007292936323, 3.1459602760561575e-2, 6.518817236366412e-2, 0.32699220895184916, 0.167459401294241, 0.698813802554342, 0.30135686457187566, 0.7245927815537062, 0.8141461509552209, 1.0860187975930728, -0.4963590068824318, -1.009591355570669, -0.696203514652195, 0.5079939401983764, 0.5652910806669308, 1.586913783866715, -1.1407030971510208, -0.2726298589134374, -1.0598475060572128, 0.80964277993857, -0.30754902882070767, 0.6157841997175368, 0.71173021451902, -0.1842686748775734, -0.6258179030934843, -1.094441151931868, -0.5600299672133252, 0.4586306139468758, 0.7813730781884098, -9.825461085011285e-2, 0.9809361581117245, -0.6813356418237662, -0.4465847337831452, 0.22556390221109546, 0.9674425669966648, 0.883253023077783, 0.350848997395598, 0.1504555486835827, 1.2386385448198909, -0.4125885777244915, 0.997141243188963, 0.7114225923991165, 0.875772300044218, 0.8215988192178408, -0.6076664054809515, -1.3092007846838098, 0.5410865502869564, 0.3945398981725859, 0.3879693399315549, -0.22912412131888896, -0.6154137421593778, -1.8085326594435043, 1.239286998939872, 8.612906732971928e-2, 1.1636576133152186, -9.098005601157765e-2, -0.16824565610078715, -0.11264202280098772, -2.0521096481073027, -1.8968795457382617, 0.7668814212934082, 1.1731553197439082, -0.21001012320265983, 1.5756450802673077, -0.27855791230193333, -0.10772598423179658, 0.10161525488714301, 1.1247396473305251)
