seed <- 125
log.wt <- 0.0
penalty <- 2.8115950178536287e-8
intervals.send <- c()
intervals.recv <- c(56, 112, 225, 450, 900, 1800, 3600, 7200, 14400, 28800, 57600, 115200, 230400, 460800, 921600, 1843200, 3686400, 7372800, 14745600, 29491200, 58982400)
dev.null <- 358759.0022669336
df.null <- 35567
dev.resid <- 226575.68109525082
df.resid <- 35402
df <- 165
coefs <- c(6.389074029298287, 5.794833394634899, 5.852762541566724, 5.433329051489165, 5.044230174753286, 4.778582922198602, 4.773974751378514, 4.60880167398217, 4.377214558505556, 4.26114164001276, 4.2941355587102095, 4.148609056058297, 3.9945773398938993, 3.9200192709802937, 3.7326930657519797, 3.5140513531468462, 3.22814786151655, 2.9088990322975006, 2.501776409962678, 2.0424060762652743, 1.6091831088923743, 0.9322827445942061, 0.9393251909745198, 0.3093083020229521, 0.3468252800388099, -1.5463118908558913, -0.272918111114434, 0.9801686820433242, 1.1268559588192029, -1.0083352441834381, -2.393738385949061, -2.5236306042498, -0.24261635677802207, 0.7978403793750273, 1.2489902561935708, -0.8841094761737801, -0.3539253662474329, -1.243673039344867, 9.733137623692546e-2, -0.5641615634126971, 1.0291095300195774, 0.9508045236152861, -1.1735333756895736, -1.9073392730117826, -1.1595979665175575, -0.5980524213711375, -0.24322072976468423, 0.476838194550005, 0.5432909236695439, -0.9007831920900138, -0.745836174250446, 0.8974193578693032, -2.8786511035599225, 1.6728936457410355, 0.8291167387452459, 1.2440219532635202, -2.141884266747609, -0.1481165867512703, -0.7939320517148022, 1.0831285309762861, 1.3501423629581937, 0.7418173522543876, -1.2716676377564646, -0.8507126685632389, -0.49203507187694157, 0.2205139950769694, 0.6150432506120573, -0.6897367334797915, -0.6273745349677297, -0.8471005338804544, -2.0941323113741652, -0.3526693201946328, 0.48724612302445847, 1.0388240663205377, 0.5986010590271373, -1.3655797245369512, -1.6175748860303227, -1.2584857729801788, -0.1016855808173354, 0.6810865757354415, 1.1170262616770836, 4.5047991644554954e-2, 0.1595494848593366, -1.1803403316742258, -1.158284159389244, 0.34574862159681125, 1.2587758509585159, 0.5387114130217943, 0.9801737909394451, -1.8904211268506255, 0.6640685682745534, 0.7236035794757015, 0.7309852917793369, 0.36357650471798025, 0.20629974465705955, 1.2747847023545757, -0.10022010844927391, 0.6355129561608144, 1.6238965794089413e-2, -0.4625799351426216, 0.5578022684675089, -1.220303765898088, 0.8461667332974494, 0.3346713492315971, 0.7099045601425036, 0.8664467350635948, 1.0627881538766928, -0.8754810144172294, -0.3207781791834734, -0.5399638336209702, 0.34961769901486006, 0.7597883118496956, 1.6309549956842349, -0.47957641378008803, -0.13223029028055644, -1.1110019096414094, 0.7122542711684047, -0.3210955421176565, 0.4546057413301881, 0.5895867855430154, -0.4046754432515938, -0.36019877262911476, -0.9234269515882495, -0.16651467623679994, 0.37015820379562425, 0.9125670599447626, -1.9156327432266404e-2, 0.9700923267039482, -0.577597807282333, -0.40811479675310597, 0.13941586403241793, 0.8614044137598669, 0.8236005454176984, 0.47380543998608143, 7.267520070977023e-3, 1.0820601100079443, -0.3329692716488864, 1.0293818024231018, 0.783867095201499, 1.00029111041613, 0.6450036211224135, -0.6601834307483417, -1.117082385599143, 0.5992432359686392, 0.4353080576457637, 0.5606565111003252, -0.2132133134373964, -0.39428954400881033, -1.960482301299058, 1.2844899510724606, 0.17397601133831997, 1.1900410206479537, -0.29565654072054254, -2.253104377342057e-2, 3.73930425290626e-2, -1.9016940227155001, -1.6485300362334778, 0.7945657811219085, 1.0992297170443048, -0.45430976289096603, 1.5866578866894987, -0.2135286541813137, -9.189443730038084e-2, 8.79006049086111e-2, 1.129553467123944)
