seed <- 250
log.wt <- 0.0
penalty <- 2.8115950178536287e-8
intervals.send <- c()
intervals.recv <- c(56, 112, 225, 450, 900, 1800, 3600, 7200, 14400, 28800, 57600, 115200, 230400, 460800, 921600, 1843200, 3686400, 7372800, 14745600, 29491200, 58982400)
dev.null <- 358759.0022669336
df.null <- 35567
dev.resid <- 227150.46711767497
df.resid <- 35402
df <- 165
coefs <- c(6.969737459170082, 6.0725703662604795, 5.773668008881978, 5.387395714347321, 5.068427496913453, 4.831666183555873, 4.69907938031456, 4.589328609948223, 4.35270405830737, 4.212540431433104, 4.255067541075265, 4.1222914346098625, 3.994022499826389, 3.929293670865393, 3.7474693861099597, 3.508894914921653, 3.2451447514032816, 2.964956370008245, 2.4811241253590786, 2.109670872219732, 1.6981711677562843, 0.8839357641709539, 1.006341577491462, -5.975610330780855e-2, -8.490313187858627e-2, -0.9799626364072489, -0.11625079620004568, 1.0704987107480493, 1.043911136468356, -1.4238922853235125, -2.091302399877813, -1.8315918367969437, -0.4840176558056972, 0.6888028251572944, 1.2329500338628834, -0.7216999428769602, -0.10010362305403252, -1.357669635643968, -5.8143877540758344e-2, -0.1867036420990732, 0.9188762678597674, 0.8042599731453652, -0.8775003971666442, -1.8957232941735103, -1.1489698644681774, -0.584227959121498, -0.3372954377688776, 0.5410678159654458, 0.2244268265160174, -0.6101818008393469, 0.1707699164977224, 0.9467073564056233, -2.0750547942347533, 1.6245134255154445, 0.7805288775297308, 0.9858195876525117, -1.8629413594258377, -0.38355203867454235, -0.3379982122256727, 1.205709027758813, 1.196886004281208, 0.8131713367891171, -1.7250055546361884, -0.8402296720707058, -0.9484774195627599, 0.12361504349011541, 0.6425121930568441, -0.5531566444937832, -1.0161652123514833, -0.44011251533849605, -2.3951340405848796, -0.5647096363616497, 0.2372509650532695, 1.0773316555605859, 0.7993044367560345, -1.1747542305957186, -1.541653318563316, -1.6755471632015413, -0.1144316495215534, 0.6140132114895216, 1.1597848634937777, 0.1087864322299307, 0.26038163220218064, -1.859825746792938, -5.654057296774855e-2, 0.5528628763380763, 1.181785442078345, 0.5452849300359278, 0.900462042233301, -1.655108826114458, 0.47233501350087653, 0.8575355032420512, 0.7536797381559143, 0.3933473838933519, 4.295710270206891e-2, 1.37249678052675, -0.6645232170059572, -5.753381048165633e-2, -0.14396855862383226, -0.7579789159402994, 0.5942136773592384, 7.73840160546901e-2, 0.8503443662522905, -0.33264450356803765, 0.8911965488058776, 0.833911346187448, 1.04860594062263, 0.2149583005855696, -0.48450917009489175, -0.890089636232116, 0.39542326037154263, 0.5952390580781852, 1.565777882556874, -0.5873766575432272, -0.2187483288036325, -0.8651952005275505, 0.7084997312286085, -0.3125587070027065, 0.2993758910426411, 0.635389831202075, -0.2174461379008002, -0.5381478507835242, -1.41323711523994, -0.2211340036309212, 0.1712672061361176, 0.8309517307799105, -0.13752961466435984, 0.9597275566980262, -0.7060877083948994, -0.3871793165498637, 0.4210341090434777, 0.7232671938488249, 0.5984790908858613, 0.5311136814485645, 1.391538211050211e-2, 1.0558278580323959, -0.39770658463845876, 0.9803221674528256, 0.6800215431111148, 0.952447957519478, 0.6932948262931338, -0.6824015113058319, -1.073698693558159, 0.4522784070367096, 0.2504485089561808, 0.5591271537718369, -0.3748901308076273, -0.5479100818874264, -1.8024665435975653, 1.2073097705396805, 0.19618020185937973, 1.1950166438777992, -0.17154861557524093, -0.11875170364610647, -0.16751990282978194, -1.939175927584839, -0.8994655427905092, 0.899978666479597, 1.2702975952341866, -0.4848473670760157, 1.5708504479832177, -0.3064311947952103, -0.18240980527617, -8.624898091963942e-2, 1.1832747080440216)
