seed <- 983
log.wt <- 0.0
penalty <- 2.8115950178536287e-8
intervals.send <- c()
intervals.recv <- c(56, 112, 225, 450, 900, 1800, 3600, 7200, 14400, 28800, 57600, 115200, 230400, 460800, 921600, 1843200, 3686400, 7372800, 14745600, 29491200, 58982400)
dev.null <- 358759.0022669336
df.null <- 35567
dev.resid <- 225572.681922428
df.resid <- 35402
df <- 165
coefs <- c(6.805980904703633, 5.902958428563894, 5.710608369838978, 5.31438958770567, 5.0151221307723475, 4.900471896134314, 4.805767847645182, 4.730973611743025, 4.339181261592503, 4.356630239259473, 4.367584115013378, 4.1748034659192035, 4.030628108551581, 3.92309403220335, 3.7548309529398973, 3.5490219152203992, 3.247417012311996, 2.96120422010928, 2.4631767230439197, 2.0685498305224996, 1.4993935906444058, 0.929673111670877, 1.068459372947882, 0.4864473551609962, 0.1626911751480407, -1.600424243166259, -0.21518386324759298, 0.9319794499903606, 1.1518239098317338, -0.9569709058351896, -2.438468695321438, -2.1604566616517156, -0.2292539711332055, 0.7239348120985581, 1.3952092665215088, -1.3757073587694282, -0.3222158990108691, -0.9980051936603883, -6.940954664702337e-2, -1.048817518865537, 0.9996566916496943, 0.8068137788353236, -0.8947024077833919, -1.9243308362226264, -0.5792064173056376, -0.9596513695472058, -0.6422135413049693, 0.2911097536153223, 0.393394700484941, -0.7157327532720745, 0.14703332022474178, 0.8436467126770393, -2.9065514355363167, 1.5965181246691258, 0.8274246230645259, 1.0652579226725456, -1.914818438417559, -7.795502221605437e-2, -0.4309320378050475, 1.5663968003538113, 0.8594498394106418, 1.0719651367644376, -1.4777667825433642, -1.1079072192653279, -0.6198551621903546, 7.73752250005221e-2, 0.6470044095180421, -0.2594421487745769, -2.0086461821884436, -0.6185221518168864, -2.5547375321024397, -0.6297715467930752, 0.5086334254224838, 1.0978756540153929, 0.6477122113523133, -0.7151591013562156, -1.418804760841407, -1.1990848493372501, -2.6646067216943424e-2, 0.6469736935572881, 1.134861990273981, 9.3123953810114e-2, 0.2985242211912855, -1.3952202850517426, -0.2745156089474418, 0.5232995068296872, 1.143472996264228, 0.4680824285054779, 0.9389538661431871, -1.8112996715344727, 0.6150201483277955, 0.9188597146662305, 0.8476605976798717, 0.3475913730083532, 5.733870559508879e-2, 1.4704210494264172, -0.33919690591882884, 0.5168648725746535, -6.1631058799767116e-2, 1.157699749737906e-2, 0.5267034849808512, -0.35239496839108125, 0.8088819709790656, 0.47881016028319523, 0.694507007853627, 0.8528961094038551, 1.1766233116891085, -0.6400507063746413, -1.169009384741874, -1.3982374509366706, 0.38148098976733846, 0.6469657082358528, 1.6366459737328969, -0.8657835273521315, -0.23105084644987012, -2.0696702380601066, 0.7688545294079167, -0.2200457939372375, 0.4411455525628549, 0.8016224214931377, -0.4293493354710533, -0.5787184500234802, -1.2638237758565602, -0.42253040522428276, 0.4079466334776875, 0.8484131044589243, -9.051520447623546e-2, 1.039462412921372, -0.5769698477609377, -0.3601281396740582, 0.328076650436442, 0.9594519412410626, 0.8411800882518292, 0.5549684284527373, 2.4545088229121177e-2, 1.093094191060033, -0.2227638317600405, 0.9565005985003731, 0.7428165378020598, 0.9841583314419069, 0.8309790745346017, -0.6645500847311199, -1.116224209519663, 0.6137082589803352, 0.3960968468409603, 0.623782632160544, -0.33509769927072514, -0.4387179186226262, -2.1087905490895293, 1.2129378175739465, 0.17718547529620202, 1.2295871976001553, -0.14814564924880638, -4.6366798069327385e-2, -2.1269760212088564e-2, -2.1484076832821946, -0.6271589414688182, 0.9023618602613819, 1.0786681205271635, -0.2622133246321344, 1.6150351796019404, -0.31302472658810243, -0.1369499437398905, 5.0790451566411966e-2, 1.1801773063044894)
