seed <- 456
log.wt <- 0.0
penalty <- 2.8115950178536287e-8
intervals.send <- c()
intervals.recv <- c(56, 112, 225, 450, 900, 1800, 3600, 7200, 14400, 28800, 57600, 115200, 230400, 460800, 921600, 1843200, 3686400, 7372800, 14745600, 29491200, 58982400)
dev.null <- 358759.0022669336
df.null <- 35567
dev.resid <- 227305.61044271968
df.resid <- 35402
df <- 165
coefs <- c(6.755521458469534, 6.0557949880106685, 5.761549629201621, 5.331224918259083, 5.056708869771643, 4.854261579000241, 4.721479714818455, 4.56913483174636, 4.317534779578664, 4.290177385226548, 4.292019498093198, 4.129773059723499, 4.011085779181089, 3.9067870433605743, 3.694641703484901, 3.5230581375336514, 3.2428964088599437, 2.9172125103014555, 2.503720377747756, 1.9908558822369025, 1.5301675606916343, 0.8901264805467147, 0.9858151171559817, 0.4502373253096895, 0.33082702771123795, -1.4327388255714697, -0.25579702520024655, 0.8649968530498153, 1.010153530671512, -1.1232079957546763, -2.181092835454384, -2.4979121592056255, -0.45716848284281436, 0.7531005699961436, 1.200619990952179, -0.6580270612639583, -0.5138201032153252, -0.5536690816131906, 0.3313416527569753, -0.8296783691363598, 0.860635366619633, 0.8980063764534401, -0.8012279939870911, -1.5417860830481456, -1.3824253387211802, -0.6179028268740537, -0.322921342782467, 0.3103167508585992, 0.30173764373856676, -0.8511197223034779, -0.352776923764043, 0.8469220684710573, -2.251550727217316, 1.6558340605789084, 0.8160344403533064, 1.0784564815008724, -2.0151198450271393, -0.14787098234599746, -0.7518235638213633, 1.51598515463531, 0.42922425427678945, 0.7864160032509474, -1.39384313145248, -0.588185589004491, -0.7576915300440307, 0.16582818587182416, 0.554230188516986, -0.4343327395300208, -0.7852930458253029, -0.5728322643528719, -1.5108345126394942, -0.8903526161454164, 0.3567948654891697, 0.9518805035969214, 0.6632275002202354, -0.6660961222146045, -1.1659794314541327, -1.5488322604788474, 5.067696085223714e-2, 0.6457430919845007, 1.0978710805311818, 3.9431962846209e-2, -5.800004201250216e-2, -1.5879788518935098, -9.732466870058445e-2, 0.45296996260119077, 1.150017811870058, 0.18913944618870757, 0.898107134192621, -2.190825253779302, 0.4889236147057556, 0.7675216764243751, 0.8145794830316995, 0.31318913305827917, -0.20302301065227318, 1.2860096493293744, 0.14413525907189223, 0.7404577816767396, -0.28057164814271324, 0.11711366887964879, 0.438116110813032, -0.14466346541703287, 0.723494022052299, 0.23067725105227047, 0.6829795556998882, 0.8210788381644633, 1.123776629528573, -0.5533124589057636, -0.6687770302629887, -0.9678125154292384, 0.3214580143930539, 0.566627087553189, 1.565639328050354, -0.5499155971729976, -0.3812697170116658, -1.3476340658318262, 0.8341966668531705, -0.320032138733426, 0.25871464529959576, 0.535540329664669, -0.3053166942919146, -0.9497362967696475, -1.1825971058079419, -0.6599543505100859, 0.325938855349324, 0.8383932767415893, -1.0445140700551334e-2, 1.0043123040151871, -0.43153746365551887, -0.41466914437555813, 0.28241656863680376, 0.6956137830613971, 0.907814092787815, 0.4635972988532942, -9.516878154968e-3, 0.9442701428755341, -0.5258810655542884, 1.018643834014451, 0.7015719064095693, 0.8979620160509295, 0.728402029881033, -0.7657610186076765, -1.0139456967772087, 0.5607804233130671, 0.24256629430003154, 0.5019966945928139, -0.12891737886788585, -0.45675326841089103, -1.8676478344957383, 1.2549748263084195, 0.1685886766970017, 1.1084438849297484, -0.22284737904848234, 2.2141390677519655e-2, 9.2052171122065e-3, -1.6648124279635015, -1.1278609409046925, 0.8577581971151022, 1.1379751121499488, -0.32840156774151574, 1.4701602630691393, -0.2742359873659316, -0.1294841224334574, 8.854834165766505e-2, 1.1363627391233888)
