seed <- 616
log.wt <- 0.0
penalty <- 2.8115950178536287e-8
intervals.send <- c()
intervals.recv <- c(56, 112, 225, 450, 900, 1800, 3600, 7200, 14400, 28800, 57600, 115200, 230400, 460800, 921600, 1843200, 3686400, 7372800, 14745600, 29491200, 58982400)
dev.null <- 358759.0022669336
df.null <- 35567
dev.resid <- 226052.7462251255
df.resid <- 35402
df <- 165
coefs <- c(6.556121859190492, 5.862242168919722, 5.699857593490857, 5.325162688759257, 5.054107804185755, 4.81508067405777, 4.718994758000475, 4.641485794109403, 4.389730905307877, 4.210714534833196, 4.231543516081825, 4.184878327972091, 4.04740870585989, 3.972108586517665, 3.7640098546343888, 3.5533022815629662, 3.2256789302553583, 2.971464846367586, 2.518179649690864, 2.0440090348245166, 1.5848547421003725, 0.9036280373050277, 1.0022317375026968, 0.5330414251084613, 0.5465376904300466, -0.8661591190130975, -0.12274730222045296, 1.0194109650943823, 0.9998813830846147, -1.9270481380041404, -2.5536859775206717, -2.343779729985941, -0.39669443987234154, 0.7808959706400813, 1.1522428085120133, -1.0508514034945042, 0.5207659581249824, -0.5883972729733112, -7.05406340750628e-3, -0.7605277930424557, 0.9412504960598133, 1.0718260407995968, -0.6277907613013839, -1.9007597220206278, -1.0134502095857547, -0.8307415245207229, -0.2797728523086318, 0.16561583977128305, -0.24445311518090004, -0.9572125299335, 0.30677144150713864, 0.5839319681665317, -2.442111824008462, 1.7438382900855505, 0.7848208497643231, 0.9623513065968032, -1.7876744881578572, -0.18670892590456636, -0.8347486319276199, 1.3617127663752555, 0.7404580301768922, 0.7745422823076499, -1.7820365804298555, -0.6672395473178897, -0.3813644100498059, -9.252392414612108e-2, 0.7673188628907028, -0.40502402504833096, -1.3795860719891118, -0.5948487515566833, -1.7171285319234904, -0.4359133247275959, 0.4827790154495013, 1.0671806927429301, 0.583482199853996, -0.6794442030435041, -1.419444588636989, -1.2655226761831637, -0.1125784462045685, 0.6468952895058591, 1.1575016538397567, 0.1181399812540594, 0.12138801287202756, -1.3507807391390771, -0.45404071249267375, 0.3144509061106961, 1.1567593822136648, 0.4722832953737923, 0.8289047189697232, -1.944301305670655, 0.4067848514871553, 0.6450585783552464, 0.8637167841271628, 0.3533087296530363, -2.649774289631939e-2, 1.3687795558591014, -0.321128798707451, 7.838605455233635e-2, -0.46767231391113867, -0.18026210026273906, 0.3822295268605009, -0.11827601201985014, 0.7922260063272402, 8.231958387498957e-2, 0.883489325037842, 0.8336716991519921, 1.136566828910088, -0.8305181955895695, -0.6996965332322366, -1.2485444583184895, 0.22202625369317458, 0.6897235237711208, 1.532948450179019, -0.49697015662357985, -8.539187423520359e-2, -0.7515130882007162, 0.7873805961171145, -0.3351661979643936, 0.674908508986491, 0.5907918516300148, -0.2941182953424495, -0.4942244835309121, -0.758023488639613, -0.40368461905857184, 0.3637047016059807, 0.8375675564106756, 4.168050261161944e-2, 0.93325548476165, -0.8766321271652406, -0.42209195250303616, 0.1702280170102214, 0.8598619543305676, 0.8531947213023182, 0.5289815917168763, -5.56470429191896e-3, 1.023612665286979, -0.3785496957124997, 1.1729507369737149, 0.7360825256824541, 0.9014244639146378, 0.7421210478748284, -0.6588472380619426, -1.1426176057378972, 0.6069134182138887, 0.30041053485586394, 0.5903544812832112, -0.22542621683482988, -0.8774133923280759, -1.933272076108982, 1.3645105741762245, 5.382502180109941e-2, 1.1467134245857433, -0.1860591328860635, 3.876017250685307e-2, -0.2568005489995404, -1.8186531483378605, -1.430708495383912, 0.8006418550555637, 1.0994853924672183, -0.22039076263959131, 1.505823317757051, -0.34605098579834837, -0.2032915613028183, 8.305843366062975e-2, 1.2058870626596387)
