seed <- 319
log.wt <- 0.0
penalty <- 2.8115950178536287e-8
intervals.send <- c()
intervals.recv <- c(56, 112, 225, 450, 900, 1800, 3600, 7200, 14400, 28800, 57600, 115200, 230400, 460800, 921600, 1843200, 3686400, 7372800, 14745600, 29491200, 58982400)
dev.null <- 358759.0022669336
df.null <- 35567
dev.resid <- 226467.4758053895
df.resid <- 35402
df <- 165
coefs <- c(6.401598511596317, 5.685652607126499, 5.645143639245421, 5.481024929886368, 5.17176626508329, 4.794459307705503, 4.748529802018062, 4.587854305212459, 4.400685377224281, 4.270817465831861, 4.236221085556691, 4.170542121775189, 4.0163736008948945, 3.9153889061477645, 3.7370671458751565, 3.521336496412093, 3.234041297680225, 2.968330673620797, 2.4687564421828565, 2.058748243717128, 1.5385416533824725, 0.9019130019167579, 1.0503158435261026, 0.39178266115999216, 0.6016473096411564, -1.3562244470253888, -0.27506684604113435, 1.067029948642175, 1.111853357032425, -0.5030158396976689, -2.1643108619658475, -2.166376758352278, -0.45090403572058413, 0.7543239729809612, 1.3940767592350694, -0.8969532614110234, -0.8983566565004699, -1.15770075725428, 0.3436361090445525, -0.6155647863875194, 1.0088651169685148, 0.8231313835801429, -0.926745201478683, -1.946507575146991, -0.538825449938611, -0.6895520552219325, -0.17308957653413756, 0.2238254504329974, 0.3790478783213325, -0.44569475477074677, 4.2181336501155145e-2, 0.9944298247939415, -2.3133867881989483, 1.717503802404659, 0.822843995903419, 1.0552339548187724, -2.447498790175205, -0.14012552703659495, -0.7591356156541518, 1.3346085480297585, 1.0125853062188483, 0.726889372548606, -2.5171420858414515, -1.3647793437329088, -0.7120787674270997, -6.945018534984247e-3, 0.6312184871407868, -0.47813639409430314, -1.8338964798720274, -0.7726761421039252, -2.459096941433131, -0.18197860528488494, 0.18313886723102613, 0.848723837127855, 0.6336708136517035, -1.004140044963493, -1.4922830396543703, -1.8199215433417957, -4.512991621074655e-3, 0.7220561679825004, 1.1369088404084482, 0.16497439625500637, 0.2116851951163535, -1.9036066185554512, -0.323370446831616, 0.3560524925988541, 1.2717035895271736, 0.45260270174065637, 0.9097623746238761, -2.6863938065956385, 0.4823029411232951, 0.7611614715075814, 0.8321481169986649, 0.388422966433399, 0.1333371286214516, 1.4307928032699173, -0.9683066384204636, 0.364095710533638, -0.24918605396105692, 0.16761397937737946, 0.34013025194762403, -5.3557287647935534e-2, 0.797429730436935, 0.1359304466854654, 0.9343150448135664, 0.8340401411506513, 1.084404777427625, -0.8797797009010502, -0.15181510779850022, -0.6978153681139474, 0.597421083613109, 0.4914821332199246, 1.6354266781336597, -0.6773742299428839, -0.2568627066448874, -1.5982226786354796, 0.8177373064099897, -0.3789743682368309, 0.511765386826481, 0.560998006136591, -0.29365760891786763, -0.5495681381560393, -1.0851840851511512, -0.4229520515360337, 0.35718417985058065, 0.945210918641533, -6.746807672690369e-2, 1.0216990451680885, -0.37223117349075147, -0.320511985689077, 0.2786301037650362, 0.9502789201865647, 0.8901704547698323, 0.5082100104184625, 5.035559926270135e-2, 1.0769459059243158, -0.37828931152830864, 1.08501562580765, 0.7246160799695568, 0.9903333223266945, 0.8801459599063062, -0.6988588079009477, -1.1183778098742898, 0.6967099294762482, 0.2647837256866865, 0.5253111491831275, -2.228872934618384e-2, -0.4882132199607605, -2.063364884207059, 1.3629959599417996, 0.1349120892136457, 1.2260815425030192, -0.20094052738941504, -4.2975592547442334e-2, -0.1545152510223504, -1.726678132539699, -0.6958670833999647, 0.8777208929099234, 1.209899268740493, -0.354455047117701, 1.5961808324591955, -0.1866499646150498, -0.17342348535022242, 0.27674745523689165, 1.243041188049554)
