seed <- 192
log.wt <- -14.655774555739105
penalty <- 2.8115950178536287e-8
intervals.send <- c()
intervals.recv <- c(56, 112, 225, 450, 900, 1800, 3600, 7200, 14400, 28800, 57600, 115200, 230400, 460800, 921600, 1843200, 3686400, 7372800, 14745600, 29491200, 58982400)
dev.null <- 358759.0022669336
df.null <- 35567
dev.resid <- 226247.84956633963
df.resid <- 35402
df <- 165
coefs <- c(6.554563124216899, 5.5459169729746245, 5.546960198594643, 5.381781975557918, 5.160252511644347, 4.824141753987838, 4.7383948893654, 4.689519248337486, 4.371502084470962, 4.25906236966734, 4.260056654219291, 4.169329410314986, 4.013854997503015, 3.9565580573737065, 3.7374795689451723, 3.5340251919875025, 3.2325526413530397, 2.9112161338829274, 2.470711769589543, 2.0105859154670744, 1.6020492259125914, 0.8985663865365072, 1.0562133218879284, 0.677298308009062, 0.5748826537509808, -1.6299724303600411, -0.2170291897711809, 1.0000000445053079, 1.176934155339348, -1.2345962757872464, -2.781503785865889, -1.879946693177025, -0.2806788649068646, 0.7908220007223944, 1.1687782223520886, -1.4085593804800227, -0.749082758726088, -1.0397155790184136, 0.12267138469972133, -0.19056821329178547, 1.02971482094833, 1.283296698513814, -1.2740976149932692, -1.9679564828317848, -0.8828097083238444, -0.7567196830963258, -0.21881854510194299, 2.5406801444034077e-3, 0.4596298246000621, -0.588764123919856, -0.19835114792333447, 0.8213597871050013, -2.708513129168179, 1.6736978082420548, 0.8545272744551491, 1.0297441967651593, -1.895142042214622, -0.24093891483610072, -0.6998364670101765, 1.5310716165770608, 1.1439089417628248, 1.0102463742054348, -1.423586073632439, -0.8853771591339614, -0.7873940166284078, 0.24601402936487252, 0.7674505829303475, -0.5882509583070018, -1.9768641607432305, -0.7925154106875422, -2.2773437200797453, 6.192855219629346e-2, 0.7580415499826294, 0.9772255439510681, 0.6021652345623161, -0.6493758868185353, -1.2067174712430764, -1.4857788475000495, 2.8932060132399674e-2, 0.6767470804443243, 1.2415988258295254, 7.098055671255271e-2, 0.3188856280738254, -1.6589205427534686, -0.2336994248453857, 0.4308873200230843, 1.1310985795260589, 0.41638208037217067, 0.9255376263382469, -2.0602516765507786, 0.531364682934349, 0.5923277801272823, 0.8697229252155724, 0.4062200378175122, 0.3262782663360577, 1.3550274136224687, -0.9038519477649787, 0.2438105821741208, -0.222810798494992, -0.9177449343170025, 0.3707198159804844, -0.4703018911745725, 1.0059574845591563, 2.2236703243422622e-2, 0.645910633280864, 0.8220264866242872, 1.0136214693242833, -0.4643634570939757, -1.1339413965682932, -0.9509745079351694, 0.43715887861171726, 0.6353487851056187, 1.6566484763541383, -0.9147614708136006, -0.19422531094599976, -0.8905871450619705, 0.8005502268897842, -0.24228456070693621, 0.4895796317070601, 0.5101863235033915, -0.6396634445877551, -0.5631888530948865, -1.271884608606875, -0.34973775879171654, 0.3369297428712715, 0.9512095108148882, 7.377114269435539e-2, 0.8288053175353752, -0.48190123537388185, -0.40571084657661743, 0.34608686724022436, 0.9552374912975298, 0.8806626808148595, 0.5667622840220151, -2.7095502313167763e-2, 1.0961832107119514, -0.269166275968351, 1.0628322108632333, 0.803459074079728, 0.9347949612287867, 0.7882218593765573, -0.4988405555293763, -1.3799412595863987, 0.64457146747355, 0.5090517666816206, 0.6010279046999045, -0.15575093400694054, -0.8043434791077755, -2.1163698076706394, 1.2413566971684318, 0.22062073894478423, 1.1799366882865086, -0.10554468338909623, -5.1605496980336334e-2, -0.14350341514314435, -2.2060184724962935, -0.665938445100456, 0.9426554852527317, 1.223414177348981, -0.1721264763392807, 1.5916760628468005, -0.2927167931411635, -3.625632892496155e-2, 6.2148551746845825e-2, 1.2769362243591393)
