seed <- 262
log.wt <- -14.822921087866986
penalty <- 2.8115950178536287e-8
intervals.send <- c()
intervals.recv <- c(56, 112, 225, 450, 900, 1800, 3600, 7200, 14400, 28800, 57600, 115200, 230400, 460800, 921600, 1843200, 3686400, 7372800, 14745600, 29491200, 58982400)
dev.null <- 358759.0022669336
df.null <- 35567
dev.resid <- 225555.65087231476
df.resid <- 35402
df <- 165
coefs <- c(6.5214867889361186, 5.892577557768376, 5.673401382504358, 5.392918719974073, 4.98996334295582, 4.856299094047811, 4.728917748147239, 4.649146516325788, 4.351876497259899, 4.253285305985581, 4.360556693603717, 4.1548821194671115, 4.027763361087766, 3.989869834458288, 3.764710235067434, 3.5247614018114746, 3.252208078948858, 2.9674211528301466, 2.5206413397433707, 2.086387743415542, 1.5835878320297534, 0.9423410649392461, 1.0734317989929616, 0.4232800016103646, 0.6059190698177159, -1.1769118112776584, -0.2522758475547091, 1.037831667850644, 1.095105446999614, -1.1997816162772719, -2.8451449356895724, -2.662304992296696, -0.4800039815509516, 0.7931506148488471, 1.3347255433274905, -0.40550984759345154, -0.14884658036526313, -1.586585583217878, 0.20688913776590265, -1.2418447971474642, 0.9078503305073635, 0.992548661217863, -0.8321945553749976, -1.8278551564227907, -1.4076870692844263, -0.964949161989836, -0.3745415576919714, 0.2564787560443101, 0.34015334065330544, -0.9575558614651989, -0.1731046855133303, 1.145795019822367, -2.4923573717399523, 1.6850712703848767, 0.837294823098044, 1.1536730728275848, -2.0581268423315158, -0.15794382520660089, -0.39590688303895283, 1.4497033315491215, 1.073844448033869, 0.9251397140740105, -1.5717108455813888, -0.6471058507061507, -0.5299930140564032, 0.29392352419756107, 0.601891441209016, -0.29323503725056227, -1.3735986408906502, -0.7777145887128563, -2.183227501895901, -0.797846380048888, 0.6817558784893835, 1.0922079439437036, 0.6761773784336935, -1.046203142833854, -1.4742057460089664, -0.9958657743795432, 0.10606901410175958, 0.7684967946560859, 1.172357409891129, 0.12398265555707354, 0.15396976986317362, -1.8211135887388779, -0.718519301179257, 0.21606942292903303, 1.1662359512530773, 0.481169565080262, 0.8654414413491964, -2.392268713397081, 0.44845109699357166, 0.7935942861167304, 0.951242757194963, 0.3268481158357227, -0.1480626074406696, 1.4928897547859925, -0.36456456083934735, 0.38174503536225396, -0.2859187740408881, -0.4637783851277227, 0.4811299571913156, -1.1800115841880516, 0.9885543733743087, -0.47276988983566687, 0.8510281733226414, 0.8733058681009993, 1.1178540871626235, -0.6499092825076542, -0.17158966714040227, -0.5579153594309958, 0.39374504292416257, 0.517420228734964, 1.5834867309194887, -0.49747959545230497, -0.14190689862282888, -1.0722468184824183, 0.8599945120288541, -0.21182338216971053, 0.45660761752975293, 0.5866455277982293, -0.8588221221818374, -0.29719846345769213, -1.1817137943971483, -0.20474547996303297, 0.3329355943883172, 0.901085919000668, -1.1747698514645693e-2, 1.1179048770324642, -0.43270000536276226, -0.44402571172006094, 0.3278361160266004, 0.8251096207950657, 0.6966148886723023, 0.5286390754224864, 5.4945502210615366e-2, 1.14480089752258, -0.3377362429484743, 1.148595902405691, 0.745463666515727, 1.0894215178756566, 0.8085504859009403, -0.5906767503401978, -1.2422349735162568, 0.7711851807681023, 0.3659853971314587, 0.6149862188081344, -0.26134679135556504, -0.3679448274628055, -1.9611232145416948, 1.36792333653129, 0.18689901338071563, 1.3396072241146548, -0.12280783980929473, 8.750510085746252e-2, -0.12045140931886007, -2.1309130744623257, -1.5019307910919286, 0.8173796683097757, 1.2280777258555349, -0.3553948957697923, 1.5294660879399187, -0.1237413300438943, -8.362934047106994e-2, 6.571412166492696e-2, 1.2317510408910144)
