seed <- 326
log.wt <- 0.0
penalty <- 2.8115950178536287e-8
intervals.send <- c()
intervals.recv <- c(56, 112, 225, 450, 900, 1800, 3600, 7200, 14400, 28800, 57600, 115200, 230400, 460800, 921600, 1843200, 3686400, 7372800, 14745600, 29491200, 58982400)
dev.null <- 358759.0022669336
df.null <- 35567
dev.resid <- 225583.78586752433
df.resid <- 35402
df <- 165
coefs <- c(6.704022864282448, 5.685559417246713, 5.885661658299676, 5.413855229524166, 5.076061958507692, 4.937004001000114, 4.744718842516719, 4.6636105394852745, 4.348138506996638, 4.2615148552405415, 4.283499766559579, 4.194783326117662, 3.982773764431332, 3.9835842937508072, 3.754228774652664, 3.5462174344553534, 3.253093460476234, 2.967335417194036, 2.4989051536020144, 2.0394703186382395, 1.5272249135086706, 0.8677624846641642, 1.037918708173347, 0.3573463301033109, 0.5475590707960998, -1.572950583903824, -0.24636860430082466, 1.0914185607362987, 1.1386255032728807, -1.0748544916093452, -2.551420010117341, -2.589393401249614, -0.3875905395562084, 0.7082916910946233, 1.144290101896881, -1.2128308684793168, -0.4513473974688395, -1.1887261991555285, 7.369901286634951e-2, -1.7004511791669168, 0.9812009232309576, 0.9795048446626847, -0.722040067891019, -1.7175801092373448, -0.5914519154397623, -0.7536814084134478, -0.7044703072704207, 0.25694294085551245, -0.17980027920288022, -0.716146584745606, 0.10115795228656853, 0.9598237569039294, -2.861442094131459, 1.8063654013970936, 0.7860466588243104, 1.0999124233725595, -2.259443243394916, -0.16104686250239825, -0.5748662614669466, 1.16160273865373, 1.3415650430401829, 0.8758683722279035, -2.3538007748499514, -1.1407362606031017, -0.5340712588626748, 4.793001876314536e-2, 0.7026581248557483, -0.4268662021372413, -1.618995480420116, -0.6722095995862288, -2.2697162482792104, -0.46069513400936407, 0.7653468749663774, 1.0743795131246996, 0.7095090259116186, -0.6490557535473614, -1.1503957307235788, -1.321468616983285, -3.311749031538883e-2, 0.6643753082815601, 1.1966996927647262, 7.087861309198673e-2, 0.1956751318087708, -1.663544698072533, -1.1623481594148237, 0.46810489788843934, 1.2742640089060182, 0.3486292229832685, 0.8771966312125777, -1.995432937473548, 0.4688635789177942, 0.6795839385877166, 0.8629006113471844, 0.48145387322940497, 0.42557068788585817, 1.2663120598368425, 3.218018060617584e-2, 0.30880360046024075, -2.3826420302323483e-2, 0.18722590028602057, 0.2897000691839467, -0.9537073428521111, 0.8538791793534104, 0.10021560970104944, 0.9408247177380298, 0.8051483720661416, 1.0801902153254483, -7.447913209669983e-2, -0.8453208151782754, -1.0681526738373681, 0.5566250207037556, 0.8449513216606019, 1.6003229613533314, -0.6057728730914566, -0.18410650680500382, -1.1434171893215053, 0.7612654910394437, -0.23265924033855856, 0.4539325504643439, 0.7210886009756317, 1.9648674390633114e-2, -0.339595033478262, -1.161790258168134, -2.941060007933967e-2, 0.3361453545104547, 1.0500055163901088, -0.11613505560314843, 0.930967815381452, -0.810099744621584, -0.4196517920736704, 0.1898700474206929, 0.9244802104043026, 1.1187946696489033, 0.557450057446219, 5.921846753923556e-3, 1.0015771220705114, -0.39742533295065025, 1.1453300798576855, 0.6839062775614044, 1.0318806797538116, 0.8289533774768822, -0.6984844575078701, -0.9122450109313776, 0.7369198535770037, 0.583320504037082, 0.6139922364321834, -0.14157280334773562, -0.6534551864558691, -1.883968625894315, 1.4148814629281248, 0.2016131080573771, 1.2920458384263276, -0.13709489208136819, 4.198326275575741e-3, -6.6149615027348e-2, -2.0131429017484392, -1.7695983662206594, 0.986972397540891, 1.2061819935406324, -0.2605169047880189, 1.604111599798425, -0.49278106198916394, -9.014779683806652e-2, 7.827528844105175e-2, 1.214031925147472)
