seed <- 402
log.wt <- 0.0
penalty <- 2.8115950178536287e-8
intervals.send <- c()
intervals.recv <- c(56, 112, 225, 450, 900, 1800, 3600, 7200, 14400, 28800, 57600, 115200, 230400, 460800, 921600, 1843200, 3686400, 7372800, 14745600, 29491200, 58982400)
dev.null <- 358759.0022669336
df.null <- 35567
dev.resid <- 226562.6766545185
df.resid <- 35402
df <- 165
coefs <- c(6.271059769574439, 5.826860865904248, 5.625933821569865, 5.33501843233538, 5.030795760293171, 4.816504826440932, 4.7829017123100055, 4.632135986524425, 4.385913715500629, 4.257858624614238, 4.241788464085826, 4.176863048826437, 3.9765917398055826, 3.940810002352567, 3.754234882330453, 3.5087160739335364, 3.271603503371022, 2.9381714577520985, 2.4653517183720854, 1.99906570811599, 1.5200314284026197, 0.8652546253045509, 1.0346147401636134, 0.4164307477081314, 0.6390074714129929, -0.8120837953469668, -0.35751409998595557, 0.8644471840793844, 1.0882614238515143, -1.5019915949332454, -2.37488455779054, -1.6657093699657344, -0.2989441112176918, 0.7360558153671344, 1.4634576161043644, -1.0530626603846331, -0.5239565090458723, -1.1232954652763816, -6.361305049785268e-2, -0.45164209306719466, 0.9963358487979243, 1.1411606946546813, -0.6378245844566582, -2.0786783875879045, -0.9138346535101406, -0.7430170945517081, -2.7890652085364502e-2, 0.3150944135710896, 0.6832542841640464, -0.7108531761492686, -0.26064236605725954, 0.4335877437602798, -2.898652011198849, 1.8058549504847232, 0.6836441149890987, 0.958771777108255, -1.7522784075843254, 4.657970721277429e-3, -0.8006941572796752, 1.1913620827044886, 1.2081860220661351, 0.5384533273255584, -1.002424214837974, -0.9425758567919216, -0.5966230067029805, 0.577240653590353, 0.6801793659719675, -0.47939661051264815, -0.9648980511231016, -0.6955044623357814, -2.5366766067404583, -0.6051360392498969, 0.4990859687299327, 1.0080717269840112, 0.6718682162125287, -1.1362607567126493, -1.390455496666065, -1.2159589991642947, 6.29154279350799e-2, 0.7251568851953882, 1.0042659144704473, 6.825790607562948e-2, 5.739853873976229e-2, -1.7526764044625323, -1.1318185157779048, 0.30810242263060833, 1.1544402197130037, 0.533265270175334, 1.0123476010810362, -2.151345107739236, 0.39253777542481766, 0.6893041938878366, 0.7856484664327872, 0.376295126561589, -0.11087755631175188, 1.346335349706127, -0.31954133008284263, 0.3921130081184458, 3.976027584656565e-2, 9.513863514053089e-2, 0.5142036301578934, -1.1307704471697242, 0.8762677882197824, 1.4608402201088175e-2, 0.6491531208083573, 0.7828238582013037, 1.1663050963476087, -0.4148719929244558, -0.25077278529543445, -0.6659158429164731, 0.3274507441020948, 0.6830520251091011, 1.6265312010556805, -0.8154743451171678, -0.3144717026287456, -1.3696305804657585, 0.6563705344335795, -0.24295356044944283, 0.5603438633627831, 0.3349028213303029, -0.6471050430735418, -0.6370225431181332, -1.0887265563884752, -0.4402178008771658, 0.3502540614090979, 0.9672694310725899, -3.588295367520816e-2, 0.9277177999191668, -0.6267597217488072, -0.3550480804752675, 0.3620869219757965, 1.043227757124868, 0.9243628581589296, 0.3591271556695712, -1.7504876429647855e-2, 0.9685100046953202, -0.3355439721228312, 1.1075588915114716, 0.7089744045225015, 0.9410214920903549, 0.6047551507285718, -0.7112537071382503, -0.9255602136265959, 0.7935082140195988, 0.5285108279011979, 0.5081923534882178, -0.5292413813701587, -0.16135290125108515, -1.962578210608673, 1.3793873552499916, 0.1645495864892807, 1.2560488662339668, -0.2298072033743231, -8.556839728128554e-2, -0.24250759065007355, -1.6151142891431105, -1.609213249157653, 0.8351108285907682, 1.126147089693116, -0.4459514542599301, 1.595918930946072, -0.16293148244023567, -0.20600466500134895, 8.078553189594474e-2, 1.0863289616846186)
