seed <- 439
log.wt <- 0.0
penalty <- 2.8115950178536287e-8
intervals.send <- c()
intervals.recv <- c(56, 112, 225, 450, 900, 1800, 3600, 7200, 14400, 28800, 57600, 115200, 230400, 460800, 921600, 1843200, 3686400, 7372800, 14745600, 29491200, 58982400)
dev.null <- 358759.0022669336
df.null <- 35567
dev.resid <- 225136.37934782554
df.resid <- 35402
df <- 165
coefs <- c(6.803362481934848, 6.066380612919922, 5.646336553492779, 5.334642415141177, 5.14643991396454, 4.887467298752923, 4.7943117173158285, 4.675254276074576, 4.3650450919474375, 4.242425678780136, 4.34961010042701, 4.172648102297958, 4.015605882123981, 3.9665656712126283, 3.744947463906042, 3.543214074225803, 3.273084071307558, 2.9524307639543776, 2.487283806120004, 2.013010101052389, 1.6025794416746788, 0.8962062965436493, 0.983622582128678, 0.3727282206271949, -0.4110106222124597, -1.103981343200659, -1.084491731214369e-2, 1.1645254193354146, 1.1003507818325748, -1.088679699153509, -2.3508618541771114, -2.6002365165993315, -0.20946034028816643, 0.7294191754900915, 1.3999628399778243, -1.1972032421871346, -0.41537768094506317, -1.6485864760196878, -0.22115168685714995, -0.9501157637430104, 0.9326292200954852, 1.0398021727545859, -0.9332994989835388, -1.7613966222531325, -1.0656178100291107, -0.5765585348476198, -0.3900191404025382, 0.20441190706372014, 0.4642100112076367, -0.6500898879512659, -0.3488450361871076, 1.0853208027538268, -2.9673559448411937, 1.8112527003252128, 0.7184011338700581, 1.0196590964412058, -2.3501136828843334, -0.14174868648500655, -0.8273412728846047, 1.5297656835749007, 1.2039366005376901, 0.8204941004405687, -1.7399306312300724, -0.7851322961622331, -0.48521992311778095, -6.940732915361075e-2, 0.7527560142986619, -0.1938959360303287, -1.2618030560266853, -0.7381219445321013, -2.3957861390039503, -0.331785795169447, 0.3027117343865185, 1.0431532567941437, 0.7265067682615405, -1.4414922266140928, -1.0619243260804703, -1.4236731227236576, -0.1402057538846206, 0.6755877177135254, 1.2443781784480388, 8.553773348372948e-2, 4.664978807154303e-2, -1.3260146722427855, -0.16634177954213206, 0.5801154992568818, 1.2972393033581489, 0.6169348606943585, 0.9139357417202539, -2.381756515845899, 0.5597534596663881, 0.5925183340726471, 0.718053090910402, 0.4211219945580428, 0.2969214499423436, 1.2205289394576684, -0.6669280028749968, 0.6179768701924064, 0.13556777342102957, 0.15207444996983552, 0.49180253029507176, -0.683130011847706, 0.8898522999280901, -4.137757557599232e-2, 0.7751874833196755, 0.8197614580596003, 1.13591193879087, -0.252223325378898, -0.2012567932594444, -0.9833861429961812, 0.4949229689879002, 0.6455824334126258, 1.5908254720801778, -0.2371851100649067, -0.2163914019669527, -0.7095578201014967, 0.8455140697813892, -0.32610758049245514, 0.4992865794374063, 0.34134912167545034, 6.142738781947587e-2, -0.45720476609916005, -1.3528007469621588, -0.359484708634706, 0.27365545095380883, 1.0166742864337834, -3.0444902942340143e-2, 0.977736124746031, -0.578773131474058, -0.41016284738503117, 0.4306118171655924, 0.8075882769316668, 0.654880861595093, 0.39140147984807866, 4.429564317942124e-2, 1.2285634484403207, -0.3541915016131197, 1.0702703149679802, 0.7370352551846383, 0.9062187768794934, 0.8023033054270406, -0.6896558432832903, -1.1457756188152755, 0.41380039469515406, 0.4188311530266765, 0.5074469020786523, -0.28001578366490343, -0.8316762015939394, -2.011229045938425, 1.3874028702102292, 0.21027012833606587, 1.1888501968072163, -0.15207392785368673, -6.969122110962922e-2, -3.40448244079303e-2, -1.782945509047476, -1.2450828697389933, 0.8826605076561946, 1.2550563450054308, -0.5251002178583868, 1.576721544613653, -0.44157055590256833, -0.19686487932944474, -5.4105776099879196e-2, 1.232405820669371)
