seed <- 424
log.wt <- 0.0
penalty <- 2.8115950178536287e-8
intervals.send <- c()
intervals.recv <- c(56, 112, 225, 450, 900, 1800, 3600, 7200, 14400, 28800, 57600, 115200, 230400, 460800, 921600, 1843200, 3686400, 7372800, 14745600, 29491200, 58982400)
dev.null <- 358759.0022669336
df.null <- 35567
dev.resid <- 226321.7876760342
df.resid <- 35402
df <- 165
coefs <- c(6.765639606174771, 5.451405816063359, 5.692369278517302, 5.228608809925635, 4.971148913949953, 4.853324641293589, 4.780070009229235, 4.613107246308083, 4.348264451989277, 4.2745624009944985, 4.329588254357783, 4.116109756202342, 4.008022462934172, 3.983121174591374, 3.7414226754764517, 3.532010998839514, 3.2607489573110655, 2.9888598085725784, 2.5028886853818597, 2.0086122621985987, 1.5943268779210544, 0.8384258045875569, 1.0903831340216505, 0.3731994685630199, 0.5802319025669467, -0.721916983485236, -0.47036829478896897, 0.8831562438792129, 0.942322115055863, -1.2672465920670908, -2.8437604757290194, -2.172237949326462, -0.36568298082337997, 0.7674045249694157, 1.395714581690161, -0.8991804959313562, -0.25589870629198797, -0.7616202362697366, 9.385260382292102e-2, -1.031208314446726, 0.8988154485374683, 1.1219592504491553, -0.6882424161353374, -1.5321707645470342, -0.9367406185254288, -0.6816433927279191, -0.956815078132061, 0.1712505469074295, 0.2840432285458028, -0.6559420009814186, -0.23797191472280588, 1.0221623515727947, -2.1345814838322212, 1.860498056599066, 0.9026953330020456, 0.9905923729488341, -2.3138943297778654, 4.539526004062746e-2, -0.16933308961331892, 1.1905875469704439, 1.072107542000529, 0.7452066675159608, -1.9150001668592382, -0.892117378238201, -0.4189834981223682, 0.5183210388627719, 0.6141035540600908, -0.6963969455043402, -1.1209525694362656, -0.5028380842113498, -2.3130595843363815, -0.3056858034526242, 0.6286115813391806, 0.8920731096350674, 0.7852856609285361, -0.675834825296912, -1.3448099372423705, -1.5140466078279653, 0.14632330666147023, 0.6809750703664822, 0.999713631689946, 0.17956640300829255, 0.11532571470690899, -1.651785497062997, -0.41159636222587787, 0.4204440860754264, 1.2445972101705345, 0.6638053931246541, 0.7978150854707361, -2.7509524955730216, 0.4043889123108629, 0.5572282383097471, 0.8272579432576935, 0.22379916509562564, -0.30758352594870736, 1.2403535940886212, -3.786145238678969e-2, 6.861036156557987e-2, -0.1835229172830284, -0.1153440674040629, 0.3104690079811151, -0.3885467527366202, 0.8560403889600069, 0.17739004716114545, 0.9879169252258347, 0.7964260014668082, 1.1303493501611166, -0.3796283791414266, -1.4651498309092772, -0.8732936318766942, 0.5033458209755558, 0.7419760010983458, 1.541311957461493, -0.7496777175389908, -0.2266380176018144, -1.0716249202468424, 0.7857641253056186, -0.27428288288001135, 0.6950804425931941, 0.4667223527513336, -0.8660472333916082, -0.5027824776008576, -1.07212925796508, -0.4620734436930653, 0.24385021366544046, 0.8624148120382348, -3.162837787757218e-2, 0.9207904963207327, -0.7150946127582248, -0.5318267333484776, 0.502745244440565, 0.7929920986285377, 0.9563945254454999, 0.23625869435684926, 6.818806226931333e-2, 1.0336920701681471, -0.5238672235995485, 1.117515250322727, 0.7710846516995568, 0.8946920035983623, 0.7548057753650759, -0.8132031085674377, -1.2680179968560483, 0.5013027938512538, 0.43514300848145754, 0.3846665095733398, -9.366241272526288e-2, -0.7287237441197528, -1.8217107911145363, 1.4003099980388978, 0.1442280128938818, 1.1929667548359475, -0.10571177958315697, -4.722295743323351e-2, 8.521080727291862e-2, -1.5001282261722897, -0.9199782031738963, 0.7682959014916866, 1.277385606177549, -0.4394902866444433, 1.5093691057387288, -0.21054824056713145, -4.859487224422978e-2, 5.779559608336742e-2, 1.2026184900600816)
