seed <- 739
log.wt <- 0.0
penalty <- 2.8115950178536287e-8
intervals.send <- c()
intervals.recv <- c(56, 112, 225, 450, 900, 1800, 3600, 7200, 14400, 28800, 57600, 115200, 230400, 460800, 921600, 1843200, 3686400, 7372800, 14745600, 29491200, 58982400)
dev.null <- 358759.0022669336
df.null <- 35567
dev.resid <- 226710.12179821037
df.resid <- 35402
df <- 165
coefs <- c(6.522525451247056, 5.930018300622314, 5.782499768262291, 5.372685750385373, 5.047981681275084, 4.862098306888296, 4.776976868204696, 4.679245059165327, 4.410364962151002, 4.197395638453179, 4.29400578115591, 4.146535355997768, 3.99523691698296, 3.949291967506751, 3.7441737719656314, 3.5173078276906944, 3.2425576943209315, 2.923729902781747, 2.492932399362302, 2.035936268469079, 1.7139977412292222, 0.8835487924888077, 1.0309861498710295, 0.4178039864346802, 0.559615800597097, -0.879246671695118, -0.31967031582719824, 0.9523744754594671, 1.0482967863698693, -1.3533135676642847, -2.8552040580845723, -1.8692689561202773, -0.2903846390478839, 0.7427676444437601, 1.2432923144237127, -0.8992265572329462, -0.641844587496259, -0.8245049990901319, 0.12390299873623045, -0.3766243854957972, 0.898267131390234, 0.758371761664379, -0.6204263108931967, -1.9458003550776455, -0.6928344697920016, -0.6792295074849392, -0.2729665330766456, -8.920765369385261e-2, 0.5118164834502206, -0.6224436691972376, -0.3400423141173115, 1.1130754830780667, -2.160278555306585, 1.5917747377783251, 0.8159797212670759, 0.9613620647848211, -2.126447850122239, -0.32551857375497795, -0.20001908316821132, 1.0863745919617176, 1.1758145767443535, 0.973460428864094, -2.37046799268497, -1.0713563998695608, -0.6510841952759427, 0.3424063864762523, 0.6409059622528143, -0.33643772940711164, -1.1485854370717086, -0.5624616414754797, -2.5734864869930876, -0.27405451473470355, 0.3083542595367183, 0.9670431217494727, 0.8504285195583439, -1.020960862251289, -1.3075825845815503, -1.3418809798747078, -8.705302954289629e-2, 0.6740281906317648, 1.106295192596783, 0.19872629821276033, 0.23153492265431752, -1.852936408046479, -0.5531717538170655, 0.203313610688328, 1.2958773495350528, 5.720126571105001e-2, 0.9114686971144119, -1.9929045140492394, 0.505509060661467, 0.7397337436644584, 0.8201341244546523, 0.4073528289986925, -0.18861025338599646, 1.2288502590745105, -0.3934611981306548, 0.28008261775270527, -0.14795982771192978, 3.9467219876079374e-2, 0.3912433237605854, -0.13153712135207787, 0.9549908003776386, -0.2349564032939505, 0.434155320561187, 0.8226453848453196, 1.1687084501256326, 9.912533595061514e-2, -0.7892959204814891, -1.1612297854573228, 0.5623228499404865, 0.6101001243936058, 1.5195682353481392, -0.437942862494519, -0.23087706880746467, -0.9876510432141669, 0.7657558092050185, -0.3540259557531171, 0.358272189681409, 0.5580516519282821, -0.4143093013228363, -0.6237912362949857, -0.9262902024793997, -0.5587226611979753, 0.2543539016089463, 0.8354708063413976, 3.346617507157399e-2, 0.8915215362269721, -0.6290407558833339, -0.4160339919410461, 0.29679943011849685, 0.7909108177046806, 0.6572381593078004, 0.48081096586437944, 6.711839325449662e-2, 1.150232222528927, -0.3519195526780706, 0.9847939720714673, 0.7608840799333516, 0.9182326087834135, 0.7153623124721964, -0.664499963217501, -1.2087931722547118, 0.6369971073611926, 0.41852976387061436, 0.47672169547023424, -0.11128078971194635, -0.44333337788026317, -2.017986635789191, 1.1420887306795564, 0.23266379116855743, 1.1717113137104334, -0.1541134299693255, -5.327131536237272e-2, 0.1142820720040901, -1.7026886167077093, -0.8392862822585109, 0.7297839213455066, 1.316061331508082, -0.4514531043522991, 1.4656534480390957, -0.3973273495765719, -0.15083912340433867, 1.7525029311249957e-2, 1.1997038225966636)
