seed <- 951
log.wt <- 0.0
penalty <- 2.8115950178536287e-8
intervals.send <- c()
intervals.recv <- c(56, 112, 225, 450, 900, 1800, 3600, 7200, 14400, 28800, 57600, 115200, 230400, 460800, 921600, 1843200, 3686400, 7372800, 14745600, 29491200, 58982400)
dev.null <- 358759.0022669336
df.null <- 35567
dev.resid <- 225523.0714830531
df.resid <- 35402
df <- 165
coefs <- c(6.54786006261656, 5.769497178925276, 5.730712333407229, 5.308150173449733, 5.1172946799636465, 4.820764937944217, 4.744409070885612, 4.653291237638348, 4.440510677914097, 4.310327365968715, 4.310143635465829, 4.171735456111449, 4.026119966615469, 3.9683460945769604, 3.7909141695739814, 3.5391041805307784, 3.2676210530869074, 2.952861148970662, 2.5311198649376365, 2.0949483256845807, 1.668773496912804, 0.9121792593752849, 0.8565136889128153, 0.4427623331103646, 0.7853744339345531, -0.9589951409401414, -0.3822867327037226, 0.9740773258312603, 1.1277188169667087, -1.1225551855850537, -2.3744456552945845, -1.9821875011990278, -0.2663064809255999, 0.7561734593295927, 1.3311336534184235, -1.4249182685626436, -0.2172509435181156, -1.3153613208723172, 0.20393923896300956, -0.8577044785406309, 0.8805317066078894, 0.91789762722352, -0.8177518822227062, -1.9453920699669387, -1.2857818755834116, -0.6989101506236077, -1.089901120104152, 0.16480470866840416, 0.42319989168588185, -0.8527592681467463, 0.30325719538452817, 0.8793310364139238, -3.0553070334385732, 1.724915096944685, 0.881512317415704, 1.1402610631466548, -1.5211441964135042, -1.0557314831670286e-2, -0.44063031195426516, 1.2785295863072765, 1.219304584619005, 0.744894154973947, -2.096563580776465, -1.1476926992926575, -0.416186472343445, 0.24329823061961692, 0.5130282402267902, -0.6804518637893215, -1.2991462433356884, -0.7304546913101118, -1.950184446369025, -0.346002000882141, 0.7565721321865514, 0.892579202375298, 0.6735365414395196, -0.570786619181928, -0.993173060103574, -1.0847140640529356, 1.9050402924834963e-2, 0.7001502954210387, 1.094258371512106, 0.23120615192806113, 0.2825840105122457, -1.605638655453108, -1.3910413357450693, 0.47231851643511996, 1.2128703789189232, 0.48823832462511657, 0.8865175801198946, -2.046800377955415, 0.46461176960795475, 0.6897657717611915, 0.7074487057003428, 0.3045603336528156, 0.2560225940177194, 1.2963500929134322, -0.8778588137451752, 0.6302068702242859, -5.607437914109128e-2, -0.30469684742635494, 0.4943953737887778, -0.5059701909436894, 0.8115762744474109, 0.40473544216611324, 0.7276375200684139, 0.844775026291278, 1.0902280497500985, -0.40856716403555815, -0.5360245347755009, -0.8682300566460366, 0.4287485055927005, 0.5803569867331423, 1.607202225583297, -0.5924298617689091, -0.2633546032724539, -1.4766938192020302, 0.7359870586264935, -0.2871042495346792, 0.3558824371453266, 0.8016153000167036, -0.40286958784536575, -0.6441614314151836, -1.16098568903634, -0.30247893493720013, 0.16266948961603278, 0.7566234875971048, -5.9158903012175315e-2, 0.981862907168813, -0.6381576462679354, -0.4815398284923621, 0.21844761338237337, 0.9814904191882163, 1.0659969475194413, 0.4348779650005198, 3.348885888122915e-2, 1.0347638177996705, -0.22833167620493416, 0.848176370985995, 0.6701610377145014, 1.0300399363720225, 0.695493267545275, -0.7495757345922165, -0.9812716190597955, 0.7347758675419619, 0.714199655943283, 0.5044513480834808, -0.2658331251254513, -0.5528218384095992, -1.9741257433433337, 1.16401328081673, 0.22999227512140435, 1.2404505848163434, -0.12014133209068788, -9.075226119224511e-2, 7.117545034827552e-2, -1.915202218812929, -1.5396024302594955, 0.9601791609277412, 1.1059027876030714, -0.22058607361474375, 1.5080887927512694, -0.3024544138817262, -7.52212736565992e-2, -0.10254074669484342, 1.1698528511641206)
