seed <- 1068
log.wt <- 0.0
penalty <- 2.8115950178536287e-8
intervals.send <- c()
intervals.recv <- c(56, 112, 225, 450, 900, 1800, 3600, 7200, 14400, 28800, 57600, 115200, 230400, 460800, 921600, 1843200, 3686400, 7372800, 14745600, 29491200, 58982400)
dev.null <- 358759.0022669336
df.null <- 35567
dev.resid <- 225717.71122745224
df.resid <- 35402
df <- 165
coefs <- c(6.657853002828356, 5.8715130182296065, 5.6718795230282515, 5.390830521514143, 5.1546640657609455, 4.845869120267615, 4.835593120676883, 4.639611466034993, 4.443919725618561, 4.301113102436825, 4.282124747851655, 4.193845448579989, 4.0223963397124844, 3.9728171729927926, 3.765361266043504, 3.5502565372025163, 3.2667437466356386, 2.96080552247369, 2.511030943469955, 2.10179338524606, 1.6685569663901691, 0.9460544568505939, 0.9130143086110446, 0.18465434555003346, 0.19472515086167497, -0.9395561608858344, -0.36626838501156517, 0.8979245307558484, 0.9710241883751037, -1.1599245935903506, -2.5491279109024663, -2.55186659152764, -0.3035871188000585, 0.7763594677227116, 1.235608370273907, -1.1628365318740308, -0.9033101902915597, -0.6575213304256231, 0.3937602289713937, -1.3574021416674418, 0.8877403372779881, 1.167213441813764, -0.6964087560087829, -2.638161479399025, -0.6811007807603627, -0.8194136261811233, -0.7676164686508938, 0.3738041581192776, 0.7605073097526207, -0.536138336034241, 0.20327247467190146, 0.8336360114940067, -2.4244206533532147, 1.750148674515167, 0.7239385846165611, 1.073011336626139, -2.004966571582353, -0.23594143075826543, -0.92873408300616, 1.0662951479600238, 1.042527226339954, 0.7754825381305782, -2.463792102874876, -0.9508596316799014, -0.45352029265689253, 0.5683261977807587, 0.6016795883735638, -0.5317669367399499, -1.5224796139436225, -0.5724637814480783, -1.4563816341691405, -0.780636622483973, 0.5530313447256434, 0.8539581024605759, 0.6772027523501035, -0.5487313294406398, -1.2265666115820704, -1.7672252047958297, -6.163290681932061e-2, 0.7946879535871506, 1.1583075957158249, 0.13589699174351058, 0.20446501996309713, -1.6111471799109365, -1.0326179729182197, 0.46897780548970724, 1.352695634805797, 0.4961842977357416, 0.8218981225030885, -2.6679389608258646, 0.5537671486515334, 0.8462341853378055, 0.7531476396648245, 0.32114845257691826, 0.28689638674879786, 1.3263223964623125, -0.4227907773918575, 0.22184094851265906, -0.10069803218133132, -0.2070643634476257, 0.46241464897127965, -0.410424878993659, 0.8333022193180708, 0.5379012646619009, 0.7390890551647369, 0.7971763569497646, 1.012331504960009, -0.4345690724795858, -0.39090873357040046, -0.8285177894442058, 0.4768286229849581, 0.6906250531461466, 1.5264509751084918, -0.6784174859188842, -0.13846312042888692, -1.1057922494019072, 0.7145144997079057, -0.1778749412646663, 0.360473419382825, 0.8648854573221426, -0.12494443283847698, -0.7995677102206195, -1.5276327995730006, -0.35932182231533516, 0.3376258314921048, 1.0113180427118373, 3.5086793580663765e-2, 1.106294505233317, -0.47668634863610787, -0.40500846894477666, 0.2318711259440436, 0.9395868675909288, 0.737325051719448, 0.3042461319315403, 0.22498299375398845, 1.0426961919859254, -0.39453168808357963, 1.1307523865502143, 0.699461024946461, 1.0908298584504097, 0.6954487955252577, -0.7768076587306931, -0.8651679098544026, 0.6813882769570927, 0.1796315781372745, 0.44945124682552023, -0.17253711436191493, -0.3937460527625634, -1.9750576757452285, 1.347718698572114, 0.19946973004894508, 1.3100312497899582, -0.20031025720192266, 1.0874181484156132e-2, -0.22676004020306623, -1.4477472432132812, -0.5931755545261007, 0.6873445536599508, 1.3021857264644836, -0.14394074380413344, 1.4669428176930173, -0.29154631781925533, -0.20107239537630686, 6.859690338174511e-2, 1.128623105145865)
