seed <- 185
log.wt <- 0.0
penalty <- 2.8115950178536287e-8
intervals.send <- c()
intervals.recv <- c(56, 112, 225, 450, 900, 1800, 3600, 7200, 14400, 28800, 57600, 115200, 230400, 460800, 921600, 1843200, 3686400, 7372800, 14745600, 29491200, 58982400)
dev.null <- 358759.0022669336
df.null <- 35567
dev.resid <- 226797.9762756742
df.resid <- 35402
df <- 165
coefs <- c(6.269739328261985, 5.706055617742669, 5.6794319155953765, 5.345735260910682, 4.913691518240531, 4.937960911215134, 4.669123694074844, 4.611783070096755, 4.306846817472889, 4.268454002232182, 4.202259442475035, 4.160867071756944, 3.98136361278373, 3.937877195964756, 3.743283367733939, 3.5308159037364306, 3.227736398395642, 2.944871360574316, 2.4897551406637066, 2.068796822283586, 1.4549469782206097, 0.8820233835985778, 0.9560379579706546, 0.39308432303440427, 0.5459161373100356, -0.8874516204075251, -0.3434712361019819, 1.0030566515895187, 1.045298531702651, -1.0471256105168665, -2.16694673811214, -2.1356710176578515, -0.16936855419883345, 0.7493579565320015, 1.124866713128923, -0.9238468535374528, -1.0215036096170238, -1.698647373243724, 0.12433460939010874, -1.0571510441893281, 1.0136490134090705, 0.992137391322456, -0.6264297900880375, -2.6273995553385063, -1.0940378294765485, -0.658885444713445, -0.14527845066389175, 0.10380504811349779, 0.7412774973982911, -0.47007690922201995, 0.10483373624522532, 0.9718305636337152, -2.8314711273595856, 1.7816028947147078, 0.6820793094601321, 1.2049987922502712, -2.2128827895742407, -0.12043922997646904, -0.8067550065921191, 1.517956785903097, 1.535876793373615, 0.7021662683608404, -2.0480435256737404, -1.110174416269797, -0.5372558348979932, 0.2441787922407606, 0.6244120622814691, -0.3286826531226648, -1.1590005490213444, -0.6185064857026612, -1.4471296059339485, -2.3764603662151277e-2, 0.6231109931301265, 0.9469590943028645, 0.7204863768471349, -0.5619459247521346, -1.121711954460157, -1.581623140812062, -0.12107454749330848, 0.7633745790345678, 1.214529477474782, 0.10240899614966892, -3.837937904588995e-2, -1.9208687910902202, 0.2247990612005192, 0.3811208076594073, 1.3075742020276435, 0.7547333755552246, 0.7595225632839631, -2.476573932506688, 0.392236596675869, 0.8510668672292808, 0.7726597977519939, 0.367480222829388, -3.492437196736705e-3, 1.2714113608755997, -0.5873996798476444, 0.18525124189530434, -8.475060455221992e-2, -0.7764119756101793, 0.4601249916714587, -0.14141219740736008, 1.0288245207771212, 9.111463864707756e-2, 0.8602684703952127, 0.8136408415189833, 1.0505279568105572, -0.9074856351901173, -0.5447672831925393, -0.7579872793366479, 0.4426426505988085, 0.6644144480898788, 1.5832493359013993, -0.8945065626862052, -0.30321426783647676, -1.3039205351006948, 0.7576883338850142, -0.3770015124334397, 0.29461820376729136, 0.6757500048255181, -1.2636991224754714, -0.2661987356766373, -1.1700051099243773, -0.7716753565303638, 0.3115966993633242, 0.8668381603445898, -0.13861223988837218, 1.0506210454596594, -0.793205306446186, -0.3847634677257249, 0.3498277452096663, 0.8914580209238425, 1.0838018942803502, 0.33319689797855817, -8.797219496422369e-2, 1.1113919388608358, -0.41615168665162827, 1.0748849800221898, 0.7652876973919006, 1.0021767528967553, 0.7195605060697713, -0.736206012621311, -1.1595711917478135, 0.6718083800594026, 0.6711769966117177, 0.6182918111700533, -0.19622935661453086, -0.15263669420753506, -1.8454601642333683, 1.2760827355652402, 5.7708929098601064e-2, 1.3233413629366921, -6.2462965131131885e-2, -1.9109247455616464e-2, -0.1752725057066735, -1.7493080402554293, -2.008589678171992, 0.9133757965195548, 1.2306004527220678, -7.5431566169822e-2, 1.578609632270753, -9.448351028074496e-2, -0.19427153226674188, 0.10897972276529877, 1.1662514082713655)
