seed <- 276
log.wt <- 0.0
penalty <- 2.8115950178536287e-8
intervals.send <- c()
intervals.recv <- c(56, 112, 225, 450, 900, 1800, 3600, 7200, 14400, 28800, 57600, 115200, 230400, 460800, 921600, 1843200, 3686400, 7372800, 14745600, 29491200, 58982400)
dev.null <- 358759.0022669336
df.null <- 35567
dev.resid <- 226717.81819017627
df.resid <- 35402
df <- 165
coefs <- c(6.425075668970332, 5.94801515697608, 5.749836806221966, 5.374657285566057, 5.091970386428703, 4.862475539114784, 4.652875642845525, 4.607876110900657, 4.3749992976176655, 4.189233767331183, 4.233860472999894, 4.121214640587247, 4.022678811874145, 3.9583766487437737, 3.751706781657119, 3.5040967934442833, 3.2685887399044713, 2.917792801886145, 2.503510594291139, 2.054394571695109, 1.5615266700964836, 0.9117835203522596, 1.1316106515468298, 0.47647230781727534, 0.4124533091582344, -1.3907846231533882, -0.20999510467199112, 0.9903027227692355, 1.011319060070176, -0.983668734763825, -2.8407085504374674, -2.5222336838209825, -0.36978387935905255, 0.8070098907407273, 1.342482220923541, -1.171795132352748, -0.7599686936414926, -1.2227083053289949, -3.280765716607886e-2, -0.8246079602341655, 0.905535702863365, 0.8705078488426052, -0.7781728627516448, -2.095726170545056, -0.7768764537370636, -0.6578711567914868, -1.5048237905712836, 0.5555177118298318, 0.4669212310656253, -0.6999451635775512, -0.24552389688722318, 0.8863353686840649, -2.2880088338449, 1.626289515710864, 0.8031439518522426, 0.9818059377305827, -2.259314590171301, -0.18370698157743426, -4.9761130986018816e-2, 1.4517705254085747, 1.3106062572550168, 0.6549759010568915, -1.4307633095655454, -1.099112595555795, -0.8104427127737879, -0.2689731821517932, 0.5494951876120321, -0.47235743577092587, -1.3709937338494667, -0.5320063094119604, -2.0933905305986356, 2.8294068124483216e-4, 0.46508113655193545, 0.9898689247126411, 0.540941810916506, -0.7003039937411072, -1.4448911934227013, -0.8761663735922445, 6.401091564200201e-2, 0.7571209034885297, 1.215411448797178, -1.2406262744281658e-2, 0.19076655623758848, -1.6702501376029735, -0.6514099181877637, 0.4133281902579892, 1.1621193175985691, 0.4046655934077683, 0.892229396365723, -1.9148413302198082, 0.5970356685914742, 0.7848298135407289, 0.8369943178755012, 0.2569678911386801, 0.16774164722902915, 1.0612416617478204, -0.5815117593659564, 0.8370015352101493, 2.260686380944068e-2, -0.19894528978787532, 0.3333753766064286, -0.4217828633748423, 0.8885369134604834, 0.3473576277924883, 0.7102860296823011, 0.8330420329720064, 1.2999138733358113, -0.7517542633067938, 2.409539516963901e-2, -1.0636019400150638, 0.42981626241999416, 0.5327171216143, 1.5490499683283696, -0.708521723860297, -8.551027697661204e-2, -0.9529582460761513, 0.8279936548060208, -0.30427306992148595, 0.44197345692999224, 0.550525135691453, -0.8840381385291057, -0.5342798966204398, -1.0208715731351112, -0.1801806785190649, 0.2970160222674687, 0.7623046260750673, -1.6792420155214525e-3, 0.9791071231306381, -0.7960318538726593, -0.46558239283912123, 0.5157969717907723, 0.7723403338692768, 0.9223499359631714, 0.5998315330276967, 8.074129077693175e-2, 1.0227995398969905, -0.3112384311196535, 1.014134707683182, 0.7708621046949795, 0.977890641519736, 0.8738040406764743, -0.5937963758306666, -1.4359324320267859, 0.4664219581953782, 0.5270374941133215, 0.5796997919416665, -0.43193840852620224, -0.34688801639959604, -1.692447222882313, 1.2869324018738613, 0.24272014305088083, 1.241902501488653, -0.18284822787505334, -5.916078608745969e-2, -6.377493810789368e-3, -1.740773041978374, -1.251616249552621, 0.8366140524883672, 1.1356744044306035, -0.48678181213473837, 1.5585028675419037, -0.3862148922228559, -0.20973395272284884, -2.6739012478426184e-2, 1.2913592470271194)
