seed <- 604
log.wt <- 0.0
penalty <- 2.8115950178536287e-8
intervals.send <- c()
intervals.recv <- c(56, 112, 225, 450, 900, 1800, 3600, 7200, 14400, 28800, 57600, 115200, 230400, 460800, 921600, 1843200, 3686400, 7372800, 14745600, 29491200, 58982400)
dev.null <- 358759.0022669336
df.null <- 35567
dev.resid <- 226335.52589052814
df.resid <- 35402
df <- 165
coefs <- c(6.420448271963237, 5.68051013322859, 5.558910981138144, 5.287705434231435, 5.021060637480449, 4.807613913172056, 4.719155932660559, 4.653431907802111, 4.400788235143652, 4.281777492589379, 4.302757903804048, 4.186414689190483, 4.062242850095733, 3.942893899098956, 3.7715477702411384, 3.502483815940348, 3.232596702742668, 2.9435081517132926, 2.5177775222800047, 2.049499949648924, 1.6074631959328587, 0.8714811185842971, 1.0684529071724376, 0.21593141809214175, 0.47360976329499466, -1.101649073548034, -0.30667418521063095, 0.9592723796800383, 1.1589227476783075, -2.042022663999996, -2.6307357181123687, -2.8299994757171807, -0.17843005061586611, 0.7723800875199773, 1.4001509930295737, -1.4637195959381233, -0.10951605340878352, -1.2718005482386137, 6.260709535828002e-2, -1.5895319410383282, 1.0304757971481073, 0.7178797012829112, -0.5262879268825245, -1.9839763632506506, -0.9781956881025423, -0.6585041639691953, -0.370927640595187, -0.10161224288334322, 0.27407844455401054, -0.557288554621353, 0.15270117073384187, 1.004232208361398, -3.0082876001582077, 1.7822441564315445, 0.7603635007739759, 1.1903974839484417, -1.9860263190728378, -0.26894849455572184, -0.5432772443020852, 1.2497046601182575, 0.9274389570897791, 0.7240017784763296, -2.083144935230723, -0.8935758604539387, -0.6425198107859288, 0.3184322001145207, 0.6618792610941794, -0.38997135507134856, -1.030669820622313, -0.8244071958824338, -1.8845750245614243, 9.078520367401816e-2, 0.32280373318050354, 1.0238610272153639, 0.7930002480964191, -0.7226833681292489, -1.458577908540325, -0.9560851334710038, -5.734738933500921e-2, 0.6598112420814074, 1.1120272438987866, 0.1392089241810692, 0.28812362707751693, -1.92307388185062, -0.4574277958009024, 0.3009503028222126, 1.2082897664371908, 0.506039143203129, 0.9328352091982164, -2.0782837172519892, 0.3499044972346115, 0.7680071154682576, 0.7735736593601868, 0.4993321890553806, -0.5697629709300889, 1.2820683085861742, -0.3346498414837008, 0.5282986924605757, 7.742257939921904e-2, -0.12353752807817471, 0.4441372933432478, -0.4568769807532769, 0.7178097063648046, 9.364105148590995e-2, 0.5176928757064675, 0.8189585822104284, 1.065894142452523, -1.5308358501445038e-3, -0.9819071282354978, -1.1707835493053336, 0.4906895529585727, 0.7646856602002076, 1.6450969825012678, -0.3036927545060836, -0.1560719180440822, -0.6695738912948973, 0.7219981855142171, -0.13055642707374598, 0.5321836048249059, 0.5890925872562658, -0.5651334436396165, -0.401180173413784, -1.1960794028602408, -0.38163535412580024, 0.4421945415543749, 0.8439321703390755, 2.3142158290634866e-2, 1.0340912818727102, -0.7267245476906404, -0.40034726250961805, 0.3543072080537638, 0.9639496065125477, 0.9333270428849831, 0.5797740144189375, -0.10941071873728796, 1.1557020437170744, -0.3988036634107524, 1.093706159510306, 0.743406534864377, 0.9825643398586948, 0.7151673737490646, -0.7419554036445191, -1.3515900078051781, 0.6115337755711105, 0.49849193400873537, 0.5438519197035192, -0.27640295853619506, -0.3318797361920017, -1.7690893275292452, 1.3498976403949234, 0.1519003774332513, 1.2557720452691556, -8.754210413197296e-2, -7.66419539161664e-2, 1.1020405583260017e-2, -1.5131290032883102, -0.9811156124445041, 0.8019641640302018, 1.1870017875915164, -0.3470876471443142, 1.623615739000863, -0.26913077809097863, -3.796308368190032e-2, -0.11076347465052928, 1.1471291920074111)
