seed <- 430
log.wt <- 0.0
penalty <- 2.8115950178536287e-8
intervals.send <- c()
intervals.recv <- c(56, 112, 225, 450, 900, 1800, 3600, 7200, 14400, 28800, 57600, 115200, 230400, 460800, 921600, 1843200, 3686400, 7372800, 14745600, 29491200, 58982400)
dev.null <- 358759.0022669336
df.null <- 35567
dev.resid <- 225182.04399596874
df.resid <- 35402
df <- 165
coefs <- c(6.823913156637295, 5.757387618046206, 5.548767591558524, 5.308507176762282, 5.021973252648354, 4.857410451220271, 4.824480081838195, 4.650431894485499, 4.3850757776330225, 4.333868809860235, 4.340017546709652, 4.190104622256545, 4.042768587238036, 3.996653802407889, 3.746983265830013, 3.5535281909768766, 3.2503614827144443, 2.9411912757870198, 2.4653683569588005, 2.0801496753252784, 1.5784661941743536, 0.8651641100188209, 1.1177196707092139, 0.4570970785042758, 0.5872637165792176, -1.1934614403025705, -0.3475947206390966, 0.9263560902088479, 1.089666949318275, -1.2612904288966151, -2.1665219112213285, -1.7388477075474462, -0.5416142943807821, 0.7161014013468311, 1.3336620293122, -1.091905544735694, -1.034225183756769, -1.61697260610187, 7.800109532048674e-2, -0.5221747132335653, 1.0031016894827158, 1.104984883877338, -0.5385192493808768, -2.401654194463354, -1.0055280395845818, -0.8318618011294658, -0.33112869313261595, 0.4168726969107819, 3.113069642557986e-2, -0.3279660188916794, 1.05274033674508e-2, 1.3154697929301795, -2.255186374866894, 1.6941909848907277, 0.8365126891414661, 1.17183670968448, -2.299359904987963, -0.23087947864106473, -1.016494510098591, 0.940021523821343, 0.7861641646262827, 0.8330412480234921, -1.997918155078809, -1.020056344206284, -1.0271727702634805, 0.2563697640641679, 0.58930934941928, -0.7552601216715022, -1.5382551721189512, -0.43877811658336263, -2.1576934196353, -0.7625227328087673, 0.4909210517196818, 1.0543656064372884, 0.6873761464372597, -0.8005007064263885, -1.3055847432815508, -1.2529070178732797, -7.809239562094529e-2, 0.6374948109407402, 1.1931156050213578, 8.43233736877719e-2, 0.391340046878227, -1.3383237867986464, 0.10726712514918718, 0.47440074571364405, 1.1535916414794876, 0.32216006490014887, 0.8228410421769842, -1.9034734122501569, 0.4966067517774304, 0.5928632284350531, 0.9913645897145378, 0.3513198183539979, -8.530008883147049e-3, 1.3030340745035323, -0.3289475424341675, 0.26733049281265703, 0.3968822024613488, 0.16813025080117722, 0.543743733632579, -0.8933327591792724, 0.7610514894472796, 0.49705212587605024, 0.9310606772098187, 0.7983960088456282, 1.1598307023728, -0.6084929976593992, -0.4309588854102931, -0.9128350958325373, 0.40820709328901794, 0.7954993139514416, 1.614960699973901, -0.6155316616520077, -0.26753488804172526, -1.0216244056148154, 0.8610694332787322, -0.1983209338315607, 0.5009813309590937, 0.6854725574734192, -0.33327342626297085, -0.4641920611154535, -1.5075897353697036, -1.191295410906468, 0.3813672186839218, 0.925411330693873, -0.13608043239104012, 0.9203031858736783, -0.411621240230911, -0.3794526281462504, 0.36675117826506803, 0.9483943121343595, 0.8520434788422732, 0.4243962359320639, 4.616216566446044e-2, 1.2141942730357724, -0.3533522362213987, 1.0481729217230227, 0.6708073479154122, 0.9430910858479736, 0.8111850172347619, -0.6231873883497261, -1.231587855531639, 0.6847795704140397, 0.40950715004133076, 0.5892181933539421, -0.14181286595731107, -0.6842435653313438, -2.0986570006293377, 1.2527213923243505, 4.279616665280788e-2, 1.134572761802069, -0.2824121512651056, -0.11282436557175618, -0.12485047121521749, -1.6344267517592637, -1.1368923455193507, 0.8726746999710662, 1.214167729025324, -0.523539045723475, 1.5842717919940132, -0.35531599772229244, -0.21033491769773777, 2.0172520837067904e-2, 1.290995480109063)
