seed <- 1069
log.wt <- 0.0
penalty <- 2.8115950178536287e-8
intervals.send <- c()
intervals.recv <- c(56, 112, 225, 450, 900, 1800, 3600, 7200, 14400, 28800, 57600, 115200, 230400, 460800, 921600, 1843200, 3686400, 7372800, 14745600, 29491200, 58982400)
dev.null <- 358759.0022669336
df.null <- 35567
dev.resid <- 224425.07038777435
df.resid <- 35402
df <- 165
coefs <- c(6.748153576595693, 5.693988435901145, 5.892167425315174, 5.329077824666312, 5.14954426301149, 4.952387240123476, 4.890911136449228, 4.6869257560023705, 4.419706739116133, 4.285912387958064, 4.354616047713653, 4.1716915533413115, 4.023268413112408, 3.9842031380434575, 3.7679454993388637, 3.550336123360053, 3.285845827674901, 2.9614060017750403, 2.4869938504160793, 2.0699258980297235, 1.5531648449455537, 0.9377479577125913, 1.0052729206771585, -0.12261432977964777, 0.22831709337259884, -1.030023375961198, -3.7690677400014465e-2, 0.9437728975919278, 1.0827988121183214, -1.4673147604110601, -2.4560485270971792, -1.988318016125544, -0.5280419230743718, 0.8707187264558351, 1.289199546232518, -0.8847926283058939, -0.28102511294747146, -0.5531811360553659, -0.10617659266846659, -0.21707802574745047, 0.9104998076394509, 0.8397853504316799, -0.6782755613280855, -1.3494842041728057, -0.7141458054631685, -0.8871808772940909, -0.6936476528273516, 5.496306354190688e-2, 0.2427194179878627, -0.40872613393773133, -7.38128352447049e-2, 0.8912582648994548, -2.1580438725866764, 1.689037869229348, 0.9601610223528765, 1.0014445485347343, -1.967406998297618, -0.3096129752994791, -0.5358750853113257, 1.2678551434778684, 1.0305040819365296, 0.6155541488038081, -1.662642547535808, -0.8440931410182753, -0.7817929907327354, 0.281314774781821, 0.5712328086727445, -0.560550931809828, -1.5326064097166083, -0.5891580246981712, -1.882099263882231, -0.5599729349110408, 0.1724045777678714, 0.8917476249146099, 0.6215522571337901, -0.8235832664826327, -1.4081243302165278, -1.01110604082175, 2.9336571256625334e-2, 0.6114352850634142, 1.1317723995222946, 2.146563232595755e-2, 0.18971873884400758, -1.5763517852046536, -0.2354120873844878, 0.2861388207238043, 1.2470435273995841, 0.4162111039644107, 0.9155881732571951, -2.1604825357063095, 0.5930127003886868, 0.639739033500358, 0.7595188884978994, 0.3694962836877355, 0.2515642398675932, 1.0996572306490977, -0.17424395068701523, 0.328205398190049, -0.16049269855190026, -0.6407970741761684, 0.3758428229095197, -0.47939924603983286, 0.6327943648659762, 0.15462736881578143, 0.897124493223837, 0.8902675560209408, 1.0207677934740682, -2.047350276105738e-2, -0.5178310285778771, -0.9673125315032076, 0.30815282231740937, 0.5701359176618006, 1.5790162689047782, -0.6055610358766745, -0.29048049268532766, -1.34203006464426, 0.7898017268625169, -7.753653829771238e-2, 0.39708330567346406, 0.4671343657304767, -0.38793846452249486, -0.4748006211738698, -1.1157009481886655, -0.28285800315289267, 0.20032795462609018, 0.9358167625207038, -3.991714044402721e-2, 0.87031121257115, -0.600626879594286, -0.3416150086578853, 0.3239487945061574, 0.7728285687078542, 0.5061481166807049, 0.33388826233393976, 0.11286676696774695, 1.0162544665048239, -0.3082182638389798, 1.1016526125776258, 0.7383259394712154, 0.8376328691629096, 0.7618586704080703, -0.7436277218905688, -1.1406454871314229, 0.4467425953157555, 0.23397144361443367, 0.3375785262458435, -0.3405153135217962, -0.6608053415710391, -1.9724044561389054, 1.2153829868774269, 0.10161629082055151, 1.1745057226774733, -0.21642141343016866, -0.14096501006505147, -0.22528785012262995, -0.944975786460689, -0.8176140872406548, 0.6409310174193205, 1.207416239292809, -0.36841779847395406, 1.5645100740583822, -0.33912673756300715, -0.16175797627400473, -4.9312823573538084e-2, 1.2191732510616178)
