seed <- 1019
log.wt <- 0.0
penalty <- 2.8115950178536287e-8
intervals.send <- c()
intervals.recv <- c(56, 112, 225, 450, 900, 1800, 3600, 7200, 14400, 28800, 57600, 115200, 230400, 460800, 921600, 1843200, 3686400, 7372800, 14745600, 29491200, 58982400)
dev.null <- 358759.0022669336
df.null <- 35567
dev.resid <- 225389.0264698653
df.resid <- 35402
df <- 165
coefs <- c(6.36379950613225, 5.793151188185398, 5.659159659045691, 5.2842261376435316, 5.164359489555174, 4.7538843055947755, 4.787241640674268, 4.696007827304361, 4.412602553938479, 4.33942964531781, 4.329255137403532, 4.155798038493086, 4.026529604271629, 3.954992224166652, 3.7747796665671265, 3.545067865299487, 3.2758821762623214, 2.9625069654469, 2.5127611232597946, 2.051254443731486, 1.6601553782346963, 0.9268517830996603, 1.0382003695075999, 0.39420508439434915, -0.5425573934823856, -0.900943270967635, -0.5477474554043482, 0.844394257767798, 1.104937659292129, -1.6721117770883818, -2.1537467157749535, -1.8577818428270139, -0.6929670147431701, 0.7275751131424686, 1.3726860734143078, -0.8903868075009796, -1.8198440133987286e-2, -0.8636550778241517, -9.250442296910273e-2, -0.38801953716841353, 0.9066401549255159, 1.0972347929022743, -0.674315960829923, -1.7095284724266886, -0.7078438533183686, -0.6219213214674972, -0.6290151750913092, -6.917938324844447e-2, 0.6261832269136042, -0.6958587641694179, -0.3446814635211541, 0.8491501593935354, -2.5631952616381284, 1.7338197421852657, 0.7161772691274706, 0.9186680536512877, -1.7720937537007166, -0.23948872504405172, -0.5261530780459038, 0.9553436405720197, 1.1038176771071504, 0.7523885349448297, -0.9638240901172, -0.6777462028471204, -0.48044281131478717, 0.3349619507598003, 0.6184807852090206, -0.43087380445161255, -1.6915626389356362, -0.6954578506723842, -1.8182192002362851, 2.995156570205312e-3, 0.37059145967600526, 0.807373894682183, 0.6111698622472236, -1.304219138745399, -1.833492639291011, -1.4679584839091413, -8.282428378100867e-2, 0.6304811459504209, 1.2133702952337249, 0.1528989681211162, 0.17847413823833358, -1.2379526354796746, -0.9344319478241802, 0.3781103999903467, 1.0940018933917715, 0.3946539700337133, 0.8356920149631019, -2.1534579271158365, 0.5552290702061666, 0.781033106001067, 0.8125950074368834, 0.4235641372332221, -0.23946099437310542, 1.2086732228976906, -0.3755861858231691, 0.5944862779996032, 0.30171256580454875, 6.68603174402654e-2, 0.5178213226367872, -0.45734600993910146, 0.7842842098634262, 0.21574778379802237, 0.7819413781945985, 0.8681068487948325, 1.166561327726941, -0.25398601936340814, -0.39410113718288775, -1.0830247356012186, 0.3658748154909568, 0.4056256375668459, 1.6388660479110624, -0.4737738043908874, -0.414484879442233, -1.3449985488472345, 0.7445013240651392, -0.3590913871846798, 0.32711623809194373, 0.39425028682865376, -0.155870716228929, -0.6298007381350533, -1.314984578159113, -0.3472546805093354, 0.3461304730041985, 0.8787944129409219, -4.801672491522372e-3, 0.8559102888018417, -0.734949489953128, -0.345956497573685, 0.1893549093942421, 0.6388488126281137, 0.6687327294209819, 0.39626412585747256, 3.8667888541116476e-3, 1.1627549357515894, -0.20563384163457457, 1.1419353955119798, 0.6081736378868288, 0.8327963279333864, 0.7921469162352728, -0.7822366231881925, -0.9381692485777676, 0.5325630187473182, 0.3540418313200017, 0.3727416771056109, -0.24473807696798972, -0.5114401473469943, -1.8474464420994945, 1.2677018167237806, 0.1649572045639873, 1.1505738877384981, 4.138118381958877e-3, -5.484444526093739e-2, -0.12137536004898625, -1.675374377045848, -0.7026211037622128, 0.8719176761173891, 1.1318541613501916, -0.4947595713364655, 1.5801233232450715, -0.22980010858076405, -0.11712866453727723, -4.202792532188129e-2, 1.2507237111033642)
