seed <- 388
log.wt <- -14.765568752681542
penalty <- 2.8115950178536287e-8
intervals.send <- c()
intervals.recv <- c(56, 112, 225, 450, 900, 1800, 3600, 7200, 14400, 28800, 57600, 115200, 230400, 460800, 921600, 1843200, 3686400, 7372800, 14745600, 29491200, 58982400)
dev.null <- 358759.0022669336
df.null <- 35567
dev.resid <- 225839.42444579213
df.resid <- 35402
df <- 165
coefs <- c(6.550141216560317, 5.69398302759144, 5.737026995955101, 5.36796572247265, 5.08793859363608, 4.8124804996502, 4.796119332335665, 4.566830409004687, 4.3568930259651415, 4.245913063116518, 4.310226102790033, 4.172887327734555, 4.023558886058883, 3.92806295613873, 3.759643852295582, 3.545490008295864, 3.2514978140877537, 2.9678041296805224, 2.5056432888783062, 2.0685855603448142, 1.4639670292639888, 0.9303763894294369, 1.0338006062624137, 0.4989930341819212, 0.27165012435459546, -1.3916889459938702, -0.10742306298356612, 0.8997882874476313, 1.0712969995434223, -1.3682172908234467, -1.9950354464462776, -1.870301214646442, -0.40415556897500254, 0.7429352613027185, 1.2346505110303416, -1.1647613196234101, -0.10083569925539874, -1.0702547666778353, 0.1939908812044954, -0.8068584236026289, 1.0116104902298824, 0.8679882570919666, -0.7587384072490185, -1.2425618260145206, -1.326245070548593, -0.8715769258963774, -8.97130060508557e-2, 0.49970377179770836, -0.37008352305744086, -0.8076383591338302, -0.19301869371928418, 1.1331344962851193, -2.4603824443972693, 1.6932840371938604, 0.6815247678710914, 1.0651863560632902, -2.0937031399134827, -2.951124712594848e-2, -0.4458151993897685, 1.3337372051748848, 0.9329094831873693, 0.7611635720662379, -1.5935181968341043, -0.8849833042943637, -0.5656365987672839, -0.373648252483492, 0.5006853639534624, -0.5751224255505898, -1.2470049389454767, -0.7739973007932134, -1.3920321450745914, -8.579028084523986e-2, 0.656483608207971, 0.9116738093267547, 0.7866864415325515, -1.3762293533307084, -1.3088443189305274, -1.2705463428725325, -1.6890794622043376e-2, 0.6530207411838285, 1.2025494865374415, 0.10035850448588382, 7.815387551987736e-2, -2.1202396604076617, -0.4677470171489987, 0.43573472825783843, 1.1996325644590904, 0.5025414792891586, 0.9194092366298187, -1.7349297714756442, 0.4673722028079604, 0.6273780238430702, 0.8250403776828173, 0.42769783960914864, -0.4680668795323994, 1.23371603812717, 0.17038558560598763, 0.33276142496386385, -0.13990705705640308, 6.105331519289363e-3, 0.22383134018249695, -3.0269398252272945e-2, 0.7994961122669779, 9.338835018843132e-2, 0.7174892462633118, 0.8256110711374441, 1.0864045512930942, -0.35484588670391143, -0.33780619386982813, -0.9665676048103213, 0.44725395756814157, 0.4873486204209692, 1.6527051964199726, -0.6840536114823342, -0.2648513414961776, -1.5518716964723993, 0.8027183284850704, -0.274294283482084, 0.48845896649472376, 0.42299912903901593, -0.27610407548581084, -0.192489505720237, -1.4259116939752723, -0.5950621700524427, 0.3314379878662319, 0.8220522641060999, -2.2198363820115447e-2, 0.8881889199059799, -0.41917169387511427, -0.43602186977569823, 0.2141216696690093, 0.809579353296459, 0.803986380705699, 0.46097079176904854, 4.42183448628984e-2, 1.1160360573617565, -0.35963186115878526, 1.0342560284902274, 0.7419586014232189, 0.8786587826816701, 0.8443814314442641, -0.5805652708098085, -1.5908807528090223, 0.6490720298655884, 0.3535857119665989, 0.5136403726141212, -0.34579270662046435, -0.2234404124460027, -2.064673363192963, 1.275780728847403, 0.12955546690439126, 1.1454477425030891, -8.42287583434155e-2, -6.101216808142687e-2, -0.14908219741273387, -1.7221634139025763, -1.636424385210768, 1.0126944833381424, 1.133789221561811, -0.258380608597796, 1.5488773355748444, -0.23169664833991382, -0.262878161593563, -0.11141175368544236, 1.1823303001881393)
