seed <- 223
log.wt <- 0.0
penalty <- 2.8115950178536287e-8
intervals.send <- c()
intervals.recv <- c(56, 112, 225, 450, 900, 1800, 3600, 7200, 14400, 28800, 57600, 115200, 230400, 460800, 921600, 1843200, 3686400, 7372800, 14745600, 29491200, 58982400)
dev.null <- 358759.0022669336
df.null <- 35567
dev.resid <- 225927.56993659848
df.resid <- 35402
df <- 165
coefs <- c(6.568627113947181, 5.895865117444281, 5.7134593642717935, 5.450349603929379, 5.102348503320325, 4.91296858351231, 4.7365836313242635, 4.664641555148134, 4.373095431454085, 4.259750262306998, 4.29059953205383, 4.135797926851842, 4.042772453290538, 3.945206958243961, 3.766890295111373, 3.5433282738542635, 3.247375615329833, 2.930475967709244, 2.5337095194582884, 2.098249368854006, 1.6061477394011656, 0.935101532653005, 0.9699463437879557, 0.49537262808577437, 0.5181655351615444, -1.1320110619669121, -7.056708651526442e-2, 1.08230104004266, 1.0568954965764963, -1.0437030483748746, -2.286112071917382, -1.692846855351219, -0.35637571119665473, 0.7958913599020042, 1.2170662955475025, -0.7238605855979348, 0.34329684852376424, -1.634623726950016, -0.14085674413969868, -1.2676573812648062, 0.8969819539085357, 0.9333010208161059, -0.727187977397379, -2.423623671883585, -0.8402392049820928, -0.49435073216759606, -0.4429539624278292, 0.30148220795662234, 4.22390744048455e-2, -0.8381456878630893, -0.5402906742626921, 1.166406234143602, -2.5920131736465555, 1.5953653181791148, 0.8510351947739934, 1.0289183055841244, -2.1505861800240775, -0.4398403616393417, -0.5997224286964342, 1.0363300871976227, 0.8753842690565066, 0.8870647555997861, -1.6219753928696001, -1.8039721894207104, -0.4405108139893081, 0.2493534441274526, 0.5767571547770679, -0.6125303353174887, -1.599047757873653, -0.766030878203586, -1.9522894035822678, 0.17572101715759025, 0.3602051750468455, 1.0757641801101032, 0.7173073913423857, -0.46655435893589586, -1.1848440251653325, -1.1725003993209862, -7.794490140738886e-2, 0.7851945782444578, 1.185593865691623, 9.924808940099203e-2, 0.22030137457971005, -2.0120614242115296, 3.733912729411947e-2, 0.5325343142291467, 1.2088265517762915, 0.5590717448432572, 0.8589416896514515, -1.8810837343132887, 0.43324012654901317, 0.6641085802369663, 0.9111431832995943, 0.44132645488824096, 1.0646108117184389e-2, 1.3958604178855578, -0.38812872465453574, 0.5999005817463307, -4.187482609475826e-2, -0.2913594338182939, 0.3200835690334093, -0.3044461102406777, 0.7826593108116094, 0.39958345681603025, 0.8136303608982124, 0.8686697770522782, 1.0567324119468036, -0.21406813000303443, -0.6509966757905318, -1.2925623441051464, 0.3913103640567529, 0.7993304166914303, 1.5781866834485674, -0.7737237435355196, -0.2860672130093109, -1.279939880444046, 0.8006329357353965, -0.3319520817427652, 0.44519593876758545, 0.3064584885278853, -0.6834058117841777, -0.19503556730875937, -0.9957989799744883, -0.5897579532715184, 0.3738218063706956, 0.7520086177732564, -0.107511684474857, 0.9011566517184068, -0.7353910921429183, -0.39059475802003696, 0.2935458000440997, 0.8144165766971566, 0.7251991190998854, 0.4786448599172611, 4.4238905265318464e-2, 1.220636738981755, -0.38490641587843905, 0.9221838329818405, 0.7581517115998704, 1.0458510907298435, 0.9259137256771592, -0.6211935514737369, -1.0972909442160488, 0.47557848898591676, 0.39647132781374655, 0.5955719415309779, -0.163584729464553, -0.4149777995800053, -2.0315632236951715, 1.1804018102904612, 0.1834295532842455, 1.2176853836767405, -0.18166820857716648, -9.627485064952444e-2, -0.12117753386826222, -2.05122977268164, -1.575769264172035, 0.9228977550602754, 1.213265220880176, 6.532941588525694e-3, 1.5489264533858986, -0.4571570083830578, -0.10044920358945439, -3.355730401030443e-2, 1.226394083494474)
