seed <- 934
log.wt <- -12.719084024283454
penalty <- 2.8115950178536287e-8
intervals.send <- c()
intervals.recv <- c(56, 112, 225, 450, 900, 1800, 3600, 7200, 14400, 28800, 57600, 115200, 230400, 460800, 921600, 1843200, 3686400, 7372800, 14745600, 29491200, 58982400)
dev.null <- 358759.0022669336
df.null <- 35567
dev.resid <- 225298.69724643466
df.resid <- 35402
df <- 165
coefs <- c(6.524719896429687, 5.778708325013243, 5.837880382616404, 5.291995388579661, 5.0659966329069706, 4.8163632191533665, 4.790013743756268, 4.610547609439553, 4.377553371033628, 4.260158022456071, 4.333147667437325, 4.154203283669964, 4.037318361254608, 3.9793178460841525, 3.750539008875755, 3.5482413155993955, 3.255503048164792, 2.943586328538133, 2.505976868004318, 2.028191655972771, 1.6607399833156822, 0.8831765176111991, 1.0645269514395108, 0.47520352661789417, 0.36104539305307254, -1.8112124140038786, -0.2466681832650083, 0.948427370064473, 1.061424124520313, -1.0093809328560097, -2.203130436585062, -2.5441064028421496, -0.6005826198772896, 0.7640678984511149, 1.355544773281593, -0.8539583782360568, -0.6498955955604566, -1.4758868635102853, -0.1167643348237509, -0.5866941559012335, 0.9526684322323609, 0.8381308274107439, -0.8509330247090126, -1.372290729695676, -1.0650696245429376, -0.6232600292140585, -0.6373398055440399, 0.3056831667866331, 0.6099176072361365, -1.3553938089489066, -0.2587003468940852, 0.9908745549954193, -2.692825994721789, 1.6450689198564195, 0.7131901720666128, 0.9472395148003666, -2.056103213751745, -0.18516761936193768, -0.36509542635602316, 1.2241961333028704, 0.8468823797983108, 0.8474242241077135, -2.1591897315134188, -1.0747711870880718, -0.740703003366401, 0.20196808335943955, 0.4951306216827931, -0.4430343970628107, -1.0863549522966758, -0.604927142624714, -2.3353839300605905, -1.1345825342397104, 0.4470845335634437, 1.2744333032356425, 0.708809877728374, -1.1809272950009209, -1.2860950284459969, -1.2595159739514175, -2.9143787993013565e-2, 0.6371290365228438, 1.2573024892963955, 0.12523587541800382, 0.3293201069474554, -1.6001039723477437, 0.10689639619184292, 0.6150241974784372, 1.2597098434841707, 0.5115045218511876, 0.8317478231897208, -1.798387690392851, 0.3849201905056504, 0.8969021901293457, 0.8630962419589973, 0.3999297225414175, 0.15196553751479266, 1.406578413756912, -0.6804745518364459, 0.640560701187964, 0.1899989370522419, -6.877916461533522e-2, 0.43864705481276467, -0.35258110804263953, 0.8451306317516912, 0.13933935489759355, 0.6574604221568099, 0.8113609808479947, 1.196252055996795, -0.13680148231420095, -0.4604381947288683, -0.748220700122871, 0.5183325537724768, 0.5022031934569666, 1.6141133003736696, -0.6301979415504895, -0.37790984723583076, -1.3025737200910652, 0.8105376155482372, -0.38991682461755595, 0.42973651514848193, 0.4519921556037948, -0.48307396933728, -0.38895952371631615, -0.9734414414455823, -0.3222757645258303, 0.2919214739135781, 0.8160199512286392, 8.107620773950519e-2, 0.9295028234424388, -0.5785934336444534, -0.35317803585498136, 0.2984212454714733, 0.9063887390189729, 0.5798395574851751, 0.6796764440168229, -6.883072467976771e-2, 1.112132196626286, -0.3318235861715014, 1.0268542357987622, 0.7586518953194612, 0.9419919202166712, 0.7912448352942087, -0.6937572650053611, -1.278999461921296, 0.6149081174959585, 0.20327460804780437, 0.6468521735005441, -0.10360145275133398, -0.4156127209832103, -1.652306441168233, 1.1733313932818052, 0.19761212161943606, 1.1800237704227206, -0.2076563771720845, -0.13356407819119676, -0.20894856191810507, -1.659503885445336, -0.8810581639127479, 1.0757022667750837, 1.2503450033356842, -0.4160815488797363, 1.5132318448316637, -0.651309764142479, -1.4594744162303424e-2, -1.0123360740257973e-2, 1.2147186170304467)
