seed <- 912
log.wt <- 0.0
penalty <- 2.8115950178536287e-8
intervals.send <- c()
intervals.recv <- c(56, 112, 225, 450, 900, 1800, 3600, 7200, 14400, 28800, 57600, 115200, 230400, 460800, 921600, 1843200, 3686400, 7372800, 14745600, 29491200, 58982400)
dev.null <- 358759.0022669336
df.null <- 35567
dev.resid <- 226641.6069143398
df.resid <- 35402
df <- 165
coefs <- c(6.365385589609669, 5.684657728982321, 5.720351344947769, 5.3614619925048, 4.979065308840647, 4.910852592174592, 4.754296541450388, 4.6920123277368155, 4.369649705465031, 4.2646376264254915, 4.350603815166038, 4.13675395116954, 4.0038919017883075, 3.9508025757366005, 3.7311581107389213, 3.5029864623111107, 3.226747047514116, 2.943426905899262, 2.4506129313149545, 2.0730524509386075, 1.619730607472598, 0.8907317816623543, 1.081792127687638, 0.7019581452464785, -0.5394429405009055, -0.9081310022939326, -0.3922142389384855, 0.8441650361370469, 1.0193824839670746, -1.0701624412532287, -2.4668431224297422, -2.5885174255944214, -0.2747296689350614, 0.7614328924070116, 1.2716968090834182, -1.1395574974581568, -0.41265275171043997, -0.8449430060096828, 0.13513158570706704, -0.6332881657131831, 0.9431191183256825, 0.7786802816418791, -0.6252908675552856, -2.489239708307263, -1.056773772638954, -0.8996916167529543, -0.5176669464923125, 0.21871343408657498, 0.6552556471752659, -0.2537552179625423, 0.1238157717469106, 0.8623133269150898, -2.6610615514335545, 1.6525120146350156, 0.7985804590554285, 1.1157177364891366, -2.6002136123820607, 8.86922523812264e-2, -0.7025830709958492, 1.184650314409994, 1.1339113354015056, 0.6322553397741002, -1.6722709908936024, -0.7276509748155487, -0.3265792454138698, 4.119543025991706e-2, 0.48948795384999505, -0.6662310412947413, -0.962406897558458, -0.6111180215662926, -2.4611094641041626, -5.697010058487816e-2, 0.47645041200403493, 0.8823366801049988, 0.5520833900480875, -0.9669260355131627, -1.6477678622871852, -1.4644162072058875, 0.12460178074989936, 0.7527763161749287, 1.19138438407913, 3.000867047530834e-2, 0.30082398683675626, -1.839038963617939, -0.1361248946770129, 0.13711791314730543, 1.2803288486679887, 0.5501698467088072, 0.8774320913396849, -1.4977879649187993, 0.4174375769871298, 0.8209664433523668, 0.763707616192951, 0.34347620714732774, 0.3266754501649384, 1.42036963513136, -0.44020547078712263, -0.11756889603776143, -0.16523096820060051, -0.6393800719821985, 0.5243927418317447, -0.16620111854423936, 0.8773602347843803, 0.3834378129272474, 0.9085082126265115, 0.8655113918550529, 1.141530159326122, -1.2597481639955397, -0.14787082896710985, -0.8721147403395249, 0.3882952522340226, 0.7004903242188113, 1.5912282579505832, -0.8576905455599937, -0.26845083465294545, -0.9568009711491297, 0.8103774145830864, -0.44257173979403513, 0.543501385048216, 0.8437122949847123, -0.6199097684121141, -0.3765235212414089, -1.2100538092394915, -0.3438514210423371, 0.30687046816725155, 0.9184525985785656, -1.9095323425142467e-2, 1.0818851336756552, -0.6737699403121419, -0.4018076107864303, 0.22126160315737445, 1.1050894942235479, 0.7542245374586583, 0.4369799591283295, -5.9692759847833725e-2, 1.069014674380391, -0.253755805226991, 1.041859802102159, 0.6922623581707469, 1.115188169356743, 0.7751837955885728, -0.6418176574336922, -1.0581662861613863, 1.0625563799704119, 0.3103870849308408, 0.56990574436835, -0.18870443737311066, -0.6076892763003551, -1.949163683157109, 1.2348600029928194, 0.14493095545822454, 1.3065543533671717, -0.10496410165637901, 1.7153450405057207e-2, -0.1477557535507619, -2.241734972396608, -1.034022361915607, 0.7144407473617144, 1.208512356088928, -0.1073672629933765, 1.5759029859362865, -0.6113018527282067, -0.16498117099280957, 0.12426318100240319, 1.2236965704127827)
