seed <- 278
log.wt <- 0.0
penalty <- 2.8115950178536287e-8
intervals.send <- c()
intervals.recv <- c(56, 112, 225, 450, 900, 1800, 3600, 7200, 14400, 28800, 57600, 115200, 230400, 460800, 921600, 1843200, 3686400, 7372800, 14745600, 29491200, 58982400)
dev.null <- 358759.0022669336
df.null <- 35567
dev.resid <- 225250.36893659364
df.resid <- 35402
df <- 165
coefs <- c(6.8441695019623685, 6.077092366651921, 5.710628633915256, 5.412339106204137, 5.122318584224753, 4.788785095421756, 4.781682375539347, 4.705977216725189, 4.3647726929093675, 4.287388802545152, 4.385725626226845, 4.170007792235929, 4.050452808493773, 3.956751023771617, 3.749227566217116, 3.530554103021702, 3.267008399317362, 2.9573962658366435, 2.5338687262421216, 2.057195907438278, 1.512244024447075, 0.8845568368930621, 1.0137370008383744, 0.4001404961470301, 0.3815593979949558, -1.0049310988020457, -0.4104705644833552, 0.8669563288790371, 1.094134491419423, -0.8565236224648074, -2.1638795739607843, -2.042759403395949, -0.5835120289706973, 0.7871661385587065, 1.2155224356695777, -0.9365733249352112, 0.7397772339177303, -1.1398365110942195, -2.0374447728835995e-2, -0.85130275591348, 0.9943037009247143, 0.972552153231957, -0.9127273669869249, -2.168875132452829, -0.7684348024326351, -0.7294380878572893, -0.6718429152406452, 0.13789087148948068, 0.15481437791904235, -0.5278812352040184, -1.412699194107955e-2, 0.9408802928813661, -2.6497690263572515, 1.5391233693692485, 0.8499231864985792, 0.995333439396862, -2.093096763273016, 6.843014610563998e-2, -0.3353039706453478, 1.4245615190722076, 1.3544608468839328, 0.5469872445172211, -1.9326565460840446, -0.2566455738258787, -0.7356976089146176, -6.514625373953131e-2, 0.6641289244516816, -0.5759032230912079, -1.2638585520714376, -0.7705824511218603, -1.8785214329238489, -0.20878691075287986, 0.35371122992270587, 0.9061992345416392, 0.7614287803176388, -0.8914916792810936, -1.236568327064564, -1.3348450738714959, -5.909857396132803e-2, 0.6782628943023021, 1.1771775386964354, 0.11220731757976875, 0.2388944747828044, -1.6862475759459454, -0.9629666996652465, 0.33808827044243556, 1.3299781220124827, 0.44222847833489426, 0.9544471960107321, -1.8800465417410397, 0.346476714155081, 0.7181482193661229, 0.786292881627883, 0.30247660787239244, 1.2124209026786144e-3, 1.2388706867052097, -0.6488534615165555, 0.3059949257464667, -0.1851198166545498, -0.7244199521704636, 0.46900797349290574, -0.25641844964773813, 0.8195338121923791, 0.34814944744825665, 0.5619595458605933, 0.8334689102610995, 1.1268296556095563, -0.2276369755836359, -0.5032852620548995, -0.8580940270036498, 0.5056353328534803, 0.5927098922782533, 1.6542981495137339, -0.7099712069202894, -0.3087217499664784, -0.8858535732407398, 0.8026947214712967, -0.32313486483660614, 0.5439024861399748, 0.50970460182215, -0.4520560315372983, -0.30711085048115516, -1.199640146537981, -0.45082925551769404, 0.3047366957600779, 0.7794750646852999, 2.367439050945167e-2, 0.9528163651517131, -0.42961063010785167, -0.5367436257949972, 0.32134745106765933, 0.7308806636225692, 0.8090846706994228, 0.3812321623010534, 6.111179158156725e-2, 0.9555518447573794, -0.24676296151145954, 0.9407030927664015, 0.7469224557946346, 0.8886280590583725, 0.7812935001346852, -0.6038515012818251, -1.4653807666621577, 0.5837639365469107, 0.315218326395933, 0.47286268230522227, -0.13469334414485298, -0.5246273000177919, -2.222619954751839, 1.0894425153392555, 0.1669790442674191, 1.1813631869750543, -0.1890902509541862, -2.455542637818796e-2, -0.11039683953863805, -1.966567988187878, -1.5414646289597298, 0.8864892027310326, 1.2389278308094398, -9.90103204045295e-2, 1.620489671478293, -0.21834504700740254, -0.17321126299367595, -8.93102795181162e-2, 1.2181848400189035)
