seed <- 670
log.wt <- 0.0
penalty <- 2.8115950178536287e-8
intervals.send <- c()
intervals.recv <- c(56, 112, 225, 450, 900, 1800, 3600, 7200, 14400, 28800, 57600, 115200, 230400, 460800, 921600, 1843200, 3686400, 7372800, 14745600, 29491200, 58982400)
dev.null <- 358759.0022669336
df.null <- 35567
dev.resid <- 226986.28988492745
df.resid <- 35402
df <- 165
coefs <- c(6.517651821288286, 5.864770886275762, 5.775596691928328, 5.119719913992958, 5.164508037175071, 4.859484397632347, 4.7907399982192125, 4.6027334937824165, 4.366377698096013, 4.2548592451672125, 4.294919288785898, 4.150353490903625, 3.9792340691941845, 3.9608573078194445, 3.750253458404206, 3.506915168797422, 3.225020709244751, 2.9207041736764245, 2.4492931661080237, 1.9808081932756423, 1.5138440690600734, 0.8962383530556397, 0.9914376211893058, 0.7637544904128133, 0.258230457308394, -1.3830836800665107, -7.433241889098223e-2, 0.883991776832916, 1.0572881910572396, -1.2716862385964207, -2.8044960274288826, -1.6951674825251564, -0.2785702264608557, 0.7432535214144036, 1.3814884069912117, -1.789751033707339, -0.2068089160329277, -1.3287498471134225, -0.18355720085564958, -0.9909721920201556, 0.9470724613032745, 0.8654012835279773, -0.5351802171989767, -1.213434913867052, -1.0694225281548062, -0.6759783242167022, -1.0790700289478878, 0.49612258234112744, 0.45243517171116876, -0.7079941256470357, -0.2668990816125244, 0.7699593185446492, -2.272139984971902, 1.809329693284423, 0.7723884117474938, 1.023770855236313, -2.8580736918661502, -0.3120251580138625, -0.2929952795713889, 1.4670870027616472, 0.7381056023690369, 0.8147502120984825, -1.9964488836341858, -0.3839487410435329, -0.7427716576364041, 7.558724222055827e-2, 0.4805311560128874, -0.2850709020905772, -1.047945274416101, -0.6777142136717291, -1.7076374467649953, 4.790684783381048e-2, 0.19751039207115426, 0.9753605010918883, 0.8742021484271655, -0.8189979411005185, -1.5243547627324125, -1.0962087823024402, 4.828589201146584e-2, 0.6330239352063017, 1.157383079843839, 0.15489035138516064, 0.2611495098318257, -2.5987251422384285, -0.6025036175461981, 0.34192935042764205, 1.2132653274762295, 0.42315197564693385, 0.8332888635610275, -1.9452944921204667, 0.5424664653816071, 0.598648003197015, 0.857247301139061, 0.3193778471022467, -0.2179093144138909, 1.5735357081039476, 0.1783169727163325, 0.7191341912740077, -0.2302227735168713, -0.17212737406441814, 0.3504743680413472, -0.48610633792325797, 0.6910676253763597, -0.5957879044389842, 0.9126959089946727, 0.8525162445285462, 1.1203573821782953, 0.1750208257257314, -0.23825345503769185, -0.8957336415120337, 0.513856983379949, 0.494790457090299, 1.5715550912092078, -0.8903441831468967, -4.070287179795188e-2, -1.3169522902020263, 0.82304490773182, -0.2875054641418008, 0.5679341063155169, 0.8009352446330541, -0.45360162292097844, -0.41485062690217445, -0.9328576878963967, -0.7630382717814456, 0.3817271074724026, 0.7875829315062803, -9.271111766146337e-2, 0.8949814798680855, -0.49237654484479776, -0.3132326991696062, 0.3498686486202811, 1.0037638988811066, 0.8296355652308627, 0.4600035618854465, -1.08463362218814e-2, 1.0674544259160652, -0.3407779919356829, 1.0724815441959996, 0.7848390708574103, 0.8326703293462822, 0.8892926046543828, -0.6628826681489746, -1.2247929951299479, 0.7114174236236372, 0.26406863424661425, 0.5730656083129981, -9.21905242457081e-2, -0.3141937803738904, -1.7845848177785097, 1.2120116697979615, 0.22566981630464522, 1.152564510082385, -0.15753157151174121, -3.693779012374135e-2, -0.1498306102984587, -2.651067848371189, -1.4171351841157913, 0.8461684961507034, 1.186030447590716, -0.19606965364686624, 1.5232231324106809, -0.13275433044379453, -7.21582036045554e-2, -2.9245619812480687e-2, 1.2642560348907208)
