seed <- 142
log.wt <- 0.0
penalty <- 2.8115950178536287e-8
intervals.send <- c()
intervals.recv <- c(56, 112, 225, 450, 900, 1800, 3600, 7200, 14400, 28800, 57600, 115200, 230400, 460800, 921600, 1843200, 3686400, 7372800, 14745600, 29491200, 58982400)
dev.null <- 358759.0022669336
df.null <- 35567
dev.resid <- 227311.6599758805
df.resid <- 35402
df <- 165
coefs <- c(6.61251901245773, 5.708258229485423, 5.72600696820304, 5.206096550122189, 4.980852068803114, 4.8526878903749875, 4.799568717449459, 4.627698801762762, 4.305186476845103, 4.247313359035834, 4.263246418696245, 4.136337995449182, 3.995239219839095, 3.949436369458596, 3.7149744604800765, 3.5040472772535454, 3.223437085918925, 2.93881769373894, 2.476420347886684, 2.060801719507186, 1.5846631239529843, 0.8681475484623878, 0.9415084780198911, 0.6127085530111703, 0.3610769730121373, -1.3465334735681869, -0.11469384814768827, 1.182101701796468, 0.9713315816103655, -1.0592693281147605, -2.461723201680169, -1.9204384032881634, -0.3673420232921866, 0.7356490725353696, 1.2037001256607143, -1.1049241018301903, -0.32749879552297645, -0.5550265825874134, -9.948328660241386e-2, -0.9293140955145176, 0.9239714328421927, 0.9035468958594196, -0.7837607188354078, -1.9904022363880243, -0.8129413959044769, -0.8164180362083104, -0.32847302986357235, 0.47708148012534785, 0.7942380357889707, -1.0334664001350842, -0.609945847700914, 0.8884122233322649, -2.3247627526515875, 1.780715324719232, 0.8175491879508461, 1.002287616469823, -1.9302952359881969, -4.7483147396737625e-2, -0.5078100699529728, 1.1332264343595553, 0.9503713460723376, 0.5382715697596341, -1.90374474572579, -1.19620022794023, -0.5285554777115017, 0.46404545889807014, 0.5707688339026449, -0.277592175619231, -1.4762578317152748, -0.5041486246035443, -1.7699561414087812, -0.287304454858887, 0.5160789358549495, 1.0196624514332675, 0.8949692955318784, -1.3844023785112891, -1.2984061976075232, -1.5045832072778442, 4.3909992173092195e-2, 0.6378531803723643, 1.1125828987424782, 5.843808338334311e-2, 0.12986774609894147, -1.575953230677899, -0.4647654367422119, 0.20992269097630414, 1.3285623957117267, 0.5141038789026567, 0.8955303775218035, -2.540854337892151, 0.5063378378749214, 0.5102836427475252, 0.7984034353861321, 0.3616647999450649, -0.14159948781761278, 1.2926404664769877, -7.810106414411722e-2, 0.4260745962665747, 9.040003551628858e-2, 7.496447757893762e-2, 0.4347304891135947, -0.3831062949349128, 0.8208017509915657, 0.27630143966713117, 0.7690136455784609, 0.786342796385779, 1.1195806490555598, -0.6376383465154108, -0.6489498838767277, -0.8193921771131151, 0.5317210259604038, 0.8614854863439101, 1.5787979746834353, -0.908948552719672, -0.24030335265625907, -1.0611123365595416, 0.7389742479365315, -0.2455665283859394, 0.3468324819802394, 0.609926943828928, -1.0533032285106942, -0.15278944010865791, -1.3266440571611147, -0.5814091686971008, 0.27776745444587586, 1.0098076005959498, 2.6180555005376104e-2, 0.8670947488151243, -0.4485799898183631, -0.469015903410736, 0.30359350920214007, 0.9378059941378836, 0.9524370292578452, 0.4886326375572903, 7.075657693601031e-2, 1.2208500303612622, -0.3880227534055514, 1.1823145066899816, 0.6729436821114481, 0.8525289239605796, 0.7059580987233779, -0.6509309798398809, -1.101443050123083, 0.6743909731958573, 0.273332636716712, 0.4777396764731309, -0.16718928201057465, -0.515221667390241, -2.068005649508871, 1.3637331007074593, 0.13082686493783674, 1.1240374049376782, -0.23612800896377786, -7.667908086675701e-2, -0.1958012108514184, -2.1319607112533387, -1.2749165479062163, 0.7469044510462142, 1.3052917376921696, -0.13537026026212712, 1.5256235206677968, -0.3074011665307801, -0.10353143177586295, -2.0841805115377945e-2, 1.1466121593152852)
