seed <- 905
log.wt <- 0.0
penalty <- 2.8115950178536287e-8
intervals.send <- c()
intervals.recv <- c(56, 112, 225, 450, 900, 1800, 3600, 7200, 14400, 28800, 57600, 115200, 230400, 460800, 921600, 1843200, 3686400, 7372800, 14745600, 29491200, 58982400)
dev.null <- 358759.0022669336
df.null <- 35567
dev.resid <- 226160.75598723546
df.resid <- 35402
df <- 165
coefs <- c(6.318557197938182, 5.8764066073682635, 5.594004664080949, 5.278455443670198, 5.063102104251898, 4.9061562584895535, 4.824221758771962, 4.6604000060950534, 4.426421668236732, 4.281236066373678, 4.2891774025112, 4.148686246235667, 3.9983387868803826, 3.97517128091422, 3.7593021869882284, 3.5109069190018523, 3.2990324323658173, 2.933103813877022, 2.53707452379147, 2.0446125948496325, 1.5809614762504454, 0.8805406525719518, 1.083396111762699, 0.44968705724844066, 0.19895724612668728, -0.8763719674457262, -0.3834136841257959, 0.9839471602921002, 0.999264694399112, -1.8335760688110525, -2.1368669170602383, -2.137344459029294, -0.16695325946620027, 0.756107492742633, 1.300657997353542, -0.8587652894894601, -0.2731445176943438, -1.1153457629860912, 0.10261697750777111, -0.4007613864671675, 0.8456991236442221, 0.8951794534930981, -0.9806125295821213, -2.0714527525689532, -1.0487848996303948, -0.889290378824016, -8.17105927448452e-2, -4.846294057287651e-2, 0.14474950574427245, -0.4168172090208893, -0.20362476336450322, 0.9118584171314278, -2.1068434506644063, 1.7283029531533527, 0.7303168589993942, 0.9857934546258521, -2.07082706151309, -3.3116631234993525e-3, -0.4359385000756276, 0.8012108143275981, 0.8804259402209055, 0.7711147632696933, -1.5510151760607274, -1.2733456295092878, -0.42585843517286076, 0.15464991276404788, 0.5649403305238684, -0.5994589749557729, -1.4381536799062586, -0.3979757689986943, -2.1804231960603446, 1.802903728450708e-2, 0.6529009696367805, 0.9640338287420613, 0.6511293492867762, -0.4927348956033845, -1.3478144380053618, -0.841882227762931, -0.11372005377467508, 0.7604530609766473, 1.1362151499963484, 3.0344645260729414e-2, 9.053860002487038e-2, -2.0081946044029437, -0.6329386557381893, 0.3689285348118703, 1.1843341446104945, 0.25224164532889237, 0.837849519872276, -1.6927150695345434, 0.3767268775323847, 0.7596438902539865, 0.7371715458506511, 0.39924073036006674, -1.732710737348571e-2, 1.0980134145971476, -6.51058921591329e-2, 0.4168931209420934, -1.0370148967556617e-2, -0.4175489751892834, 0.2982155388774843, -0.8537470800329027, 0.820650266993409, 0.21101839897800664, 1.0125848925892378, 0.8042942349629321, 1.0715888962022357, -0.18394798303867885, -0.6498417840691924, -1.2371952473217598, 0.5476627057457396, 0.6562127841807447, 1.514733444378826, -0.5785478687727349, -0.18587772441869754, -1.0455868788287748, 0.739334555911415, -0.29051867654511887, 0.297160123291579, 0.38103060243532644, -0.3938931083553949, -0.5148101433432772, -1.2086869962171738, -0.6813480773672822, 0.21866067707076975, 0.9357226378972878, -4.554328048446391e-2, 0.9708773072909366, -0.5362603752869003, -0.44378516268671003, 0.36477440752183765, 0.8434696004968562, 0.8858373543280574, 0.444689014876818, 5.7259775059197944e-2, 0.9937305858103445, -0.37135632175235433, 1.082358937913317, 0.757121630813446, 0.9182941021307621, 0.7179397114607962, -0.7004494016434505, -1.1478798374925547, 0.5745822298931393, 0.33377090690272426, 0.44872611001894164, -0.3246195285611736, -0.4286063503698725, -1.951921030885481, 1.3011834508234124, 0.2432816851692559, 1.1859411365501102, -0.24465656592189705, -0.14519670407671373, -0.34483690240989456, -1.0666519387790714, -1.0817179649432007, 0.7461549574562352, 1.1387273450869195, -0.10364527823720142, 1.4893706782376261, -0.2969290311303451, -3.0417144711549816e-2, 6.182171457641551e-2, 1.1623899859161957)
