seed <- 559
log.wt <- -16.179486180319877
penalty <- 2.8115950178536287e-8
intervals.send <- c()
intervals.recv <- c(56, 112, 225, 450, 900, 1800, 3600, 7200, 14400, 28800, 57600, 115200, 230400, 460800, 921600, 1843200, 3686400, 7372800, 14745600, 29491200, 58982400)
dev.null <- 358759.0022669336
df.null <- 35567
dev.resid <- 225798.7046518725
df.resid <- 35402
df <- 165
coefs <- c(6.631698201361151, 5.890135374105978, 5.7938425285242445, 5.312603810441224, 5.1752645257816505, 4.918083209863724, 4.7991984663018386, 4.625506961312528, 4.364027587602364, 4.246131507560378, 4.306933947148612, 4.165533120799764, 4.026225396882591, 3.9883509858798227, 3.734302727826081, 3.524955796609934, 3.2416717116611315, 2.94408546672383, 2.4322651366199355, 2.0152242337752355, 1.5139376038995591, 0.9267111535826384, 0.8361971820195909, 0.2367046299296913, 0.778170332675478, -1.538367466147841, -0.27220851416998026, 0.7722789791154384, 1.1262384368379392, -2.0282592642558925, -2.001211436429795, -2.7859530950952873, -0.4266918223914731, 0.7621730649443452, 1.2339608054927784, -1.4276400212163496, -0.5551366142388718, -0.5194394465900464, -0.11074182033606154, -1.1394235930290206, 0.9899655123113201, 1.2245198481129471, -0.6372342497378484, -1.5306027397982553, -0.809708399895927, -0.7602303640876352, 8.194452943815363e-2, -8.210298434416623e-2, 0.23290973844096252, -0.6120441875071976, -0.2316140943750069, 0.8521693759051694, -2.9660206077343663, 1.808666848106865, 0.7761055285076548, 1.030465855264894, -1.9646645146896464, -0.15818397095691628, -0.4197456313146308, 1.4317948967569314, 0.9683883635958376, 0.6457667400856285, -1.2854488850223036, -0.4582510722780391, -0.5290895371277815, -0.2711356576664876, 0.2908218254382314, -0.18059251036736398, -1.3321645070423866, -0.7814732223838873, -2.144252241643522, -0.7064853528427044, 0.5839127277344256, 0.9491687072967584, 0.5425060157147106, -0.7886349647064973, -1.4938276782120548, -1.2453847216277698, 7.081522383329066e-3, 0.7617253943161666, 1.1725164349957544, 0.2221643590801495, 0.17269988073631673, -1.2417608296645426, -1.193040708935333, 0.3761962685969436, 1.1530500374969384, 0.6534181757766526, 0.8918236198735732, -1.3245523036453057, 0.4356133089086226, 0.6791695414649485, 0.7594092610860953, 0.43797682299183477, -9.771873636585571e-2, 1.4061892839844188, -0.6200846414369716, 0.6295567925981171, -4.139253880690691e-2, -1.4786752996128857e-2, 0.5690962793953169, -0.4679842107263703, 0.8585198073598608, -8.325709332504953e-2, 1.0776850438969845, 0.8579501543257828, 1.0735936965543984, 9.757860607888194e-2, -0.4379329311641103, -0.824463253572844, 0.40648419971452987, 0.35294715401834154, 1.624875300306254, -0.5110751717030146, -0.27736141759518224, -1.087001491739958, 0.706914798017307, -0.3816443476121432, 0.5178041710701383, 0.5735419411522422, -5.158489642644907e-2, -0.4858934731140199, -1.1160298615525557, -0.6930458623954995, 0.46933238686190526, 0.916070661715411, -3.270993290160229e-2, 1.022336577377299, -0.8814899446296833, -0.41287301713366176, 0.17412708869101376, 0.8373629228439355, 0.7648316460214664, 0.3956433270386687, 8.361863890907255e-2, 0.9826654309413524, -0.2827448075914788, 1.0775174391550557, 0.7092682815431239, 0.9892374862583053, 0.6853903643202703, -0.7565422693927337, -1.103597515921917, 0.6124019233118374, 0.5312149277728553, 0.40531838573983847, -0.27189440448905194, -0.13532588681109534, -1.9910871640176406, 1.2178317610384628, 6.81089130133446e-2, 1.189698099061132, -0.14751266928571127, 4.3971636642289494e-2, -0.32501322875643374, -1.737585015990201, -1.0016479440392931, 0.5785576055759674, 1.1436712269165432, -0.3840109835406923, 1.5914382590972909, -0.3962152285039386, -0.19700215048978642, -5.226023416848238e-3, 1.1603159556184388)
