seed <- 835
log.wt <- -14.936820329742478
penalty <- 2.8115950178536287e-8
intervals.send <- c()
intervals.recv <- c(56, 112, 225, 450, 900, 1800, 3600, 7200, 14400, 28800, 57600, 115200, 230400, 460800, 921600, 1843200, 3686400, 7372800, 14745600, 29491200, 58982400)
dev.null <- 358759.0022669336
df.null <- 35567
dev.resid <- 225552.19963943248
df.resid <- 35402
df <- 165
coefs <- c(6.571872360554961, 5.6716161711142155, 5.67046779977122, 5.362208482581194, 5.125832722376292, 4.914722947371863, 4.748652853908271, 4.623493019060914, 4.390611020344247, 4.3419021650992615, 4.358366284991145, 4.207741088058976, 4.020181320154147, 3.9547270083613877, 3.7789643308107954, 3.542641663304296, 3.2801769582661455, 2.915378579141498, 2.520018216777664, 2.102440671614352, 1.5518143970631104, 0.9118941278621685, 1.0417082506690407, 0.335233223164513, 0.6090850602300873, -0.8814473321435926, -0.2621108541444283, 0.7917553259040058, 1.0187583187798706, -1.4106466344891528, -2.3217935047189924, -2.461552280185924, -0.3190473084926857, 0.7535053469113777, 1.1637282325107212, -1.3554668809855217, -0.7685998164527258, -1.042224410444691, -2.3676130785363146e-2, -1.0168957981766544, 0.925324412538767, 0.74021320608481, -0.6569057540442191, -1.8371518821221777, -0.9376868382923079, -0.8257448442142439, -0.5484005612776599, 0.3397006704260604, 8.747140916027146e-2, -0.8988574118411538, -0.5244389734315897, 0.8545805114974826, -2.251202474459131, 1.6075463103435352, 0.8440291466144569, 1.0482050268735084, -1.8514941789454313, -0.15454758581139652, -0.8608255008075645, 1.0124055569220847, 1.0421033148443704, 0.8110875094616706, -1.517959196754589, -0.5377071604620709, -0.627420464825841, -6.392155926650436e-2, 0.4764471955021002, -0.4506700874621163, -1.0216025788871694, -0.607373580133071, -2.031406056026428, -6.503887525769632e-2, 0.4830765928472145, 0.9749311094920099, 0.6395006827699754, -1.0343143060859534, -1.2049046392759928, -1.0198231148811268, -0.11863851312870011, 0.746026728930486, 1.1055479301022832, 0.1692478627658026, 4.716734684460243e-2, -1.5965929684396822, -0.26848746271405094, 0.4486660892524624, 1.222930971891907, 0.41721751222846326, 0.8155446552585112, -1.7570456835747177, 0.5877840802337475, 0.7240404938913789, 0.6985841413681053, 0.3443140616042062, 0.44244083892440234, 1.2733905313928602, 0.1491258758379427, 0.299696279530793, 0.12162419446126525, 3.286915620552594e-2, 0.1936560620944624, -0.15332202340949944, 0.9120674555484681, 1.0649337147061438e-2, 0.6323934156760243, 0.8452629306215129, 1.0656039585713677, -0.5245649000952392, -0.6993864528223409, -1.1551384358835832, 0.37744726910555443, 0.7334596586553501, 1.5476274571959032, -0.7227128451859246, -0.30377802155137557, -1.0068343611047923, 0.7357128204824324, -0.417611856701716, 0.34485497633846446, 0.5768184448166557, -0.5157304954617667, -0.3685078953407097, -1.1736999065325935, -0.361323959201252, 0.23084355444667717, 0.7841945446775287, -5.955098249010159e-2, 0.9627826488607822, -0.6139450167183672, -0.3804199712073628, 0.32073368891210013, 0.7628220862637792, 0.8153336198827741, 0.3612039060583586, 9.367588292537651e-2, 1.033659069249764, -0.255410573947451, 1.012042061994034, 0.6818386697395079, 0.9663831690032695, 0.6535104462801139, -0.6990209737174592, -0.8082997511152517, 0.5086674480487214, 0.34889092858396975, 0.5992792838332356, -0.1583360182503425, -0.554797001459994, -1.8837684210124115, 1.2521125213759254, 0.10914247282299565, 1.2554522353723037, -0.23095045813453094, 6.049448202016154e-2, -0.17730542354379347, -1.2673743362565393, -1.282882573935758, 0.8513113080252462, 1.2050420787447955, -0.358503008354642, 1.4909521132068337, -0.26863678366904403, -0.15064224452793035, 4.2668970796184e-2, 1.1489776255615707)
