seed <- 898
log.wt <- 0.0
penalty <- 2.8115950178536287e-8
intervals.send <- c()
intervals.recv <- c(56, 112, 225, 450, 900, 1800, 3600, 7200, 14400, 28800, 57600, 115200, 230400, 460800, 921600, 1843200, 3686400, 7372800, 14745600, 29491200, 58982400)
dev.null <- 358759.0022669336
df.null <- 35567
dev.resid <- 225662.4410396907
df.resid <- 35402
df <- 165
coefs <- c(6.684997190691879, 5.998732294634494, 5.6716993007192285, 5.130611480873717, 5.147203998471303, 4.861981049628529, 4.818544296931841, 4.690288325224842, 4.3515921042978665, 4.336926579222645, 4.31664090805371, 4.181672452466738, 4.018672628441546, 3.9855240416632784, 3.77665326119252, 3.547169121320625, 3.281363433836888, 2.9737108289241765, 2.5048938077127767, 2.0724987301879696, 1.678808073340465, 0.889946165539399, 1.0560420207349537, 0.30237209550193916, 0.4005945164788196, -0.7452838633918974, -0.26905063452112987, 1.0090361509178454, 1.0940799954801514, -0.49764450917978403, -2.0444017020980523, -1.6352951082817688, -0.605782637313724, 0.727900000639622, 1.3696280451169491, -0.6246345705842526, 0.3150635163284837, -1.6496393111938494, 0.28495893427168906, -0.5492769745363059, 0.9156031180280375, 0.9070376244147245, -1.1068701634003641, -1.7756180089364193, -0.7951340059273874, -0.735879997203904, -0.243876232735245, 0.2901862754960067, 0.1977741957918123, -0.4561542397796676, -0.14724383153969203, 0.9247805705190648, -2.639044805023772, 1.5774728728394323, 0.8678985635307607, 0.9034186661276503, -1.689244083275553, -0.3288280254727617, -0.2736265558715971, 1.0692465152908899, 0.5637964890460003, 0.7483813367457753, -1.4494280436913651, -1.2496191292572947, -0.5242938609135307, -0.1296732440085954, 0.6238281553600995, -0.5468123480935271, -1.3154263700513846, -0.5069410215641156, -2.1634637850371052, 3.8026241606014845e-2, 0.4514518051640434, 0.9687482073574885, 0.6031341783800289, -0.8027560021555054, -1.1378843469516011, -1.434286781967827, -0.22864105807754379, 0.6017435636872258, 1.1300281931909546, 0.12151965906723453, 0.1210417843938391, -2.0179509873329438, -0.5367363187211307, 0.3205032125959641, 1.1339357212263859, 0.42087911686028695, 0.9682496163035511, -1.903987614353583, 0.5857731782928138, 0.6404677244232774, 0.8095138218281441, 0.3673202599421898, 6.464600978480547e-2, 1.3571047024188598, -0.381460125805589, 0.21332781387371402, -0.23319428562861083, -0.6019018945125645, 0.2775481314708421, -0.647614359429698, 0.87859909858041, 5.546253908338813e-2, 0.633653664638391, 0.8146415004353107, 1.124266334349383, -0.8448974966769321, -0.23696710766893872, -0.6016842502785907, 0.3638635914611438, 0.6517185414875515, 1.6226456774240585, -0.8118521170957216, -0.27606716740337683, -0.9968725569923279, 0.6846603973046136, -0.3020639015381552, 0.44166337752691925, 0.7511455506208671, -0.3802625502740497, -0.594445667020645, -1.075475331497757, -0.4660926043781571, 0.393069585912132, 0.8949350785759367, 4.3491017686423716e-2, 0.8550399657960464, -0.4807667196493178, -0.39564530013656435, 0.2629307610578345, 0.8797977637309078, 0.7348795344947252, 0.36919192041264143, -1.5423656275127356e-2, 1.1337749909761288, -0.2559777127208849, 1.0461307633701513, 0.7505687914577347, 0.8563237269848222, 0.740755816745867, -0.5418533424364955, -1.7360599251810627, 0.6577663587522592, 0.10718517789768386, 0.4989761022089838, -0.2805437834033662, -0.2620792430207559, -2.2846086952301703, 1.2595326576545705, 0.17630498501899153, 1.1079870847117474, -0.20668332180257593, -0.11011599727172144, -2.319183413971051e-2, -1.8581624488236614, -1.235319132731874, 0.9280787384700715, 1.0844671412177787, -0.20846352290029269, 1.5706132962210646, -0.26005037081968285, -0.2704836989477859, -6.584524851023199e-2, 1.094425244311848)
