seed <- 1089
log.wt <- 0.0
penalty <- 2.8115950178536287e-8
intervals.send <- c()
intervals.recv <- c(56, 112, 225, 450, 900, 1800, 3600, 7200, 14400, 28800, 57600, 115200, 230400, 460800, 921600, 1843200, 3686400, 7372800, 14745600, 29491200, 58982400)
dev.null <- 358759.0022669336
df.null <- 35567
dev.resid <- 225737.26920030796
df.resid <- 35402
df <- 165
coefs <- c(6.423466092388432, 5.937699215984528, 5.799877732802215, 5.331343187383606, 5.112924426360118, 4.867843857111184, 4.800966042946849, 4.587399583736418, 4.291702209789049, 4.215623122590445, 4.262323324378616, 4.1632295980291065, 4.055148447533476, 3.9449282074468788, 3.722485468450257, 3.5287096523080552, 3.2582271169232326, 2.9452583814167257, 2.495745496966595, 2.048146573330261, 1.5468640701122691, 0.9035828334832529, 1.1095623182242502, 0.48654883012468597, 0.7281870448023889, -0.9172868080825539, -0.3612590293871199, 1.122233357550885, 1.0229744114246742, -1.6603226393987236, -2.0090951167503053, -2.073888040843057, -0.3775277399398311, 0.7235481025624718, 1.3124977728004963, -1.1663582774668422, -0.21359766607765546, -1.3044304585884523, 0.29816321384153627, -1.4493987762327452, 0.941078225931772, 0.5714525809291419, -1.11761005326279, -1.452281383934927, -0.8647145854015853, -0.6116643819750957, -0.6664936268833104, 0.5181523752119427, 0.49682106196193027, -1.0579944999526927, -0.2646971555567218, 0.945029559329824, -2.5290053049394166, 1.671245982879494, 0.7526389135833695, 1.0822403780675318, -2.1030545099897346, -7.48718401656939e-2, -0.39765733658163577, 1.100461049672848, 1.3410575309934767, 0.6559928537269111, -1.7686732943744008, -0.4033037664696661, -0.7978221559369377, 6.075744823762095e-2, 0.5778275742749961, -0.5643680624886592, -1.1071675298127694, -0.5694292652269, -1.8738611976532584, -0.45090140413215923, 0.5088742022320838, 0.9567698403375289, 0.5942104787392967, -1.4049676081819853, -1.2647697911845392, -1.2498020777090209, 2.9146173716044516e-2, 0.6067408131056917, 1.2362953657769709, 0.12748876203817805, 0.13335532017562227, -1.4114056067660194, -0.7775723018977979, 0.23343635538368807, 1.2819115322366155, 0.47764149409801904, 0.8551524820552079, -1.3988639362765884, 0.4869261432240231, 0.5187986149193305, 0.8295165000117286, 0.36350694872911504, 1.96057252772732e-2, 1.2142124189331234, -0.4000104561451982, 0.5670961982311892, 0.13149789770515896, -1.4851838532451032e-2, 0.5231605800749312, 9.795269297716523e-2, 0.7458950554108306, -0.29082005147066564, 0.6468452644865498, 0.8332315896311615, 1.1332167090282286, -0.17656883708120003, -1.1055566643311245, -0.5262765826052224, 0.3571928287496811, 0.7514806507918864, 1.5944028063753555, -0.8452139973459655, -0.10317992115060946, -0.78779307982866, 0.8120678351182714, -0.28202392687907624, 0.3376786287799514, 0.6410505790386742, -0.570231440612857, -0.3961577085308595, -1.4825637104375604, -0.5790817598424305, 0.2093071675883786, 0.7951297983675008, -9.823305777711079e-2, 0.9204617942749668, -0.7769019654227831, -0.5753818646774276, 0.2859909098093037, 0.7448326316562344, 0.6093422342209545, 0.3869876394920532, 3.913139961688722e-2, 1.2877746850524376, -0.4167091350477034, 1.027085188495203, 0.7059742206732618, 0.9005275582142775, 0.7481682339543986, -0.6644017359429256, -1.3138886245393604, 0.6907460325113925, 0.34058985387374924, 0.521915136478359, -7.342369843873742e-2, -0.4396307206412836, -1.676455549179272, 1.193144538841873, 0.20371167907298343, 1.0669490888200703, -0.2918630813100222, -0.17358522157727158, -8.000659843758548e-2, -2.190769791702684, -0.957903399019933, 0.8799480341100473, 1.248509537305328, -0.29292527692247905, 1.5386862628375828, -0.26256557999781244, -0.17400161101470377, 7.343237116408882e-2, 1.2483362125287536)
