seed <- 343
log.wt <- 0.0
penalty <- 2.8115950178536287e-8
intervals.send <- c()
intervals.recv <- c(56, 112, 225, 450, 900, 1800, 3600, 7200, 14400, 28800, 57600, 115200, 230400, 460800, 921600, 1843200, 3686400, 7372800, 14745600, 29491200, 58982400)
dev.null <- 358759.0022669336
df.null <- 35567
dev.resid <- 226206.0709899597
df.resid <- 35402
df <- 165
coefs <- c(6.451894193680985, 5.692737580277066, 5.66237311660785, 5.321444063703288, 5.03310206628155, 4.852153758451754, 4.879004712839457, 4.617582949777994, 4.349767393955022, 4.264767549514031, 4.3943236650912105, 4.158084602335594, 4.00269849284069, 3.95278071506147, 3.768442163048271, 3.550659837055152, 3.275142444467443, 2.943751895758476, 2.49026447287471, 2.039102250552775, 1.6625758930470615, 0.8756629437358872, 1.0732306082243654, 0.6266304191308948, 0.4214440619516584, -0.9719595995784414, -0.21148810067653734, 0.8869016094119279, 1.0709281375676318, -0.7765073096881286, -2.0377427347108066, -2.3733546606319784, -0.36201122973971006, 0.7060975922467394, 1.1779933037951342, -0.9242640760077548, -0.16359232612734045, -1.4066137696164052, 9.396654518217737e-2, -0.45575483479940354, 0.9179951615003351, 1.1948276746906166, -0.8319433250414282, -1.953605411677174, -1.029129791031626, -0.6230891304798214, -0.720955664648779, 0.283722445100234, -0.21165799154287726, -0.7597838268461036, 0.26258715329868093, 0.8210270147038857, -2.503546647041575, 1.73295044197511, 0.8171168341882299, 1.1806715963411416, -1.7132614786608185, -0.1817537785025389, -3.28992390698913e-2, 1.207943824728351, 1.1317844616824781, 0.7460504453148066, -1.6808017071284351, -1.1678357686244605, -0.5048127929769918, -1.488626250586731e-2, 0.7444056957862888, -0.5972378664569017, -1.6336097793126458, -0.5488100057106827, -2.262897993053351, -8.014675270212425e-2, 0.6741015810163259, 0.9962376215686617, 0.7165123757566109, -0.32726735786738637, -1.4439160085179732, -1.6302873315033428, -7.258161454525024e-2, 0.6003392923054571, 1.2137428179729568, -2.654969125075284e-3, 7.556517236040686e-2, -1.9070400856046072, 2.1788611680448256e-2, 0.49426248190839667, 1.1326570408882566, 0.5718026069220822, 0.9330827396592745, -3.0585899278731876, 0.39287558752264734, 0.7471825998929117, 0.7804271595377578, 0.2843419548209453, 0.33544531727514115, 1.153165700739558, 0.11723563911128601, 0.3541603819679085, -0.15977295702576524, -0.5794264947926411, 0.408615353504273, 6.800499004649771e-2, 0.7501480287657377, 0.14935826405303432, 0.6834292935064694, 0.8580457742033512, 1.069262017550201, -0.16938897969516084, -0.32401663167098593, -1.203200890136062, 0.3402935845622644, 0.5372647153638985, 1.6250274190738994, -0.761939073723171, -0.3987963969618496, -1.040119280321019, 0.7247404841474917, -0.2419972553947526, 0.514701189701679, 0.6045431953045524, -0.7798660493706632, -0.29700152383781586, -1.264106255862341, -0.4135098237194146, 0.3613979382313666, 1.0941975497389929, -0.11430684770349496, 0.9461739791126663, -0.48442160397299444, -0.4211348516284724, 0.21865677799323663, 0.7996865157784843, 0.6734494534369573, 0.5210124517755599, -9.889957088855564e-2, 0.9913128645765119, -0.44159918550007904, 1.1970474724079063, 0.7042337637680496, 1.0192569922843684, 0.7212192088700853, -0.701555342832596, -1.2496952421410794, 0.6250809657932684, 0.18090258758464092, 0.6215400463114114, -0.21889612697392477, -0.6628575053012982, -2.0308011396868517, 1.3591409770254455, 0.23014387350563748, 1.1764066419775774, -6.096127584534936e-2, -3.1529313329710933e-3, -0.19840624798704606, -2.2199331725656943, -1.741573397751944, 0.9052961811680779, 1.0879480188674853, -0.201657025873709, 1.6076290241866011, -0.40395920059089824, -0.18355286457380188, 0.1449278531199968, 1.1598361945282298)
