seed <- 149
log.wt <- -14.298925251266514
penalty <- 2.8115950178536287e-8
intervals.send <- c()
intervals.recv <- c(56, 112, 225, 450, 900, 1800, 3600, 7200, 14400, 28800, 57600, 115200, 230400, 460800, 921600, 1843200, 3686400, 7372800, 14745600, 29491200, 58982400)
dev.null <- 358759.0022669336
df.null <- 35567
dev.resid <- 225977.81006619293
df.resid <- 35402
df <- 165
coefs <- c(6.4778371987835826, 5.500118198451957, 5.5246236976612035, 5.2989581477238605, 5.059974654548099, 4.82555732737027, 4.758382227419938, 4.64288457916191, 4.388830539051362, 4.231550347939626, 4.382200597657309, 4.157864589674254, 4.000844393236609, 3.974430690011844, 3.7574325047747648, 3.494878907385244, 3.26308202735088, 2.9506529595442257, 2.4919437904322326, 2.049283353133012, 1.6681840010079523, 0.9145444425354342, 0.9908714826189414, 0.518456176933731, -0.4915712463259053, -1.142996748497764, -0.2847054852226979, 1.0424266893802934, 0.984455176714222, -1.0614806140220807, -2.342053966317121, -2.764279752632139, -0.3856651799567199, 0.7787330149600946, 1.2708543715758045, -0.8506599140360595, -0.3542760931466783, -1.1218048053211536, 0.2268524524289721, -0.7699629236237865, 0.9483696893222094, 0.8547862241273444, -0.8977983421228606, -2.1359189592671983, -0.5785428241826349, -0.8480297523158215, -0.8621531991244638, 0.3109108071205242, 0.5446418185910186, -0.6987313735721428, -0.3895260017203662, 1.0354223764090067, -2.3406428216209476, 1.5918900154619122, 0.7785431169635799, 1.1829755618196842, -2.4177636929945834, -0.3104781822846323, -4.046778513935413e-2, 1.7240434611042093, 1.1198238988266669, 0.6011739635234702, -1.5713230376243827, -0.8383705407152753, -0.520330630451483, 2.1113980122734355e-2, 0.760848670336261, -0.4269227232308221, -1.1687072845831215, -0.6227336326324814, -2.060433225031201, -0.7341331298840459, 0.4655930493225187, 0.9550892373855148, 0.6841883758403726, -1.3636018175347167, -1.3197962015856197, -0.9718305316960558, 1.852326285127633e-2, 0.711009861493556, 1.055592974836893, 0.16832649705030384, 0.34920796075936134, -2.0686544776263998, -0.2922459740689035, 0.3492087511908049, 1.2674882760822848, 0.41778683031461006, 0.8585612972636117, -2.5161271682035924, 0.569603780321411, 0.6674958319616892, 0.7821386309379523, 0.3971321827701813, -0.11433436673511979, 1.4495308389041215, -0.36614868661561384, 0.4576427978217062, -0.18008988444253765, 0.27531938604299167, 0.3285849364539988, -0.346159814807455, 0.7855978543990073, 0.5012767192063841, 0.8943272220459871, 0.8816143992897765, 1.1436225520101175, -1.0400633532427688, 0.11211646684012767, -0.7305725388716106, 0.4560444677904119, 0.6874304693582344, 1.5608502306357983, -0.21090728840796977, -0.3629556711306093, -1.0002237951905213, 0.7444012587861417, -0.2764890900617291, 0.4787800906411724, 0.867819846233757, -0.5076274410657069, -0.47075629895410154, -1.234492974152692, -0.5164349214901088, 0.32454368912349735, 0.9491295451717032, -0.15454500350349998, 1.0523771923668426, -0.5514136721069465, -0.29289930718085117, 0.13364993039868325, 1.033022957781568, 0.7827822704547237, 0.3743174131798322, 7.623774978106139e-2, 1.1702677793069514, -0.4098275193376269, 1.026297964930771, 0.7646304370896196, 1.0114805054359581, 0.7700166062046986, -0.8267477031522227, -0.8442700196169155, 0.6758586274927633, 0.47711567005347666, 0.49217604663505254, -0.2510551933783657, -0.6121622125180985, -1.9508152603501683, 1.1786488576145735, 0.176135678654446, 1.2741736424407448, -0.3080255893691557, 3.702713102177167e-2, -0.4453277923569965, -1.8861318407814274, -1.4902037328657465, 0.9352535554803714, 1.2003812546178754, -0.5281211149300433, 1.5360474138328042, -0.5153611702919338, -9.652981754150428e-2, -7.344408440415369e-2, 1.1636415503814495)
