seed <- 224
log.wt <- -14.085033483891154
penalty <- 2.8115950178536287e-8
intervals.send <- c()
intervals.recv <- c(56, 112, 225, 450, 900, 1800, 3600, 7200, 14400, 28800, 57600, 115200, 230400, 460800, 921600, 1843200, 3686400, 7372800, 14745600, 29491200, 58982400)
dev.null <- 358759.0022669336
df.null <- 35567
dev.resid <- 226098.5534428369
df.resid <- 35402
df <- 165
coefs <- c(6.616676930907282, 5.693686832713422, 5.731119403951517, 5.3846482184498665, 5.015620683790324, 4.932109452074453, 4.795148038028804, 4.606867810247501, 4.390657172875423, 4.249557605600608, 4.362255386438506, 4.149758767505095, 4.0248644900116295, 3.9897888252343416, 3.779293495308795, 3.5221432928277623, 3.246406254267413, 2.93413894749476, 2.499370408633323, 2.081471917555936, 1.6463846856872748, 0.8932709701498802, 1.0044953852142136, 0.2092017832525042, -2.6470993162187074e-2, -1.6390628953298159, -0.237821998683038, 0.9214694447177106, 1.043168369230486, -0.6344603910742458, -2.426981170475747, -2.100993094802111, -0.5731067931762923, 0.7790230415994522, 1.1892013336315597, -0.9867405597183818, -8.569771840151467e-2, -0.8848434726199226, 3.2507306306351178e-3, -0.7084323087962102, 0.8904279413076536, 0.8293278383977444, -0.8397304817565422, -2.0347434968186184, -1.1444296600533252, -1.0751025252088275, -2.010754468743543e-2, 0.19647553457542025, -0.2016645802160432, -0.8851140786417397, -0.1368967906623385, 0.6917898994210837, -1.7573371861133213, 1.5971176552635804, 0.849750641031611, 0.9479392987366497, -1.8355400474944075, -0.27211751890235625, -0.7726361412855373, 1.2206445558334758, 1.1624489416250148, 0.8270029489677573, -1.4812642303941703, -0.7940164865101332, -0.8078788088797343, 0.10966737821522136, 0.614889930659099, -0.5463483738120816, -0.782016367040489, -0.5433435568368367, -2.191581650547804, -1.1715734590320366, 0.6597812932225031, 1.0255612870953483, 0.7251604723195255, -1.0860500395990913, -1.2305312968493114, -1.2792448807370516, 2.1255157075668645e-2, 0.668457395095743, 1.1224980374159046, 0.1789539155632331, 0.25278393415770317, -1.647138913563676, -0.6306143023499338, 0.3942888745993154, 1.1889715516924515, 0.7195059426524241, 0.7810843841345647, -2.273296402613958, 0.4389209703964337, 0.7127931243927123, 0.7449900091500197, 0.3960055686831908, 0.1272867540013777, 1.6041750085487492, 0.1674803482946064, 0.5043100726399692, -0.3510502297161567, -0.1975334374464628, 0.3240219874900709, -0.2850294071417786, 0.6397268048570423, -8.704554324360224e-2, 1.0321848256886113, 0.8374631859683357, 1.0724636366956146, -0.1877769510074389, -0.4147995237118786, -0.8503723500886738, 0.40085801916824904, 0.8016577170722521, 1.5153830342291092, -0.757093105789996, -0.13234300973174934, -0.9501106149888912, 0.6444775674267776, -0.259204790293403, 0.40686640724443324, 0.5690442666653064, -0.3063153472835487, -0.3981092075724329, -1.4644928978492193, -0.6559054922985328, 0.17847960993507073, 0.7149733127591347, 1.488660969255013e-2, 1.0571908041383227, -0.8762743309450165, -0.38451667838763043, 0.31592787208065637, 1.096372276703096, 0.8780647820244134, 0.4628363319144575, 0.218966967031066, 1.2118166324861799, -0.3978305633183967, 1.0180894982668174, 0.789253928824604, 1.0397415385572908, 0.6878817512460406, -0.6023857777819305, -1.2278984508687711, 0.8286331935635858, 0.3554241218418844, 0.5394578521183797, -0.10447990233867913, -0.5982516610695119, -2.0423600522819028, 1.1837647880761468, 0.17592466097808543, 1.2053315365359472, -0.21239072553942692, 5.195416544670675e-2, -0.1568015356359761, -1.7313167358206432, -1.5576370218833282, 0.9040446369172846, 1.2387983088015693, -0.3060502106297235, 1.5033725811156533, -0.22381628362173378, -0.14555404155109125, 8.778742620862479e-2, 1.1917257333215192)
