seed <- 151
log.wt <- 0.0
penalty <- 2.8115950178536287e-8
intervals.send <- c()
intervals.recv <- c(56, 112, 225, 450, 900, 1800, 3600, 7200, 14400, 28800, 57600, 115200, 230400, 460800, 921600, 1843200, 3686400, 7372800, 14745600, 29491200, 58982400)
dev.null <- 358759.0022669336
df.null <- 35567
dev.resid <- 225937.56658915372
df.resid <- 35402
df <- 165
coefs <- c(6.3426481085041795, 5.930085081766175, 5.6531510634936275, 5.399964123660439, 5.140230964742798, 4.911934192560595, 4.741653446226895, 4.684461122869991, 4.436315784418178, 4.305817775019036, 4.298136976914938, 4.119152414396788, 3.996092460925772, 3.9908401305936634, 3.7443136852288865, 3.5429383999795303, 3.3013839458500094, 2.9826099651104956, 2.518940809263484, 2.0642017312413503, 1.5979186163695227, 0.889619959209869, 1.0181894863681065, 0.35638387112982645, 0.8828790630570235, -1.5285291215287224, -0.3351427307479045, 0.9702112186860135, 1.1170557041463276, -0.9050145005640718, -2.2325710132984735, -1.7250307025055023, -0.416640701407331, 0.766854791522524, 1.2713028779982594, -0.8910853121407311, -0.7901998383999829, -0.6358182783805505, -9.578988679069347e-2, -0.8044431744774441, 0.936722521136306, 0.995746285464688, -0.7044675920596555, -2.179204182456101, -0.7864511725226931, -0.648651166700728, -0.4286512589145599, 0.2117995091615396, 4.6976135171602935e-3, -0.8083536511674244, -0.15303020458231648, 0.910445707625904, -2.725711839695128, 1.7899272874460193, 0.8234998969391936, 1.0577081337141314, -2.099091446667402, -0.11295122297168247, -0.5976566826982185, 1.4264519184372917, 1.3619017875771995, 0.6371191441771604, -1.7792071479150815, -1.0964525222020443, -0.44357790985215345, -7.109461258657396e-2, 0.5752007047702654, -0.4888247772512021, -1.7634394054096065, -0.6356186280474865, -2.0862338978612542, -0.655332971379211, 0.7771668348021822, 0.9474031873041141, 0.8652994374781432, -0.9007097244226644, -1.3574813991776997, -1.15083110515671, 5.9958647196706606e-2, 0.7109290751876222, 1.2337890004661654, 0.14547287002162543, 8.217721157545937e-3, -1.5891838379593406, -5.874464914602298e-2, 0.461868964923187, 1.2012292874595034, 0.38383063413159424, 0.7846024554336786, -2.228302717006681, 0.43976517587391284, 0.8340702597914953, 0.7876223250340233, 0.2300973668013213, 0.33834711957498065, 1.1224981370459246, -0.9104302957940495, 0.31816808461918233, -0.28201461808091005, -7.480372580537288e-2, 0.44063726737629555, -0.5852823108435976, 0.7132130166340138, 0.2584099138419849, 0.6374011898455937, 0.8531342565476836, 1.0533358111385367, -0.6589922129080446, -0.20332376449796896, -0.8034523340263996, 0.47157378125967786, 0.5852966071690123, 1.6056542280936181, -0.8915224850707233, -0.2213109607317032, -1.324090281795036, 0.7852240811313492, -0.349916087587565, 0.4844774184673569, 0.7100167748603198, 4.3018226789554885e-3, -0.5582606507008717, -1.0449082029236478, -0.5879984534686431, 0.3365251541550772, 0.7953806261585096, -0.1768198487056806, 0.8902220107708443, -0.37402106851617184, -0.39497737697522034, 0.2522925663285342, 0.8223869313717682, 0.7781380116384272, 0.5199512463925499, 0.13386020500172283, 1.104041945018298, -0.28144979140309817, 1.0624308788614458, 0.7346791727535201, 0.8559703626201557, 0.9145064344672119, -0.6597949418553211, -1.1642756055176817, 0.8119101386812833, 0.4512578184917836, 0.5858383048867704, -0.1397181187717831, -0.2660960787576882, -1.9716440732233786, 1.3327194012443777, 0.22221159446222408, 1.1575123009295223, -0.1626790730603043, -8.326981996501638e-2, -0.1493455560416075, -1.6668529463006168, -2.297644403924738, 0.864065103501024, 1.157848198613216, -0.2233224334969555, 1.5586676830100064, -0.14415674794675876, -0.2333587938344228, -4.767211284791581e-2, 1.2437798366390937)
