seed <- 649
log.wt <- -15.516196966884122
penalty <- 2.8115950178536287e-8
intervals.send <- c()
intervals.recv <- c(56, 112, 225, 450, 900, 1800, 3600, 7200, 14400, 28800, 57600, 115200, 230400, 460800, 921600, 1843200, 3686400, 7372800, 14745600, 29491200, 58982400)
dev.null <- 358759.0022669336
df.null <- 35567
dev.resid <- 227535.85657831695
df.resid <- 35402
df <- 165
coefs <- c(6.512848739982052, 5.828239086944349, 5.57598606149492, 5.176675385098661, 5.028731754008099, 4.968735127673457, 4.753237644632934, 4.577648834355281, 4.324492634503074, 4.289954846631116, 4.254427378047672, 4.109276086592232, 3.9460981360109195, 3.942431858615092, 3.7031974776078687, 3.5181635511565945, 3.179965346849595, 2.9544940248446023, 2.4785877234253646, 2.0312028215620295, 1.530652628520648, 0.9327820186950984, 1.0601097301941436, 0.5312700687598606, 0.3208514105477137, -1.233706563896148, -0.12017703823234832, 0.936164862358253, 1.1180590759982034, -0.9977366306042681, -2.7391477480694393, -2.00229018231201, -0.5242378770693097, 0.779386213546222, 1.188488256757113, -0.8771738938412739, -8.342633452182599e-2, -0.6681268417635965, -9.556420083843076e-3, -1.0424692976406496, 0.9602210340661002, 0.7733205775147103, -0.739774420236225, -1.7296862655963086, -0.8548728610039371, -0.8223595854615862, -0.8534797879952984, 0.14558060820838226, 0.6605336877977889, -1.0132976107325804, -0.1263597251239093, 0.9187421897564642, -2.966484106210331, 1.6221342187841512, 0.8968323463734996, 0.9978801538269022, -2.171410396026248, -0.24069093737786812, -0.7221579393480573, 1.182779901706187, 0.980768169999758, 0.9478129564007524, -1.8239047964792883, -1.0944949814974998, -0.6128868254038908, 5.868984683118525e-2, 0.6500524419717381, -0.6044220077857129, -1.3198440410818393, -0.6611517054876938, -1.8900723007811144, 2.5329401807887498e-2, 0.6047142058798459, 0.8799134132998323, 0.682514124564243, -0.9170871867723437, -0.941559321565671, -0.9372593328873459, -8.9689206863097e-2, 0.7013402729007907, 1.12254486774736, 0.12135708343153913, 0.25810016993677526, -1.8422074001127111, 0.11733685671525448, 0.24926921228033322, 1.2019035481154932, 0.3150891059258913, 0.8711131084356224, -2.3133789484752096, 0.47912732626998394, 0.7034967014576885, 0.8473499648326008, 0.37897756475790767, 0.29428224684052345, 1.1190411251717178, -0.8884900383030572, 0.3517014591857472, 3.317651803518309e-2, 0.11148486688759127, 0.511167310633117, -0.6823412121881184, 0.7325022373701321, -0.11321839575183178, 0.6534511873235966, 0.8509197474470244, 1.1720534830296054, -0.6691110042383529, -0.5020880286955743, -1.0494704416292406, 0.47355747318342867, 0.7748512596821688, 1.63859438846258, -0.45760267822739925, -0.10282675302787891, -0.9798906277461502, 0.7320797295623556, -0.23489553910479305, 0.3667770727376446, 0.459256028212197, -1.1923442883286968, -0.2906477867128703, -1.1024785426712456, -0.24105226383432662, 0.3435280764268559, 0.8525243206900759, 8.878334776344268e-2, 1.0102001453324108, -0.2807577460667486, -0.37335644244900856, 0.25616454477445183, 0.9381775635354664, 0.8851754039586034, 0.5161160524869862, -6.121947095379123e-3, 1.1139356479706377, -0.3370464256034263, 1.004667645202007, 0.7102948588486374, 0.9304824027216761, 0.7492841263332549, -0.6226049779499829, -1.1366280505687176, 0.6854734882116796, 0.5280350290848685, 0.5661695059763766, -0.3778078778075226, -0.41793728317747875, -2.1569229553133704, 1.2263440219172097, 0.18722021611153405, 1.2088096225965184, -0.10612661912084301, -0.1083634400468853, 6.36257442294171e-3, -1.6984158874210495, -1.4310660741346652, 0.7442666451043858, 1.1752546835951174, -0.4572269196587223, 1.5722166400740067, -0.14936182855709837, -7.337464651227933e-2, -0.12270181964397264, 1.1525396645698236)
