seed <- 101
log.wt <- 0.0
penalty <- 2.8115950178536287e-8
intervals.send <- c()
intervals.recv <- c(56, 112, 225, 450, 900, 1800, 3600, 7200, 14400, 28800, 57600, 115200, 230400, 460800, 921600, 1843200, 3686400, 7372800, 14745600, 29491200, 58982400)
dev.null <- 358759.0022669336
df.null <- 35567
dev.resid <- 226330.32004335278
df.resid <- 35402
df <- 165
coefs <- c(6.758881454558805, 5.829099563473303, 5.67748893662183, 5.377284688016542, 5.056600922075384, 4.862996249618657, 4.7847294970527, 4.62746394720227, 4.348114063439677, 4.2382737279720235, 4.27542237978171, 4.152751612246659, 3.9831034661576803, 3.9638855425251274, 3.7385612853879384, 3.507470638961712, 3.247738968982954, 2.9420492626600945, 2.4962675725870875, 2.094049585166416, 1.5289864700850198, 0.9142342403854652, 1.0168956220741596, 0.23752468854455888, 0.26644849696490885, -1.2339859899443133, -0.6597890365845014, 0.8596719420891245, 0.9942181599348454, -1.5586194284486379, -2.453180823460194, -2.547733552066623, -0.3110523362113345, 0.7791565950347609, 1.3519102784906827, -1.4443882992076245, -0.5591996305137804, -0.796432072779858, 0.1783105605094324, -0.20613994126839613, 0.928942499082775, 1.1756121054285593, -0.6404982224830256, -1.7273754240760142, -0.795152898061839, -0.6976671340516853, -0.17724232120799036, 7.482471894171137e-2, 0.6381244338641474, -0.537954054100005, 0.15718583939250727, 0.9867232137429793, -2.1546768742918876, 1.6817789760406068, 0.9062223919318751, 1.2001540879121326, -2.400633558765344, -0.11327067035928998, -0.6477647872076748, 1.3671812137246906, 1.2592239649545012, 0.491854760984653, -1.5960253352570772, -1.3192934043584783, -0.6362604104359315, -7.399883257546597e-2, 0.5277141160530252, -0.4948609751741568, -1.167248124959874, -0.6970866349195006, -2.4065490365273687, 3.562605813695603e-2, 0.7764934848817092, 1.0751039307649544, 0.6444274770551278, -0.9897169587909482, -1.299264580888504, -1.214780594744254, -5.3709753300070315e-2, 0.6852249146119893, 1.1684680649493602, -2.1741129150972847e-2, 1.5843353874646474e-2, -1.8961873274561143, -0.7171974114094609, 0.2650026054925924, 1.269025259099896, 0.3447125076365342, 0.7883169754932575, -2.4146353863489756, 0.4177697040449225, 0.6777496107778662, 0.854207032919175, 0.37500989402307333, 0.2835513572458536, 1.2245523211183553, 0.3847040388857687, 0.573714538955197, 9.350614625610223e-2, -0.49934559558952424, 0.2875962861595523, -0.23521573586114183, 0.8901056374477481, 8.814048597258245e-2, 0.8555053810294123, 0.8440449059177835, 1.1427278133324208, -6.265952535860501e-2, -0.7141750813077757, -1.1980906896127173, 0.46102550676556586, 0.5287189049576989, 1.5496627579120452, -0.5369839269346175, -0.34032942521627585, -1.0976875250989462, 0.7905121328016732, -0.39137055919671243, 0.4154691996152861, 0.5364029230929477, -0.8292583186493935, -0.40767305326916015, -1.5177753977073039, -0.12682104313493478, 0.27759147622802716, 0.8404336475514936, 5.612269422517695e-2, 0.9967239494552463, -0.6665994627151718, -0.3331480207643126, 0.3116670425222256, 0.8729140274313802, 0.6904969227480404, 0.4815961793804647, -7.683235194607165e-3, 1.1647256317200982, -0.31563223247144995, 1.0789521106612514, 0.739009278728925, 0.9662883391229006, 0.7001996480768814, -0.5932689730133185, -1.10910025133146, 0.5755553765858518, 0.4705381531000456, 0.46216628369704715, -0.22531882520834837, -0.4792440108020953, -1.9405169824855069, 1.3718353932518723, 0.117934929253442, 1.2296736796125163, -0.16511406509950935, -6.489251390537697e-2, -0.19740827088081017, -1.5213461755540987, -1.666199053518721, 0.8246975604311598, 1.203111040873146, -0.2639912462020966, 1.5200229257628213, -0.11437832802074181, -0.1671605272255078, 2.3702408950466863e-2, 1.1369081860365116)
