seed <- 466
log.wt <- 0.0
penalty <- 2.8115950178536287e-8
intervals.send <- c()
intervals.recv <- c(56, 112, 225, 450, 900, 1800, 3600, 7200, 14400, 28800, 57600, 115200, 230400, 460800, 921600, 1843200, 3686400, 7372800, 14745600, 29491200, 58982400)
dev.null <- 358759.0022669336
df.null <- 35567
dev.resid <- 226029.98897379392
df.resid <- 35402
df <- 165
coefs <- c(6.7266035895558245, 5.804816545989811, 5.694554674058308, 5.348752434762341, 5.069190170558439, 4.913336496049008, 4.761594817986772, 4.576317924742838, 4.415210137275089, 4.319525117531677, 4.315713597879746, 4.179709497230537, 4.078416326932284, 3.981602564233772, 3.7919862461606724, 3.5191587831591686, 3.237886923286182, 2.9478461089361607, 2.5271527413282295, 2.066691034623099, 1.5689102687128849, 0.839055088892267, 1.1019953694237037, 0.49179915596158635, 0.5978036772917733, -1.1414143102966186, -0.2673162904478163, 0.782462834775348, 1.0234950386593435, -1.0635051869273036, -2.3891447281204807, -1.4245437250377027, -0.20202564152207955, 0.7571440187588869, 1.1549044921381926, -0.842261092485448, -0.3789085668793266, -1.3719441744599328, 0.1595925053313237, -0.64703697229563, 0.9339685934842032, 0.9137276265406482, -0.5217244653936361, -2.0099960907213075, -1.1311921537773026, -0.8798586738412253, -0.8058306044427096, 0.31046491185125047, 0.34999162995505806, -0.948693115811551, 0.15145355459846224, 0.8325528367736668, -2.49115964552301, 1.6998652799709544, 0.7763131335245306, 0.9592688592297491, -2.321276967796617, -5.3516609753262875e-2, -0.44453210770711443, 0.5536088042919858, 1.1653094936095238, 0.6898110989898728, -1.8501856231777027, -0.27642299880868104, -0.5530650419842108, 0.3733337353564856, 0.5784387265566384, -0.5019376384093688, -1.7656111001694046, -0.5148038338057183, -2.3564031200262416, -0.5354734444688234, 0.5143237191426996, 1.0527247493777214, 0.6402519285394334, -0.7749262254339863, -1.1010850668890262, -1.4750734175787, -1.9916122848349645e-2, 0.5240649883049903, 1.1920353238246344, 1.5418425254045954e-2, 0.249477493151533, -1.3726498207328652, -0.9473196331738422, 0.4408111255119946, 1.1178284676957784, 0.557151781410707, 0.8389669449527986, -2.302301318767426, 0.49124335442189243, 0.625537216067522, 0.8795426125052104, 0.25941103704529495, 0.1055971570369929, 1.151979044120445, -0.6386099913438447, 0.2704267819806814, -6.199024208560079e-2, -0.37379854164290643, 0.20401012983940928, -8.197074449429807e-2, 0.7069656957896421, -4.4252308552239224e-2, 1.124769386615988, 0.8329842423809103, 1.1489143184542894, 3.1855067338798386e-2, -0.166515967121148, -0.7380848227803118, 0.3863883584339739, 0.47909620591790475, 1.60341427966205, -0.7142876608927834, -0.21741947187457927, -0.8097327620801702, 0.8483911667222495, -0.20637351161592016, 0.609134057109178, 0.6339252866777894, -0.978887511495368, -0.3559183013280203, -1.0831066165455903, -0.79797993967928, 0.24539989775706916, 0.7504493330145073, 4.104986808322908e-3, 0.8817406331441312, -0.5446343900909524, -0.4058936917277454, 0.29336119227325996, 0.9839137283447379, 0.8164544703976278, 0.5417144812904118, -0.13763283326146453, 0.997011271097568, -0.28611733855746474, 1.0151077422610115, 0.7215659797929489, 0.8280635838385648, 0.7579647541470452, -0.5726401773693109, -1.0608719756715868, 0.4638258800853001, 0.2345504362857223, 0.5908269674284566, -0.14132163574268222, -0.6515743530977124, -1.9471731603251508, 1.1867323628348716, 0.1265883295297095, 1.0961176796765135, -5.793252392905955e-2, -7.092631421827145e-2, 4.253728260514423e-3, -1.8709875209847773, -0.5681917566688828, 0.9697395200972161, 1.0860384266617986, -0.1265358990169711, 1.5293453689240304, -0.30207775131810527, -0.25701541818673634, -0.1243304354606784, 1.2199695334702585)
