seed <- 583
log.wt <- 0.0
penalty <- 2.8115950178536287e-8
intervals.send <- c()
intervals.recv <- c(56, 112, 225, 450, 900, 1800, 3600, 7200, 14400, 28800, 57600, 115200, 230400, 460800, 921600, 1843200, 3686400, 7372800, 14745600, 29491200, 58982400)
dev.null <- 358759.0022669336
df.null <- 35567
dev.resid <- 227209.731029469
df.resid <- 35402
df <- 165
coefs <- c(6.637071624889955, 5.4511215756313005, 5.641378427362208, 5.43203383503454, 5.0910599740668, 4.823877615958245, 4.797238492055253, 4.5703617668267755, 4.33175212255353, 4.17927109262372, 4.223934196934834, 4.180158856075781, 4.010813789809866, 3.972527548765943, 3.7124174881430934, 3.4906002960729032, 3.2407659954151593, 2.9067513941924092, 2.511952918082522, 2.0890607421380754, 1.7513159064595472, 0.8747230836445035, 1.0034812348486903, 0.3378859082375385, -0.14087131282112283, -1.2585904581883982, -4.7091226168295794e-2, 1.0990640514146135, 0.9877331034192087, -0.8070918783694478, -2.438621778480267, -1.9023701132277522, -0.353782887393772, 0.7202888702690872, 1.2959660015603287, -1.5349981853395158, -0.3058581271163399, -1.267308816080695, 0.14784414194127862, -1.0032062686380192, 0.8728831171642984, 0.8186959498863334, -0.8327408508532727, -1.4477847363387901, -0.9676989426383318, -0.5181342081212065, -0.4421887174951524, 0.5144769036942747, -0.1890784532697814, -1.5175851348934721, -0.1748887097035855, 1.0025554545970157, -2.927644199084244, 1.7311294926992626, 0.7760930365314201, 0.98688373636504, -2.213603685513756, -6.851650690827132e-2, -0.12845100422127745, 1.5341235077769155, 1.0365414780145004, 0.7901651331288574, -2.0558838958633405, -1.2898063983177737, -0.3080379216383463, 0.366512868290208, 0.5305298717112186, -0.6605862810376265, -0.7746722195271453, -0.6869772490912043, -2.8982070715468202, -0.38016584734127246, 0.662481711815762, 0.988425347109808, 0.7060556170674789, -0.48787627337142253, -0.9397960189411745, -1.4170722155081636, 5.724618971024181e-2, 0.5858478558768172, 1.1048160025382463, 8.637460555279503e-2, 0.2769480401321919, -1.5014441270105845, -0.46836305775438364, 0.6859251963258943, 1.2381764085032667, 9.344441652694065e-2, 0.7326658120728794, -2.971966569490093, 0.5679043554184935, 0.5667314297801843, 0.8045987548480044, 0.4736864711543866, 0.1284943345918054, 1.2506597323919586, 0.19254393450598795, 0.7324787122814029, -0.4181813740028106, -4.467518361558859e-2, 0.5183850601736074, -0.1147203065312768, 0.7669953452106473, 3.96432369898706e-3, 0.8259846073485236, 0.8338336807710826, 1.1090779285047394, -0.37131715387346625, -0.11517365399624323, -0.6264706329788443, 0.4194573385124699, 0.7137179341197203, 1.51184653258511, -0.5572763612965896, -0.15118392245240392, -1.0284599350745967, 0.7455557971034253, -0.34289908260594676, 0.3789932177855699, 0.595066106114226, -0.6880233877708277, -0.5003583550020638, -0.8681181516104336, -0.5711185180376837, 0.21167136933634292, 0.8481950254331788, -3.754475840344524e-2, 0.8745829201078807, -0.823424116411861, -0.5069662156345315, 0.3982045048900279, 0.8632012362200355, 0.7512390408351098, 0.41316284525837554, 4.5878170473743964e-2, 1.2836542197697316, -0.4491465660601396, 1.0909523613323395, 0.721292953087544, 0.9419846852823311, 0.7546611628000619, -0.7899185872362363, -0.953328311979399, 0.49928406628013416, 0.5549970613486864, 0.6365462922758062, -0.2031558456602613, -0.4165722294800959, -1.6575938413733835, 1.2793704081759278, 0.17640739654734988, 1.1582698832570764, -0.2932032193655368, -7.549486179460534e-2, -0.16899015707068857, -1.8067721471502738, -1.2904352337913447, 0.9236098707633349, 1.2099075265103176, -0.3791812049674653, 1.4470335523459055, -0.2667287746217601, -0.13637783802757503, -7.90637686894284e-2, 1.1907687462121916)
