seed <- 175
log.wt <- -12.594383169843052
penalty <- 2.8115950178536287e-8
intervals.send <- c()
intervals.recv <- c(56, 112, 225, 450, 900, 1800, 3600, 7200, 14400, 28800, 57600, 115200, 230400, 460800, 921600, 1843200, 3686400, 7372800, 14745600, 29491200, 58982400)
dev.null <- 358759.0022669336
df.null <- 35567
dev.resid <- 225690.8113020281
df.resid <- 35402
df <- 165
coefs <- c(6.516329948252587, 5.973159238709442, 5.836185429643933, 5.160590754744788, 5.063340223528822, 5.001056053382365, 4.785274744581382, 4.647844719111844, 4.393489224956349, 4.279403859562765, 4.332751816073121, 4.125369034981636, 4.023638446165479, 3.939290993844188, 3.7668866115736765, 3.5018335277302963, 3.2031737486906344, 2.9334790295536117, 2.4522501268752674, 2.073704244778041, 1.592798389856342, 0.9322909838254574, 1.0191534393955295, 0.42526132371790293, 0.5209190836103127, -1.0581019783288446, -0.30599333906703097, 1.0099457927937432, 1.0893008826919355, -1.012222100923739, -2.51242902457574, -1.8373759388559672, -0.5294347663689707, 0.7889650451009729, 1.3150358389183998, -1.3118274128652525, -0.367853107586062, -1.768967569181978, 6.600616464217557e-2, -0.736692931286242, 0.9092772434228398, 0.8866501913832286, -0.8347883681932533, -1.5267045955293563, -1.1017847986880822, -0.9184138958676176, -0.1654009550250241, 0.32718830698017426, 0.25331024201900726, -0.7584312459473448, -0.22640998638424598, 0.9184329725580329, -2.077421909715378, 1.761304803467024, 0.7076657359395347, 0.9946154896949359, -1.8492835358846442, -0.3095606756519648, -0.27049616460708953, 1.3421701775402306, 0.8763775134071692, 0.7577600991759196, -1.4157453884158235, -0.13896892839502667, -0.7225532325120657, 0.3003975379242887, 0.5656405684251694, -0.3582517301688237, -0.7611053361062565, -0.7602696979278148, -2.0121757990731437, -0.3892439367773125, 0.4394386451953345, 1.02346409599972, 0.6088374274766156, -0.921130158354486, -1.4418980460105282, -1.4264433517482207, 8.07960035867733e-2, 0.6447558863943145, 1.0808685117053636, 0.11935603474073933, -6.425629513146791e-2, -1.3290418409134759, -0.9296404891892198, 0.4297341202850389, 1.2379394551098466, 0.6970918396943422, 0.8849709976660005, -2.417156053369545, 0.5195029713187473, 0.7344337612878865, 0.756428708662481, 0.5132745993967354, -0.4662627600279441, 1.3443411827481877, 0.5719680856936569, 0.5821470536758723, -0.18492650708694616, -1.0328936818009926, 0.4024859811297673, -0.6278204789113148, 0.7753503873559933, -0.22564777822901505, 0.48946870462209446, 0.8717440700501514, 1.165410744007506, -0.8137851746524163, -0.27946905053923643, -1.1143186290283689, 0.4245183430254048, 0.6624053033949777, 1.581911165465468, -0.3527819620428546, -8.448647296152026e-2, -1.4100952874291508, 0.8066677698673707, -0.3048444365107535, 0.31454160354587263, 0.5554632490645222, -0.561108550873889, -0.16994243331689005, -1.0039174541546605, -0.8583120730789852, 0.2591597488914836, 0.9215961088695779, -7.898374480648082e-2, 1.0200022852606898, -0.6534836357329755, -0.30056949976976605, 0.29675019809836506, 1.0203461476719937, 0.7340095029039064, 0.6058993379098686, -0.1614133456999058, 1.1410538030330704, -0.390756823507034, 1.0611455520520048, 0.774850396754635, 0.9088027991670379, 0.8526701858757877, -0.5984187750482655, -1.1268078472911214, 0.66675914769261, 0.40847938290259245, 0.5485290783856223, -0.1894896900297255, -0.5714875004340428, -2.0099546880014754, 1.2203632948437073, 0.1581390352201213, 1.1618022354490327, -0.262610509938402, -3.3553752337849865e-2, -5.4920028098789835e-3, -1.8376311702071884, -1.6664312575435778, 0.9222280703713843, 1.1505943205842875, -0.16944443812438273, 1.5154786804791025, -0.3150335415442351, -7.12574880639808e-2, -0.10633712704170126, 1.1715987019861833)
