seed <- 229
log.wt <- 0.0
penalty <- 2.8115950178536287e-8
intervals.send <- c()
intervals.recv <- c(56, 112, 225, 450, 900, 1800, 3600, 7200, 14400, 28800, 57600, 115200, 230400, 460800, 921600, 1843200, 3686400, 7372800, 14745600, 29491200, 58982400)
dev.null <- 358759.0022669336
df.null <- 35567
dev.resid <- 224855.62056764346
df.resid <- 35402
df <- 165
coefs <- c(6.918205631909804, 5.602249026915303, 5.746300145677553, 5.419453395879118, 5.06621855166933, 4.900438844362081, 4.776407124370693, 4.612964405740199, 4.412446352590085, 4.3068878126346295, 4.338362502207943, 4.153136022610409, 4.04193679861215, 3.9951559645706323, 3.7604189487266284, 3.561156752303347, 3.267695030320252, 2.9833324233272642, 2.5269225152478674, 2.0688410185791835, 1.6533196645397135, 0.9713210453654366, 0.9271328732107009, 0.6936068149096963, 0.5450382224416912, -1.1574310661334914, -0.49481085248461565, 1.122723872956466, 1.1148359779417252, -0.903418213730451, -2.5329795885938027, -2.4003309774722927, -0.575282502146918, 0.8042564416770349, 1.3810551221780965, -1.7230413017597805, -0.3199397160719447, -0.6940402011811801, 0.1297347619853701, -0.1370771661463493, 0.9988479770100946, 0.8501288603621094, -0.6294267408451806, -1.7791981686538358, -0.979000671854614, -0.8861101961953388, -3.537926199386715e-2, 0.6511233071358269, -0.2990933980778975, -0.5066731893818166, 2.458448334093891e-2, 0.48681439710513136, -3.3426128838286133, 1.6957751076086591, 0.7755632461807833, 1.1972439129484227, -2.7450621511060844, -4.689787468933097e-2, -0.6694815626200468, 1.4047149063189048, 1.206462705606263, 0.6420375011624191, -1.7563131866731663, -1.8017999358243921, -0.2761723254982599, -0.4982519792873183, 0.547672756800425, -0.5001210849645996, -1.0609028017795146, -0.8814816340961497, -2.322156574138471, -0.5434711700632752, 0.5548058945166461, 0.9412744505601727, 0.67083875494965, -0.47784606515700456, -1.4089306578456655, -1.3254908601901432, 1.8538263296349916e-2, 0.7155002866946856, 1.2784805233329117, 0.1893654309615541, 8.078400423362221e-2, -1.8182751446148395, -0.7332899507529993, 0.4241739232910596, 1.2632559249549842, 0.528392363650858, 0.9439691771996581, -2.1816955897681725, 0.4397205483217262, 0.8307209300326855, 0.8758583772932638, 0.2690548515093517, 0.2919528341046065, 1.299030539930519, -0.749557666951103, 0.1541874174250545, 0.17955456067767, -9.995896193379322e-2, 0.5338188619942991, -0.3240858745013526, 0.8302856541854191, 9.446451312040254e-2, 1.1566272816665366, 0.8843447788286467, 1.050643492744065, -5.812340472447157e-3, -0.34921087802922773, -0.9545025902095768, 0.3444284339811474, 0.6177848062924857, 1.6438600204596767, -0.12105032463301592, -0.21922704196419832, -1.4203738657624003, 0.8202319977429997, -0.17086484069138969, 0.4884207810412565, 0.5658029860212591, -0.3070843805164036, -0.5129955566517838, -1.1273442024629394, -0.5716003691568546, 0.4381084448059223, 0.7725328271947632, -4.90483220574571e-2, 0.9978827351904043, -0.608378853964231, -0.4376071213005543, 0.32550792408647794, 0.9541281501454483, 0.9033576215377647, 0.40214403929895276, -0.11384817972066855, 1.1718232320901207, -0.37383117653037795, 1.0411439483243654, 0.7344708050995096, 0.96923284398347, 0.7360823944402359, -0.6478568400694619, -1.1724589718535532, 0.7018648245001456, 0.4566542605311451, 0.4518815102729276, -0.20968498648690484, -0.7229667772885013, -1.9390012655925226, 1.1992125058336915, 0.2374364109943626, 1.2205076828184842, -0.11071098885900667, -4.7524041299894106e-2, -0.34602066099290674, -2.179671572051526, -0.9081427142339304, 0.8099437615472971, 1.0896044879384739, -0.11628939658811618, 1.6671078498842244, -0.20480040721319487, -0.15300599141777899, 7.447119206454887e-2, 1.212057395234424)
