seed <- 380
log.wt <- 0.0
penalty <- 2.8115950178536287e-8
intervals.send <- c()
intervals.recv <- c(56, 112, 225, 450, 900, 1800, 3600, 7200, 14400, 28800, 57600, 115200, 230400, 460800, 921600, 1843200, 3686400, 7372800, 14745600, 29491200, 58982400)
dev.null <- 358759.0022669336
df.null <- 35567
dev.resid <- 225318.90519647292
df.resid <- 35402
df <- 165
coefs <- c(6.674289880168321, 5.944566516075048, 5.885657252828851, 5.363592443433865, 5.072905510051076, 4.973999388417662, 4.798688298897705, 4.671483349000676, 4.377761103909169, 4.2931627033732775, 4.351148329770797, 4.192503367035919, 4.014504180936998, 3.989746412469543, 3.7883658214496863, 3.546538420652871, 3.266346809917587, 2.9605851453455507, 2.550668735040393, 2.0705124151555205, 1.5866135460724196, 0.8621047103628294, 0.9204168759713592, 0.451668057570221, 0.12591132610889108, -0.8753527973031247, -0.2263074951215897, 0.8945237145903647, 1.088878935827114, -1.7834253028571068, -2.9848051696285434, -1.850536153346311, -0.47127216372767045, 0.6899506822057861, 1.2446439728336305, -1.4412112225704596, -0.8565714251594984, -1.3732559341276935, 0.2516733594598843, 3.879748970664881e-3, 0.8727513942287144, 0.960764027538116, -0.8753422578157803, -2.4430440965360614, -0.3397327922315855, -0.5369582750656414, -0.3412401571167437, 0.3960840831648404, 0.3310223717322482, -0.8080354336996299, 0.15298843163162656, 1.1697359824157938, -2.5878972095503814, 1.731730110894928, 0.7902550957297081, 1.0836393600269256, -2.4124038860900896, -7.608960286680609e-3, -0.2894455571558764, 1.3991679278296894, 0.6343532121067547, 0.6567486113401331, -1.9375466594565085, -1.8421375219486293, -0.4882779502794732, 0.286856127226579, 0.7518099636262332, -0.6970099245365894, -2.2363178535879458, -0.49513273430412597, -2.324631333603671, 3.3019296307028566e-2, 0.5433614766347938, 0.8904559887746546, 0.5756736816039142, -0.8406587297143654, -1.3659910947341969, -1.438235932969197, 0.12154192076173732, 0.6899014303231094, 1.242261758849838, 9.645122634387536e-2, 2.3339455424885004e-2, -1.4029169727147854, -0.1265532170315675, 0.2970156236273725, 1.1763851603386903, 9.14031661568758e-2, 0.8230466481035712, -2.1579922787883152, 0.6511730906090911, 0.8091789128280393, 0.9135308113592772, 0.4562524982211429, 0.42261682242062404, 1.2383188688065867, 0.1378320085856206, 0.5328965458762123, -9.422905042395918e-2, -3.88511389497054e-2, 0.24149662148369333, -0.12000870902435917, 0.8484623173813056, 2.7050802666119297e-2, 0.847320137028342, 0.7281216016145021, 1.0316907726633637, -1.0789413219573867, -0.28644036371806814, -0.7697668374219663, 0.3734078248992088, 0.645439044930212, 1.5796904103514757, -0.30030875899025744, -0.18589421784423812, -0.945325542228737, 0.9459383999787195, -0.2813898874256429, 0.392064992610264, 0.5466178801869802, -0.27006599459745395, -0.19847859442041882, -0.822082870854096, -0.26486259348105634, 0.4124684149298574, 0.8556451123922475, 5.370698311593727e-2, 1.05376883928676, -0.43325491847992165, -0.5305299255856007, 0.3785225655757745, 1.0165108807540082, 0.7452323532396166, 0.42166248818726154, -0.13286296312170498, 1.2030777499555196, -0.3275688310946873, 1.044375375618028, 0.7986500831391707, 0.876394718941129, 0.8626737625262224, -0.7481127906262355, -1.409147210465591, 0.7887180103513363, 0.24493702866825592, 0.45841646428814636, -0.39452866283593824, -0.7009828625586981, -1.7631784593310367, 1.19858771893528, 0.1856066097227208, 1.2010081021413748, -0.1858382809887628, -0.23314814545411844, -4.883119915801362e-2, -1.9470354877280385, -1.223018776569587, 0.7676938748790413, 1.0774292438803312, -0.32056656036698045, 1.514581120065044, -0.2779874899760713, -0.1551644187972728, 0.19497355043417502, 1.2670950253635203)
