seed <- 689
log.wt <- 0.0
penalty <- 2.8115950178536287e-8
intervals.send <- c()
intervals.recv <- c(56, 112, 225, 450, 900, 1800, 3600, 7200, 14400, 28800, 57600, 115200, 230400, 460800, 921600, 1843200, 3686400, 7372800, 14745600, 29491200, 58982400)
dev.null <- 358759.0022669336
df.null <- 35567
dev.resid <- 226013.18992091843
df.resid <- 35402
df <- 165
coefs <- c(6.577726345727645, 5.728645074453471, 5.381940933016559, 5.3795632566935945, 5.038656918749299, 4.853511141129334, 4.756275529126106, 4.617017437364145, 4.379918903337542, 4.2549483741968945, 4.322690558045532, 4.121337145476153, 4.030816259204889, 3.961490592646768, 3.7445521170808456, 3.5633516561195675, 3.272228335298788, 2.9226720035729277, 2.4783971211710307, 2.0199696452225826, 1.6883325260695488, 0.9030646643727835, 0.895811557543464, 0.5698510150141265, 0.7551486441924115, -1.1688984322805456, -0.219774225044871, 0.9504664877937666, 1.0704677247640704, -1.3119973122985404, -2.4187096718882697, -3.0594923634084976, -0.7058242260596037, 0.7888179469472664, 1.1896213946569183, -1.468373408276376, -0.35838708480685855, -1.2875739800759032, -4.302708425206808e-2, -0.6541124148056142, 0.9112751631910377, 1.0616545469343552, -0.8832591303218245, -2.1813780098153477, -0.7382075134108708, -0.829806680107589, -2.1582090236498045e-2, 0.35681348254247286, 0.39311856900072384, -0.4294258698614751, 0.1391211295922956, 0.9607398098786409, -1.9793385014548461, 1.9555346937790077, 0.7429525473458424, 1.1522469763074144, -2.2096114660177664, -0.12904720486450272, -0.3470744978211229, 1.4979946025999682, 1.0959868485512534, 0.9359915853214542, -1.811610454902394, -0.39428820684746724, -0.7796719339138904, 0.25933102280085163, 0.5942377548031965, -0.2334536726962313, -1.6353004081153326, -0.6436988923603588, -1.213954694885002, -0.3835172589016753, 0.5285724975941467, 0.9282249409999906, 0.7980541416686863, -1.0551349496478803, -1.321267457531295, -1.0651379526551032, -2.4729594729804842e-2, 0.803426539792399, 1.2484596430044888, 0.16602713572284195, 0.1616226747240389, -1.9322760496436506, -0.2882432020107275, 0.41880501525844016, 1.2577977167284597, 0.4698432933068608, 0.8522462535784852, -2.1749963741763816, 0.6579635072504217, 0.7545513206050237, 0.8590953564851107, 0.3538410629623155, -0.5093944702979116, 1.193607697274768, -0.6647671671164205, 0.4742577907335958, -0.5713146818522062, -0.20439090031172893, 0.39685373055124196, -2.0282291220960675, 0.6728780607097834, 0.22184243300132278, 0.7505577261743527, 0.8448101336238307, 1.0200388644396747, 5.847387886450484e-2, -0.7111613552910139, -1.7143917750851367, 0.5215145484899917, 0.5150131072512231, 1.5831772388717718, -0.2914124257359743, -0.12212163171089412, -0.8840533833074106, 0.8534913545426359, -0.33745568803205833, 0.2539712079888618, 0.6561073054466252, -0.40501974424940124, -0.1566517561684124, -1.0833806380664701, -0.5691268046999056, 0.25501512970490575, 1.1792525561324823, -4.1972494068269986e-2, 1.0316365379063859, -0.26124181512027106, -0.40251432876307947, 0.11574348925373491, 1.0319084551381845, 0.8568120147627343, 0.5192120554157743, -5.0364654531829436e-2, 1.0186069987686799, -0.2593158226579355, 1.2220677101248172, 0.7697873995682818, 1.0396790506171314, 0.7664986464663296, -0.5873991279994405, -1.4206556815618583, 0.6794044468903161, 0.3317650765372792, 0.5136618378622727, -0.1922485882077835, -0.4178201878117266, -2.2312842782567253, 1.4377142404934689, 0.13561225864981863, 1.2926068474311376, -0.14343489429937356, -0.12663902150220196, -0.12414775380416508, -2.2599941669492645, -1.533825097164125, 0.9667885878799463, 1.2552327903781488, -0.6197962328748455, 1.5018427531532301, -0.2437815833030182, -8.26390056082522e-2, 6.238772356676613e-2, 1.2155175963502436)
