seed <- 435
log.wt <- 0.0
penalty <- 2.8115950178536287e-8
intervals.send <- c()
intervals.recv <- c(56, 112, 225, 450, 900, 1800, 3600, 7200, 14400, 28800, 57600, 115200, 230400, 460800, 921600, 1843200, 3686400, 7372800, 14745600, 29491200, 58982400)
dev.null <- 358759.0022669336
df.null <- 35567
dev.resid <- 225783.18326900763
df.resid <- 35402
df <- 165
coefs <- c(6.550005365691422, 5.74057397825525, 5.603551154771085, 5.271065652437947, 5.183949731322596, 4.822875853118892, 4.730155069398264, 4.647063529260082, 4.420515184641557, 4.25696181249304, 4.334739019184277, 4.193658883754151, 4.049232929285315, 3.9826817809007937, 3.791441104470048, 3.569564153340308, 3.2677602362983116, 2.962244759686054, 2.495427714404578, 2.063362065503161, 1.6094324908242619, 0.8632066955464627, 1.0048027914137516, 0.476926784712715, -1.819761471701565e-2, -1.127467456333441, -0.1585080425407366, 1.0604593454606515, 1.0633634608735498, -1.1947543101942715, -2.4330879428172145, -2.6320176826900243, -0.3343559866080835, 0.672898939132416, 1.2482765094390862, -1.157656838738051, -0.5122885280873295, -1.2789617127677348, -7.754878261129722e-3, -0.8073646758983374, 0.9270315618325728, 0.9544767141085733, -0.6801863283289283, -1.8069354050207362, -0.6677745585441972, -0.7453224949640102, -1.23890425723121, 0.5518143068384886, 4.420787158423139e-2, -0.8193917798313404, -0.25594403185365056, 0.7811985984394445, -2.715807793181266, 1.627167529352605, 0.6795859372635311, 1.097928902057716, -2.388256141242292, -5.9821399428545446e-2, -0.25874503425424, 1.3114424319603177, 0.9668460106386677, 0.8729161909570023, -1.570295487830756, -1.0885187218509038, -0.9564008510249683, -8.079802153613058e-2, 0.5792818501879906, -0.3079610206678103, -1.28537856932281, -0.45439399547079606, -1.635038012761761, -0.3367218494069829, 0.6521300596842319, 0.9538560388142026, 0.6575711825650468, -1.0012573634493713, -1.1357936207472785, -1.8278124795180601, 0.12193295281163416, 0.5332988357437025, 1.1314645169425086, 0.12301735455734705, 7.950803451392939e-2, -1.2499243140477596, 0.12494680363588787, 0.2676619167126497, 1.1950596279059742, 0.3752742424395868, 0.9680345656385011, -1.7116576999438604, 0.4867408153377891, 0.6435320354823749, 0.7625908332646746, 0.2901050225466962, -0.11458325577842052, 1.483600680052948, -0.32968778527362513, 0.7562666443074597, 0.1555952457179464, 0.10990796813001281, 0.5153798280579688, 9.133395551405502e-2, 0.8176094532458051, 0.3211778120578245, 0.7189452489498636, 0.792828111359898, 1.0372230837925582, -0.6891540587643137, -0.5408846429345313, -1.099622688057092, 0.40467682094263563, 0.6760942523550562, 1.6186196250381792, -0.4464917725302483, -0.35521350470087326, -0.7076847985343551, 0.8002845846160219, -0.328906227613722, 0.5196440484936543, 0.356696274978423, -0.39195262170338024, -0.2719199997350173, -1.474379637282491, -0.4441594256806659, 0.3060303013709167, 0.829486086455143, -4.939851410192571e-2, 0.976942179080974, -0.5514002777995975, -0.4818879964317229, 0.21888913667928572, 0.8563224719262289, 0.8199649630187753, 0.42962014214899463, 0.12926131162503485, 1.051654201466913, -0.36329744914993894, 0.8947333353539427, 0.7599466399853866, 0.89058127289713, 0.787391322616851, -0.6052287673562053, -0.8372013255684941, 0.6047695087010801, 0.4497857944854458, 0.5128025786143682, -0.31054709410922227, -0.2116717467691342, -1.822002588353166, 1.1374503237444953, 0.1982657079507999, 1.1568610288374745, -0.1577283052643994, -6.649524187770892e-2, -2.3871718738151252e-2, -2.2081153982131334, -1.2648703103313585, 0.8042401251699569, 1.235264983121272, -0.5016166746432732, 1.5948429596451608, -0.27313366080626833, -0.1254770668339182, -0.16572315924428715, 1.184217332391454)
