seed <- 688
log.wt <- 0.0
penalty <- 2.8115950178536287e-8
intervals.send <- c()
intervals.recv <- c(56, 112, 225, 450, 900, 1800, 3600, 7200, 14400, 28800, 57600, 115200, 230400, 460800, 921600, 1843200, 3686400, 7372800, 14745600, 29491200, 58982400)
dev.null <- 358759.0022669336
df.null <- 35567
dev.resid <- 224738.3074672433
df.resid <- 35402
df <- 165
coefs <- c(6.681522917893164, 5.693112773052198, 5.664462885471269, 5.3108021296019725, 5.102013272284702, 4.904269643176818, 4.741813104193919, 4.629796452276105, 4.404180015447218, 4.307168429697823, 4.35524769501958, 4.194125552330469, 3.982141035955953, 3.960784125626763, 3.791594703205142, 3.563693851609547, 3.2497095996710095, 2.970818842547867, 2.49905385728823, 2.075202051593652, 1.5942768415407285, 0.8832182882480382, 1.0936446819903376, 0.5276409013002944, 0.6088374278716782, -1.3282920314217115, -0.32153462696316687, 0.9619744649127988, 1.1126990651162385, -1.4165700820187228, -2.466987161439079, -2.12488008238134, -0.4735531110942514, 0.7926744758788783, 1.2273494107955367, -1.4361464823828574, 7.061333482154793e-2, -0.8017907082945873, -7.285404366378548e-2, -0.41730527327991607, 0.9160163451053697, 0.9012043570359212, -0.6161406925640778, -2.1084483313753926, -0.7948012508525665, -0.5768937272571458, 3.724666026253267e-2, 0.392397659568902, -1.423157903242489e-2, -0.6755118789332517, -0.5068633109041697, 0.8488583494782816, -2.2960176418836165, 1.7231660841883103, 0.7498752392257186, 1.2374757021947762, -1.9240654181730041, 2.465585631263842e-2, -0.35634156894785285, 1.2410695716710043, 0.525203897560075, 0.7321567037354927, -1.9935488201397176, -0.7192130570283273, -0.6602838548657531, 0.3750660086523999, 0.6190455953114656, -0.5530441707798779, -1.1476456009697293, -0.6634746158704796, -2.048473859139291, -4.669492800744127e-2, 0.5254618608021454, 0.8876726224557773, 0.7969042688442964, -1.047010130615123, -1.3598889859094976, -1.4606607740185145, 5.102241190326803e-2, 0.7081986405482108, 1.2239158971060073, -6.866470192873246e-3, -8.786931910987776e-2, -1.6705616737951712, -0.2840063843936715, 0.4084659067808368, 1.2675836530296938, 0.3943550819693667, 0.8458214305351153, -1.9671866207718673, 0.45417134678877674, 0.8930581002165869, 0.8075404961939083, 0.32973827240839754, -7.940232805076594e-2, 1.4553341178076369, -0.3499537029641612, 0.42599552995724, -0.16105789041612, -2.3275937826378608e-2, 0.457767984887309, -0.2325362144945695, 0.733712364683723, -0.2408406744147921, 0.5445418506665526, 0.8425973224208586, 1.12975708762787, -0.31617600571066073, -0.5982089300773245, -1.092097744039634, 0.5223651906140723, 0.5026381558339061, 1.609040743571565, -0.5220932376051508, -0.19713108105674476, -1.1199304222674373, 0.7538131268575833, -0.27294783147810625, 0.5033454355520018, 0.5769639123972454, -0.746554759786641, -0.3888179760643096, -0.7829992052236768, -0.5933629131953901, 0.26450159516114913, 0.7793449497784802, 8.339422184155178e-3, 0.9601609373055092, -0.6720840304810933, -0.3315888726267141, 0.19513383234789838, 0.7848210419499896, 0.7504871859187721, 0.3927998848060485, 7.348780043512487e-2, 1.0541320638346636, -0.3394969085637131, 0.933106797564723, 0.7001088329070551, 0.9213443417174524, 0.6920490759122607, -0.9056297215536512, -1.3207511249030879, 0.7025893341876083, 0.39953645973665014, 0.562157844872685, -1.781881100641682e-2, -0.4585958444265725, -2.11036729123475, 1.2382159081590034, 8.239617196774923e-2, 1.2974056995897065, -0.1759316998850466, -0.11548297629000903, -0.2936389084252108, -2.211237448986589, -0.8871848104566472, 0.8772618461454094, 1.1963357953938987, -0.5031949596573113, 1.560207518080638, -0.3510571764702037, -0.11841244991192924, 0.12950025964659695, 1.166220664719368)
