seed <- 930
log.wt <- 0.0
penalty <- 2.8115950178536287e-8
intervals.send <- c()
intervals.recv <- c(56, 112, 225, 450, 900, 1800, 3600, 7200, 14400, 28800, 57600, 115200, 230400, 460800, 921600, 1843200, 3686400, 7372800, 14745600, 29491200, 58982400)
dev.null <- 358759.0022669336
df.null <- 35567
dev.resid <- 225884.3565732329
df.resid <- 35402
df <- 165
coefs <- c(6.7399618797027445, 5.799326589752409, 5.773047752577599, 5.379729316348606, 5.112701741266094, 4.78981285652328, 4.776621895349871, 4.694088760931032, 4.364007203204706, 4.263801212552999, 4.284808261394955, 4.163150750107136, 4.04265642341235, 3.96469427836704, 3.732968571020747, 3.530810618465278, 3.2618190744273186, 2.9388334070272233, 2.489314645295106, 2.0056162968883346, 1.6811016645818389, 0.8671335765613198, 0.9557927293356865, 0.30840085330022754, 0.9669781351552117, -1.538449851443728, -0.14712800984697347, 0.9816326735615897, 1.1143650537879661, -0.856867818152139, -2.17328649679387, -2.4082779691664613, -0.22096547952398146, 0.757144904566277, 1.1113850309270144, -1.1929718632628734, -0.7618046295719797, -1.4593720448457663, 0.11807768024715631, 9.610339811742e-2, 0.9436383174691031, 0.7709128832681034, -0.8461768885435459, -1.97193907318135, -1.1235077270415983, -0.6898803464291938, -0.27526225965641177, 6.896636419011397e-2, 0.26944521587490894, -0.8853166880208548, -9.369690890251077e-2, 0.8842566335613253, -2.760434720014697, 1.6367976736410577, 0.8289919275761857, 0.9970534759873592, -2.0916370738353134, -1.111947515267171e-2, -0.38541209456866965, 1.5367775492274665, 0.988484822225596, 0.9058989963773105, -2.2056105916621664, -1.151339166038628, -0.7078272156974965, 0.216609289297974, 0.5416817452499498, -0.5711934212926686, -2.1555350191821807, -0.6998493925260045, -2.018068108572864, -5.8282035965830814e-2, 0.38928107162154946, 1.056228444005178, 0.7989596067794223, -0.7343807795607884, -1.3359045306788548, -1.0516517461519854, -0.10262689257296986, 0.7211666249503818, 1.3238875971576158, 7.402071753273669e-2, -4.4987045040361575e-3, -1.699820573231383, -0.4055169432377248, 0.3761468328338281, 1.3352632463844027, 0.4194145757150955, 0.9070905011088943, -2.3895484099203492, 0.45200031663438645, 0.7203660086949217, 0.9014832602397159, 0.2961692068256196, 0.33955672257478736, 1.3450953167427515, -0.5817968314046, 0.6424051119418003, -0.5398968598397942, -0.2027905960401215, 0.42678224379662216, -0.2997717364178855, 0.8311370576520047, -9.095610276529685e-3, 1.0690308102080022, 0.8262533620439353, 0.9997647634219886, -0.17443126331056646, -0.20567032828710688, -0.6152269771984608, 0.6137642967769221, 0.5577160644215701, 1.6315461291841848, -0.5188599105468387, -0.28252503396682394, -0.7438954485626018, 1.0243556408716215, -0.3548422229081919, 0.4095697069279667, 0.611130466468639, -1.4994423666106564, -0.4063036022450642, -1.0408368706791473, -0.6152123737517223, 0.3858123898838125, 0.8109859902092856, -3.2448218081267625e-2, 0.9654399151144485, -0.8072928082728225, -0.48363933957840566, 0.19716205990880145, 0.8980440973613728, 1.0332820826999836, 0.41040673919757353, 0.1275092906988385, 1.030303692166287, -0.298215343243384, 0.9570722124496921, 0.6990849885032843, 0.8818969215720078, 0.8605069316469538, -0.5080269300436336, -1.1443624387245104, 0.6108447997802123, 0.5855091961848988, 0.5296759081116156, -0.20610693281601172, -0.5846848735479664, -1.9202050996585194, 1.1865653664263274, 0.19841639163071798, 1.2245124239761747, -0.13201288154329358, -7.336406089187551e-2, -0.18562740706977843, -2.253753711300147, -0.778749424650097, 0.9839071312865817, 1.2397020528597986, -0.6810192486040453, 1.6133522740622044, -0.4622437941032914, -0.1142488972880729, 0.19396615218428287, 1.3516867492752236)
