seed <- 935
log.wt <- 0.0
penalty <- 2.8115950178536287e-8
intervals.send <- c()
intervals.recv <- c(56, 112, 225, 450, 900, 1800, 3600, 7200, 14400, 28800, 57600, 115200, 230400, 460800, 921600, 1843200, 3686400, 7372800, 14745600, 29491200, 58982400)
dev.null <- 358759.0022669336
df.null <- 35567
dev.resid <- 225606.46051419518
df.resid <- 35402
df <- 165
coefs <- c(6.45792017099829, 6.036607440151161, 5.635505436993354, 5.333725725392443, 5.202383721353482, 4.841942588709544, 4.734681014747013, 4.6360233981999865, 4.288590622492452, 4.253562035849068, 4.27980587850864, 4.194158976704608, 4.016332577077553, 3.9408555684878466, 3.779483141612833, 3.520165854888714, 3.2423870103932595, 2.9532048474244728, 2.520826160850753, 2.0504279289495715, 1.5251040983060493, 0.9103678192332794, 0.9510849539697072, 0.4887955487857168, 0.5969709558081661, -1.0875028091188859, -0.19149721593976873, 0.9816954561846855, 1.026732308008151, -1.4334393712414042, -2.446031654869469, -2.3035597811832393, -0.6440143593041483, 0.7621544802951592, 1.1489212726783775, -0.8049793215003918, -0.16532606592146287, -0.9490866519881035, 1.920907904993318e-2, -0.7460018988401934, 0.9135561185019632, 1.1392644875226687, -0.9021799224034573, -2.062492104816767, -0.7860739877324776, -0.7994034464369241, -0.1538030815460679, 0.1725647420616776, 0.7776418650973903, -0.5766403413288093, -7.468308001378404e-2, 1.0082747041641473, -2.247418950243179, 1.7734357141409054, 0.7481748947410789, 1.0539260135477497, -2.0092317776586945, -7.414813502849925e-2, -0.3079193947925703, 0.8614145658030569, 0.6090412167545852, 0.6330888138242933, -1.5219102836450507, -0.6452993617230578, -0.6979885649253087, 0.1081888021568529, 0.6902959679922165, -0.5314903953424148, -1.108485617852592, -0.6251890431184123, -2.231105070535554, -0.5345189782207695, 0.4107129834182559, 1.0128765962259838, 0.6770701140465577, -0.8212612154461665, -1.0119672591840043, -1.5620093079431103, 0.12206761238095401, 0.6502972429107882, 1.1728813013598203, 4.153576017990365e-2, 0.3054139570429735, -1.3352847182953436, -0.12055273513630643, 0.3440533039011799, 1.2696016094848452, 0.5745199913925662, 0.8365393841172973, -2.226044332454209, 0.5036699938916954, 0.8546746214401744, 0.8911913583008403, 0.3739743558637332, -8.474453464750188e-2, 1.4911265141291774, -0.34009581416396895, 0.43462756192621355, -4.090228240328442e-2, -0.6001673609564908, 0.3801818557628344, -0.5859840177945269, 0.929884050610801, 7.218336431993524e-2, 0.8121805902700949, 0.8402808141172091, 1.0556516445844613, -0.6275708897736306, -0.694712544853521, -0.9990041444265308, 0.4654046389294582, 0.49859810966211504, 1.560724794416861, -0.6981781333881609, -0.3092820526057143, -0.9044454916752346, 0.7550097547589857, -0.3096872809893344, 0.3318533679552061, 0.72683102583476, -0.5549772064983703, -0.463756364312159, -1.5994684994618407, -0.5841846785446391, 0.19627325902112974, 1.0309492478829954, -2.0082895806517183e-2, 0.930466821403632, -0.7716402004329489, -0.3119728871407259, 0.11900413222490137, 0.8438803534373511, 0.8046098851957467, 0.47235961439189195, 7.232004095623913e-2, 1.1514863455374953, -0.28004584736678356, 1.1922825820659548, 0.7186034190977172, 0.9777695673603377, 0.6744888357873351, -0.7061097439177526, -0.9406573802983746, 0.5290613525134003, 0.31067001447814885, 0.41390855175998476, -0.23430152099250193, -0.48982047895120195, -2.1924193625696184, 1.4578904405590123, 0.16699419543987898, 1.206324045589587, -0.2131119707551591, -0.10180269305775391, -0.193699866635543, -1.811320194775027, -1.6339825541786435, 0.7650758691449115, 1.1591573999891918, -0.3278396124792678, 1.5158322644605915, -0.19635611150705773, -0.20211360846916315, 5.6346096445293356e-2, 1.2268060732588557)
