coefs <- c(0.0000000000088817661940, 0.0000000000088817799564, 0.0000000000088817916442, 0.0000000000266453528954, -0.0000000000111022325387, 0.0000000000088817928304, 0.0000000000266453566244, -0.0000000000344169132536, 0.0000000000266453565665, -0.0000000000111022301843, 0.0000000000266453556105, -0.0000000000344169127836, -0.2210901856943522925114, 0.3375100551088050515602, 0.6052766458443240571441, -0.1975506378000617957458, 0.1366914113811623088246, -0.9970693404754946698176, 0.3005038361279870340326, -0.4981155399434290531602, 0.4382498590093516499522, -1.6404569325038380611659, -0.2706876577389271676388, 2.9034314899676338939116, -0.7647275647911627727282, -0.1728218863194559140606, 1.2182887696940467581186, -1.5168043996200484269110, 0.8667114403170788072828, -0.6772656244381672907551, 1.8628488442144877090811, 0.6144641700680270046675, 1.0806045434802100668747, -0.8030417303544159501882, -1.2042030426427474676387, 1.9825746766553908884134, -0.0423285140518662103548, -0.1565768811948575756077, -0.6565911887879716246630, 0.4032461113389070317403, -0.1734950652481211663680, 0.1095427001476625278320, 0.7463163195475426281433, 0.9785587035863728688767, 1.1245898735871757700977, 0.3636590896220613933210, -0.7445006050321486545940, 1.6472368225754103754355, -0.1028087576369274142030, -0.0473184441569641789371, 0.7002401710989845096123, -0.6980740211033105158123, 0.6304979139028750179108, -0.6335368524693302250128, 1.5895129649268457949773, 0.5728436768120038768970, 1.5370508698575389150420, -0.5481858755364985569258, -2.2007652101586296922164, 2.0375345075618982448873, 0.0153049283603154881450, -0.5058643329406694588712, -1.4528575688030576085197, 0.2073921643891235566670, -0.8188584446285278595212, 1.7727526975172891443577, -1.0383811390637238680767, 1.0217958303796426111631, -0.2832641090266218020233, 1.1095981057962689408924, 0.5245420686372045393497, -3.0600821453655546733330, -0.4835622059188267041208, 0.2071151910554796249375, -0.3812280768267491959378, 0.7020164122746632706651, 0.5874947491610140737350, 0.6636480379229124926255, -0.4174839136630786873283, 0.0403624540936448408801, -1.0999367063675240530074, 3.0053705559180068362934, 0.9628000285319623374747, -10.8018996790330721324835, -0.1756983316617173607188, -0.7614841855546264914878, -0.9553658593517444508336, 0.3970629043247326239729, 0.2390025267202696701574, 2.1486711488956080629009, -0.5614529422738007147231, 1.3112289840203907864691, -1.0527262774470886874667, 1.6716864879805961585646, 1.6653902237161586352698, -3.7767045819148874485904, 0.6222751016395630108136, -0.3277517540345957769432, -0.3160125097219782519531, 1.1239781056578068696439, -0.0528612715880329153695, 0.8802330190400081688651, -1.0488405534670499630323, -1.1739969031335808491434, -1.6624036450559940281124, -0.5265958547306265336019, 0.7066592284223363051865, -0.6611096301139955944137, 0.2890416244535807255289, 0.1008604640095451254744, -0.9354294635896388543372, 1.9803832186162531048268, -0.9982978000917267502601, 0.2812704395511003707675, -2.2882630970572765960469, -0.7890541631346156270510, -2.1620931057927315066536, 0.9308096056238439608421, 3.0630785500692265799216, -1.4660316751948700986219, 0.2439498654389293252898, 0.7025521188053417409591, 0.2190831703642949490618, 0.0817240796913781958333, -1.0540813619683460089504, -1.5099394469844571453621, 0.3185808508891049828371, 1.1046525510043356810286, 2.4258980528712528190738, -0.4851305219106609722957, -1.6202185588676210059589, 8.7791546297467526471792, 0.0525522730813983013354, 1.6125777485354009233021, 2.4149785005116322089691, -2.3639476554502474314745, 1.3926435951602424978546, -3.8995379997831967067157, 2.5857595307870964163044, -2.2210970965305198987494, 3.2553175028307452798515, -2.0520554154509835775855, -4.0055452637961446171744, 4.4415683509437577924928, -7.1289550263811456431995, 0.6338084717529401945768, 0.4865135639230029895863, 0.2433900507485025621612, -0.1316031985948161453504, 0.1809592977619088605135, 0.1923065999275473392238, 0.1274059171486205677137, 0.1061779043369557723464, 0.0579801110709507044882, 0.0363035311764942705826, 0.1050142549413453224583, 0.3307749686403901323573, 0.0925857840076638738402, 0.3981178618066079089033, 0.4815349805844211794614, 0.3940973652439497265654, 0.5117333302836705177796, 0.4520354925616724139914, 0.3550918251958615767805, 0.3388854611354924495359, 0.2862940948406747510013, -3.9924393926103181051701, 1.2960021526328513452597, -0.2544856379533284029826, 0.3324847586972780044690, 0.2278400823266437114079, 0.3564526625299409556824, 0.0985855493539320448804, 0.2711362210846192666303, 0.1709788985601013444615, 0.1772726699116366766429, -0.1285660383292120956256, 0.2003730090916670258938, 0.1054554570785175976466, 0.0345763193817845773670, 0.1164886652371753122948, 0.0898811647592434592724, 0.1052645782767626381204, 0.1029668244846402569426, 0.1006026174784707821752, 0.1025396008213918380703, -0.1064550853446129541346, 1.1000409396087136304487)
