intervals.send <- c()
intervals.recv <- c(56,112,225,450,900,1800,3600,7200,14400,28800,57600,115200,230400,460800,921600,1843200,3686400,7372800,14745600,29491200,58982400)
dev.null <- 387214.0067765921
df.null <- 38388
dev.resid <- 235185.44453038048
df <- 165
df.effective <- 153
coefs <- c(7.374712552037485,6.126792616537681,6.294680871527387,5.917602266049506,5.570867214035314,5.304553821851981,5.155626634083695,4.945613746223219,4.689000321177603,4.527039443599424,4.573181762775575,4.395457852121,4.195781296001477,4.115466026466157,3.8563493978843995,3.5775394174998993,3.275104012160893,2.929234531896255,2.489571399002263,2.132195045538634,1.7952136696516796,1.0921810550158582,1.1233309570055197,0.43923377586143914,0.34956378768341806,-1.229765418093693,-0.5182616457293765,0.9031435250048878,1.1239793073724298,-1.2360773551842574,-2.4050192860795656,-2.0669226497267887,-0.7676494973886046,0.901931816619991,1.4282220293543415,-1.569511682960474,-0.32606514874145237,-1.1127753046779951,-0.10125278855633535,-0.7414690508917862,0.8846437013070172,0.9791498569120312,-1.0009005046289625,-1.9742060837757935,-1.3681269952697572,-0.8388887946995266,-0.49202046225141355,0.48872263658863047,0.36656243400090127,-0.5000254842114875,-0.14895296911802264,0.8913801205289158,-2.5175447966527695,1.773608664212337,0.7540518814751208,1.195891453594171,-0.8069241836917651,-3.622778326618091e-2,-0.7754406952203509,1.7740349527290942,1.1659489873867228,0.7728685334482654,-1.2876078702316762,-0.828295348593001,-0.7854065078630723,0.2349621972318447,0.7356354556147782,-0.254857595827706,-0.2719441743058683,-0.7506458170986358,-2.1088330328059217,-0.3873113603190351,0.42500906010413986,1.021333961616508,0.5200479955087102,-0.9009480574890791,-1.440263142682427,-1.3494742803765438,0.4484420574436636,0.6549336579053359,0.8849033658035927,-3.349949055784765e-2,-0.25299206816796266,-2.077060858930669,-0.7075282121648196,0.34106165198073884,1.1108789519621831,0.5783888735500956,0.8007972735008634,-2.2570798271963044,-0.10300616298407315,0.5349458297816317,0.46831673283433206,0.4278035296009331,-8.084042136476478e-2,1.39842687200985,-0.3085537278019918,0.3474405426564546,-0.39527721676347094,-0.1364712793886758,0.5541277888401204,-0.335025052687693,0.9402367457190062,-1.608576687356857e-2,0.3925112440814065,0.9527536911343426,1.306913782117101,-0.26761222019786984,-0.3616554661108776,-1.0728688954390009,0.21382315630626272,0.41875407930433317,1.7107993867298268,-0.5969545348856147,-0.5129824839032868,-1.1893130540644152,0.38547125311462377,-0.34129409849711645,0.5123616679554251,0.599137232127625,-0.5035688517290905,-0.35228459095228115,-0.5886472617751958,-0.4706330895384878,0.2868897629453806,0.8298529206214352,-4.59443876163528e-2,0.9928872061615378,-0.15584803206807882,-0.4328612034419299,0.632806616550431,1.0226504685372706,0.8549487518276475,0.44226694862892196,0.42039576040248433,1.0680739589051973,-0.17547539905327764,1.0919868786396751,0.855156650735699,1.0002406268269226,0.6800163968676748,-0.7737382348879057,-1.296703867335525,0.735409278838224,0.3851282347090524,0.5621078365532806,-0.25850336319573997,-0.45460776252281443,-2.034491049551125,1.2962531016075431,0.6476035952606838,1.359480298213726,-0.27485634465707154,-0.16751466992187705,3.195494163009414e-3,-2.156119094284088,-1.3397898491636522,0.7806402184902745,1.0333572511902251,-0.32731596886959624,1.5919436751069445,-0.431202568894527,-0.3132735610367038,-0.23699392221497842,0.8341302346795448)
coefs.se <- c(0.21107694111194875,0.15234272689703562,0.11139544763268784,9.170006388458989e-2,6.91932139595875e-2,5.9152943404945243e-2,5.077978574559217e-2,4.298747879575006e-2,3.750916338427189e-2,3.75218515967155e-2,4.1758896056318245e-2,2.544544547591001e-2,2.8941858949853894e-2,2.346123701430639e-2,2.263164319428131e-2,2.2871699426103398e-2,2.3836463783787232e-2,2.4265901718879285e-2,2.7257014209154676e-2,3.3524011788515634e-2,6.088162303188322e-2,3.259760794508449e-2,7.83834544022669e-2,0.1809629184995637,0.27220090591867807,0.2744675719511107,0.12874586728625953,0.1081583414172248,7.428035501253827e-2,0.27192873596399575,0.2540767148102113,0.43461830922067723,0.154708763929604,4.2515846893010065e-2,9.499194175199085e-2,0.7899534738280115,0.47609741252799964,0.39027015105191615,0.16460334759715156,0.5154881367179389,7.799553697494689e-2,0.14612685201605982,0.19124907300605315,0.5722828438520337,0.22602970964388067,0.13541749026154593,0.3563457670509827,0.2035553966198066,0.25937990792806914,0.216223168128836,0.255602031844045,0.14857288814043595,0.6249894808080448,8.861063325968951e-2,6.728121001781388e-2,0.10623474233701471,0.2964156937455783,0.13751355443943347,0.27621985740595595,0.21220951705490151,0.24708609924179512,0.12277942414446824,0.3637531046146668,0.4670493919397486,0.2147365236912615,0.1955057189504299,7.317339370621095e-2,0.17092546349436585,0.19901520537971812,0.11515610731203517,0.39506821206130205,0.2921145585167184,0.1717285004930127,7.66224350979919e-2,8.340150039822124e-2,0.24990924747729082,0.22971611551843615,0.24905936312296414,6.93063935476367e-2,8.97621995663394e-2,7.03538193621938e-2,7.301599100482775e-2,0.16221100513459746,0.6890992078499723,0.4752189485326396,0.1041737503034652,6.330227144479264e-2,0.16271230155828342,8.126840100169834e-2,0.4251374312234039,8.235819666481502e-2,0.11670395994013377,6.061561957348572e-2,6.790728776630506e-2,0.2709039644849418,0.1794145062614916,0.6293968775256435,0.214955582270465,0.19398497919662847,0.2811840155151226,0.13165781270310717,0.2854172555200046,8.671025864243331e-2,0.2738997515815959,0.1657130223264514,3.448105574537645e-2,7.17557321195746e-2,0.3970791512884735,0.3056060834976308,0.2511158292723134,7.722713967152021e-2,0.11963564680374553,6.908858911323024e-2,0.2203447223967621,9.418268893953581e-2,0.27619133633916465,5.901805266561472e-2,8.565391026156846e-2,0.11762904525025873,0.16628101450022525,0.28104055474637835,0.1461403816963728,0.1611001044302093,0.2101890263488713,9.748184324449706e-2,8.726215266764278e-2,6.424756730618693e-2,9.03943056395619e-2,0.10406381982741515,7.005874636170949e-2,9.453278404393278e-2,0.13745479647354933,0.13200340612409883,8.464191398127323e-2,7.340709844393861e-2,9.80318950398499e-2,8.84055521438197e-2,7.60836357151452e-2,4.1250749546468284e-2,8.724612783023357e-2,5.746817126605322e-2,7.822000918879546e-2,0.198146974761717,0.14406053278306555,0.15192236098849504,7.517821031127095e-2,9.343434278692281e-2,0.19672043779070877,0.1999375717725964,7.480634807061344e-2,4.968730221558626e-2,8.116598644698324e-2,8.726442686868444e-2,6.890338267682532e-2,0.12590369005103952,0.6894178577412555,0.38177030008862983,8.227525300784497e-2,5.903827876088203e-2,0.17373480276192224,7.064072420804104e-2,0.1414032606283972,6.389208351591938e-2,0.12609242394053488,5.12709257542143e-2)
