intervals.send <- c()
intervals.recv <- c(56,112,225,450,900,1800,3600,7200,14400,28800,57600,115200,230400,460800,921600,1843200,3686400,7372800,14745600,29491200,58982400)
dev.null <- 387214.0067765921
df.null <- 38388
dev.resid <- 235185.44453038045
df <- 165
df.effective <- 153
coefs <- c(7.374712552037472,6.12679261653769,6.294680871527388,5.9176022660495065,5.570867214035315,5.304553821851982,5.1556266340836965,4.94561374622322,4.689000321177604,4.527039443599426,4.573181762775576,4.395457852121001,4.195781296001478,4.115466026466158,3.8563493978844003,3.5775394174999,3.2751040121608934,2.929234531896255,2.4895713990022634,2.1321950455386345,1.7952136696516778,1.092181055015853,0.9031435250048891,1.1233309570055208,1.1239793073724353,0.4392337758614419,-1.2360773551842592,0.34956378768341884,-2.405019286079553,-1.2297654180936943,-2.0669226497267883,-0.5182616457293793,-0.7676494973886059,0.4278035296009284,-0.13647127938867443,-8.084042136476094e-2,0.5541277888401281,1.398426872009852,-0.3350250526876916,-0.30855372780199214,0.940236745719007,0.3474405426564552,-1.608576687356944e-2,-0.39527721676347194,0.3925112440814031,0.9019318166199861,-0.7414690508917848,1.4282220293543426,0.8846437013070222,-1.5695116829604825,0.9791498569120202,-0.32606514874145304,-1.0009005046289587,-1.1127753046779965,-1.974206083775791,-0.10125278855633651,-1.368126995269755,0.9527536911343386,0.41875407930433495,1.3069137821171026,1.7107993867298328,-0.26761222019786823,-0.596954534885614,-0.36165546611087884,-0.5129824839032843,-1.0728688954389958,-1.1893130540644135,0.21382315630626256,0.38547125311461894,-0.8388887946995287,0.8913801205289142,-0.49202046225141044,-2.517544796652767,0.4887226365886323,1.7736086642123305,0.36656243400090166,0.7540518814751209,-0.5000254842114847,1.1958914535941654,-0.14895296911802247,-0.8069241836917672,-0.34129409849712183,-0.4706330895384847,0.5123616679554268,0.28688976294538676,0.5991372321276272,0.8298529206214297,-0.5035688517290918,-4.5944387616350384e-2,-0.3522845909522846,0.9928872061615328,-0.5886472617751969,-0.15584803206808365,-3.622778326618675e-2,-0.8282953485930025,-0.7754406952203472,-0.7854065078630661,1.774034952729105,0.23496219723184422,1.1659489873867257,0.7356354556147788,0.7728685334482621,-0.2548575958277077,-1.2876078702316813,-0.2719441743058705,-0.43286120344193285,1.068073958905199,0.6328066165504322,-0.1754753990532742,1.0226504685372715,1.091986878639668,0.8549487518276462,0.8551566507357007,0.4422669486289187,1.0002406268269182,0.4203957604024844,0.6800163968676707,-0.7506458170986399,-0.900948057489078,-2.1088330328059306,-1.4402631426824204,-0.3873113603190307,-1.3494742803765438,0.42500906010413864,0.4484420574436651,1.021333961616506,0.6549336579053314,0.520047995508711,0.8849033658035882,-0.773738234887909,-0.45460776252281127,-1.29670386733552,-2.034491049551116,0.7354092788382246,1.2962531016075367,0.3851282347090517,0.647603595260685,0.5621078365532775,1.3594802982137209,-0.2585033631957405,-0.2748563446570771,-3.349949055785183e-2,0.5783888735500952,-0.2529920681679555,0.8007972735008688,-2.0770608589306705,-2.257079827196305,-0.7075282121648204,-0.1030061629840724,0.34106165198073507,0.5349458297816265,1.1108789519621833,0.4683167328343265,-0.1675146699218811,-0.32731596886959163,3.195494163010632e-3,1.591943675106952,-2.1561190942841026,-0.4312025688945354,-1.3397898491636524,-0.31327356103670206,0.7806402184902713,-0.23699392221498392,1.0333572511902247,0.8341302346795396)
coefs.se <- c(0.21107694175499542,0.15234273041094915,0.11139545488486874,9.17000756386635e-2,6.919321049712754e-2,5.9152947561952905e-2,5.077978847019907e-2,4.298747659954383e-2,3.7509166640846366e-2,3.751892726755411e-2,4.1758906945300954e-2,2.544545353066095e-2,2.8941871328786534e-2,2.3460957774629355e-2,2.2631709365825495e-2,2.2871998257780145e-2,2.3836479207792645e-2,2.4265911877886036e-2,2.7257191565850485e-2,3.352420075095539e-2,6.088139285211512e-2,3.259760518246866e-2,0.10824144091927607,7.838345093503932e-2,7.428035452957624e-2,0.1809629185447865,0.2719287360216931,0.2722009061566207,0.25407671481293015,0.2742506411480707,0.43461830925836803,0.1287458673349482,0.1547087626821606,6.790728847765815e-2,0.28128852990897113,0.2709039622567362,0.13165781315136302,0.1794145061811446,0.28541725505595167,0.6293968775994534,8.671025853455151e-2,0.21495175741823838,0.27389975149270646,0.19398497911007448,0.16571302254472486,4.2515846516337615e-2,0.5170091460794318,9.499194214125616e-2,7.799553568556898e-2,0.7899534738525639,0.14612685230072192,0.476097412881496,0.19124907341810213,0.38996139590674467,0.5722828440638864,0.16460334763636242,0.22602971003346745,3.4481058682379925e-2,0.11974623198396141,7.17557318316827e-2,6.908858720692461e-2,0.3970791516301884,0.2203447224368061,0.30560608330540556,9.418268898593231e-2,0.2509768583236497,0.27619133635115267,7.722714002832237e-2,5.90180532939592e-2,0.1354174904349354,0.14855520042688516,0.35634576764482767,0.6249894808876328,0.20355539698929848,8.861063419220831e-2,0.25937990767110886,6.728121015799549e-2,0.21615999839523264,0.10623474136373967,0.255602032612735,0.29641569453763345,8.565391130182932e-2,0.21031473088617977,0.1176290461446733,9.748184293746134e-2,0.1662810145231068,8.72621526534593e-2,0.28104055469838957,6.424756703298408e-2,0.14607137317995023,9.039430516154359e-2,0.1611001048554154,0.10406382050929835,0.13751355560023298,0.46746334761675523,0.27621985741020044,0.21473652375973212,0.21220951728815832,0.1955057188835457,0.2470860992697821,7.31733937521882e-2,0.1227715524234578,0.17092546348438178,0.3637531045571456,0.19901520560384842,7.005874746955379e-2,9.812520382898283e-2,9.453278438459803e-2,8.840555189883839e-2,0.13745479637763944,7.60836358105757e-2,0.132003406244064,4.125074969024397e-2,8.461671451445411e-2,8.72461278016936e-2,7.340709806362741e-2,5.746817137335257e-2,0.11515610762712862,0.25047587211979727,0.3950682121291919,0.2297161159944475,0.29211455807694675,0.24905936315050448,0.171728499948113,6.930639368851298e-2,7.660460329087654e-2,8.976219961769547e-2,8.340150065920082e-2,7.035381912457937e-2,7.822000956409669e-2,0.1968819391293414,0.19814697514840113,0.1999375721412904,0.14406053289094564,7.480634795004996e-2,0.15192236096267206,4.968730223809005e-2,7.515770519833838e-2,8.116598679726761e-2,9.343434290576438e-2,8.726442741635446e-2,7.301599162055913e-2,0.1627698609772126,0.16221100563290486,8.126840203277869e-2,0.6890992079227382,0.42513743132601145,0.47521894848831786,8.23581970453576e-2,0.104153441402561,0.1167039604910676,6.330227081042214e-2,6.06156214191465e-2,6.890338221202438e-2,0.17381365397250548,0.12590369001457358,7.064072457141586e-2,0.6894178579169569,0.14140326066298056,0.38177030026020453,6.389208358187703e-2,8.225921218795935e-2,0.12609242393961978,5.9038280383646634e-2,5.127092777564054e-2)
