intervals.send <- c()
intervals.recv <- c(56,112,225,450,900,1800,3600,7200,14400,28800,57600,115200,230400,460800,921600,1843200,3686400,7372800,14745600,29491200,58982400)
dev.null <- 387214.0067765921
df.null <- 38388
dev.resid <- 235185.44453038048
df <- 165
df.effective <- 153
coefs <- c(7.374712552037473,6.126792616537687,6.294680871527388,5.917602266049505,5.570867214035313,5.304553821851981,5.155626634083696,4.945613746223219,4.689000321177603,4.527039443599424,4.573181762775577,4.395457852121,4.195781296001478,4.115466026466157,3.8563493978844,3.5775394174998993,3.275104012160893,2.929234531896255,2.489571399002263,2.1321950455386336,1.7952136696516785,1.428222029354345,0.8846437013070255,-0.3260651487414524,-1.0009005046289627,-0.10125278855633586,-1.3681269952697563,0.9019318166199948,-0.7414690508917796,-1.5695116829604792,0.9791498569120286,-1.1127753046780022,-1.9742060837757913,1.306913782117106,1.7107993867298368,-0.36165546611087823,-0.5129824839032855,0.21382315630626356,0.38547125311461955,0.9527536911343469,0.4187540793043345,-0.26761222019787,-0.5969545348856116,-1.0728688954390029,-1.1893130540644163,-0.7754406952203479,-0.7854065078630634,1.1659489873867257,0.735635455614778,-1.2876078702316787,-0.27194417430586976,-3.622778326617803e-2,-0.8282953485930022,1.7740349527290997,0.23496219723184933,0.7728685334482609,-0.25485759582770756,0.632806616550435,-0.17547539905326942,0.854948751827647,0.8551566507356997,0.42039576040248594,0.6800163968676703,-0.432861203441927,1.0680739589051982,1.0226504685372693,1.0919868786396774,0.44226694862891724,1.0002406268269177,-0.25299206816795483,0.8007972735008723,-0.707528212164819,-0.10300616298407274,1.110878951962185,0.46831673283432673,-3.349949055784492e-2,0.5783888735500932,-2.0770608589306687,-2.257079827196302,0.34106165198073424,0.5349458297816262,3.195494163012743e-3,1.5919436751069558,-1.3397898491636548,-0.3132735610367026,1.0333572511902267,0.8341302346795406,-0.1675146699218748,-0.32731596886959347,-2.1561190942840907,-0.4312025688945276,0.7806402184902697,-0.23699392221498564,1.1233309570055232,1.123979307372439,0.3495637876834176,-2.4050192860795634,-0.5182616457293798,-0.7676494973886074,1.0921810550158608,0.9031435250048888,0.4392337758614384,-1.236077355184256,-1.2297654180936972,-2.0669226497267896,-8.084042136475976e-2,0.5541277888401275,-0.3085537278019924,0.9402367457190062,-0.3952772167634703,0.39251124408140087,0.42780352960093493,-0.13647127938867476,1.3984268720098514,-0.33502505268768934,0.3474405426564523,-1.608576687356907e-2,-0.492020462251408,-2.517544796652762,0.36656243400090155,0.7540518814751204,-0.14895296911802158,-0.8069241836917675,-0.8388887946995205,0.8913801205289154,0.48872263658863063,1.7736086642123383,-0.5000254842114866,1.1958914535941645,0.5123616679554309,0.2868897629453904,-0.5035688517290899,-4.59443876163513e-2,-0.588647261775197,-0.15584803206808373,-0.3412940984971154,-0.47063308953848704,0.5991372321276245,0.8298529206214378,-0.35228459095228554,0.992887206161532,-2.108833032805924,-1.4402631426824142,0.4250090601041376,0.44844205744366394,0.520047995508712,0.8849033658035879,-0.7506458170986331,-0.9009480574890797,-0.387311360319031,-1.3494742803765365,1.0213339616165042,0.6549336579053299,-1.2967038673355213,-2.034491049551114,0.38512823470905144,0.6476035952606852,-0.25850336319573936,-0.2748563446570769,-0.7737382348879028,-0.454607762522813,0.7354092788382217,1.2962531016075451,0.5621078365532761,1.35948029821372)
coefs.se <- c(0.2110769446016531,0.15234273162820228,0.11139545709855184,9.170008295416168e-2,6.919322241880171e-2,5.915295500908836e-2,5.077979977292387e-2,4.298749204048789e-2,3.7509178855363805e-2,3.751894406639416e-2,4.175891433794937e-2,2.5445471733480846e-2,2.8941883977946677e-2,2.3460980475051376e-2,2.2631729250798056e-2,2.2872119647016312e-2,2.3836494116758044e-2,2.4265778252141167e-2,2.7257202174834034e-2,3.352444004648902e-2,6.088139416105756e-2,9.499194303426291e-2,7.799553677519178e-2,0.47609741324316623,0.191249073777144,0.1646033476734623,0.22602971015303447,4.25158482069339e-2,0.5170091460987233,0.7899534738939494,0.14612685236634976,0.3902701510723041,0.5722828442185287,7.175573331541127e-2,6.908858831488912e-2,0.3056060833087146,9.418268901199811e-2,7.722714070555763e-2,5.901805444811726e-2,3.4481061139481156e-2,0.1197462320103571,0.3970791520154893,0.22034472248193188,0.2511158292057067,0.27619133645817867,0.2762198573322635,0.21473652366693005,0.24708609924437064,7.317339388920141e-2,0.36375310471335937,0.19901520580668297,0.13751355609872754,0.4674633476913669,0.21220951752378048,0.19550571895454466,0.1227794242260316,0.17092546362209882,9.453278469503601e-2,8.840555191526747e-2,0.13200340631502636,4.125074976667732e-2,7.340709807960688e-2,5.746817146905781e-2,7.00587482842434e-2,9.812520385669114e-2,0.13745479641293526,7.608363583096331e-2,8.464191410960081e-2,8.724612782872582e-2,0.1622110054438614,8.126840210846709e-2,0.4752189484917968,8.235819721480457e-2,6.33022716190452e-2,6.0615622769832976e-2,7.301599187038077e-2,0.1627698611148518,0.689099207952529,0.4251374314099077,0.10417375068542062,0.11670396071302973,0.12590368999104715,7.064072486559378e-2,0.3817703002832109,6.389208356454623e-2,5.9038280715179865e-2,5.127092882416763e-2,6.890338244145375e-2,0.17381365401124127,0.6894178580565021,0.14140326069011813,8.227525292230177e-2,0.12609242392117173,7.838345213956187e-2,7.428035528676684e-2,0.2722009062075547,0.2540767148174737,0.12874586775230593,0.15470876272867076,3.259760911979012e-2,0.10824144126012612,0.18096291879192153,0.2719287360328887,0.2744675719641927,0.43461830932912054,0.2709039622825917,0.1316578132643021,0.6293968776089325,8.67102585591677e-2,0.19398497910692938,0.16571302259678486,6.790728944433609e-2,0.2812885298134265,0.1794145062677825,0.28541725506235316,0.21495558221205613,0.27389975157461977,0.35634576788305433,0.6249894810402169,0.25937990767707647,6.728121047476446e-2,0.25560203303631196,0.2964156949449349,0.13541749060499497,0.14855520054040286,0.20355539716548765,8.861063514262928e-2,0.21622316670982772,0.10623474157041886,0.11762904651368224,9.748184343631174e-2,0.28104055473880085,6.424756703547932e-2,0.16110010544579112,0.10406382084649818,8.565391225236248e-2,0.21031473104808865,0.16628101453895347,8.726215261677733e-2,0.14614038172476176,9.03943051995511e-2,0.39506821209576104,0.22971611635378114,0.1717285002254065,6.930639391133389e-2,8.340150078457904e-2,7.035381913325178e-2,0.11515610808730041,0.2504758721269308,0.29211455829274197,0.24905936319082922,7.662243527279339e-2,8.97621999016533e-2,0.19814697539756917,0.19993757258894043,0.1519223609589537,4.96873026484248e-2,9.343434301404582e-2,8.726442770524194e-2,7.822001032939274e-2,0.19688193940504614,0.1440605329772851,7.480634807866775e-2,7.517821060633274e-2,8.116598689679477e-2)
