intervals.send <- c()
intervals.recv <- c()
dev.null <- 387214.0067765921
df.null <- 38388
dev.resid <- 323203.11852217023
df <- 144
df.effective <- 132
coefs <- c(2.4821745561885082,2.2597764378050167,-0.4177473063131408,-1.1428915617622661,-5.772680731980494e-2,-1.0403392709075356,2.1736060646542517,-1.4359387475014698,-1.8261456456032308,0.9146176708364063,-1.4978449301207952,-2.4338029958090024,3.035587298950492,3.561032727682756,-0.20931320763502362,-0.4001589372765851,1.1307427811287645,1.7678383889058207,2.1336766162274947,1.2697484925979017,-1.1449572683780063,-0.9393415666444258,-1.3649710524802436,-1.6334640027318488,-0.8722137158827319,-1.3150318260135072,1.0750110597222,0.8254060175277487,-1.9669245180408772,-1.0182111389307238,-0.9698587970695405,-1.4686464535654904,1.100761418548701,-0.11619434593300187,0.8976868777494931,8.22074448268909e-3,-1.5924993245146606e-2,-0.5953562914488757,1.115046050243767,1.0617096393531014,9.90739271966822e-2,0.6615184165475535,-1.3256144653862563,1.0886551298986957,1.3867730194156507,1.233446526545115,0.2531567890441141,0.8031935556559651,-6.074557106280434e-2,1.3680541416398129,-0.9767552004706926,0.17938674837619775,2.509232227137957,1.8237920154559892,8.58905825608381e-2,0.8382444362695729,-2.1314091145341014,-2.039954072976852,1.1210721661752954,0.9169962112470443,-0.3760089757500649,1.9386246417967732,-1.4396470704900197,-9.229073982637723e-2,1.8496792415862748,2.0121228030336744,-0.7446999241674068,-0.38150151831245627,-3.1118914136661946,-0.5820788881582827,1.088863915907993,-0.4416273611517526,2.587441588672496,1.9852133707985335,5.441368464579076e-2,-2.490268221841301,-0.2962235998804418,-1.0600733589559852,2.8685705792667795,1.7984764814485112,1.1071331424189925,-1.3534232276156597,-1.5375260908297625,-2.6375862406153554,-0.3569831051226051,0.4020712097516347,-0.6151122500490063,1.0698896831291587,-0.142196903075324,-6.986584467691469e-2,1.1767456240246448,0.616145275304887,2.2880663339380196,-0.3497578188101035,4.998016864994222e-2,-0.5518031818627879,-1.483609711947639,-3.6044622000720397,0.790281454284491,1.0748767405292454,-1.255764050226774,-1.8467082242090038,-0.9025704151773775,1.24166289927442,1.4362499013969054,2.3471146827354525,-0.49139101684781356,1.5732145609336412,-0.22729526161056812,-0.5181394233042302,-0.7773263488332345,-0.18649998726504466,-1.6016656075355786,-0.9078245922583297,-1.290583965583931,-1.0511370002316545,0.622980325759308,1.0276159745121989,-0.9104434400842105,1.147062735860871,-2.598749224814035,-2.403746683582612,1.0160815618543637,4.273133279512019e-3,0.5169057587918766,0.678631780302846,-1.554202094325806,-1.0512567242884332,-0.7041522245990444,-1.5430714303919366,1.6337341577972333,1.493366561796095,-2.113672884375957,-3.0780361050526457,0.3850675730405064,9.656748577684914e-2,-0.7851324497625061,-1.0008809743074547,-1.6509598050233714,-1.464452270894527,0.9765915253029844,1.4010264959009553,0.7576824550385993,1.7562294121943938)
coefs.se <- c(8.992346274863924e-2,7.848051034089903e-2,0.4739269264920752,0.1910667953411216,0.1618266092433448,0.2219670076121209,4.0124043234075556e-2,0.5156265561788604,0.8061983099355482,0.14119776548763432,0.386098446432334,0.5795376683530423,6.993489581895093e-2,6.997634569706554e-2,0.2960786061537419,9.266429300249493e-2,7.569140845498988e-2,5.6854179526225734e-2,3.299860797155396e-2,0.11746636142807615,0.3983791887895536,0.22139290150057375,0.24501613234795785,0.2677223886593428,0.2683893881560169,0.21545482650228884,0.24188605891773643,7.11052587128846e-2,0.36091705602938684,0.1974338465582746,0.13645918143243482,0.4699182750641181,0.2081539484364404,0.19899399822858818,0.11805319878132453,0.16955514796725715,9.372709908118297e-2,8.929988875417601e-2,0.12776934355868205,4.024509003815353e-2,7.165896212842064e-2,5.5473592060968524e-2,6.913524605837283e-2,9.363461105590036e-2,0.1395029992021618,7.482544312344554e-2,8.109069461283024e-2,8.632596324900955e-2,0.16024074370978794,8.20660315789656e-2,0.4737895410893983,8.057037133403286e-2,6.112181648841726e-2,5.92113739241088e-2,7.147782112201317e-2,0.14613492021816576,0.7124740654426891,0.4214829052315072,9.685622520065104e-2,0.11131676550227822,0.12496612670272941,7.173244336250878e-2,0.3776800501070398,6.205435822298828e-2,5.74936517317243e-2,4.9901385063070076e-2,6.80304189387921e-2,0.16184996696026333,0.725013317462069,0.14078514804595135,7.581993724648722e-2,0.12563525856207364,7.293325675806116e-2,7.451525230127387e-2,0.26408612195808107,0.24828016942659542,0.12599342623041504,0.15299605727754514,2.9705414371234858e-2,0.10310166482522828,0.17652807238368645,0.2684171156856044,0.2659244585983892,0.4308635461672667,0.26783282955209115,0.13109493661541272,0.598626221990147,7.914264136359181e-2,0.19198024842420028,0.16081991785891667,6.436710881059729e-2,0.269872261046316,0.17313999055703508,0.28073816486949726,0.21130672376535825,0.26981815305258794,0.35954470715024234,0.6453487512150673,0.24812832133362073,6.467074967652209e-2,0.2554462710886502,0.2944925847757482,0.13210234387096165,0.14271103173792946,0.20110241455588354,8.447592393826957e-2,0.21431930636180135,0.10286812532302135,0.1162276169621452,9.821745370352068e-2,0.2738236046257448,6.295595553420093e-2,0.1607920246756782,0.10337921500426922,8.462522911036163e-2,0.2080996049425099,0.16641659369886327,8.517619240707881e-2,0.1427071387328698,8.783251592686746e-2,0.3884981190880873,0.22883524956735063,0.16146605668739028,6.751593804839669e-2,8.138393818919201e-2,6.762672151011526e-2,0.11421830122839044,0.24595056848164118,0.2822619115591596,0.24691371712447088,7.369815049970008e-2,8.820350278783001e-2,0.19933864699044962,0.20384462791004687,0.14829601768318368,4.839033495834776e-2,9.198502081372924e-2,8.646623415908292e-2,7.761391499522698e-2,0.19617076724258672,0.1443232524399436,7.275830324137518e-2,7.185109919282358e-2,8.002516208916069e-2)
