intervals.send <- c()
intervals.recv <- c()
dev.null <- 387214.0067765921
df.null <- 38388
dev.resid <- 323203.11852217023
df <- 144
df.effective <- 132
coefs <- c(2.868570579266765,2.5874415886724997,1.1071331424189965,5.4413684645793124e-2,-1.5375260908297603,-0.29622359988044056,1.7984764814485168,1.985213370798527,-1.3534232276156497,-2.4902682218413035,-2.637586240615344,-1.0600733589559903,2.173606064654236,2.4821745561885113,-1.8261456456032434,-0.41774730631314166,-1.497844930120802,-5.772680731980341e-2,-1.4359387475014826,2.259776437805007,0.9146176708364128,-1.1428915617622728,-2.4338029958090015,-1.0403392709075368,-0.9025704151773921,-1.483609711947639,1.436249901396908,0.7902814542844897,-0.4913910168478184,-1.2557640502267624,1.2416628992744243,-3.604462200072051,2.347114682735461,1.0748767405292359,1.5732145609336388,-1.8467082242090003,-0.9698587970695551,-0.8722137158827223,1.1007614185487045,1.0750110597221982,0.897686877749488,-1.966924518040868,-1.4686464535654977,-1.3150318260135154,-0.11619434593299612,0.8254060175277383,8.220744482685451e-3,-1.0182111389307271,-1.5542020943258215,-2.598749224814029,-0.7041522245990339,1.0160815618543662,1.6337341577972289,0.5169057587918758,-1.051256724288429,-2.4037466835826153,-1.543071430391927,4.273133279503737e-3,1.4933665617960954,0.6786317803028425,8.589058256082387e-2,-6.074557106279676e-2,-2.131409114534103,-0.9767552004706986,1.121072166175291,2.5092322271379572,0.8382444362695789,1.3680541416398033,-2.039954072976851,0.17938674837618732,0.916996211247042,1.8237920154559863,1.1767456240246288,-0.3569831051226001,2.288066333938017,-0.6151122500490113,4.9980168649935465e-2,-0.14219690307532107,0.6161452753048902,0.40207120975162725,-0.3497578188100979,1.0698896831291482,-0.5518031818627779,-6.986584467692042e-2,2.13367661622748,3.0355872989504964,-1.144957268377998,-0.20931320763502034,-1.3649710524802445,1.1307427811287625,1.2697484925979066,3.561032727682748,-0.9393415666444221,-0.40015893727659435,-1.63346400273184,1.7678383889058191,-1.290583965583945,-0.22729526161056138,0.622980325759312,-0.7773263488332306,-0.9104434400842075,-1.601665607535576,-1.05113700023165,-0.5181394233042379,1.0276159745122055,-0.18649998726505387,1.1470627358608712,-0.9078245922583313,-1.3256144653862711,-1.5924993245141777e-2,1.3867730194156522,1.115046050243767,0.2531567890441092,9.90739271966817e-2,1.0886551298987015,-0.5953562914488836,1.233446526545123,1.0617096393530918,0.8031935556559654,0.6615184165475525,-1.6509598050233847,-2.1136728843759536,0.9765915253029867,0.3850675730405079,0.7576824550385959,-0.7851324497625061,-1.4644522708945218,-3.0780361050526563,1.401026495900963,9.656748577683949e-2,1.7562294121943918,-1.0008809743074565,-0.7446999241674214,-0.37600897575005887,-3.1118914136662092,-1.4396470704900157,1.0888639159079871,1.8496792415862748,-0.38150151831244916,1.9386246417967643,-0.5820788881582717,-9.22907398263877e-2,-0.44162736115175255,2.0121228030336695)
coefs.se <- c(2.970541437123484e-2,7.293325675806141e-2,0.17652807238368529,0.2640861219580813,0.26592445859839037,0.1259934262304152,0.10310166482522487,7.451525230127629e-2,0.268417115685604,0.24828016942659503,0.4308635461672618,0.1529960572775454,4.012404323407559e-2,8.992346274863926e-2,0.806198309935512,0.4739269264920774,0.3860984464323573,0.16182660924334497,0.5156265561788393,7.848051034090137e-2,0.1411977654876345,0.19106679534112153,0.5795376683530149,0.22196700761212246,0.13210234387096173,0.35954470715023606,0.2011024145558827,0.24812832133362211,0.21431930636180446,0.255446271088649,0.14271103173792668,0.6453487512150657,8.447592393827034e-2,6.467074967652207e-2,0.10286812532301531,0.29449258477574813,0.1364591814324348,0.26838938815601937,0.20815394843643956,0.24188605891773632,0.11805319878132649,0.36091705602938434,0.4699182750641158,0.2154548265022888,0.19899399822858949,7.11052587128847e-2,0.16955514796725213,0.19743384655827503,0.11421830122839056,0.388498119088084,0.2822619115591603,0.1614660566873907,7.369815049970256e-2,8.13839381891923e-2,0.24595056848163893,0.22883524956735113,0.24691371712447124,6.751593804839673e-2,8.820350278782126e-2,6.762672151011546e-2,7.147782112201315e-2,0.16024074370978797,0.7124740654427038,0.4737895410894037,9.685622520065332e-2,6.1121816488417635e-2,0.14613492021816307,8.206603157896779e-2,0.4214829052315071,8.057037133403286e-2,0.1113167655022708,5.921137392410909e-2,6.436710881059735e-2,0.2678328295520918,0.17313999055703383,0.5986262219901479,0.2113067237653598,0.19198024842420033,0.26987226104631373,0.13109493661541413,0.28073816486949704,7.914264136359177e-2,0.2698181530525834,0.16081991785891694,3.299860797155396e-2,6.993489581895115e-2,0.39837918878956,0.29607860615374065,0.24501613234795988,7.569140845499013e-2,0.11746636142807353,6.997634569706809e-2,0.2213929015005747,9.266429300249496e-2,0.26772238865933334,5.6854179526226054e-2,8.462522911036165e-2,0.1162276169621452,0.16641659369886186,0.2738236046257448,0.14270713873287136,0.1607920246756783,0.20809960494250798,9.821745370352242e-2,8.517619240707967e-2,6.295595553420089e-2,8.783251592685865e-2,0.10337921500426961,6.913524605837278e-2,9.37270990811832e-2,0.13950299920216014,0.12776934355868275,8.109069461283283e-2,7.165896212842088e-2,9.363461105589661e-2,8.929988875417802e-2,7.482544312344647e-2,4.024509003815355e-2,8.632596324900066e-2,5.547359206096882e-2,7.7613914995227e-2,0.1993386469904496,0.14432325243994215,0.14829601768318418,7.18510991928264e-2,9.19850208137295e-2,0.19617076724258442,0.20384462791004784,7.275830324137608e-2,4.839033495834777e-2,8.002516208915109e-2,8.646623415908318e-2,6.80304189387921e-2,0.12496612670272958,0.7250133174620847,0.3776800501070377,7.581993724648994e-2,5.749365173172465e-2,0.16184996696026094,7.173244336251122e-2,0.14078514804595169,6.2054358222988285e-2,0.1256352585620672,4.990138506307038e-2)
