intervals.send <- c()
intervals.recv <- c()
dev.null <- 387214.0067765921
df.null <- 38388
dev.resid <- 323203.11852217023
df <- 144
df.effective <- 132
coefs <- c(2.8685705792667755,1.7984764814485128,2.587441588672503,1.9852133707985429,1.1071331424189985,-1.3534232276156537,5.4413684645793575e-2,-2.4902682218413257,-1.5375260908297594,-2.637586240615349,-0.29622359988045044,-1.0600733589560056,1.1767456240246388,0.6161452753048907,-0.35698310512259723,0.4020712097516471,2.2880663339380236,-0.3497578188100984,-0.6151122500490098,1.069889683129133,4.998016864993875e-2,-0.5518031818627666,-0.14219690307533486,-6.986584467693263e-2,2.1736060646542477,-1.4359387475014844,2.4821745561885167,2.2597764378050247,-1.8261456456032383,0.9146176708364167,-0.41774730631314383,-1.1428915617622961,-1.497844930120808,-2.4338029958089935,-5.772680731981715e-2,-1.040339270907551,2.1336766162274903,1.2697484925979055,3.0355872989504986,3.5610327276827647,-1.1449572683779987,-0.9393415666444209,-0.20931320763502045,-0.4001589372766124,-1.3649710524802399,-1.6334640027318303,1.1307427811287531,1.7678383889058062,-0.9025704151773823,1.2416628992744243,-1.4836097119476388,-3.604462200072038,1.4362499013969092,2.347114682735459,0.7902814542844916,1.0748767405292199,-0.4913910168478151,1.5732145609336663,-1.255764050226775,-1.8467082242090203,-1.2905839655839357,-1.051137000231654,-0.22729526161056365,-0.5181394233042232,0.6229803257593147,1.0276159745122058,-0.7773263488332307,-0.18649998726507086,-0.9104434400842109,1.1470627358608974,-1.6016656075355948,-0.9078245922583456,-0.9698587970695463,-1.4686464535655,-0.8722137158827223,-1.315031826013498,1.1007614185487071,-0.11619434593299816,1.0750110597221982,0.825406017527723,0.8976868777494926,8.220744482702465e-3,-1.9669245180408805,-1.0182111389307407,-1.325614465386263,1.0886551298986953,-1.5924993245142894e-2,-0.5953562914488678,1.386773019415657,1.233446526545119,1.1150460502437705,1.0617096393530752,0.25315678904411587,0.8031935556559915,9.907392719667106e-2,0.6615184165475396,-1.5542020943258092,-1.051256724288434,-2.5987492248140365,-2.403746683582591,-0.7041522245990298,-1.5430714303919284,1.0160815618543675,4.273133279486983e-3,1.6337341577972349,1.493366561796121,0.5169057587918648,0.6786317803028319,-1.6509598050233756,-1.4644522708945282,-2.113672884375954,-3.0780361050526435,0.9765915253029882,1.4010264959009573,0.385067573040509,9.656748577682081e-2,0.7576824550386028,1.756229412194416,-0.785132449762514,-1.0008809743074707,8.589058256083325e-2,0.8382444362695791,-6.0745571062800284e-2,1.3680541416398198,-2.1314091145340983,-2.0399540729768604,-0.9767552004706983,0.17938674837617213,1.1210721661752963,0.9169962112470704,2.509232227137945,1.8237920154559755,-0.7446999241674119,-0.38150151831245577,-0.37600897575006004,1.938624641796782,-3.1118914136662115,-0.5820788881582732,-1.4396470704900255,-9.229073982640426e-2,1.0888639159079947,-0.4416273611517297,1.8496792415862635,2.0121228030336606)
coefs.se <- c(2.9705414371234858e-2,0.10310166482522781,7.293325675806196e-2,7.451525230127498e-2,0.1765280723836806,0.2684171156856029,0.2640861219580797,0.24828016942659548,0.26592445859839076,0.4308635461672651,0.12599342623041504,0.15299605727754573,6.436710881059741e-2,0.2698722610463205,0.2678328295520888,0.1310949366154127,0.17313999055702992,0.280738164869496,0.5986262219901385,7.914264136359171e-2,0.21130672376535922,0.26981815305258594,0.19198024842420025,0.16081991785891678,4.012404323407557e-2,0.5156265561788637,8.992346274863999e-2,7.848051034090003e-2,0.8061983099355502,0.14119776548763416,0.47392692649208706,0.1910667953411224,0.3860984464323586,0.5795376683530247,0.16182660924334485,0.2219670076121201,3.2998607971553996e-2,0.11746636142807616,6.993489581895167e-2,6.997634569706677e-2,0.39837918878955747,0.22139290150057422,0.29607860615374126,9.266429300249492e-2,0.24501613234796,0.26772238865933734,7.56914084549899e-2,5.6854179526225894e-2,0.13210234387096173,0.1427110317379288,0.35954470715023695,0.6453487512150652,0.20110241455587863,8.447592393826939e-2,0.24812832133362006,6.467074967652212e-2,0.2143193063618028,0.10286812532301645,0.2554462710886496,0.29449258477574775,8.462522911036166e-2,0.20809960494250998,0.11622761696214569,9.821745370352146e-2,0.16641659369885725,8.51761924070788e-2,0.27382360462574407,6.29559555342009e-2,0.14270713873287164,8.783251592686375e-2,0.1607920246756786,0.10337921500426946,0.13645918143243488,0.4699182750641235,0.26838938815601815,0.2154548265022898,0.20815394843643506,0.1989939982285886,0.24188605891773599,7.110525871288455e-2,0.1180531987813266,0.1695551479672553,0.360917056029386,0.19743384655827498,6.913524605837292e-2,9.363461105589978e-2,9.372709908118348e-2,8.92998887541773e-2,0.13950299920215478,7.482544312344551e-2,0.12776934355868225,4.0245090038153505e-2,8.109069461283298e-2,8.632596324900553e-2,7.165896212842066e-2,5.547359206096863e-2,0.11421830122839041,0.24595056848164137,0.38849811908808385,0.22883524956735088,0.2822619115591549,0.24691371712446902,0.16146605668739022,6.751593804839673e-2,7.369815049970273e-2,8.820350278782617e-2,8.138393818919215e-2,6.76267215101153e-2,7.7613914995227e-2,0.19617076724258686,0.1993386469904501,0.20384462791004726,0.144323252439937,7.275830324137518e-2,0.14829601768318348,4.839033495834774e-2,7.185109919282653e-2,8.002516208915633e-2,9.198502081372924e-2,8.646623415908303e-2,7.147782112201316e-2,0.14613492021816524,0.1602407437097886,8.206603157896668e-2,0.7124740654426935,0.4214829052315093,0.4737895410894012,8.057037133403284e-2,9.685622520065343e-2,0.1113167655022745,6.112181648841739e-2,5.9211373924108905e-2,6.803041893879203e-2,0.16184996696026288,0.12496612670273001,7.173244336250988e-2,0.7250133174620786,0.14078514804595088,0.3776800501070394,6.205435822298825e-2,7.58199372464901e-2,0.12563525856207067,5.749365173172438e-2,4.990138506307021e-2)
